3565.02 4.57747953614228e-17
3567 4.34707168523809e-17
3568.98 4.11666350346164e-17
3570.96 3.68807178046811e-17
3572.94 3.21239627526358e-17
3574.92 2.67094022446249e-17
3576.9 2.08938295387321e-17
3578.88 1.55898117934216e-17
3580.86 1.09520061406419e-17
3582.84 6.83411493571514e-18
3584.82 4.29761687251926e-18
3586.8 1.89660892570803e-18
3588.78 1.59382969884307e-18
3590.76 1.29105057537569e-18
3592.74 2.82428950114441e-18
3594.72 4.63506603059088e-18
3596.7 7.47064365196449e-18
3598.68 1.07735195896071e-17
3600.66 1.41567660499265e-17
3602.64 1.76203648349494e-17
3604.62 2.09848359497251e-17
3606.6 2.41266747113547e-17
3608.58 2.7346164225807e-17
3610.56 3.11032483465249e-17
3612.54 3.48603324672428e-17
3614.52 3.95374697309688e-17
3616.5 4.42739158446147e-17
3618.48 4.90620706727126e-17
3620.46 5.38676955553477e-17
3622.44 5.77505739949002e-17
3624.42 6.09100730626077e-17
3626.4 6.30461379543504e-17
3628.38 6.34676162549482e-17
3630.36 6.33111798575022e-17
3632.34 6.06399886664418e-17
3634.32 5.79687974753815e-17
3636.3 5.25801856231864e-17
3638.28 4.7191431495926e-17
3640.26 4.05782614649075e-17
3642.24 3.36837937773393e-17
3644.22 2.70709843970678e-17
3646.2 2.06262597716283e-17
3648.18 1.50915909843135e-17
3650.16 1.07423489425842e-17
3652.14 7.06986058311214e-18
3654.12 5.45469572492221e-18
3656.1 3.97152200912584e-18
3658.08 4.36668190417406e-18
3660.06 4.76184179922228e-18
3662.04 5.78673181306529e-18
3664.02 6.90266504743863e-18
3666 8.07837076646536e-18
3667.98 9.28131885178592e-18
3669.96 1.08999839247379e-17
3671.94 1.29260519929844e-17
3673.92 1.55028056278708e-17
3675.9 1.92875142723255e-17
3677.88 2.32262042421682e-17
3679.86 2.82299504620383e-17
3681.84 3.32336983362695e-17
3683.82 3.73643570739511e-17
3685.8 4.14386848119178e-17
3687.78 4.32952519921237e-17
3689.76 4.44224841000742e-17
3691.74 4.38395004392366e-17
3693.72 4.1943043301171e-17
3695.7 3.96074459020683e-17
3697.68 3.65359919387609e-17
3699.66 3.36493632115223e-17
3701.64 3.15409393871288e-17
3703.62 2.94393877792643e-17
3705.6 2.87054767438603e-17
3707.58 2.79715657084563e-17
3709.56 2.73157322510712e-17
3711.54 2.6677845304256e-17
3713.52 2.52351265106778e-17
3715.5 2.33223871494347e-17
3717.48 2.10068422627415e-17
3719.46 1.81772707997956e-17
3721.44 1.55099243442224e-17
3723.42 1.33226354658668e-17
3725.4 1.12722052742194e-17
3727.38 1.10204776702072e-17
3729.36 1.07687500661951e-17
3731.34 1.23326218681909e-17
3733.32 1.41470400602841e-17
3735.3 1.70971681344259e-17
3737.28 2.05528590727928e-17
3739.26 2.43498546580664e-17
3741.24 2.84881532358855e-17
3743.22 3.23488996309685e-17
3745.2 3.56147443469483e-17
3747.18 3.85594543880779e-17
3749.16 3.93806627566083e-17
3751.14 4.02018744338612e-17
3753.12 3.85357143044976e-17
3755.1 3.67090778275764e-17
3757.08 3.39000419505178e-17
3759.06 3.07765517092359e-17
3761.04 2.79219613414827e-17
3763.02 2.52695951268029e-17
3765 2.30965784227363e-17
3766.98 2.17096959748666e-17
3768.96 2.05586311391072e-17
3770.94 2.03692812250877e-17
3772.92 2.01840407443513e-17
3774.9 2.08004193408789e-17
3776.88 2.14167979374065e-17
3778.86 2.23745010331755e-17
3780.84 2.34080549367543e-17
3782.82 2.46033954419812e-17
3784.8 2.58932380234699e-17
3786.78 2.73311178104647e-17
3788.76 2.89540048132631e-17
3790.74 3.06940123189929e-17
3792.72 3.27716054675954e-17
3794.7 3.48762705832855e-17
3796.68 3.73664514952621e-17
3798.66 3.98566357159611e-17
3800.64 4.25035276493471e-17
3802.62 4.51710031450959e-17
3804.6 4.76920345851982e-17
3806.58 5.01493929704687e-17
3808.56 5.21046328715848e-17
3810.54 5.35676969995094e-17
3812.52 5.44284942321566e-17
3814.5 5.40285854932117e-17
3816.48 5.33816971669707e-17
3818.46 5.11706169198369e-17
3820.44 4.8959536672703e-17
3822.42 4.62069112046981e-17
3824.4 4.34224293569425e-17
3826.38 4.10474349996251e-17
3828.36 3.88034395815566e-17
3830.34 3.6713690186672e-17
3832.32 3.4739967761949e-17
3834.3 3.25680098490665e-17
3836.28 3.00778322458123e-17
3838.26 2.75563888697649e-17
3840.24 2.49074405653761e-17
3842.22 2.22689875285994e-17
3844.2 2.0658991308467e-17
3846.18 1.90489950883346e-17
3848.16 1.86167783290247e-17
3850.14 1.8437458807113e-17
3852.12 1.85287630031266e-17
3854.1 1.87781430685603e-17
3856.08 1.87171087198824e-17
3858.06 1.82759799166528e-17
3860.04 1.77311177015254e-17
3862.02 1.68950002296343e-17
3864 1.61031518097659e-17
3865.98 1.58935525143511e-17
3867.96 1.56839532189362e-17
3869.94 1.64673246918872e-17
3871.92 1.73811375843542e-17
3873.9 1.86996254304555e-17
3875.88 2.0189880639476e-17
3877.86 2.15207844665717e-17
3879.84 2.26986185213146e-17
3881.82 2.3587491918313e-17
3883.8 2.3871496109827e-17
3885.78 2.40294495565164e-17
3887.76 2.33890827222248e-17
3889.74 2.2748714233572e-17
3891.72 2.18161640458695e-17
3893.7 2.08680562452061e-17
3895.68 2.04226161766239e-17
3897.66 2.01335943075142e-17
3899.64 2.05123851254206e-17
3901.62 2.13832491461225e-17
3903.6 2.24730612575224e-17
3905.58 2.39070102822463e-17
3907.56 2.52419275896742e-17
3909.54 2.61732353520966e-17
3911.52 2.70940743166866e-17
3913.5 2.69889247715801e-17
3915.48 2.68837735721123e-17
3917.46 2.6405408406428e-17
3919.44 2.58496406421047e-17
3921.42 2.56333643447853e-17
3923.4 2.56110403944137e-17
3925.38 2.59880263042236e-17
3927.36 2.68540562814257e-17
3929.34 2.78139679494303e-17
3931.32 2.90307903351652e-17
3933.3 3.02127950345565e-17
3935.28 3.09703402744224e-17
3937.26 3.17278855142882e-17
3939.24 3.18316999898861e-17
3941.22 3.1853798947131e-17
3943.2 3.16218144899793e-17
3945.18 3.12819557547833e-17
3947.16 3.10325475652088e-17
3949.14 3.08682529519435e-17
3951.12 3.0772356249169e-17
3953.1 3.08164085798711e-17
3955.08 3.08060258088224e-17
3957.06 3.04507054136165e-17
3959.04 3.00953883271332e-17
3961.02 2.88541641133279e-17
3963 2.7570801664758e-17
3964.98 2.57410037035356e-17
3966.96 2.374112086476e-17
3968.94 2.193135225489e-17
3970.92 2.02616666817558e-17
3972.9 1.90642813860546e-17
3974.88 1.8593660285265e-17
3976.86 1.83923774637288e-17
3978.84 1.92549812588338e-17
3980.82 2.01291870892105e-17
3982.8 2.1757513631717e-17
3984.78 2.33858385198624e-17
3986.76 2.51255300425982e-17
3988.74 2.68875008479525e-17
3990.72 2.84565119230941e-17
3992.7 2.99176437571078e-17
3994.68 3.11480947706151e-17
3996.66 3.21017314464928e-17
3998.64 3.29083748187973e-17
4000.62 3.33021988171563e-17
4002.6 3.36487808763711e-17
4004.58 3.34582911074675e-17
4006.56 3.32678013385639e-17
4008.54 3.28983163025487e-17
4010.52 3.25075925771256e-17
4012.5 3.24983579327671e-17
4014.48 3.26510918697913e-17
4016.46 3.32575409902458e-17
4018.44 3.42823780645296e-17
4020.42 3.54083296968919e-17
4022.4 3.67411790527883e-17
4024.38 3.79852289155661e-17
4026.36 3.86899404753469e-17
4028.34 3.93946520351278e-17
4030.32 3.90797079799819e-17
4032.3 3.87218894993262e-17
4034.28 3.76972046262751e-17
4036.26 3.64707075360958e-17
4038.24 3.48944685567617e-17
4040.22 3.30657575108641e-17
4042.2 3.11424567075599e-17
4044.18 2.9073664760675e-17
4046.16 2.70567585448931e-17
4048.14 2.52385560014974e-17
4050.12 2.343367933777e-17
4052.1 2.22768639423921e-17
4054.08 2.11200485470143e-17
4056.06 2.06656451493144e-17
4058.04 2.03568123045341e-17
4060.02 2.04779264354628e-17
4062 2.08341683098711e-17
4063.98 2.12776645040138e-17
4065.96 2.18237807249499e-17
4067.94 2.22829602635067e-17
4069.92 2.25043601175402e-17
4071.9 2.26886096359027e-17
4073.88 2.2477306348426e-17
4075.86 2.22660047153105e-17
4077.84 2.18388751167678e-17
4079.82 2.1386126080293e-17
4081.8 2.08658509816931e-17
4083.78 2.03176055978603e-17
4085.76 1.97229917776102e-17
4087.74 1.90856094109687e-17
4089.72 1.84601367907867e-17
4091.7 1.78584902809687e-17
4093.68 1.73214581575197e-17
4095.66 1.71608180282007e-17
4097.64 1.70001778988816e-17
4099.62 1.76697227021004e-17
4101.6 1.83743134935119e-17
4103.58 1.97929629856261e-17
4105.56 2.14215095581756e-17
4107.54 2.33953345532945e-17
4109.52 2.56131844465615e-17
4111.5 2.79023174562958e-17
4113.48 3.03011610850343e-17
4115.46 3.26811946266433e-17
4117.44 3.49913644937161e-17
4119.42 3.72901490468377e-17
4121.4 3.914861543373e-17
4123.38 4.10070818206223e-17
4125.36 4.20759282122164e-17
4127.34 4.29868492812618e-17
4129.32 4.31290846419516e-17
4131.3 4.28509435066194e-17
4133.28 4.22468899012189e-17
4135.26 4.12595373435735e-17
4137.24 4.03136232258946e-17
4139.22 3.94782535252773e-17
4141.2 3.87010908700041e-17
4143.18 3.8542867762435e-17
4145.16 3.83846446548659e-17
4147.14 3.86289706467569e-17
4149.12 3.89185037134851e-17
4151.1 3.90989084963605e-17
4153.08 3.92352080089745e-17
4155.06 3.89964903016366e-17
4157.04 3.84188171403316e-17
4159.02 3.76088518106871e-17
4161 3.63446055060733e-17
4162.98 3.50808058789903e-17
4164.96 3.38195043373572e-17
4166.94 3.25581994870016e-17
4168.92 3.191999324847e-17
4170.9 3.13080185615236e-17
4172.88 3.1143052277601e-17
4174.86 3.11095944761844e-17
4176.84 3.1111215750185e-17
4178.82 3.11371197382477e-17
4180.8 3.10749951655226e-17
4182.78 3.08803264801643e-17
4184.76 3.06807939728043e-17
4186.74 3.04631991495885e-17
4188.72 3.02512357719831e-17
4190.7 3.02201106198939e-17
4192.68 3.01889821590823e-17
4194.66 3.04591095686401e-17
4196.64 3.07873050571991e-17
4198.62 3.14848697764875e-17
4200.6 3.23800512528373e-17
4202.58 3.34840164245179e-17
4204.56 3.48334325537226e-17
4206.54 3.61070690126501e-17
4208.52 3.71835750967164e-17
4210.5 3.81591353675492e-17
4212.48 3.81264683507983e-17
4214.46 3.80937980253249e-17
4216.44 3.72362499581238e-17
4218.42 3.62859153872514e-17
4220.4 3.55345806194246e-17
4222.38 3.48617221306719e-17
4224.36 3.48845225370763e-17
4226.34 3.55358379339557e-17
4228.32 3.66295394485957e-17
4230.3 3.85880152802681e-17
4232.28 4.06129070976837e-17
4234.26 4.29958655499387e-17
4236.24 4.53788240021937e-17
4238.22 4.72928967785842e-17
4240.2 4.91897575807888e-17
4242.18 5.02879755015734e-17
4244.16 5.11579412041301e-17
4246.14 5.13867823749541e-17
4248.12 5.11624145968828e-17
4250.1 5.07061351535536e-17
4252.08 4.99079290234971e-17
4254.06 4.91234805613886e-17
4256.04 4.8388609996474e-17
4258.02 4.76651677589025e-17
4260 4.73845153032306e-17
4261.98 4.71038628475587e-17
4263.96 4.72302924411038e-17
4265.94 4.74322866379668e-17
4267.92 4.78553001857815e-17
4269.9 4.83939502745087e-17
4271.88 4.90057032770508e-17
4273.86 4.97016798095632e-17
4275.84 5.04098125883575e-17
4277.82 5.11487528818859e-17
4279.8 5.18862704247606e-17
4281.78 5.26095803134341e-17
4283.76 5.33328868933852e-17
4285.74 5.38863402063546e-17
4287.72 5.44217444383581e-17
4289.7 5.46515219776356e-17
4291.68 5.47608322412232e-17
4293.66 5.46019043757722e-17
4295.64 5.42054433256204e-17
4297.62 5.37049692765238e-17
4299.6 5.30056906390062e-17
4301.58 5.22746217961869e-17
4303.56 5.13722769357324e-17
4305.54 5.04699320752779e-17
4307.52 4.94929292014568e-17
4309.5 4.85135936783083e-17
4311.48 4.7838187473269e-17
4313.46 4.72471470732652e-17
4315.44 4.72242010830729e-17
4317.42 4.75945530043701e-17
4319.4 4.83721524110067e-17
4321.38 4.97377515017154e-17
4323.36 5.11483161305224e-17
4325.34 5.27162072031147e-17
4327.32 5.42596038034079e-17
4329.3 5.50219433821042e-17
4331.28 5.57842796520779e-17
4333.26 5.56176523894853e-17
4335.24 5.52787134791304e-17
4337.22 5.45960909504272e-17
4339.2 5.37337419269508e-17
4341.18 5.30077850603171e-17
4343.16 5.24358227539612e-17
4345.14 5.20281881480951e-17
4347.12 5.20373533092822e-17
4349.1 5.20828747127522e-17
4351.08 5.24713485069092e-17
4353.06 5.28598189923437e-17
4355.04 5.33253463149212e-17
4357.02 5.37985895782525e-17
4359 5.42749430406871e-17
4360.98 5.47524942606487e-17
4362.96 5.52352070876326e-17
4364.94 5.5722406542259e-17
4366.92 5.62262918842018e-17
4368.9 5.67613917137399e-17
4370.88 5.72915615468272e-17
4372.86 5.77952218956434e-17
4374.84 5.82988822444595e-17
4376.82 5.86624909894031e-17
4378.8 5.90217256032676e-17
4380.78 5.91562847278728e-17
4382.76 5.92303140839738e-17
4384.74 5.91917145278697e-17
4386.72 5.90767562750595e-17
4388.7 5.90130964551174e-17
4390.68 5.90235520180601e-17
4392.66 5.90665918796925e-17
4394.64 5.92237164914081e-17
4396.62 5.93694988025645e-17
4398.6 5.92067427452385e-17
4400.58 5.90439866879126e-17
4402.56 5.81891120684513e-17
4404.54 5.72106897526991e-17
4406.52 5.57927632164403e-17
4408.5 5.41500619292488e-17
4410.48 5.25912301387252e-17
4412.46 5.11251947780404e-17
4414.44 4.98439284051427e-17
4416.42 4.90198315219132e-17
4418.4 4.82420931489337e-17
4420.38 4.79010763608802e-17
4422.36 4.75600628815491e-17
4424.34 4.71556344277372e-17
4426.32 4.67452601996823e-17
4428.3 4.62321898442177e-17
4430.28 4.56796133426976e-17
4432.26 4.52365654804468e-17
4434.24 4.48886169188601e-17
4436.22 4.47207025632342e-17
4438.2 4.48819961652372e-17
4440.18 4.50910842630334e-17
4442.16 4.55480055985179e-17
4444.14 4.60049302427249e-17
4446.12 4.62731584455962e-17
4448.1 4.65365095915759e-17
4450.08 4.66385208134384e-17
4452.06 4.66970951269745e-17
4454.04 4.69516549974041e-17
4456.02 4.73363502305229e-17
4458 4.79436463839246e-17
4459.98 4.88659759279784e-17
4461.96 4.97945622661855e-17
4463.94 5.07450688906253e-17
4465.92 5.16784264066056e-17
4467.9 5.22055356714265e-17
4469.88 5.27326482449698e-17
4471.86 5.28140957568042e-17
4473.84 5.28190985451489e-17
4475.82 5.25026589474555e-17
4477.8 5.20218850318274e-17
4479.78 5.12318183589984e-17
4481.76 5.0106343182669e-17
4483.74 4.88442508563703e-17
4485.72 4.72443048806804e-17
4487.7 4.56722018044091e-17
4489.68 4.43479220396586e-17
4491.66 4.30236455836306e-17
4493.64 4.25494295558989e-17
4495.62 4.21498450717541e-17
4497.6 4.24577415480811e-17
4499.58 4.30310769742538e-17
4501.56 4.40149189773795e-17
4503.54 4.53480231049047e-17
4505.52 4.68981066332698e-17
4507.5 4.88539387957045e-17
4509.48 5.08632763088816e-17
4511.46 5.31400380053746e-17
4513.44 5.541680301059e-17
4515.42 5.72023120674551e-17
4517.4 5.89776931249002e-17
4519.38 5.96117700778139e-17
4521.36 5.99387512652337e-17
4523.34 5.93477737309564e-17
4525.32 5.81599953108894e-17
4527.3 5.67764265485536e-17
4529.28 5.51214829882963e-17
4531.26 5.36528105758186e-17
4533.24 5.28176625596055e-17
4535.22 5.20386767982623e-17
4537.2 5.24378278397661e-17
4539.18 5.28369788812698e-17
4541.16 5.39041808378062e-17
4543.14 5.5086116054026e-17
4545.12 5.65351081853699e-17
4547.1 5.81175774890777e-17
4549.08 5.99208643116678e-17
4551.06 6.19635173511961e-17
4553.04 6.41697006891036e-17
4555.02 6.67706278502112e-17
4557 6.9375465921255e-17
4558.98 7.20132985725723e-17
4560.96 7.46511312238896e-17
4562.94 7.66019936852041e-17
4564.92 7.84883691459639e-17
4566.9 7.95614209237922e-17
4568.88 8.03370317882362e-17
4570.86 8.08232286999602e-17
4572.84 8.10683454765168e-17
4574.82 8.14918023931399e-17
4576.8 8.22414331689048e-17
4578.78 8.31771795824942e-17
4580.76 8.50103441688097e-17
4582.74 8.68435087551252e-17
4584.72 8.93347252972287e-17
4586.7 9.18360731474748e-17
4588.68 9.4144754089445e-17
4590.66 9.64031358327271e-17
4592.64 9.82244618101157e-17
4594.62 9.97617670523782e-17
4596.6 1.01057383354542e-16
4598.58 1.02018130474966e-16
4600.56 1.02936353894459e-16
4602.54 1.03714029401712e-16
4604.52 1.04485987436571e-16
4606.5 1.05137428564903e-16
4608.48 1.05788869693236e-16
4610.46 1.06101186622756e-16
4612.44 1.06357692021986e-16
4614.42 1.06222133663201e-16
4616.4 1.05895059831553e-16
4618.38 1.05471364686913e-16
4620.36 1.04945046206758e-16
4622.34 1.04556119117625e-16
4624.32 1.04490890963242e-16
4626.3 1.04527101621737e-16
4628.28 1.05375279386959e-16
4630.26 1.06223450534736e-16
4632.24 1.07781077950288e-16
4634.22 1.09401035079357e-16
4636.2 1.11221699312255e-16
4638.18 1.13115704686985e-16
4640.16 1.15045748666643e-16
4642.14 1.17005200571438e-16
4644.12 1.19028444645073e-16
4646.1 1.21165866113021e-16
4648.08 1.23340557030647e-16
4650.06 1.25695163040226e-16
4652.04 1.28049769049805e-16
4654.02 1.30478636026057e-16
4656 1.32908627967942e-16
4657.98 1.35152365305659e-16
4659.96 1.37348959965906e-16
4661.94 1.39219751343925e-16
4663.92 1.40883204938325e-16
4665.9 1.42171753809335e-16
4667.88 1.42951407932614e-16
4669.86 1.43538639993077e-16
4671.84 1.43507471827596e-16
4673.82 1.4346533193847e-16
4675.8 1.43192587329454e-16
4677.78 1.42919829485549e-16
4679.76 1.42941071483679e-16
4681.74 1.43010753178481e-16
4683.72 1.43516709780677e-16
4685.7 1.44230983548339e-16
4687.68 1.45312737266211e-16
4689.66 1.46785079051886e-16
4691.64 1.4847280543418e-16
4693.62 1.50667706028533e-16
4695.6 1.52884430956167e-16
4697.58 1.55267227281022e-16
4699.56 1.57650036840766e-16
4701.54 1.59405181751706e-16
4703.52 1.611088694111e-16
4705.5 1.61835094284252e-16
4707.48 1.62213162146303e-16
4709.46 1.61753620302638e-16
4711.44 1.60596229189554e-16
4713.42 1.58965849584767e-16
4715.4 1.5650738939492e-16
4717.38 1.53946544097575e-16
4719.36 1.50909203062729e-16
4721.34 1.47871875262773e-16
4723.32 1.45164413856213e-16
4725.3 1.42462034647337e-16
4727.28 1.40559598647804e-16
4729.26 1.3885329048023e-16
4731.24 1.37763886996053e-16
4733.22 1.37058771772133e-16
4735.2 1.36595034468401e-16
4737.18 1.36458807747681e-16
4739.16 1.36361240140069e-16
4741.14 1.36384493841449e-16
4743.12 1.3640504762531e-16
4745.1 1.36375030895241e-16
4747.08 1.36345014165173e-16
4749.06 1.36124137089287e-16
4751.04 1.35873097699544e-16
4753.02 1.35110053362966e-16
4755 1.34102348853529e-16
4756.98 1.32511395985459e-16
4758.96 1.30313385192004e-16
4760.94 1.27727565657604e-16
4762.92 1.24250204241549e-16
4764.9 1.20704246391657e-16
4766.88 1.1660897444058e-16
4768.86 1.12513715724394e-16
4770.84 1.08679918873668e-16
4772.82 1.04866020679757e-16
4774.8 1.01832385414056e-16
4776.78 9.90695293762346e-17
4778.76 9.70705051509349e-17
4780.74 9.56950361411572e-17
4782.72 9.47450622210319e-17
4784.7 9.45239998566883e-17
4786.68 9.44262866652886e-17
4788.66 9.48832543228874e-17
4790.64 9.53402219804862e-17
4792.62 9.61542934346915e-17
4794.6 9.69720441882614e-17
4796.58 9.78829354788048e-17
4798.56 9.88159488876503e-17
4800.54 9.940776683743e-17
4802.52 9.97871317186815e-17
4804.5 9.94360233271548e-17
4806.48 9.81140166547276e-17
4808.46 9.52394978516569e-17
4810.44 9.03014744401766e-17
4812.42 8.53634510286964e-17
4814.4 8.04254276172161e-17
4816.38 7.55495420133508e-17
4818.36 7.26551311709094e-17
4820.34 6.97607203284679e-17
4822.32 6.68663094860265e-17
4824.3 6.3971898643585e-17
4826.28 6.42024173366913e-17
4828.26 6.62570942736036e-17
4830.24 6.83117778279608e-17
4832.22 7.03664547648731e-17
4834.2 7.21606690705048e-17
4836.18 7.30692905774473e-17
4838.16 7.39779187018348e-17
4840.14 7.48865402087773e-17
4842.12 7.57951617157199e-17
4844.1 7.33352324531056e-17
4846.08 7.01769509952597e-17
4848.06 6.70186629199689e-17
4850.04 6.38603748446782e-17
4852.02 6.04024290119615e-17
4854 5.6537622814432e-17
4855.98 5.2672819925625e-17
4857.96 4.88080137280956e-17
4859.94 4.50201320188111e-17
4861.92 4.36894498761195e-17
4863.9 4.23587677334279e-17
4865.88 4.10280855907363e-17
4867.86 3.96974067567671e-17
4869.84 3.99774901121776e-17
4871.82 4.11978528309342e-17
4873.8 4.24182155496908e-17
4875.78 4.36385815771699e-17
4877.76 4.48302940682302e-17
4879.74 4.59245713005766e-17
4881.72 4.7018848532923e-17
4883.7 4.81131257652694e-17
4885.68 4.92074029976158e-17
4887.66 4.91212140865102e-17
4889.64 4.87902955193747e-17
4891.62 4.84593736435167e-17
4893.6 4.81284550763812e-17
4895.58 4.7214360942506e-17
4897.56 4.55084829088501e-17
4899.54 4.38026048751943e-17
4901.52 4.20967268415384e-17
4903.5 4.03847839196313e-17
4905.48 3.84378654554775e-17
4907.46 3.64909503000462e-17
4909.44 3.45440318358923e-17
4911.42 3.25971133717385e-17
4913.4 3.16768418530488e-17
4915.38 3.13560049632191e-17
4917.36 3.10351647646669e-17
4919.34 3.07143245661147e-17
4921.32 3.07413105064187e-17
4923.3 3.19512275884e-17
4925.28 3.31611446703813e-17
4927.26 3.43710617523626e-17
4929.24 3.55809788343439e-17
4931.22 3.76351065233295e-17
4933.2 3.98643185694905e-17
4935.18 4.20935306156515e-17
4937.16 4.43227426618125e-17
4939.14 4.62091975319112e-17
4941.12 4.76399817636115e-17
4943.1 4.90707693040343e-17
4945.08 5.0501556844457e-17
4947.06 5.19044650895143e-17
4949.04 5.22356682067805e-17
4951.02 5.25668713240468e-17
4953 5.28980777500355e-17
4954.98 5.32292808673017e-17
4956.96 5.32542981177477e-17
4958.94 5.30965084528196e-17
4960.92 5.29387220966139e-17
4962.9 5.27809357404082e-17
4964.88 5.2611446432896e-17
4966.86 5.24010116850625e-17
4968.84 5.21905802459515e-17
4970.82 5.19801488068405e-17
4972.8 5.1769714059007e-17
4974.78 5.13243368561513e-17
4976.76 5.08302287890488e-17
4978.74 5.03361240306689e-17
4980.72 4.98420192722889e-17
4982.7 4.87751448792752e-17
4984.68 4.69466654439491e-17
4986.66 4.51181860086231e-17
4988.64 4.32897065732971e-17
4990.62 4.14626168014002e-17
4992.6 3.96889562796293e-17
4994.58 3.79152957578584e-17
4996.56 3.6141631927365e-17
4998.54 3.43679714055941e-17
5000.52 3.33126444539316e-17
5002.5 3.26858136031838e-17
5004.48 3.20589794437136e-17
5006.46 3.14321485929658e-17
5008.44 3.09379776601368e-17
5010.42 3.09081164400237e-17
5012.4 3.0878251911188e-17
5014.38 3.08483873823524e-17
5016.36 3.08185228535168e-17
5018.34 3.15132156017185e-17
5020.32 3.23634877882515e-17
5022.3 3.32137599747846e-17
5024.28 3.40640321613176e-17
5026.26 3.52951052146456e-17
5028.24 3.70428683657987e-17
5030.22 3.87906315169518e-17
5032.2 4.05383946681049e-17
5034.18 4.22722446413548e-17
5036.16 4.34702006916786e-17
5038.14 4.46681567420024e-17
5040.12 4.58661094836038e-17
5042.1 4.70640655339276e-17
5044.08 4.77757651155233e-17
5046.06 4.81974022347987e-17
5048.04 4.86190393540741e-17
5050.02 4.9040679782072e-17
5052 4.92792188183976e-17
5053.98 4.88767392021089e-17
5055.96 4.84742562770978e-17
5057.94 4.80717766608091e-17
5059.92 4.76692970445204e-17
5061.9 4.69194445843512e-17
5063.88 4.6095003593987e-17
5065.86 4.52705626036227e-17
5067.84 4.44461216132585e-17
5069.82 4.39873341583121e-17
5071.8 4.40247955138934e-17
5073.78 4.40622535607522e-17
5075.76 4.40997149163335e-17
5077.74 4.41415669466063e-17
5079.72 4.43976025072486e-17
5081.7 4.46536347591684e-17
5083.68 4.49096670110883e-17
5085.66 4.51656992630082e-17
5087.64 4.53373491662803e-17
5089.62 4.54575252743944e-17
5091.6 4.55776980737861e-17
5093.58 4.56978741819003e-17
5095.56 4.5840807683027e-17
5097.54 4.60610924975948e-17
5099.52 4.62813773121625e-17
5101.5 4.65016654354528e-17
5103.48 4.67219502500205e-17
5105.46 4.71688229954237e-17
5107.44 4.76643670480695e-17
5109.42 4.81599111007154e-17
5111.4 4.86554551533612e-17
5113.38 4.94219339438426e-17
5115.36 5.05561044427712e-17
5117.34 5.16902749416998e-17
5119.32 5.28244454406284e-17
5121.3 5.39666495176662e-17
5123.28 5.5496321537236e-17
5125.26 5.70259968655282e-17
5127.24 5.85556655763756e-17
5129.22 6.00853409046679e-17
5131.2 6.14613459274825e-17
5133.18 6.27436148432826e-17
5135.16 6.40258903765276e-17
5137.14 6.53081592923277e-17
5139.12 6.63127933073305e-17
5141.1 6.63451526128936e-17
5143.08 6.63775053010117e-17
5145.06 6.64098646065748e-17
5147.04 6.6442217294693e-17
5149.02 6.63399182139773e-17
5151 6.62077016648668e-17
5152.98 6.60754851157564e-17
5154.96 6.59432685666459e-17
5156.94 6.62398359773033e-17
5158.92 6.71184407541775e-17
5160.9 6.79970389136069e-17
5162.88 6.88756436904811e-17
5164.86 6.97661532507312e-17
5166.84 7.12313548133586e-17
5168.82 7.26965497585411e-17
5170.8 7.41617513211686e-17
5172.78 7.56269462663511e-17
5174.76 7.63974616982218e-17
5176.74 7.67445665355837e-17
5178.72 7.70916713729457e-17
5180.7 7.74387828277525e-17
5182.68 7.76178310344233e-17
5184.66 7.72083236916504e-17
5186.64 7.67988163488774e-17
5188.62 7.63893090061045e-17
5190.6 7.59798016633315e-17
5192.58 7.62744301626331e-17
5194.56 7.67255347640501e-17
5196.54 7.71766327480222e-17
5198.52 7.76277373494392e-17
5200.5 7.82495720292872e-17
5202.48 7.91079141898763e-17
5204.46 7.99662563504655e-17
5206.44 8.08246051284995e-17
5208.42 8.16850516365669e-17
5210.4 8.26472347425335e-17
5212.38 8.3609424465945e-17
5214.36 8.45716075719116e-17
5216.34 8.55337906778782e-17
5218.32 8.68021563419425e-17
5220.3 8.82571273347539e-17
5222.28 8.97120983275652e-17
5224.26 9.11670693203766e-17
5226.24 9.25791328004536e-17
5228.22 9.3841112630189e-17
5230.2 9.51030990773693e-17
5232.18 9.63650789071047e-17
5234.16 9.76270587368401e-17
5236.14 9.72954718077697e-17
5238.12 9.6609752314853e-17
5240.1 9.59240394393813e-17
5242.08 9.52383199464646e-17
5244.06 9.42434598975797e-17
5246.04 9.28202724926251e-17
5248.02 9.13970850876704e-17
5250 8.99738976827158e-17
5251.98 8.8583089435659e-17
5253.96 8.87585906918631e-17
5255.94 8.89340919480673e-17
5257.92 8.91095932042714e-17
5259.9 8.92851010779205e-17
5261.88 8.96347470141242e-17
5263.86 9.00929322815846e-17
5265.84 9.05511175490451e-17
5267.82 9.10092961990607e-17
5269.8 9.09521016227863e-17
5271.78 8.90916003715872e-17
5273.76 8.72311057378329e-17
5275.74 8.53706044866337e-17
5277.72 8.35101032354345e-17
5279.7 8.1545555898066e-17
5281.68 7.95578739733256e-17
5283.66 7.75701920485852e-17
5285.64 7.55825035063998e-17
5287.62 7.43928060273118e-17
5289.6 7.43087446247417e-17
5291.58 7.42246898396165e-17
5293.56 7.41406284370464e-17
5295.54 7.40677703686927e-17
5297.52 7.45381449696598e-17
5299.5 7.50085129531819e-17
5301.48 7.5478887554149e-17
5303.46 7.59492555376711e-17
5305.44 7.61505185068726e-17
5307.42 7.61840623350729e-17
5309.4 7.62176061632731e-17
5311.38 7.62511499914734e-17
5313.36 7.62433281716011e-17
5315.34 7.60862895866691e-17
5317.32 7.59292510017372e-17
5319.3 7.57722124168052e-17
5321.28 7.56151738318732e-17
5323.26 7.52768503438941e-17
5325.24 7.48968832751567e-17
5327.22 7.45169095889743e-17
5329.2 7.41369425202369e-17
5331.18 7.35567845083718e-17
5333.16 7.26992099713911e-17
5335.14 7.18416354344104e-17
5337.12 7.09840608974297e-17
5339.1 7.01118287199946e-17
5341.08 6.8526685968547e-17
5343.06 6.69415432170994e-17
5345.04 6.53564004656518e-17
5347.02 6.37712577142042e-17
5349 6.21271336763591e-17
5350.98 6.04462762018717e-17
5352.96 5.87654121099394e-17
5354.94 5.70845546354521e-17
5356.92 5.5650699909318e-17
5358.9 5.51077352465157e-17
5360.88 5.45647705837135e-17
5362.86 5.40218059209112e-17
5364.84 5.34788379493865e-17
5366.82 5.35933362897761e-17
5368.8 5.38540404577956e-17
5370.78 5.41147413170928e-17
5372.76 5.43754421763899e-17
5374.74 5.43318232883287e-17
5376.72 5.38577958577766e-17
5378.7 5.33837684272245e-17
5380.68 5.29097409966725e-17
5382.66 5.24227135956135e-17
5384.64 5.10934144989061e-17
5386.62 4.97641187109211e-17
5388.6 4.84348229229361e-17
5390.58 4.71055271349512e-17
5392.56 4.56942809093194e-17
5394.54 4.42320075660604e-17
5396.52 4.27697375315238e-17
5398.5 4.13074641882648e-17
5400.48 3.98023561241654e-17
5402.46 3.81429226275432e-17
5404.44 3.64834924396434e-17
5406.42 3.48240622517436e-17
5408.4 3.31646320638438e-17
5410.38 3.1637752606022e-17
5412.36 3.01403108518397e-17
5414.34 2.86428657889349e-17
5416.32 2.71454240347526e-17
5418.3 2.56836916676143e-17
5420.28 2.42724785292069e-17
5422.26 2.28612637364384e-17
5424.24 2.14500505980311e-17
5426.22 2.00599305652439e-17
5428.2 2.00363211762004e-17
5430.18 2.00127117871569e-17
5432.16 1.99891023981134e-17
5434.14 1.99654913547087e-17
5436.12 2.03717197535335e-17
5438.1 2.10515960426031e-17
5440.08 2.17314723316727e-17
5442.06 2.2411346966381e-17
5444.04 2.27234719899993e-17
5446.02 2.16692501516352e-17
5448 2.06150299676323e-17
5449.98 1.95608081292682e-17
5451.96 1.8506586290904e-17
5453.94 1.69898331781411e-17
5455.92 1.53703657399949e-17
5457.9 1.37508974746682e-17
5459.88 1.21314300365221e-17
5461.86 1.12316105584777e-17
5463.84 1.13498303844432e-17
5465.82 1.14680502104087e-17
5467.8 1.15862700363741e-17
5469.78 1.17232122683241e-17
5471.76 1.30770678758764e-17
5473.74 1.44309251377899e-17
5475.72 1.57847799181616e-17
5477.7 1.71386363528944e-17
5479.68 1.81219870107363e-17
5481.66 1.88745294622574e-17
5483.64 1.96270719137785e-17
5485.62 2.03796160196609e-17
5487.6 2.09037838302235e-17
5489.58 2.05791898860516e-17
5491.56 2.02545975962409e-17
5493.54 1.99300036520689e-17
5495.52 1.96054113622582e-17
5497.5 1.92642407186107e-17
5499.48 1.89192600810618e-17
5501.46 1.85742794435129e-17
5503.44 1.82292971516028e-17
5505.42 1.80495756199134e-17
5507.4 1.81085105841965e-17
5509.38 1.81674455484797e-17
5511.36 1.82263805127629e-17
5513.34 1.82826337575002e-17
5515.32 1.81640326012723e-17
5517.3 1.80454330994057e-17
5519.28 1.79268319431779e-17
5521.26 1.780823078695e-17
5523.24 1.77304013631149e-17
5525.22 1.76779713471688e-17
5527.2 1.76255396768615e-17
5529.18 1.75731096609155e-17
5531.16 1.7443038818314e-17
5533.14 1.70244142908295e-17
5535.12 1.66057914177062e-17
5537.1 1.61871685445829e-17
5539.08 1.57685456714596e-17
5541.06 1.46943987065003e-17
5543.04 1.34695038651675e-17
5545.02 1.22446098510153e-17
5547 1.10197150096825e-17
5548.98 1.02178312346225e-17
5550.96 1.00268327496422e-17
5552.94 9.83583509184248e-18
5554.92 9.64483660686215e-18
5556.9 9.46984241237349e-18
5558.88 1.08553203075631e-17
5560.86 1.22407990299332e-17
5562.84 1.36262769251228e-17
5564.82 1.50117548203124e-17
5566.8 1.61308193468945e-17
5568.78 1.7080419381383e-17
5570.76 1.80300177615102e-17
5572.74 1.89796177959986e-17
5574.72 1.95677928423605e-17
5576.7 1.88143371834431e-17
5578.68 1.8060883178887e-17
5580.66 1.73074291743308e-17
5582.64 1.65539751697746e-17
5584.62 1.58913224354196e-17
5586.6 1.52495212699458e-17
5588.58 1.46077217588333e-17
5590.56 1.39659222477208e-17
5592.54 1.36819784403915e-17
5594.52 1.39044809261815e-17
5596.5 1.41269809304297e-17
5598.48 1.43494825890391e-17
5600.46 1.45671386236202e-17
5602.44 1.4312309092311e-17
5604.42 1.40574779066406e-17
5606.4 1.38026483753314e-17
5608.38 1.35478180168415e-17
5610.36 1.2784840681893e-17
5612.34 1.16985664219731e-17
5614.32 1.06122913348725e-17
5616.3 9.52601707495258e-18
5618.28 8.46209488954504e-18
5620.26 7.48379168780102e-18
5622.24 6.5054880724667e-18
5624.22 5.52718487072268e-18
5626.2 4.54888166897867e-18
5628.18 3.9636712379321e-18
5630.16 3.47185073881369e-18
5632.14 2.98003023969528e-18
5634.12 2.48820974057687e-18
5636.1 2.20786582327346e-18
5638.08 2.22655927793655e-18
5640.06 2.24525273259964e-18
5642.04 2.26394639405787e-18
5644.02 2.28673728788524e-18
5646 2.71107060236729e-18
5647.98 3.13540391684933e-18
5649.96 3.55973743812653e-18
5651.94 3.98407075260858e-18
5653.92 4.46490670678259e-18
5655.9 4.98169937500367e-18
5657.88 5.49849204322475e-18
5659.86 6.01528471144583e-18
5661.84 6.43086397350523e-18
5663.82 6.4586299451268e-18
5665.8 6.48639633033867e-18
5667.78 6.51416271555054e-18
5669.76 6.54192868717211e-18
5671.74 6.17000636348204e-18
5673.72 5.70312742778363e-18
5675.7 5.23624849208523e-18
5677.68 4.76936914279652e-18
5679.66 4.34651565443033e-18
5681.64 3.98726697849548e-18
5683.62 3.62801871615095e-18
5685.6 3.26877004021611e-18
5687.58 2.91351499227867e-18
5689.56 2.95159280421148e-18
5691.54 2.98967082293944e-18
5693.52 3.0277488416674e-18
5695.5 3.06582686039536e-18
5697.48 3.19280032519316e-18
5699.46 3.37634384490286e-18
5701.44 3.55988715781741e-18
5703.42 3.7434306775271e-18
5705.4 3.90600475511828e-18
5707.38 3.99069316059268e-18
5709.36 4.07538156606708e-18
5711.34 4.16007038513179e-18
5713.32 4.2447587906062e-18
5715.3 4.42046973709563e-18
5717.28 4.61781228378394e-18
5719.26 4.81515483047225e-18
5721.24 5.01249737716055e-18
5723.22 5.04975938221423e-18
5725.2 4.85569660665469e-18
5727.18 4.66163424468547e-18
5729.16 4.46757146912593e-18
5731.14 4.27331596048367e-18
5733.12 4.04146757454272e-18
5735.1 3.80961877501145e-18
5737.08 3.57776997548019e-18
5739.06 3.34592138274408e-18
5741.04 3.44508338098663e-18
5743.02 3.75931171810751e-18
5745 4.07353984843323e-18
5746.98 4.38776797875896e-18
5748.96 4.66307519331253e-18
5750.94 4.79381977452297e-18
5752.92 4.92456435573341e-18
5754.9 5.05530893694385e-18
5756.88 5.18605351815428e-18
5758.86 4.97464476514951e-18
5760.84 4.68202714191704e-18
5762.82 4.38940993227488e-18
5764.8 4.09679230904241e-18
5766.78 3.97317264803819e-18
5768.76 4.09376276004893e-18
5770.74 4.21435287205967e-18
5772.72 4.3349425704801e-18
5774.7 4.45831490448116e-18
5776.68 5.12428049718944e-18
5778.66 5.79024608989772e-18
5780.64 6.456211682606e-18
5782.62 7.12217727531428e-18
5784.6 7.40852238796176e-18
5786.58 7.4481675003602e-18
5788.56 7.48781261275864e-18
5790.54 7.52745689797647e-18
5792.52 7.47471503493948e-18
5794.5 7.06830796510237e-18
5796.48 6.66190048167497e-18
5798.46 6.25549299824756e-18
5800.44 5.84908592841045e-18
5802.42 5.677650264917e-18
5804.4 5.56386784934757e-18
5806.38 5.45008502018784e-18
5808.36 5.33630260461842e-18
5810.34 5.17574974285402e-18
5812.32 4.94766751024202e-18
5814.3 4.71958569122032e-18
5816.28 4.49150345860832e-18
5818.26 4.26507269208928e-18
5820.24 4.36387197163322e-18
5822.22 4.46267166476747e-18
5824.2 4.56147094431142e-18
5826.18 4.66027063744567e-18
5828.16 4.82388489465713e-18
5830.14 5.02962911482714e-18
5832.12 5.23537333499715e-18
5834.1 5.44111755516715e-18
5836.08 5.6849319358493e-18
5838.06 6.07448065121227e-18
5840.04 6.46402978016554e-18
5842.02 6.85357890911882e-18
5844 7.24312762448178e-18
5845.98 7.79367257041748e-18
5847.96 8.38372035368625e-18
5849.94 8.97376730977441e-18
5851.92 9.56381426586258e-18
5853.9 9.97254157731789e-18
5855.88 1.01137661232991e-17
5857.86 1.02549906692802e-17
5859.84 1.03962143880808e-17
5861.82 1.05337761783096e-17
5863.8 9.9424413020077e-18
5865.78 9.35110642570579e-18
5867.76 8.75977154940388e-18
5869.74 8.16843584592136e-18
5871.72 7.64504889385701e-18
5873.7 7.1658275962387e-18
5875.68 6.6866067122107e-18
5877.66 6.20738541459239e-18
5879.64 5.86377003864449e-18
5881.62 6.03942556403289e-18
5883.6 6.21508108942128e-18
5885.58 6.39073702839998e-18
5887.56 6.56639255378837e-18
5889.54 7.06184106707344e-18
5891.52 7.63577868073213e-18
5893.5 8.20971629439082e-18
5895.48 8.78365390804951e-18
5897.46 9.48191015033003e-18
5899.44 1.03636118914177e-17
5901.42 1.12453144596859e-17
5903.4 1.21270162007735e-17
5905.38 1.300239662762e-17
5907.36 1.26196560222887e-17
5909.34 1.22369162441379e-17
5911.32 1.18541764659872e-17
5913.3 1.14714366878364e-17
5915.28 1.04363615991111e-17
5917.26 8.96840552504385e-18
5919.24 7.50044945097662e-18
5921.22 6.03249296331908e-18
5923.2 4.71230732901046e-18
5925.18 3.97545028985486e-18
5927.16 3.23859263031379e-18
5929.14 2.50173538436303e-18
5931.12 1.76487793161712e-18
5933.1 1.72147752263527e-18
5935.08 1.84806169555729e-18
5937.06 1.97464597187689e-18
5939.04 2.1012302481965e-18
5941.02 2.34269502234869e-18
5943 2.75367950290051e-18
5944.98 3.16466398345233e-18
5946.96 3.5756486707993e-18
5948.94 3.98475234943332e-18
5950.92 4.01573274491527e-18
5952.9 4.04671355398753e-18
5954.88 4.07769436305978e-18
5956.86 4.10867517213204e-18
5958.84 3.87632137883681e-18
5960.82 3.46918618326551e-18
5962.8 3.06205078089905e-18
5964.78 2.65491558532775e-18
5966.76 2.29572936152915e-18
5968.74 2.12588353917303e-18
5970.72 1.95603751002175e-18
5972.7 1.78619168766562e-18
5974.68 1.61634565851434e-18
5976.66 2.17036621058883e-18
5978.64 2.90182568945238e-18
5980.62 3.63328496152077e-18
5982.6 4.36474423358916e-18
5984.58 5.25058353210077e-18
5986.56 6.36896894340003e-18
5988.54 7.48735435469929e-18
5990.52 8.60574059317916e-18
5992.5 9.71799163305572e-18
5994.48 9.59707023520966e-18
5996.46 9.47614801018298e-18
5998.44 9.35522578515631e-18
6000.42 9.23430438731024e-18
6002.4 8.85790163983227e-18
6004.38 8.31189460673705e-18
6006.36 7.76588757364182e-18
6008.34 7.2198813677272e-18
6010.32 6.74862126991441e-18
6012.3 6.57252072135647e-18
6014.28 6.39641975920821e-18
6016.26 6.22031921065027e-18
6018.24 6.04421824850202e-18
6020.22 5.63626517810005e-18
6022.2 5.17146081137793e-18
6024.18 4.70665644465581e-18
6026.16 4.24185207793369e-18
6028.14 3.81700384352033e-18
6030.12 3.45235553934189e-18
6032.1 3.0877070283683e-18
6034.08 2.72305872418987e-18
6036.06 2.35841042001143e-18
6038.04 2.50933551983117e-18
6040.02 2.66028646904505e-18
6042 2.81123762505409e-18
6043.98 2.96218857426797e-18
6045.96 3.21410580943554e-18
6047.94 3.53305135079465e-18
6049.92 3.85199647856346e-18
6051.9 4.17094160633227e-18
6053.88 4.49591481281506e-18
6055.86 4.84469841323019e-18
6057.84 5.19348160005501e-18
6059.82 5.54226520047014e-18
6061.8 5.89104880088527e-18
6063.78 6.11334655947369e-18
6065.76 6.30462918099443e-18
6067.74 6.49591221610548e-18
6069.72 6.68719525121653e-18
6071.7 6.5477263960855e-18
6073.68 5.90982704156114e-18
6075.66 5.27192727344648e-18
6077.64 4.63402750533182e-18
6079.62 3.99612815080746e-18
6081.6 3.43577904666148e-18
6083.58 2.87543387162341e-18
6085.56 2.31508869658534e-18
6087.54 1.75474352154727e-18
6089.52 1.54584795003859e-18
6091.5 1.57031677973852e-18
6093.48 1.59478560943845e-18
6095.46 1.61925433574081e-18
6097.44 1.66144437269135e-18
6099.42 1.77583600678192e-18
6101.4 1.89022764087249e-18
6103.38 2.00461927496306e-18
6105.36 2.11901090905363e-18
6107.34 2.01576594730752e-18
6109.32 1.85913826434484e-18
6111.3 1.70251068477973e-18
6113.28 1.54588300181705e-18
6115.26 1.49577601922377e-18
6117.24 1.60619160290495e-18
6119.22 1.71660728998371e-18
6121.2 1.82702297706246e-18
6123.18 1.93743856074365e-18
6125.16 2.28321143052423e-18
6127.14 2.62900808174743e-18
6129.12 2.97480473297063e-18
6131.1 3.32060138419383e-18
6133.08 3.45117887492053e-18
6135.06 3.43884933430012e-18
6137.04 3.42652000047487e-18
6139.02 3.41419066664961e-18
6141 3.37844467686359e-18
6142.98 3.24726272390427e-18
6144.96 3.11608056414979e-18
6146.94 2.98489840439531e-18
6148.92 2.85371624464083e-18
6150.9 2.7958613714425e-18
6152.88 2.75655871181765e-18
6154.86 2.71725605219281e-18
6156.84 2.67795339256796e-18
6158.82 2.73199351557636e-18
6160.8 2.92963839677855e-18
6162.78 3.12728307118559e-18
6164.76 3.32492774559264e-18
6166.74 3.52257262679483e-18
6168.72 3.87993409016214e-18
6170.7 4.23731168355138e-18
6172.68 4.59468969053094e-18
6174.66 4.95206728392018e-18
6176.64 5.3798445648826e-18
6178.62 5.85437740278895e-18
6180.6 6.32891065428562e-18
6182.58 6.80344349219198e-18
6184.56 7.16859120666524e-18
6186.54 7.08792868923213e-18
6188.52 7.00726617179902e-18
6190.5 6.92660324077561e-18
6192.48 6.84594030975219e-18
6194.46 6.39907707692604e-18
6196.44 5.85953404672761e-18
6198.42 5.31999060293887e-18
6200.4 4.78044715915013e-18
6202.38 4.37485444862609e-18
6204.36 4.17538191186046e-18
6206.34 3.97590978868513e-18
6208.32 3.77643766550981e-18
6210.3 3.57696512874418e-18
6212.28 3.92700935241283e-18
6214.26 4.27987095324785e-18
6216.24 4.63273214049256e-18
6218.22 4.98559374132757e-18
6220.2 5.12558206588329e-18
6222.18 5.12124929383474e-18
6224.16 5.11691693537649e-18
6226.14 5.11258416332794e-18
6228.12 5.06388059604143e-18
6230.1 4.83427924623447e-18
6232.08 4.60467789642751e-18
6234.06 4.37507654662056e-18
6236.04 4.14547561040391e-18
6238.02 3.95752652675175e-18
6240 3.78011903282597e-18
6241.98 3.60271153890019e-18
6243.96 3.42530404497442e-18
6245.94 3.22355159164544e-18
6247.92 2.98513539164081e-18
6249.9 2.74671919163618e-18
6251.88 2.5083027848364e-18
6253.86 2.26988658483177e-18
6255.84 2.24259479449635e-18
6257.82 2.21638536999245e-18
6259.8 2.19017594548856e-18
6261.78 2.16396672777982e-18
6263.76 2.26461992587165e-18
6265.74 2.45130011446414e-18
6267.72 2.63798009626149e-18
6269.7 2.82466007805884e-18
6271.68 3.01145958745469e-18
6273.66 3.19876181586783e-18
6275.64 3.38606404428097e-18
6277.62 3.57336647948926e-18
6279.6 3.7606687079024e-18
6281.58 4.07826677204367e-18
6283.56 4.4298706447573e-18
6285.54 4.78147410388062e-18
6287.52 5.13307797659425e-18
6289.5 5.45525324465507e-18
6291.48 5.73309990368919e-18
6293.46 6.0109465627233e-18
6295.44 6.28879322175741e-18
6297.42 6.56663988079152e-18
6299.4 6.05775754076829e-18
6301.38 5.54480174981853e-18
6303.36 5.03184554527847e-18
6305.34 4.51888934073842e-18
6307.32 4.06290520088795e-18
6309.3 3.64555370436615e-18
6311.28 3.22820220784436e-18
6313.26 2.81085091811772e-18
6315.24 2.57739924935448e-18
6317.22 3.09393238965838e-18
6319.2 3.61046552996227e-18
6321.18 4.12699846347101e-18
6323.16 4.64353181057005e-18
6325.14 5.1578975308739e-18
6327.12 5.67169745963876e-18
6329.1 6.18549780199393e-18
6331.08 6.6992981443491e-18
6333.06 6.84023814019956e-18
6335.04 6.40778935672776e-18
6337.02 5.97534057325595e-18
6339 5.54289178978415e-18
6340.98 5.11044341990265e-18
6342.96 5.08404188270149e-18
6344.94 5.06178410677891e-18
6346.92 5.03952591726603e-18
6348.9 5.01726814134345e-18
6350.88 5.18542444729844e-18
6352.86 5.48272928947194e-18
6354.84 5.78003413164544e-18
6356.82 6.07733897381895e-18
6358.8 6.2720486046175e-18
6360.78 6.034919497646e-18
6362.76 5.79779080426481e-18
6364.74 5.56066169729332e-18
6366.72 5.32353259032182e-18
6368.7 4.89965257081546e-18
6370.68 4.42701811241491e-18
6372.66 3.95438406760466e-18
6374.64 3.48174960920412e-18
6376.62 3.19267045783699e-18
6378.6 3.1858640021666e-18
6380.58 3.17905754649621e-18
6382.56 3.17225109082582e-18
6384.54 3.16544463515542e-18
6386.52 3.75598272973229e-18
6388.5 4.35264671713057e-18
6390.48 4.94931111811916e-18
6392.46 5.54597510551744e-18
6394.44 6.16884210676987e-18
6396.42 6.80984959244589e-18
6398.4 7.45085749171222e-18
6400.38 8.09186456379794e-18
6402.36 8.55595011056775e-18
6404.34 8.27509747718763e-18
6406.32 7.99424567098811e-18
6408.3 7.71339303760798e-18
6410.28 7.43254040422785e-18
6412.26 6.83752995087406e-18
6414.24 6.16050288542442e-18
6416.22 5.48347623356508e-18
6418.2 4.80644916811543e-18
6420.18 4.42932966863669e-18
6422.16 4.51350853085376e-18
6424.14 4.59768739307083e-18
6426.12 4.68186666887821e-18
6428.1 4.76604553109528e-18
6430.08 5.04145324809328e-18
6432.06 5.31882221032364e-18
6434.04 5.596191172554e-18
6436.02 5.87356054837467e-18
6438 5.97480125149657e-18
6439.98 5.95408120433273e-18
6441.96 5.93336157075919e-18
6443.94 5.91264193718566e-18
6445.92 5.90575524499585e-18
6447.9 5.95711406204865e-18
6449.88 6.00847246551115e-18
6451.86 6.05983086897365e-18
6453.84 6.11118968602645e-18
6455.82 5.87776965692165e-18
6457.8 5.56772499254391e-18
6459.78 5.25767991457586e-18
6461.76 4.94763525019813e-18
6463.74 4.77578186049533e-18
6465.72 4.81653043183092e-18
6467.7 4.85727941675681e-18
6469.68 4.8980279880924e-18
6471.66 4.93877655942799e-18
6473.64 5.55158339007055e-18
6475.62 6.16726425975142e-18
6477.6 6.78294554302261e-18
6479.58 7.39862682629379e-18
6481.56 7.84097241220448e-18
6483.54 8.16329243687251e-18
6485.52 8.48561246154053e-18
6487.5 8.80793248620856e-18
6489.48 9.0727998542511e-18
6491.46 9.09568546025861e-18
6493.44 9.11857106626611e-18
6495.42 9.141455845093e-18
6497.4 9.16434145110051e-18
6499.38 9.20544405573827e-18
6501.36 9.25144853268602e-18
6503.34 9.29745300963376e-18
6505.32 9.3434566594009e-18
6507.3 9.22953982698194e-18
6509.28 8.86442478614287e-18
6511.26 8.4993097453038e-18
6513.24 8.13419470446473e-18
6515.22 7.76907966362566e-18
6517.2 7.0731990840644e-18
6519.18 6.3739092796085e-18
6521.16 5.67461947515261e-18
6523.14 4.97532967069671e-18
6525.12 4.48944212452183e-18
6527.1 4.15135686455916e-18
6529.08 3.81327119100618e-18
6531.06 3.4751855174532e-18
6533.04 3.185768669601e-18
6535.02 3.10140741405886e-18
6537 3.01704595172157e-18
6538.98 2.93268448938428e-18
6540.96 2.84832323384214e-18
6542.94 2.8607778855302e-18
6544.92 2.89929058767005e-18
6546.9 2.93780328980991e-18
6548.88 2.97631599194977e-18
6550.86 3.11008309111847e-18
6552.84 3.393472273847e-18
6554.82 3.67686124978037e-18
6556.8 3.96025043250889e-18
6558.78 4.24363961523741e-18
6560.76 4.36034694145283e-18
6562.74 4.47537095512169e-18
6564.72 4.59039455520026e-18
6566.7 4.70541856886912e-18
6568.68 4.76961771057059e-18
6570.66 4.79788867595612e-18
6572.64 4.82616005493196e-18
6574.62 4.85443102031749e-18
6576.6 4.89608039134015e-18
6578.58 4.99594383874214e-18
6580.56 5.09580687255383e-18
6582.54 5.19566990636552e-18
6584.52 5.29553335376752e-18
6586.5 5.62460358582428e-18
6588.48 6.01536453437494e-18
6590.46 6.40612589651591e-18
6592.44 6.79688684506657e-18
6594.42 7.25345911033257e-18
6596.4 7.81342647062585e-18
6598.38 8.37339383091914e-18
6600.36 8.93336119121242e-18
6602.34 9.49332855150571e-18
6604.32 9.77740967081663e-18
6606.3 1.00586899565735e-17
6608.28 1.03399702423303e-17
6610.26 1.06212513552677e-17
6612.24 1.06174231633928e-17
6614.22 1.04120102290581e-17
6616.2 1.02065981219041e-17
6618.18 1.000118601475e-17
6620.16 9.64860855045539e-18
6622.14 8.65566756059163e-18
6624.12 7.66272657072788e-18
6626.1 6.66978558086413e-18
6628.08 5.67684459100037e-18
6630.06 5.20262194582372e-18
6632.04 4.86805468500624e-18
6634.02 4.53348701059844e-18
6636 4.19891933619065e-18
6637.98 4.12477417480385e-18
6639.96 4.4688540126657e-18
6641.94 4.81293426411785e-18
6643.92 5.15701410197969e-18
6645.9 5.50109393984154e-18
6647.88 5.25323630032523e-18
6649.86 4.99936878006842e-18
6651.84 4.74550167340191e-18
6653.82 4.49163456673541e-18
6655.8 4.30366645792916e-18
6657.78 4.16229260584742e-18
6659.76 4.02091875376567e-18
6661.74 3.87954490168393e-18
6663.72 3.85550248358977e-18
6665.7 4.34218081443024e-18
6667.68 4.82885914527072e-18
6669.66 5.31553706252089e-18
6671.64 5.80221539336136e-18
6673.62 5.90995690891731e-18
6675.6 5.91564625717045e-18
6677.58 5.92133560542359e-18
6679.56 5.92702495367673e-18
6681.54 5.73977028814881e-18
6683.52 5.24292135808669e-18
6685.5 4.74607242802457e-18
6687.48 4.24922349796245e-18
6689.46 3.75237456790033e-18
6691.44 3.5999115325267e-18
6693.42 3.45278236453797e-18
6695.4 3.30565340334439e-18
6697.38 3.15852423535565e-18
6699.36 3.03305727324845e-18
6701.34 2.92322464510397e-18
6703.32 2.81339201695948e-18
6705.3 2.70355918201985e-18
6707.28 2.58917726730147e-18
6709.26 2.45498582447853e-18
6711.24 2.32079438165558e-18
6713.22 2.18660293883263e-18
6715.2 2.05241149600969e-18
6717.18 2.27043955507126e-18
6719.16 2.5833243440822e-18
6721.14 2.89620933988829e-18
6723.12 3.20909412889923e-18
6725.1 3.61551050451823e-18
6727.08 4.17200494700971e-18
6729.06 4.72849938950119e-18
6731.04 5.28499424558298e-18
6733.02 5.84148868807446e-18
6735 5.9540795499715e-18
6736.98 6.0598871172553e-18
6738.96 6.1656942709488e-18
6740.94 6.2715018382326e-18
6742.92 6.17630947974969e-18
6744.9 5.93908979650112e-18
6746.88 5.70187052684286e-18
6748.86 5.46465084359429e-18
6750.84 5.26119336422768e-18
6752.82 5.20966538873961e-18
6754.8 5.15813782684185e-18
6756.78 5.10660985135377e-18
6758.76 5.0550818758657e-18
6760.74 5.02211541973301e-18
6762.72 4.99429650855224e-18
6764.7 4.96647801096178e-18
6766.68 4.93865909978101e-18
6768.66 4.87044854569897e-18
6770.64 4.73741226060145e-18
6772.62 4.60437638909424e-18
6774.6 4.47134010399672e-18
6776.58 4.33830381889921e-18
6778.56 4.72828184100009e-18
6780.54 5.12627896554937e-18
6782.52 5.52427609009864e-18
6784.5 5.92227321464792e-18
6786.48 6.25725613372321e-18
6788.46 6.54771316119569e-18
6790.44 6.83817018866818e-18
6792.42 7.12862762973097e-18
6794.4 7.35010110283898e-18
6796.38 7.2611510628487e-18
6798.36 7.17220102285842e-18
6800.34 7.08325098286815e-18
6802.32 6.99430094287787e-18
6804.3 6.85445654774873e-18
6806.28 6.70049217956332e-18
6808.26 6.54652822496821e-18
6810.24 6.3925638567828e-18
6812.22 6.28256703328672e-18
6814.2 6.24470739024048e-18
6816.18 6.20684774719423e-18
6818.16 6.16898810414798e-18
6820.14 6.13112804751143e-18
6822.12 6.63262035594212e-18
6824.1 7.1423819889565e-18
6826.08 7.65214362197088e-18
6828.06 8.16190525498526e-18
6830.04 8.51562257416396e-18
6832.02 8.75905603817403e-18
6834 9.00249032936471e-18
6835.98 9.24592379337477e-18
6837.96 9.30041266186548e-18
6839.94 8.5043638188465e-18
6841.92 7.70831497582752e-18
6843.9 6.91226571921823e-18
6845.88 6.11621687619925e-18
6847.86 5.69206099195859e-18
6849.84 5.37110581530128e-18
6851.82 5.05015105223427e-18
6853.8 4.72919628916727e-18
6855.78 4.54360797898334e-18
6857.76 4.57531918853648e-18
6859.74 4.60702998449931e-18
6861.72 4.63874119405245e-18
6863.7 4.67045199001528e-18
6865.68 4.41853909754593e-18
6867.66 4.16074825964378e-18
6869.64 3.90295742174163e-18
6871.62 3.64516658383948e-18
6873.6 3.60369877896128e-18
6875.58 3.71842500760963e-18
6877.56 3.83315082266767e-18
6879.54 3.94787663772571e-18
6881.52 4.06500499887291e-18
6883.5 4.19295164166139e-18
6885.48 4.32089787085956e-18
6887.46 4.44884451364804e-18
6889.44 4.57679074284621e-18
6891.42 4.67649040848692e-18
6893.4 4.76835129705277e-18
6895.38 4.86021218561862e-18
6897.36 4.95207307418447e-18
6899.34 5.19154062074766e-18
6901.32 5.66800616615524e-18
6903.3 6.14447129797253e-18
6905.28 6.62093684338011e-18
6907.26 7.0974023887877e-18
6909.24 7.12995690897534e-18
6911.22 7.15340582497999e-18
6913.2 7.17685474098465e-18
6915.18 7.2003036569893e-18
6917.16 7.02423495488494e-18
6919.14 6.70422607284838e-18
6921.12 6.38421760440214e-18
6923.1 6.06420913595589e-18
6925.08 5.75304488261906e-18
6927.06 5.48306967429401e-18
6929.04 5.21309446596895e-18
6931.02 4.94311925764389e-18
6933 4.67314404931884e-18
6934.98 4.68858296186183e-18
6936.96 4.7855454868556e-18
6938.94 4.88250759825907e-18
6940.92 4.97947012325284e-18
6942.9 5.12912322608563e-18
6944.88 5.3633774668382e-18
6946.86 5.59763170759076e-18
6948.84 5.83188594834333e-18
6950.82 6.0661401890959e-18
6952.8 6.35243484372601e-18
6954.78 6.63979945647847e-18
6956.76 6.92716406923092e-18
6958.74 7.21452868198337e-18
6960.72 7.4222841918128e-18
6962.7 7.57260689735145e-18
6964.68 7.7229296028901e-18
6966.66 7.87325313560936e-18
6968.64 7.99621766956843e-18
6970.62 7.99177157377596e-18
6972.6 7.98732547798349e-18
6974.58 7.98287938219102e-18
6976.56 7.97843328639854e-18
6978.54 7.94004466135057e-18
6980.52 7.89195734362041e-18
6982.5 7.84387002589026e-18
6984.48 7.7957827081601e-18
6986.46 8.00558300846376e-18
6988.44 8.63831827442395e-18
6990.42 9.27105354038414e-18
6992.4 9.90378880634432e-18
6994.38 1.05365240723045e-17
6996.36 1.0903130519788e-17
6998.34 1.12628142927251e-17
7000.32 1.16224988928427e-17
7002.3 1.19821826657798e-17
7004.28 1.21548764709849e-17
7006.26 1.21926397474898e-17
7008.24 1.22304038511753e-17
7010.22 1.22681671276802e-17
7012.2 1.23385982481166e-17
7014.18 1.25559300278976e-17
7016.16 1.27732618076785e-17
7018.14 1.29905935874595e-17
7020.12 1.32079261944211e-17
7022.1 1.36631733163457e-17
7024.08 1.41864155118029e-17
7026.06 1.47096585344407e-17
7028.04 1.52328999027172e-17
7030.02 1.56117932910196e-17
7032 1.57539542054542e-17
7033.98 1.58961134655275e-17
7035.96 1.60382743799621e-17
7037.94 1.61804336400355e-17
7039.92 1.62569478466966e-17
7041.9 1.63317547525735e-17
7043.88 1.64065616584503e-17
7045.86 1.64813669099659e-17
7047.84 1.68351371687038e-17
7049.82 1.73945428733612e-17
7051.8 1.79539502323798e-17
7053.78 1.85133575913984e-17
7055.76 1.91655332561148e-17
7057.74 2.0250056374678e-17
7059.72 2.13345778388799e-17
7061.7 2.24190993030819e-17
7063.68 2.35036207672838e-17
7065.66 2.40973064908866e-17
7067.64 2.45507106544065e-17
7069.62 2.50041164722877e-17
7071.6 2.54575206358076e-17
7073.58 2.5891055921014e-17
7075.56 2.62919986357245e-17
7077.54 2.66929430047963e-17
7079.52 2.70938857195069e-17
7081.5 2.74948284342175e-17
7083.48 2.81491084464122e-17
7085.46 2.88099264941686e-17
7087.44 2.9470744541925e-17
7089.42 3.01315625896813e-17
7091.4 3.09240380124541e-17
7093.38 3.18134854727977e-17
7095.36 3.27029329331412e-17
7097.34 3.35923803934848e-17
7099.32 3.43765244531279e-17
7101.3 3.46699088727882e-17
7103.28 3.49632932924485e-17
7105.26 3.52566744033864e-17
7107.24 3.55500588230467e-17
7109.22 3.54110627016357e-17
7111.2 3.51449322287978e-17
7113.18 3.48787984472375e-17
7115.16 3.46126679743995e-17
7117.14 3.44598480105916e-17
7119.12 3.44968527624748e-17
7121.1 3.45338575143579e-17
7123.08 3.45708655749636e-17
7125.06 3.46078703268467e-17
7127.04 3.47418537337456e-17
7129.02 3.48778389177269e-17
7131 3.50138241017082e-17
7132.98 3.51498092856894e-17
7134.96 3.4684510264961e-17
7136.94 3.37763420529941e-17
7138.92 3.28681738410273e-17
7140.9 3.19600056290604e-17
7142.88 3.10844945076771e-17
7144.86 3.03609662433219e-17
7146.84 2.96374412876891e-17
7148.82 2.89139130233339e-17
7150.8 2.81903847589786e-17
7152.78 2.82818146864453e-17
7154.76 2.86129383943728e-17
7156.74 2.89440621023002e-17
7158.72 2.92751858102276e-17
7160.7 2.95808819861252e-17
7162.68 2.98439684343089e-17
7164.66 3.01070548824926e-17
7166.64 3.03701380219539e-17
7168.62 3.06332244701376e-17
7170.6 3.04072288006208e-17
7172.58 3.01685871938992e-17
7174.56 2.99299455871777e-17
7176.54 2.96913006717337e-17
7178.52 2.96196105824049e-17
7180.5 2.96735295234536e-17
7182.48 2.97274451557798e-17
7184.46 2.97813640968284e-17
7186.44 2.98956209004792e-17
7188.42 3.02907055220916e-17
7190.4 3.06857901437041e-17
7192.38 3.10808714565941e-17
7194.36 3.14759560782066e-17
7196.34 3.19828986796934e-17
7198.32 3.252274983467e-17
7200.3 3.30626042983691e-17
7202.28 3.36024554533457e-17
7204.26 3.35851508349311e-17
7206.24 3.26342339289075e-17
7208.22 3.16833170228839e-17
7210.2 3.07324001168602e-17
7212.18 2.97814832108366e-17
7214.16 2.79505685557873e-17
7216.14 2.60968551486947e-17
7218.12 2.42431433959634e-17
7220.1 2.2389431643232e-17
7222.08 2.14343027335293e-17
7224.06 2.11553807396989e-17
7226.04 2.08764570915072e-17
7228.02 2.05975334433156e-17
7230 2.05220978801732e-17
7231.98 2.14288929723232e-17
7233.96 2.23356897188345e-17
7235.94 2.32424864653457e-17
7237.92 2.41492815574958e-17
7239.9 2.51327827622091e-17
7241.88 2.61381910182652e-17
7243.86 2.71436009286826e-17
7245.84 2.81490091847387e-17
7247.82 2.86943164230357e-17
7249.8 2.84684663373067e-17
7251.78 2.82426162515777e-17
7253.76 2.80167661658487e-17
7255.74 2.77909160801196e-17
7257.72 2.65786663488109e-17
7259.7 2.53408633540192e-17
7261.68 2.41030603592275e-17
7263.66 2.28652573644358e-17
7265.64 2.26391310003822e-17
7267.62 2.31736865450772e-17
7269.6 2.37082420897723e-17
7271.58 2.42427976344673e-17
7273.56 2.47120571959687e-17
7275.54 2.48661410917526e-17
7277.52 2.50202249875365e-17
7279.5 2.51743072289592e-17
7281.48 2.53283911247431e-17
7283.46 2.51589514480678e-17
7285.44 2.48943049372488e-17
7287.42 2.46296567720686e-17
7289.4 2.43650086068884e-17
7291.38 2.43652220194864e-17
7293.36 2.48188644110227e-17
7295.34 2.52725084569203e-17
7297.32 2.57261508484566e-17
7299.3 2.61797948943542e-17
7301.28 2.62335781777824e-17
7303.26 2.6276980344523e-17
7305.24 2.63203825112637e-17
7307.22 2.63637863323656e-17
7309.2 2.63061103369747e-17
7311.18 2.61724329869024e-17
7313.16 2.60387572911914e-17
7315.14 2.59050799411192e-17
7317.12 2.5675436405101e-17
7319.1 2.49832235443758e-17
7321.08 2.42910090292894e-17
7323.06 2.35987961685642e-17
7325.04 2.29065816534777e-17
7327.02 2.25233008992064e-17
7329 2.22309339116995e-17
7330.98 2.19385669241927e-17
7332.96 2.1646201591047e-17
7334.94 2.13897590575433e-17
7336.92 2.1194832291834e-17
7338.9 2.09999055261246e-17
7340.88 2.08049787604153e-17
7342.86 2.06100503403447e-17
7344.84 1.98455997967253e-17
7346.82 1.90633814135482e-17
7348.8 1.82811613760098e-17
7350.78 1.74989429928327e-17
7352.76 1.74607090505593e-17
7354.74 1.79819933095066e-17
7356.72 1.8503279222815e-17
7358.7 1.90245634817623e-17
7360.68 1.97784724356554e-17
7362.66 2.16536511796437e-17
7364.64 2.3528829923632e-17
7366.62 2.54040086676203e-17
7368.6 2.72791890659698e-17
7370.58 2.79598958443744e-17
7372.56 2.82894942312523e-17
7374.54 2.86190893094077e-17
7376.52 2.89486843875631e-17
7378.5 2.878640478627e-17
7380.48 2.77818700329407e-17
7382.46 2.67773336252502e-17
7384.44 2.57727988719209e-17
7386.42 2.47682641185916e-17
7388.4 2.51284566076054e-17
7390.38 2.55312952202799e-17
7392.36 2.59341354873157e-17
7394.34 2.63369740999903e-17
7396.32 2.66438614159699e-17
7398.3 2.68785871496716e-17
7400.28 2.71133128833733e-17
7402.26 2.73480386170751e-17
7404.24 2.74204847494837e-17
7406.22 2.66809488859143e-17
7408.2 2.59414113679837e-17
7410.18 2.52018738500532e-17
7412.16 2.44623363321226e-17
7414.14 2.41393041049471e-17
7416.12 2.39423557098207e-17
7418.1 2.37454073146943e-17
7420.08 2.35484572652066e-17
7422.06 2.3579584071657e-17
7424.04 2.40013386505794e-17
7426.02 2.44230915751406e-17
7428 2.48448444997018e-17
7429.98 2.52665990786242e-17
7431.96 2.54483207330348e-17
7433.94 2.56225398592894e-17
7435.92 2.57967606399054e-17
7437.9 2.59709814205213e-17
7439.88 2.56088103154823e-17
7441.86 2.48431587056134e-17
7443.84 2.40775087501058e-17
7445.82 2.33118571402369e-17
7447.8 2.24986343733401e-17
7449.78 2.14473837677362e-17
7451.76 2.03961331621324e-17
7453.74 1.93448825565285e-17
7455.72 1.82936319509247e-17
7457.7 1.71469991488874e-17
7459.68 1.59714845085821e-17
7461.66 1.47959698682769e-17
7463.64 1.3620454400791e-17
7465.62 1.2798822515787e-17
7467.6 1.25963485541687e-17
7469.58 1.23938754197311e-17
7471.56 1.21914022852934e-17
7473.54 1.19889291508557e-17
7475.52 1.22583716548663e-17
7477.5 1.25450840357058e-17
7479.48 1.28317964165452e-17
7481.46 1.31185087973847e-17
7483.44 1.28115040217581e-17
7485.42 1.20578059989212e-17
7487.4 1.13041079760843e-17
7489.38 1.05504099532474e-17
7491.36 9.83423036145413e-18
7493.34 9.30550561289697e-18
7495.32 8.77678086433981e-18
7497.3 8.24805694296327e-18
7499.28 7.71933219440611e-18
7501.26 8.25106788039296e-18
7503.24 9.10391425299228e-18
7505.22 9.95676145277222e-18
7507.2 1.08096078253715e-17
7509.18 1.16493268416496e-17
7511.16 1.24665572986143e-17
7513.14 1.32837877555789e-17
7515.12 1.41010173853629e-17
7517.1 1.49182486695082e-17
7519.08 1.490798832119e-17
7521.06 1.48674481993688e-17
7523.04 1.48269064231864e-17
7525.02 1.47863663013652e-17
7527 1.45139029337575e-17
7528.98 1.40633939023816e-17
7530.96 1.36128848710056e-17
7532.94 1.3162375012449e-17
7534.92 1.26355924839701e-17
7536.9 1.17129949333979e-17
7538.88 1.0790396555645e-17
7540.86 9.86779817789214e-18
7542.84 8.9452006273199e-18
7544.82 8.01435856758234e-18
7546.8 7.08102421265915e-18
7548.78 6.14768944414566e-18
7550.76 5.21435467563217e-18
7552.74 4.54380526155943e-18
7554.72 4.32303489197209e-18
7556.7 4.10226452238475e-18
7558.68 3.88149415279741e-18
7560.66 3.66072378321007e-18
7562.64 3.46296144236089e-18
7564.62 3.26604220535106e-18
7566.6 3.06912296834123e-18
7568.58 2.87220373133139e-18
7570.56 2.63830559183253e-18
7572.54 2.37601861371085e-18
7574.52 2.11373184238432e-18
7576.5 1.85144486426263e-18
7578.48 1.6346879750074e-18
7580.46 1.65429453366917e-18
7582.44 1.67390109233094e-18
7584.42 1.69350775439028e-18
7586.4 1.71311431305205e-18
7588.38 1.95565369821752e-18
7590.36 2.26760232557021e-18
7592.34 2.57955095292289e-18
7594.32 2.89149937348042e-18
7596.3 3.15477090332619e-18
7598.28 3.3328393145614e-18
7600.26 3.51090772579661e-18
7602.24 3.68897572344151e-18
7604.22 3.86704413467672e-18
7606.2 3.91447218945867e-18
7608.18 3.95711210926486e-18
7610.16 3.99975244266136e-18
7612.14 4.04239236246755e-18
7614.12 4.06469852845596e-18
7616.1 4.07139041961152e-18
7618.08 4.07808272435738e-18
7620.06 4.08477502910324e-18
7622.04 4.05699458182095e-18
7624.02 3.85685037439792e-18
7626 3.65670658056521e-18
7627.98 3.45656237314218e-18
7629.96 3.25641837251431e-18
7631.94 3.40072850897547e-18
7633.92 3.65231301074163e-18
7635.9 3.90389709891749e-18
7637.88 4.15548160068366e-18
7639.86 4.49156591074456e-18
7641.84 4.97555797254577e-18
7643.82 5.45955003434698e-18
7645.8 5.94354209614819e-18
7647.78 6.4275341579494e-18
7649.76 6.46001133674976e-18
7651.74 6.47350182535989e-18
7653.72 6.48699272756032e-18
7655.7 6.50048321617045e-18
7657.68 6.34488971576861e-18
7659.66 6.05943671741177e-18
7661.64 5.77398371905493e-18
7663.62 5.48853072069808e-18
7665.6 5.26183939228609e-18
7667.58 5.32895517282741e-18
7669.56 5.39607095336874e-18
7671.54 5.46318673391007e-18
7673.52 5.53030210086109e-18
7675.5 6.11455713830016e-18
7677.48 6.85986548177422e-18
7679.46 7.60517382524828e-18
7681.44 8.35048258231265e-18
7683.42 9.00224300236155e-18
7685.4 9.49022248830557e-18
7687.38 9.97820114706898e-18
7689.36 1.0466180633013e-17
7691.34 1.0954160118957e-17
7693.32 1.04123783244307e-17
7695.3 9.82729362483726e-18
7697.28 9.24220975242441e-18
7699.26 8.65712588001157e-18
7701.24 8.44561166147869e-18
7703.22 8.52683666172834e-18
7705.2 8.60806166197798e-18
7707.18 8.68928583504701e-18
7709.16 8.87035401677365e-18
7711.14 9.56897256416246e-18
7713.12 1.02675911115513e-17
7715.1 1.09662104861207e-17
7717.08 1.16648290335095e-17
7719.06 1.18705687041861e-17
7721.04 1.19229813493393e-17
7723.02 1.19753948216732e-17
7725 1.20278074668263e-17
7726.98 1.19077910045704e-17
7728.96 1.14861547124756e-17
7730.94 1.10645184203808e-17
7732.92 1.0642882128286e-17
7734.9 1.02212458361911e-17
7736.88 1.08834775356144e-17
7738.86 1.15913456166127e-17
7740.84 1.22992136976111e-17
7742.82 1.30070817786095e-17
7744.8 1.38914710295073e-17
7746.78 1.49141872127005e-17
7748.76 1.59369033958937e-17
7750.74 1.69596195790869e-17
7752.72 1.77198151056354e-17
7754.7 1.7118694682687e-17
7756.68 1.65175742597386e-17
7758.66 1.59164538367902e-17
7760.64 1.53153317594806e-17
7762.62 1.47400292978112e-17
7764.6 1.41729903704612e-17
7766.58 1.36059506159305e-17
7768.56 1.30389116885805e-17
7770.54 1.23713653537217e-17
7772.52 1.15239998798611e-17
7774.5 1.06766344060006e-17
7776.48 9.82926893214003e-18
7778.46 8.98190345827949e-18
7780.44 8.03257970211565e-18
7782.42 7.07953032447288e-18
7784.4 6.1264805332398e-18
7786.38 5.17343115559703e-18
7788.36 4.64117186428244e-18
7790.34 4.43872106372131e-18
7792.32 4.23627067675049e-18
7794.3 4.03381987618936e-18
7796.28 3.88563088304079e-18
7798.26 4.0189235941282e-18
7800.24 4.1522163052156e-18
7802.22 4.28550901630301e-18
7804.2 4.41880172739042e-18
7806.18 4.98476366558287e-18
7808.16 5.68925643609173e-18
7810.14 6.39374920660059e-18
7812.12 7.09824197710944e-18
7814.1 7.98010253687468e-18
7816.08 9.17929853093669e-18
7818.06 1.03784936978181e-17
7820.04 1.15776896918801e-17
7822.02 1.27768848587615e-17
7824 1.38731555963842e-17
7825.98 1.49650869445134e-17
7827.96 1.60570182926426e-17
7829.94 1.71489479864105e-17
7831.92 1.76043340746781e-17
7833.9 1.75506914119541e-17
7835.88 1.749704874923e-17
7837.86 1.74434060865059e-17
7839.84 1.71276563574434e-17
7841.82 1.54522284964969e-17
7843.8 1.37768022899115e-17
7845.78 1.21013752561456e-17
7847.76 1.04259482223796e-17
7849.74 9.0204988784806e-18
7851.72 7.69908281301081e-18
7853.7 6.37766633395072e-18
7855.68 5.05624985489063e-18
7857.66 4.29066400588044e-18
7859.64 4.51974754062394e-18
7861.62 4.74883066177713e-18
7863.6 4.97791419652063e-18
7865.58 5.20699773126413e-18
7867.56 6.31361360321768e-18
7869.54 7.4572739317238e-18
7871.52 8.60093550100084e-18
7873.5 9.74459624309727e-18
7875.48 1.05659526769573e-17
7877.46 1.11295191000958e-17
7879.44 1.16930855232343e-17
7881.42 1.22566519463728e-17
7883.4 1.26764452800629e-17
7885.38 1.23223127162167e-17
7887.36 1.19681809795511e-17
7889.34 1.16140484157049e-17
7891.32 1.12599166790393e-17
7893.3 1.0242362930049e-17
7895.28 9.01263156367461e-18
7897.26 7.7829001973002e-18
7899.24 6.55316883092579e-18
7901.22 5.55222073273252e-18
7903.2 4.96032378720438e-18
7905.18 4.36842725526655e-18
7907.16 3.77653030973841e-18
7909.14 3.18463377780058e-18
7911.12 3.70687715266808e-18
7913.1 4.27615401716534e-18
7915.08 4.8454308816626e-18
7917.06 5.41470733256956e-18
7919.04 6.21670194983157e-18
7921.02 7.20483247084303e-18
7923 8.19296340544478e-18
7924.98 9.18109434004654e-18
7926.96 1.00816227118759e-17
7928.94 1.05104058444631e-17
7930.92 1.09391889770504e-17
7932.9 1.13679721096377e-17
7934.88 1.1796755242225e-17
7936.86 1.24101907301331e-17
7938.84 1.30826993214866e-17
7940.82 1.37552070856596e-17
7942.8 1.44277156770132e-17
7944.78 1.48503900807768e-17
7946.76 1.48161232967211e-17
7948.74 1.47818581670267e-17
7950.72 1.47475930373323e-17
7952.7 1.47133262532767e-17
7954.68 1.36942215406379e-17
7956.66 1.26282198231704e-17
7958.64 1.15622172785223e-17
7960.62 1.04962155610548e-17
7962.6 9.74002689739352e-18
7964.58 9.23168801503274e-18
7966.56 8.72334995985256e-18
7968.54 8.21501107749177e-18
7970.52 7.91922038942955e-18
7972.5 8.76844288376528e-18
7974.48 9.61766455092039e-18
7976.46 1.04668870452561e-17
7978.44 1.13161095395918e-17
7980.42 1.19548658532308e-17
7982.4 1.25262904921886e-17
7984.38 1.30977151311463e-17
7986.36 1.36691397701041e-17
7988.34 1.3695254689223e-17
7990.32 1.27240089924653e-17
7992.3 1.17527632957076e-17
7994.28 1.07815175989499e-17
7996.26 9.81027190219214e-18
7998.24 8.65863548462948e-18
8000.22 7.4983988702381e-18
8002.2 6.33816225584672e-18
8004.18 5.17792564145534e-18
8006.16 4.37378200896191e-18
8008.14 3.85457107822003e-18
8010.12 3.33536014747816e-18
8012.1 2.81614921673628e-18
8014.08 2.39773334556128e-18
8016.06 2.52231129530514e-18
8018.04 2.64688903825384e-18
8020.02 2.77146678120254e-18
8022 2.89604452415124e-18
8023.98 3.24133494083956e-18
8025.96 3.6572533469501e-18
8027.94 4.07317133947034e-18
8029.92 4.48908974558089e-18
8031.9 4.72178640524002e-18
8033.88 4.61930120888653e-18
8035.86 4.51681601253305e-18
8037.84 4.41433081617957e-18
8039.82 4.31184520623578e-18
8041.8 4.10866028288101e-18
8043.78 3.900669026577e-18
8045.76 3.69267735668269e-18
8047.74 3.48468610037868e-18
8049.72 3.43559065627697e-18
8051.7 3.51363824899865e-18
8053.68 3.59168604851548e-18
8055.66 3.669733434442e-18
8057.64 3.76067863406975e-18
8059.62 3.92379203342031e-18
8061.6 4.08690584636117e-18
8063.58 4.25001924571173e-18
8065.56 4.41313305865259e-18
8067.54 4.58303512929037e-18
8069.52 4.75516851963051e-18
8071.5 4.92730190997065e-18
8073.48 5.09943530031079e-18
8075.46 5.03774375663628e-18
8077.44 4.54867528741584e-18
8079.42 4.05960681819539e-18
8081.4 3.57053793538464e-18
8083.38 3.08146967295935e-18
8085.36 2.81266140968345e-18
8087.34 2.55436599160764e-18
8089.32 2.29607078032698e-18
8091.3 2.03777556904633e-18
8093.28 2.07689811009279e-18
8095.26 2.35405241895419e-18
8097.24 2.6312067278156e-18
8099.22 2.90836124347216e-18
8101.2 3.18877712548886e-18
8103.18 3.48745053798583e-18
8105.16 3.7861239504828e-18
8107.14 4.08479736297977e-18
8109.12 4.38347077547675e-18
8111.1 4.53640034071586e-18
8113.08 4.6414134010213e-18
8115.06 4.74642646132675e-18
8117.04 4.85143910804188e-18
8119.02 4.80769407493732e-18
8121 4.48577357850516e-18
8122.98 4.16385349566331e-18
8124.96 3.84193299923114e-18
8126.94 3.52001250279898e-18
8128.92 3.25284908817114e-18
8130.9 2.98859838327526e-18
8132.88 2.72434747158422e-18
8134.86 2.46009676668834e-18
8136.84 2.26739428964615e-18
8138.82 2.13195359730309e-18
8140.8 1.99651290496004e-18
8142.78 1.86107241941214e-18
8144.76 1.74679617701702e-18
8146.74 1.75104085433033e-18
8148.72 1.7552857384388e-18
8150.7 1.75953041575212e-18
8152.68 1.76377509306544e-18
8154.66 1.88377521850427e-18
8156.64 2.04183206277029e-18
8158.62 2.19988870024116e-18
8160.6 2.35794554450718e-18
8162.58 2.58392673836329e-18
8164.56 2.93408490616133e-18
8166.54 3.28424307395937e-18
8168.52 3.63440124175741e-18
8170.5 3.98455920276029e-18
8172.48 4.00463570340757e-18
8174.46 4.00713627039931e-18
8176.44 4.00963642380076e-18
8178.42 4.0121369907925e-18
8180.4 3.99050704495486e-18
8182.38 3.94917076179405e-18
8184.36 3.90783406504294e-18
8186.34 3.86649778188213e-18
8188.32 3.90120421243332e-18
8190.3 4.37869918411323e-18
8192.28 4.85619415579314e-18
8194.26 5.33368912747306e-18
8196.24 5.81118409915297e-18
8198.22 5.94664981370955e-18
8200.2 5.96948330733846e-18
8202.18 5.99231680096738e-18
8204.16 6.01515029459629e-18
8206.14 5.82036042727832e-18
8208.12 5.2272781319324e-18
8210.1 4.63419625017678e-18
8212.08 4.04111436842116e-18
8214.06 3.44803227987038e-18
8216.04 3.16675261449902e-18
8218.02 2.90209328238054e-18
8220 2.6374337434669e-18
8221.98 2.37277441134841e-18
8223.96 2.46845211805574e-18
8225.94 2.85841008102676e-18
8227.92 3.24836804399779e-18
8229.9 3.63832580017367e-18
8231.88 4.08330885146749e-18
8233.86 4.83655151137715e-18
8235.84 5.58979458487713e-18
8237.82 6.34303765837711e-18
8239.8 7.09628073187708e-18
8241.78 7.26212713597151e-18
8243.76 7.22963465432982e-18
8245.74 7.19714217268812e-18
8247.72 7.16464969104643e-18
8249.7 6.95599999897482e-18
8251.68 6.41815806570611e-18
8253.66 5.8803165460277e-18
8255.64 5.34247461275898e-18
8257.62 4.80463309308057e-18
8259.6 4.70694430350898e-18
8261.58 4.63259441492057e-18
8263.56 4.55824411274185e-18
8265.54 4.48389381056313e-18
8267.52 4.63103062997254e-18
8269.5 4.95890351809263e-18
8271.48 5.28677640621272e-18
8273.46 5.61464929433282e-18
8275.44 5.84601047089298e-18
8277.42 5.53775499818019e-18
8279.4 5.22949952546741e-18
8281.38 4.92124405275462e-18
8283.36 4.61298858004184e-18
8285.34 4.20669524753896e-18
8287.32 3.76724562095281e-18
8289.3 3.32779599436666e-18
8291.28 2.88834657457567e-18
8293.26 2.74664040268283e-18
8295.24 3.16195682810259e-18
8297.22 3.57727325352235e-18
8299.2 3.99258947214696e-18
8301.18 4.40790610436187e-18
8303.16 5.16602292603101e-18
8305.14 5.94430434308266e-18
8307.12 6.72258576013431e-18
8309.1 7.50086717718595e-18
8311.08 7.88780158822295e-18
8313.06 7.9486125981354e-18
8315.04 8.00942443522846e-18
8317.02 8.0702354451409e-18
8319 8.18586205988602e-18
8320.98 8.6086952823272e-18
8322.96 9.03152850476838e-18
8324.94 9.45436172720956e-18
8326.92 9.87719494965074e-18
8328.9 1.01407148404754e-17
8330.88 1.03504266324536e-17
8332.86 1.05601375972511e-17
8334.84 1.07698493892292e-17
8336.82 1.07072558050967e-17
8338.8 1.01356839279899e-17
8340.78 9.5641120508831e-18
8342.76 8.99254100095692e-18
8344.74 8.42096912385013e-18
8346.72 8.16349675048381e-18
8348.7 7.92269702954411e-18
8350.68 7.68189730860441e-18
8352.66 7.44109758766471e-18
8354.64 7.48583482391403e-18
8356.62 7.76832610208763e-18
8358.6 8.05081820744183e-18
8360.58 8.33330948561543e-18
8362.56 8.67065938201355e-18
8364.54 9.32705780375704e-18
8366.52 9.98345622550053e-18
8368.5 1.06398538200634e-17
8370.48 1.12962522418069e-17
8372.46 1.11064266989352e-17
8374.44 1.06303329712129e-17
8376.42 1.01542384163101e-17
8378.4 9.67814468858782e-18
8380.38 9.19545833138353e-18
8382.36 8.70043788406545e-18
8384.34 8.20541743674738e-18
8386.32 7.71039698942931e-18
8388.3 7.21537571493063e-18
8390.28 7.64599767001961e-18
8392.26 8.13117384086769e-18
8394.24 8.61635001171576e-18
8396.22 9.10152618256384e-18
8398.2 9.4832394295744e-18
8400.18 9.77871578900385e-18
8402.16 1.00741913212527e-17
8404.14 1.03696676806822e-17
8406.12 1.05430207488355e-17
8408.1 1.00044004386104e-17
8410.08 9.46578095556586e-18
8412.06 8.92716147252134e-18
8414.04 8.38854198947682e-18
8416.02 8.24378041919637e-18
8418 8.23559133113209e-18
8419.98 8.22740141588721e-18
8421.96 8.21921232782293e-18
8423.94 8.28176041702174e-18
8425.92 8.47947974447906e-18
8427.9 8.67719907193639e-18
8429.88 8.87491839939372e-18
8431.86 9.07263772685104e-18
8433.84 8.54893396461208e-18
8435.82 7.98685729375678e-18
8437.8 7.42478062290149e-18
8439.78 6.86270395204619e-18
8441.76 6.69589098740599e-18
8443.74 6.8582632329277e-18
8445.72 7.02063589203972e-18
8447.7 7.18300813756143e-18
8449.68 7.46385911658033e-18
8451.66 8.43404023188969e-18
8453.64 9.40422134719905e-18
8455.62 1.03744024625084e-17
8457.6 1.13445835778178e-17
8459.58 1.24423018815124e-17
8461.56 1.3584314052648e-17
8463.54 1.47263262237836e-17
8465.52 1.58683383949192e-17
8467.5 1.68750188547575e-17
8469.48 1.76228033633952e-17
8471.46 1.83705878720329e-17
8473.44 1.91183723806707e-17
8475.42 1.98661568893084e-17
8477.4 1.98097448258935e-17
8479.38 1.97058889912651e-17
8481.36 1.96020331566366e-17
8483.34 1.94981789763693e-17
8485.32 1.90658067071042e-17
8487.3 1.83540409510594e-17
8489.28 1.76422768493759e-17
8491.26 1.69305127476924e-17
8493.24 1.62492831911407e-17
8495.22 1.57461456204717e-17
8497.2 1.52430080498026e-17
8499.18 1.47398704791335e-17
8501.16 1.42367329084645e-17
8503.14 1.38804033529113e-17
8505.12 1.35749933815057e-17
8507.1 1.32695825829195e-17
8509.08 1.29641726115139e-17
8511.06 1.27548950893574e-17
8513.04 1.27293591966673e-17
8515.02 1.27038233039771e-17
8517 1.2678287411287e-17
8518.98 1.26527523457775e-17
8520.96 1.29717826731494e-17
8522.94 1.33110433567625e-17
8524.92 1.36503040403756e-17
8526.9 1.39895647239887e-17
8528.88 1.43066859185069e-17
8530.86 1.46049937171731e-17
8532.84 1.49032998614781e-17
8534.82 1.52016076601443e-17
8536.8 1.55136450026177e-17
8538.78 1.59088735536568e-17
8540.76 1.63041021046958e-17
8542.74 1.66993306557349e-17
8544.72 1.70945592067739e-17
8546.7 1.73547803013158e-17
8548.68 1.75680986007646e-17
8550.66 1.77814185545747e-17
8552.64 1.79947385083848e-17
8554.62 1.81311819504254e-17
8556.6 1.8120522901052e-17
8558.58 1.81098638516787e-17
8560.56 1.80992048023053e-17
8562.54 1.8088545752932e-17
8564.52 1.85939580702855e-17
8566.5 1.91298420670443e-17
8568.48 1.96657277181644e-17
8570.46 2.02016133692844e-17
8572.44 2.08034633655331e-17
8574.42 2.14614243314537e-17
8576.4 2.21193852973743e-17
8578.38 2.27773462632949e-17
8580.36 2.3233361008828e-17
8582.34 2.24627661676185e-17
8584.32 2.1692171326409e-17
8586.3 2.09215748308383e-17
8588.28 2.01509799896288e-17
8590.26 2.0141978610203e-17
8592.24 2.0397203533845e-17
8594.22 2.06524301118483e-17
8596.2 2.09076550354903e-17
8598.18 2.17678285739556e-17
8600.16 2.38102781270531e-17
8602.14 2.58527260257895e-17
8604.12 2.78951772332483e-17
8606.1 2.99376251319846e-17
8608.08 2.98889935294114e-17
8610.06 2.97058160371227e-17
8612.04 2.95226385448341e-17
8614.02 2.9339457743823e-17
8616 2.84431016710034e-17
8617.98 2.69525503313237e-17
8619.96 2.54619989916439e-17
8621.94 2.39714476519642e-17
8623.92 2.26739999719238e-17
8625.9 2.25470161673683e-17
8627.88 2.2420034017174e-17
8629.86 2.22930502126186e-17
8631.84 2.21660664080631e-17
8633.82 2.18004029464779e-17
8635.8 2.1352018114915e-17
8637.78 2.09036349377133e-17
8639.76 2.04552501061503e-17
8641.74 1.98881168802105e-17
8643.72 1.90886451638168e-17
8645.7 1.8289173447423e-17
8647.68 1.74897017310293e-17
8649.66 1.66902300146356e-17
8651.64 1.59712098846188e-17
8653.62 1.52573927206549e-17
8655.6 1.45435772110523e-17
8657.58 1.38297600470884e-17
8659.56 1.34694972477226e-17
8661.54 1.34100428140147e-17
8663.52 1.33505883803068e-17
8665.5 1.32911331194184e-17
8667.48 1.32409629609058e-17
8669.46 1.32495904546947e-17
8671.44 1.32582187756643e-17
8673.42 1.32668470966338e-17
8675.4 1.32754745904227e-17
8677.38 1.30763374753955e-17
8679.36 1.28050793099404e-17
8681.34 1.25338219716659e-17
8683.32 1.22625638062107e-17
8685.3 1.20594099021289e-17
8687.28 1.19893849273733e-17
8689.26 1.1919359125437e-17
8691.24 1.18493341506813e-17
8693.22 1.17793091759256e-17
8695.2 1.1380431104024e-17
8697.18 1.09603755540797e-17
8699.16 1.05403191769549e-17
8701.14 1.01202627998301e-17
8703.12 9.84387197867404e-18
8705.1 9.68961437496148e-18
8707.08 9.53535677124892e-18
8709.06 9.38109834035574e-18
8711.04 9.40562424551794e-18
8713.02 1.05600201376041e-17
8715 1.17144168568708e-17
8716.98 1.28688135761376e-17
8718.96 1.40232094682237e-17
8720.94 1.49016769331163e-17
8722.92 1.56817396836171e-17
8724.9 1.64618024341178e-17
8726.88 1.72418651846186e-17
8728.86 1.76366851084351e-17
8730.84 1.72606669999419e-17
8732.82 1.688465054581e-17
8734.8 1.65086324373169e-17
8736.78 1.6132615983185e-17
8738.76 1.69810634092868e-17
8740.74 1.79087894796568e-17
8742.72 1.88365155500269e-17
8744.7 1.97642399660358e-17
8746.68 2.00739132263185e-17
8748.66 1.98575227780746e-17
8750.64 1.96411339841919e-17
8752.62 1.94247451903093e-17
8754.6 1.89629401804883e-17
8756.58 1.69461696223268e-17
8758.56 1.49293990641654e-17
8760.54 1.29126285060039e-17
8762.52 1.08958579478424e-17
8764.5 9.46647826882224e-18
8766.48 8.24630580160649e-18
8768.46 7.02613333439075e-18
8770.44 5.805960867175e-18
8772.42 5.04815258387434e-18
8774.4 5.19436916485228e-18
8776.38 5.34058533223991e-18
8778.36 5.48680191321785e-18
8780.34 5.63301849419578e-18
8782.32 7.08592525778853e-18
8784.3 8.63042697138019e-18
8786.28 1.01749286849719e-17
8788.26 1.17194303985635e-17
8790.24 1.30475557259817e-17
8792.22 1.41916978871947e-17
8794.2 1.53358408755882e-17
8796.18 1.64799838639817e-17
8798.16 1.73107610578382e-17
8800.14 1.6160293446481e-17
8802.12 1.50098258351239e-17
8804.1 1.38593582237668e-17
8806.08 1.27088906124096e-17
8808.06 1.15723791923475e-17
8810.04 1.04408333375025e-17
8812.02 9.30928748265756e-18
8814 8.17774162781258e-18
8815.98 7.46256044301862e-18
8817.96 7.56073354683887e-18
8819.94 7.6589058234785e-18
8821.92 7.75707810011813e-18
8823.9 7.85525120393837e-18
8825.88 8.61771155100403e-18
8827.86 9.42696633250242e-18
8829.84 1.02362211140008e-17
8831.82 1.10454767226798e-17
8833.8 1.20260927214165e-17
8835.78 1.31554978328362e-17
8837.76 1.42849029442559e-17
8839.74 1.54143088828562e-17
8841.72 1.66539978494445e-17
8843.7 1.86232617706658e-17
8845.68 2.05925256918872e-17
8847.66 2.25617912674697e-17
8849.64 2.4531055188691e-17
8851.62 2.59595894891252e-17
8853.6 2.71954337202264e-17
8855.58 2.84312796056888e-17
8857.56 2.966712383679e-17
8859.54 3.04903935394068e-17
8861.52 3.0506798185315e-17
8863.5 3.05232028312231e-17
8865.48 3.05396107858537e-17
8867.46 3.05560154317619e-17
8869.44 2.9209669796991e-17
8871.42 2.77677186270212e-17
8873.4 2.63257707657739e-17
8875.38 2.48838212501653e-17
8877.36 2.30794756363911e-17
8879.34 2.09607269435917e-17
8881.32 1.88419782507922e-17
8883.3 1.67232295579928e-17
8885.28 1.47910183651302e-17
8887.26 1.40391972151032e-17
8889.24 1.32873760650762e-17
8891.22 1.25355557422298e-17
8893.2 1.17837345922028e-17
8895.18 1.22754794042951e-17
8897.16 1.32223538786652e-17
8899.14 1.41692283530353e-17
8901.12 1.51161036545859e-17
8903.1 1.58713658759612e-17
8905.08 1.62430561754894e-17
8907.06 1.66147448206564e-17
8909.04 1.69864334658235e-17
8911.02 1.73581237653517e-17
8913 1.76677192706568e-17
8914.98 1.79729389905216e-17
8916.96 1.82781587103863e-17
8918.94 1.85833767758898e-17
8920.92 1.91096720949879e-17
8922.9 1.98279990476514e-17
8924.88 2.05463260003149e-17
8926.86 2.12646529529784e-17
8928.84 2.18184702254173e-17
8930.82 2.13290489636656e-17
8932.8 2.08396277019139e-17
8934.78 2.03502064401622e-17
8936.76 1.98607851784105e-17
8938.74 1.90778918158536e-17
8940.72 1.81877280170995e-17
8942.7 1.72975658727067e-17
8944.68 1.64074020739527e-17
8946.66 1.60373297397026e-17
8948.64 1.67074386800991e-17
8950.62 1.73775459661345e-17
8952.6 1.80476532521698e-17
8954.58 1.87177605382051e-17
8956.56 1.9133102813019e-17
8958.54 1.95291056051114e-17
8960.52 1.99251083972039e-17
8962.5 2.0321109534935e-17
8964.48 1.94408520511969e-17
8966.46 1.74308792633094e-17
8968.44 1.54209064754219e-17
8970.42 1.3410934514715e-17
8972.4 1.14724020076113e-17
8974.38 9.98612553733724e-18
8976.36 8.49984906706318e-18
8978.34 7.01357342396974e-18
8980.32 5.52729695369569e-18
8982.3 5.98464304642472e-18
8984.28 7.15168446212527e-18
8986.26 8.31872546423551e-18
8988.24 9.48576729352636e-18
8990.22 1.11131409239673e-17
8992.2 1.3660341877109e-17
8994.18 1.62075436574313e-17
8996.16 1.87547437833924e-17
8998.14 2.13019455637147e-17
9000.12 2.20929304070236e-17
9002.1 2.27610127549194e-17
9004.08 2.34290967571765e-17
9006.06 2.40971791050723e-17
9008.04 2.42392986604762e-17
9010.02 2.39153780413229e-17
9012 2.35914574221696e-17
9013.98 2.32675351486551e-17
9015.96 2.29632584146886e-17
9017.94 2.2789054177685e-17
9019.92 2.26148499406813e-17
9021.9 2.24406440493164e-17
9023.88 2.22664398123127e-17
9025.86 2.12026160613981e-17
9027.84 1.98052714331408e-17
9029.82 1.84079268048836e-17
9031.8 1.70105821766263e-17
9033.78 1.55288899413071e-17
9035.76 1.38784644415555e-17
9037.74 1.22280397689846e-17
9039.72 1.05776142692331e-17
9041.7 8.92718959666217e-18
9043.68 8.34808541289747e-18
9045.66 7.84432580240777e-18
9047.64 7.34056701909869e-18
9049.62 6.83680699501869e-18
9051.6 6.4479684142116e-18
9053.58 6.16087511670006e-18
9055.56 5.87378181918853e-18
9057.54 5.58668852167699e-18
9059.52 5.35233295129939e-18
9061.5 5.46654756873887e-18
9063.48 5.58076259976866e-18
9065.46 5.69497763079845e-18
9067.44 5.80919224823794e-18
9069.42 5.96284021983905e-18
9071.4 6.13129431081456e-18
9073.38 6.29974840179006e-18
9075.36 6.46820249276557e-18
9077.34 6.62425218327523e-18
9079.32 6.75489874358308e-18
9081.3 6.88554489030062e-18
9083.28 7.01619145060847e-18
9085.26 7.14683718373571e-18
9087.24 7.36632790491543e-18
9089.22 7.59259902557625e-18
9091.2 7.81887014623707e-18
9093.18 8.04514126689788e-18
9095.16 8.26733438713882e-18
9097.14 8.48591272810289e-18
9099.12 8.70449189624758e-18
9101.1 8.92307023721165e-18
9103.08 9.07005692333987e-18
9105.06 8.74280193913736e-18
9107.04 8.41554695493484e-18
9109.02 8.08829114355171e-18
9111 7.7610361593492e-18
9112.98 7.29640880927816e-18
9114.96 6.78026671860885e-18
9116.94 6.26412462793955e-18
9118.92 5.74798253727024e-18
9120.9 5.2871701441843e-18
9122.88 4.93957023922573e-18
9124.86 4.59197033426717e-18
9126.84 4.2443704293086e-18
9128.82 3.89677052435004e-18
9130.8 3.66459705642835e-18
9132.78 3.44120576507013e-18
9134.76 3.21781468050707e-18
9136.74 2.99442338914886e-18
9138.72 3.20967418930379e-18
9140.7 3.82114925916014e-18
9142.68 4.43262432901649e-18
9144.66 5.04409939887283e-18
9146.64 5.70687248800697e-18
9148.62 6.7239758371537e-18
9150.6 7.74107959989074e-18
9152.58 8.75818336262778e-18
9154.56 9.77528712536482e-18
9156.54 1.02624328132514e-17
9158.52 1.0555970261325e-17
9160.5 1.0849506882218e-17
9162.48 1.11430443302917e-17
9164.46 1.14578527278171e-17
9166.44 1.18161460101444e-17
9168.42 1.21744392924718e-17
9170.4 1.25327325747991e-17
9172.38 1.28910258571265e-17
9174.36 1.30952550960046e-17
9176.34 1.32878070261753e-17
9178.32 1.3480358956346e-17
9180.3 1.36729108865167e-17
9182.28 1.34042467594625e-17
9184.26 1.27185446373388e-17
9186.24 1.2032842515215e-17
9188.22 1.13471403930912e-17
9190.2 1.07451936167108e-17
9192.18 1.07233618388037e-17
9194.16 1.07015300608966e-17
9196.14 1.06796982829895e-17
9198.12 1.06578665050824e-17
9200.1 1.13994728017249e-17
9202.08 1.24275143737018e-17
9204.06 1.34555567728592e-17
9206.04 1.4483598344836e-17
9208.02 1.54615193891371e-17
9210 1.63345208445418e-17
9211.98 1.72075239543079e-17
9213.96 1.80805270640739e-17
9215.94 1.89535301738399e-17
9217.92 1.88155746456395e-17
9219.9 1.86006400352737e-17
9221.88 1.8385705424908e-17
9223.86 1.81707708145422e-17
9225.84 1.79698287914184e-17
9227.82 1.7781281242593e-17
9229.8 1.75927320394065e-17
9231.78 1.74041844905811e-17
9233.76 1.73034190027211e-17
9235.74 1.78095575846525e-17
9237.72 1.83156978209452e-17
9239.7 1.88218364028766e-17
9241.68 1.93279749848079e-17
9243.66 1.93316592472563e-17
9245.64 1.91470656217589e-17
9247.62 1.89624736506228e-17
9249.6 1.87778800251255e-17
9251.58 1.85287861641837e-17
9253.56 1.81445210649834e-17
9255.54 1.77602543114219e-17
9257.52 1.73759892122216e-17
9259.5 1.69917241130214e-17
9261.48 1.83968955242346e-17
9263.46 1.99491644637781e-17
9265.44 2.15014350576829e-17
9267.42 2.30537056515876e-17
9269.4 2.42131448638685e-17
9271.38 2.5017237211164e-17
9273.36 2.58213295584594e-17
9275.34 2.66254219057549e-17
9277.32 2.72361061909456e-17
9279.3 2.65065742497045e-17
9281.28 2.57770423084633e-17
9283.26 2.5047508712861e-17
9285.24 2.43179767716198e-17
9287.22 2.43665405453828e-17
9289.2 2.47071123102668e-17
9291.18 2.50476840751508e-17
9293.16 2.53882574943961e-17
9295.14 2.54713213171474e-17
9297.12 2.50152271622755e-17
9299.1 2.45591330074035e-17
9301.08 2.41030388525316e-17
9303.06 2.36469446976596e-17
9305.04 2.35009274672093e-17
9307.02 2.33803261882603e-17
9309 2.32597265636726e-17
9310.98 2.31391252847235e-17
9312.96 2.32255242997047e-17
9314.94 2.34989835927698e-17
9316.92 2.3772442885835e-17
9318.9 2.40459005245389e-17
9320.88 2.44104572184645e-17
9322.86 2.5434212340507e-17
9324.84 2.64579674625496e-17
9326.82 2.74817242389534e-17
9328.8 2.85054777066348e-17
9330.78 2.94678527185035e-17
9332.76 3.0407215565731e-17
9334.74 3.13465817216809e-17
9336.72 3.22859445689083e-17
9338.7 3.24128473097638e-17
9340.68 3.08402247640678e-17
9342.66 2.92675989096493e-17
9344.64 2.76949763639533e-17
9346.62 2.61223538182573e-17
9348.6 2.40812277541398e-17
9350.58 2.20018396236081e-17
9352.56 1.99224514930763e-17
9354.54 1.78430650169058e-17
9356.52 1.64981040824803e-17
9358.5 1.58176239515636e-17
9360.48 1.51371454750081e-17
9362.46 1.44566669984525e-17
9364.44 1.37931382798288e-17
9366.42 1.32526212444591e-17
9368.4 1.27121042090894e-17
9370.38 1.21715871737197e-17
9372.36 1.163107013835e-17
9374.34 1.25749783430434e-17
9376.32 1.40901052187221e-17
9378.3 1.5605233748762e-17
9380.28 1.71203622788019e-17
9382.26 1.89657972623241e-17
9384.24 2.15029769223447e-17
9386.22 2.40401549280041e-17
9388.2 2.65773329336635e-17
9390.18 2.91145109393229e-17
9392.16 2.92896713971147e-17
9394.14 2.92710829943894e-17
9396.12 2.92524945916641e-17
9398.1 2.92339061889388e-17
9400.08 2.82039935344164e-17
9402.06 2.62599983265473e-17
9404.04 2.43160031186783e-17
9406.02 2.23720079108092e-17
9408 2.04696099615842e-17
9409.98 1.88685125504817e-17
9411.96 1.72674151393792e-17
9413.94 1.56663177282766e-17
9415.92 1.40652203171741e-17
9417.9 1.46608896198858e-17
9419.88 1.6100830740967e-17
9421.86 1.75407718620483e-17
9423.84 1.89807129831296e-17
9425.82 2.07051248255903e-17
9427.8 2.30247344778136e-17
9429.78 2.53443424756756e-17
9431.76 2.76639521278989e-17
9433.74 2.99835601257609e-17
9435.72 2.96416599088131e-17
9437.7 2.90651448003657e-17
9439.68 2.84886296919183e-17
9441.66 2.79121145834709e-17
9443.64 2.67958244206632e-17
9445.62 2.51812836702455e-17
9447.6 2.35667412654665e-17
9449.58 2.19522005150488e-17
9451.56 2.06149240885139e-17
9453.54 2.12906810181329e-17
9455.52 2.19664396021132e-17
9457.5 2.26421965317323e-17
9459.48 2.33179551157126e-17
9461.46 2.45966522656277e-17
9463.44 2.61074248625619e-17
9465.42 2.76181974594961e-17
9467.4 2.91289700564303e-17
9469.38 3.00761878107546e-17
9471.36 2.98429228780146e-17
9473.34 2.96096579452747e-17
9475.32 2.93763897038123e-17
9477.3 2.91431247710723e-17
9479.28 2.78865050717063e-17
9481.26 2.65399195545577e-17
9483.24 2.51933340374092e-17
9485.22 2.38467501746218e-17
9487.2 2.23728235108932e-17
9489.18 2.07814686330453e-17
9491.16 1.91901154095586e-17
9493.14 1.75987605317107e-17
9495.12 1.61502928328753e-17
9497.1 1.57868594502215e-17
9499.08 1.54234244132065e-17
9501.06 1.50599910305528e-17
9503.04 1.4696557647899e-17
9505.02 1.39315826717712e-17
9507 1.30084110578539e-17
9508.98 1.20852394439365e-17
9510.96 1.11620678300192e-17
9512.94 1.04193597288007e-17
9514.92 1.00543257516616e-17
9516.9 9.68929094734197e-18
9518.88 9.32425614302232e-18
9520.86 8.95922133870267e-18
9522.84 9.87646951225353e-18
9524.82 1.09060620478789e-17
9526.8 1.19356554106849e-17
9528.78 1.29652487734909e-17
9530.76 1.34697147962237e-17
9532.74 1.34893512367851e-17
9534.72 1.35089876773465e-17
9536.7 1.35286241179079e-17
9538.68 1.34634000994274e-17
9540.66 1.27817718418205e-17
9542.64 1.21001435842135e-17
9544.62 1.14185153266065e-17
9546.6 1.07368862418189e-17
9548.58 1.04077006180667e-17
9550.56 1.02175756358133e-17
9552.54 1.00274506535598e-17
9554.52 9.8373256713063e-18
9556.5 1.00094437588051e-17
9558.48 1.09579767303033e-17
9560.46 1.19065097018016e-17
9562.44 1.28550426732998e-17
9564.42 1.38035764719786e-17
9566.4 1.57680774872329e-17
9568.38 1.78278779808594e-17
9570.36 1.98876784744858e-17
9572.34 2.19474789681123e-17
9574.32 2.32914869904721e-17
9576.3 2.39752940418126e-17
9578.28 2.46591027475142e-17
9580.26 2.53429114532159e-17
9582.24 2.58423664157979e-17
9584.22 2.50052662533391e-17
9586.2 2.41681660908803e-17
9588.18 2.33310659284216e-17
9590.16 2.24939641116016e-17
9592.14 2.12290196665508e-17
9594.12 1.97954726516045e-17
9596.1 1.83619256366583e-17
9598.08 1.6928378621712e-17
9600.06 1.58825295055082e-17
9602.04 1.56668835198156e-17
9604.02 1.5451237534123e-17
9606 1.52355915484305e-17
9607.98 1.50199455627379e-17
9609.96 1.68959845745632e-17
9611.94 1.89689852164048e-17
9613.92 2.10419858582464e-17
9615.9 2.3114986500088e-17
9617.88 2.56392836492487e-17
9619.86 2.85886788413678e-17
9621.84 3.15380707247644e-17
9623.82 3.44874626081611e-17
9625.8 3.73059118005906e-17
9627.78 3.91768090577283e-17
9629.76 4.1047706314866e-17
9631.74 4.29186035720038e-17
9633.72 4.47895008291415e-17
9635.7 4.48203315049326e-17
9637.68 4.41249604686286e-17
9639.66 4.34295894323247e-17
9641.64 4.27342183960208e-17
9643.62 4.09663812257623e-17
9645.6 3.68993260597411e-17
9647.58 3.283227089372e-17
9649.56 2.87652157276989e-17
9651.54 2.4698162216039e-17
9653.52 2.42379933694696e-17
9655.5 2.41165930340489e-17
9657.48 2.39951926986281e-17
9659.46 2.38737923632074e-17
9661.44 2.50222383451475e-17
9663.42 2.73655913896734e-17
9665.4 2.97089460885606e-17
9667.38 3.20522991330866e-17
9669.36 3.38195109548021e-17
9671.34 3.12051768503262e-17
9673.32 2.85908427458503e-17
9675.3 2.59765069870131e-17
9677.28 2.33621728825372e-17
9679.26 2.06069666110211e-17
9681.24 1.7794870165696e-17
9683.22 1.49827720660097e-17
9685.2 1.21706756206847e-17
9687.18 1.02015978151012e-17
9689.16 1.00381477532413e-17
9691.14 9.87469769138145e-18
9693.12 9.71124762952158e-18
9695.1 9.54779839484233e-18
9697.08 1.07583954192872e-17
9699.06 1.20896243283637e-17
9701.04 1.34208532374402e-17
9703.02 1.47520829736973e-17
9705 1.69419476924804e-17
9706.98 1.99407586543934e-17
9708.96 2.29395696163064e-17
9710.94 2.59383805782193e-17
9712.92 2.86954016839994e-17
9714.9 2.96091086973479e-17
9716.88 3.0522812401974e-17
9718.86 3.14365161066001e-17
9720.84 3.23502198112262e-17
9722.82 3.10270319248843e-17
9724.8 2.87991202066462e-17
9726.78 2.65712084884081e-17
9728.76 2.43432984245313e-17
9730.74 2.27085628866387e-17
9732.72 2.23752951265635e-17
9734.7 2.20420290208496e-17
9736.68 2.17087612607744e-17
9738.66 2.13754935006992e-17
9740.64 2.54129025135665e-17
9742.62 2.98610811468214e-17
9744.6 3.43092614344375e-17
9746.58 3.87574417220537e-17
