@TELESCOPE VLT
@REFERENCE Balland etal (2009)
@REDSHIFT 0.612
@SPECTRUM spectrum_03D1dt_333.dat
@SN-NAME 03D1dt
@UNITS 1.e-16 erg/s/cm2/A
@SURVEY SNLS
@PHASE 5.070
#
# XPIX :
# WAVE :
# SN_SPEC :
# SN_ERR :
#end
    0	   4258.440	      -0.01237 	      0.01787
     1	   4273.440	      -0.00386 	      0.01560
     2	   4288.440	       0.00546 	      0.01335
     3	   4303.440	      -0.00457 	      0.01116
     4	   4318.440	       0.01408 	      0.01085
     5	   4333.440	      -0.00720 	      0.00971
     6	   4348.440	       0.01012 	      0.00917
     7	   4363.440	       0.00777 	      0.00886
     8	   4378.440	       0.00887 	      0.00831
     9	   4393.440	       0.00814 	      0.00777
    10	   4408.440	      -0.00104 	      0.00763
    11	   4423.440	       0.01843 	      0.00755
    12	   4438.440	       0.00033 	      0.00721
    13	   4453.440	       0.00137 	      0.00701
    14	   4468.440	       0.00246 	      0.00694
    15	   4483.440	       0.00541 	      0.00690
    16	   4498.440	       0.00552 	      0.00683
    17	   4513.440	      -0.00091 	      0.00675
    18	   4528.440	       0.00975 	      0.00656
    19	   4543.440	       0.02084 	      0.00656
    20	   4558.440	       0.01070 	      0.00642
    21	   4573.440	      -0.00039 	      0.00630
    22	   4588.440	      -0.00214 	      0.00616
    23	   4603.440	       0.00109 	      0.00605
    24	   4618.440	       0.01070 	      0.00605
    25	   4633.440	       0.00078 	      0.00594
    26	   4648.440	       0.01016 	      0.00583
    27	   4663.440	       0.01371 	      0.00583
    28	   4678.440	       0.01660 	      0.00577
    29	   4693.440	       0.00997 	      0.00565
    30	   4708.440	      -0.00473 	      0.00602
    31	   4723.440	       0.01111 	      0.00556
    32	   4738.440	       0.00620 	      0.00541
    33	   4753.440	       0.01883 	      0.00537
    34	   4768.440	       0.00395 	      0.00528
    35	   4783.440	       0.01263 	      0.00526
    36	   4798.440	       0.00560 	      0.00523
    37	   4813.440	       0.00235 	      0.00523
    38	   4828.440	       0.00306 	      0.00523
    39	   4843.440	       0.00138 	      0.00512
    40	   4858.440	       0.00239 	      0.00530
    41	   4873.440	       0.01163 	      0.00486
    42	   4888.440	       0.00837 	      0.00492
    43	   4903.440	       0.01797 	      0.00492
    44	   4918.440	       0.01431 	      0.00478
    45	   4933.440	       0.00879 	      0.00479
    46	   4948.440	       0.01040 	      0.00480
    47	   4963.440	       0.00745 	      0.00483
    48	   4978.440	       0.01584 	      0.00523
    49	   4993.440	       0.00673 	      0.00472
    50	   5008.440	       0.01955 	      0.00464
    51	   5023.440	       0.00284 	      0.00456
    52	   5038.440	       0.01378 	      0.00452
    53	   5053.440	       0.01273 	      0.00453
    54	   5068.440	       0.00917 	      0.00492
    55	   5083.440	       0.01682 	      0.00442
    56	   5098.440	       0.00691 	      0.00442
    57	   5113.440	       0.00961 	      0.00441
    58	   5128.440	       0.01446 	      0.00437
    59	   5143.440	       0.00743 	      0.00479
    60	   5158.440	       0.00738 	      0.00433
    61	   5173.440	       0.00704 	      0.00412
    62	   5188.440	       0.01124 	      0.00423
    63	   5203.440	       0.00266 	      0.00431
    64	   5218.440	       0.00704 	      0.00480
    65	   5233.440	       0.00148 	      0.00425
    66	   5248.440	       0.00899 	      0.00426
    67	   5263.440	       0.01361 	      0.00411
    68	   5278.440	       0.00875 	      0.00412
    69	   5293.440	       0.00596 	      0.00455
    70	   5308.440	       0.00759 	      0.00416
    71	   5323.440	       0.01313 	      0.00414
    72	   5338.440	       0.01131 	      0.00409
    73	   5353.440	       0.00323 	      0.00447
    74	   5368.440	       0.00566 	      0.00402
    75	   5383.440	       0.01377 	      0.00401
    76	   5398.440	       0.00506 	      0.00392
    77	   5413.440	       0.01103 	      0.00429
    78	   5428.440	       0.01279 	      0.00395
    79	   5443.440	       0.01426 	      0.00393
    80	   5458.440	       0.00878 	      0.00390
    81	   5473.440	       0.01193 	      0.00424
    82	   5488.440	       0.01335 	      0.00388
    83	   5503.440	       0.01706 	      0.00389
    84	   5518.440	       0.01626 	      0.00388
    85	   5533.440	       0.01458 	      0.00425
    86	   5548.440	       0.00860 	      0.00396
    87	   5563.440	       0.00921 	      0.00413
    88	   5578.440	       0.00472 	      0.01122
    89	   5593.440	       0.01048 	      0.00401
    90	   5608.440	       0.02366 	      0.00389
    91	   5623.440	       0.01169 	      0.00384
    92	   5638.440	       0.01450 	      0.00416
    93	   5653.440	       0.02405 	      0.00374
    94	   5668.440	       0.02132 	      0.00376
    95	   5683.440	       0.02587 	      0.00411
    96	   5698.440	       0.02068 	      0.00377
    97	   5713.440	       0.02261 	      0.00373
    98	   5728.440	       0.02265 	      0.00411
    99	   5743.440	       0.01784 	      0.00371
   100	   5758.440	       0.02414 	      0.00368
   101	   5773.440	       0.02147 	      0.00368
   102	   5788.440	       0.02461 	      0.00400
   103	   5803.440	       0.01618 	      0.00369
   104	   5818.440	       0.02641 	      0.00370
   105	   5833.440	       0.02508 	      0.00408
   106	   5848.440	       0.02678 	      0.00371
   107	   5863.440	       0.03169 	      0.00402
   108	   5878.440	       0.03702 	      0.00449
   109	   5893.440	       0.03330 	      0.00546
   110	   5908.440	       0.01717 	      0.00406
   111	   5923.440	       0.02582 	      0.00443
   112	   5938.440	       0.01419 	      0.00396
   113	   5953.440	       0.02036 	      0.00397
   114	   5968.440	       0.01250 	      0.00416
   115	   5983.440	       0.01140 	      0.00376
   116	   5998.440	       0.06696 	      0.00377
   117	   6013.440	       0.05784 	      0.00399
   118	   6028.440	       0.01928 	      0.00358
   119	   6043.440	       0.01479 	      0.00353
   120	   6058.440	       0.01589 	      0.00384
   121	   6073.440	       0.01040 	      0.00348
   122	   6088.440	       0.01001 	      0.00376
   123	   6103.440	       0.01231 	      0.00344
   124	   6118.440	       0.01171 	      0.00342
   125	   6133.440	       0.01387 	      0.00384
   126	   6148.440	       0.01783 	      0.00358
   127	   6163.440	       0.00584 	      0.00352
   128	   6178.440	       0.00936 	      0.00384
   129	   6193.440	       0.02023 	      0.00346
   130	   6208.440	       0.01912 	      0.00351
   131	   6223.440	       0.01631 	      0.00393
   132	   6238.440	       0.02973 	      0.00413
   133	   6253.440	       0.01841 	      0.00417
   134	   6268.440	       0.02637 	      0.00386
   135	   6283.440	       0.03669 	      0.00385
   136	   6298.440	       0.04010 	      0.00493
   137	   6313.440	       0.03044 	      0.00389
   138	   6328.440	       0.02917 	      0.00389
   139	   6343.440	       0.03260 	      0.00386
   140	   6358.440	       0.02489 	      0.00383
   141	   6373.440	       0.02412 	      0.00384
   142	   6388.440	       0.02528 	      0.00355
   143	   6403.440	       0.03082 	      0.00335
   144	   6418.440	       0.02999 	      0.00377
   145	   6433.440	       0.02532 	      0.00335
   146	   6448.440	       0.01842 	      0.00370
   147	   6463.440	       0.02087 	      0.00383
   148	   6478.440	       0.02264 	      0.00360
   149	   6493.440	       0.01959 	      0.00401
   150	   6508.440	       0.03083 	      0.00376
   151	   6523.440	       0.02494 	      0.00399
   152	   6538.440	       0.02022 	      0.00381
   153	   6553.440	       0.03150 	      0.00398
   154	   6568.440	       0.02541 	      0.00409
   155	   6583.440	       0.02942 	      0.00365
   156	   6598.440	       0.01598 	      0.00385
   157	   6613.440	       0.02678 	      0.00342
   158	   6628.440	       0.02690 	      0.00344
   159	   6643.440	       0.02440 	      0.00366
   160	   6658.440	       0.01700 	      0.00333
   161	   6673.440	       0.01858 	      0.00364
   162	   6688.440	       0.02410 	      0.00333
   163	   6703.440	       0.02232 	      0.00372
   164	   6718.440	       0.02173 	      0.00336
   165	   6733.440	       0.02851 	      0.00341
   166	   6748.440	       0.02137 	      0.00367
   167	   6763.440	       0.02413 	      0.00329
   168	   6778.440	       0.02564 	      0.00360
   169	   6793.440	       0.02394 	      0.00328
   170	   6808.440	       0.01858 	      0.00324
   171	   6823.440	       0.01035 	      0.00418
   172	   6838.440	       0.01565 	      0.00419
   173	   6853.440	       0.01588 	      0.00385
   174	   6868.440	       0.01014 	      0.00471
   175	   6883.440	       0.01867 	      0.00428
   176	   6898.440	       0.01586 	      0.00387
   177	   6913.440	       0.01563 	      0.00402
   178	   6928.440	       0.01410 	      0.00421
   179	   6943.440	       0.01575 	      0.00409
   180	   6958.440	       0.01676 	      0.00399
   181	   6973.440	       0.01165 	      0.00380
   182	   6988.440	       0.02326 	      0.00389
   183	   7003.440	       0.01930 	      0.00354
   184	   7018.440	       0.02100 	      0.00424
   185	   7033.440	       0.01236 	      0.00322
   186	   7048.440	       0.01394 	      0.00359
   187	   7063.440	       0.01919 	      0.00381
   188	   7078.440	       0.01080 	      0.00341
   189	   7093.440	       0.01148 	      0.00370
   190	   7108.440	       0.01502 	      0.00331
   191	   7123.440	       0.01223 	      0.00363
   192	   7138.440	       0.01914 	      0.00350
   193	   7153.440	       0.01811 	      0.00382
   194	   7168.440	       0.01530 	      0.00359
   195	   7183.440	       0.02220 	      0.00382
   196	   7198.440	       0.02459 	      0.00408
   197	   7213.440	       0.01899 	      0.00351
   198	   7228.440	       0.02721 	      0.00429
   199	   7243.440	       0.00924 	      0.00665
   200	   7258.440	       0.01821 	      0.00482
   201	   7273.440	       0.02434 	      0.00540
   202	   7288.440	       0.01862 	      0.00564
   203	   7303.440	       0.01647 	      0.00459
   204	   7318.440	       0.02728 	      0.00558
   205	   7333.440	       0.02864 	      0.00586
   206	   7348.440	       0.02812 	      0.00501
   207	   7363.440	       0.02555 	      0.00582
   208	   7378.440	       0.01934 	      0.00431
   209	   7393.440	       0.01805 	      0.00510
   210	   7408.440	       0.01920 	      0.00436
   211	   7423.440	       0.01530 	      0.00417
   212	   7438.440	       0.02468 	      0.00453
   213	   7453.440	       0.02064 	      0.00411
   214	   7468.440	       0.01990 	      0.00458
   215	   7483.440	       0.01474 	      0.00479
   216	   7498.440	       0.02369 	      0.00430
   217	   7513.440	       0.01713 	      0.00412
   218	   7528.440	       0.00458 	      0.00571
   219	   7543.440	       0.01629 	      0.00396
   220	   7558.440	       0.02904 	      0.00479
   221	   7573.440	       0.00830 	      0.00491
   222	   7588.440	       0.01239 	      0.00539
   223	   7603.440	       0.00380 	      0.00968
   224	   7618.440	       0.01920 	      0.00739
   225	   7633.440	       0.01138 	      0.00651
   226	   7648.440	      -0.00086 	      0.00541
   227	   7663.440	       0.00581 	      0.00478
   228	   7678.440	       0.01325 	      0.00446
   229	   7693.440	       0.01294 	      0.00431
   230	   7708.440	       0.01509 	      0.00581
   231	   7723.440	       0.02214 	      0.00688
   232	   7738.440	       0.01364 	      0.00482
   233	   7753.440	       0.01309 	      0.00795
   234	   7768.440	      -0.00377 	      0.00561
   235	   7783.440	       0.01240 	      0.00634
   236	   7798.440	       0.01166 	      0.00618
   237	   7813.440	       0.01307 	      0.00665
   238	   7828.440	       0.04486 	      0.00623
   239	   7843.440	       0.01965 	      0.00655
   240	   7858.440	       0.00938 	      0.00787
   241	   7873.440	       0.02182 	      0.00754
   242	   7888.440	       0.00612 	      0.00655
   243	   7903.440	       0.00752 	      0.00573
   244	   7918.440	      -0.00272 	      0.00832
   245	   7933.440	       0.01779 	      0.00597
   246	   7948.440	       0.02014 	      0.00623
   247	   7963.440	      -0.00029 	      0.00696
   248	   7978.440	       0.02317 	      0.00729
   249	   7993.440	       0.01867 	      0.00767
   250	   8008.440	       0.01489 	      0.00597
   251	   8023.440	      -0.00068 	      0.00716
   252	   8038.440	       0.00801 	      0.00547
   253	   8053.440	       0.01275 	      0.00576
   254	   8068.440	       0.04075 	      0.00651
   255	   8083.440	       0.00506 	      0.00483
   256	   8098.440	       0.01770 	      0.00606
   257	   8113.440	       0.00790 	      0.00486
   258	   8128.440	       0.01225 	      0.00536
   259	   8143.440	       0.02014 	      0.00553
   260	   8158.440	       0.01456 	      0.00561
   261	   8173.440	       0.01614 	      0.00509
   262	   8188.440	       0.01297 	      0.00578
   263	   8203.440	       0.01962 	      0.00514
   264	   8218.440	       0.01061 	      0.00556
   265	   8233.440	       0.01264 	      0.00535
   266	   8248.440	       0.01023 	      0.00511
   267	   8263.440	       0.00989 	      0.00556
   268	   8278.440	       0.00333 	      0.00811
   269	   8293.440	       0.01081 	      0.01105
   270	   8308.440	       0.02020 	      0.00755
   271	   8323.440	       0.01228 	      0.00609
   272	   8338.440	       0.03440 	      0.00792
   273	   8353.440	       0.00329 	      0.01068
   274	   8368.440	       0.01280 	      0.00662
   275	   8383.440	       0.00728 	      0.00798
   276	   8398.440	       0.01440 	      0.00942
   277	   8413.440	       0.02652 	      0.00871
   278	   8428.440	       0.00109 	      0.01007
   279	   8443.440	       0.01423 	      0.00795
   280	   8458.440	       0.00650 	      0.00888
   281	   8473.440	       0.00404 	      0.00812
   282	   8488.440	       0.01303 	      0.00646
   283	   8503.440	       0.00714 	      0.00940
   284	   8518.440	       0.01140 	      0.00610
   285	   8533.440	      -0.00073 	      0.00648
   286	   8548.440	       0.00575 	      0.00717
   287	   8563.440	       0.00899 	      0.00635
   288	   8578.440	       0.01606 	      0.00597
   289	   8593.440	       0.00488 	      0.00714
   290	   8608.440	       0.00258 	      0.00652
   291	   8623.440	       0.00099 	      0.01010
   292	   8638.440	       0.02033 	      0.00948
   293	   8653.440	       0.01557 	      0.01010
   294	   8668.440	      -0.00319 	      0.01111
   295	   8683.440	       0.00084 	      0.00811
   296	   8698.440	       0.01533 	      0.00788
   297	   8713.440	       0.02235 	      0.00683
   298	   8728.440	       0.01034 	      0.00744
   299	   8743.440	       0.01059 	      0.00703
   300	   8758.440	       0.02069 	      0.01306
   301	   8773.440	       0.01710 	      0.01527
   302	   8788.440	      -0.00236 	      0.01206
   303	   8803.440	       0.01654 	      0.00822
   304	   8818.440	       0.01192 	      0.01095
   305	   8833.440	       0.02666 	      0.01670
   306	   8848.440	       0.02681 	      0.01152
   307	   8863.440	      -0.00278 	      0.01053
   308	   8878.440	       0.01210 	      0.01307
   309	   8893.440	       0.02109 	      0.01378
   310	   8908.440	       0.01038 	      0.01408 