@TELESCOPE VLT
@REFERENCE Balland etal (2009)
@REDSHIFT 0.701
@SPECTRUM spectrum_05D4bj_921.dat
@SN-NAME 05D4bj
@UNITS 1.e-16 erg/s/cm2/A
@SURVEY SNLS
@PHASE -1.950
#
# XPIX :
# WAVE :
# SN_SPEC :
# SN_ERR :
#end
    0	   4257.560	      -0.00480 	      0.00911
     1	   4272.560	       0.00478 	      0.00758
     2	   4287.560	       0.00467 	      0.00622
     3	   4302.560	      -0.00032 	      0.00524
     4	   4317.560	      -0.00191 	      0.00482
     5	   4332.560	       0.00361 	      0.00430
     6	   4347.560	      -0.00100 	      0.00396
     7	   4362.560	       0.00139 	      0.00376
     8	   4377.560	      -0.00034 	      0.00348
     9	   4392.560	       0.00319 	      0.00362
    10	   4407.560	      -0.00175 	      0.00328
    11	   4422.560	      -0.00043 	      0.00324
    12	   4437.560	      -0.00107 	      0.00306
    13	   4452.560	       0.00041 	      0.00297
    14	   4467.560	       0.00359 	      0.00285
    15	   4482.560	       0.00057 	      0.00282
    16	   4497.560	       0.00291 	      0.00279
    17	   4512.560	      -0.00295 	      0.00276
    18	   4527.560	      -0.00081 	      0.00272
    19	   4542.560	       0.00096 	      0.00270
    20	   4557.560	       0.00173 	      0.00263
    21	   4572.560	      -0.00175 	      0.00258
    22	   4587.560	      -0.00292 	      0.00257
    23	   4602.560	       0.00007 	      0.00252
    24	   4617.560	       0.00232 	      0.00273
    25	   4632.560	      -0.00017 	      0.00248
    26	   4647.560	      -0.00049 	      0.00243
    27	   4662.560	       0.00510 	      0.00243
    28	   4677.560	       0.00398 	      0.00242
    29	   4692.560	       0.00275 	      0.00237
    30	   4707.560	       0.00153 	      0.00234
    31	   4722.560	       0.00476 	      0.00235
    32	   4737.560	      -0.00027 	      0.00230
    33	   4752.560	      -0.00640 	      0.00251
    34	   4767.560	       0.00502 	      0.00226
    35	   4782.560	       0.00358 	      0.00227
    36	   4797.560	       0.00297 	      0.00226
    37	   4812.560	       0.00134 	      0.00226
    38	   4827.560	       0.00292 	      0.00231
    39	   4842.560	       0.00105 	      0.00247
    40	   4857.560	       0.00147 	      0.00217
    41	   4872.560	       0.00395 	      0.00215
    42	   4887.560	       0.00320 	      0.00217
    43	   4902.560	       0.00444 	      0.00215
    44	   4917.560	       0.00257 	      0.00212
    45	   4932.560	       0.00109 	      0.00232
    46	   4947.560	       0.00564 	      0.00211
    47	   4962.560	       0.00562 	      0.00210
    48	   4977.560	       0.00488 	      0.00208
    49	   4992.560	       0.00396 	      0.00207
    50	   5007.560	       0.00630 	      0.00224
    51	   5022.560	       0.00221 	      0.00202
    52	   5037.560	       0.00088 	      0.00202
    53	   5052.560	       0.00162 	      0.00201
    54	   5067.560	       0.00415 	      0.00200
    55	   5082.560	       0.00696 	      0.00218
    56	   5097.560	       0.00234 	      0.00199
    57	   5112.560	       0.00178 	      0.00197
    58	   5127.560	       0.00488 	      0.00196
    59	   5142.560	       0.00099 	      0.00217
    60	   5157.560	       0.00548 	      0.00197
    61	   5172.560	       0.00633 	      0.00189
    62	   5187.560	       0.00333 	      0.00192
    63	   5202.560	       0.00470 	      0.00222
    64	   5217.560	       0.00596 	      0.00197
    65	   5232.560	       0.01101 	      0.00196
    66	   5247.560	       0.00751 	      0.00196
    67	   5262.560	       0.00337 	      0.00211
    68	   5277.560	       0.00503 	      0.00193
    69	   5292.560	       0.00665 	      0.00194
    70	   5307.560	       0.00420 	      0.00195
    71	   5322.560	       0.00505 	      0.00212
    72	   5337.560	       0.00888 	      0.00195
    73	   5352.560	       0.00749 	      0.00194
    74	   5367.560	       0.00473 	      0.00191
    75	   5382.560	       0.00459 	      0.00207
    76	   5397.560	       0.00593 	      0.00188
    77	   5412.560	       0.00621 	      0.00188
    78	   5427.560	       0.00759 	      0.00206
    79	   5442.560	       0.00529 	      0.00189
    80	   5457.560	       0.00546 	      0.00188
    81	   5472.560	       0.00251 	      0.00188
    82	   5487.560	       0.00340 	      0.00206
    83	   5502.560	       0.00455 	      0.00189
    84	   5517.560	       0.00011 	      0.00190
    85	   5532.560	       0.00170 	      0.00206
    86	   5547.560	       0.00311 	      0.00193
    87	   5562.560	       0.00429 	      0.00193
    88	   5577.560	      -0.00745 	      0.00460
    89	   5592.560	       0.00472 	      0.00195
    90	   5607.560	       0.00334 	      0.00193
    91	   5622.560	       0.00804 	      0.00209
    92	   5637.560	       0.00485 	      0.00189
    93	   5652.560	       0.00303 	      0.00189
    94	   5667.560	       0.00581 	      0.00206
    95	   5682.560	       0.00466 	      0.00191
    96	   5697.560	       0.00784 	      0.00194
    97	   5712.560	       0.00556 	      0.00192
    98	   5727.560	       0.00641 	      0.00212
    99	   5742.560	       0.00528 	      0.00191
   100	   5757.560	       0.00717 	      0.00208
   101	   5772.560	       0.00222 	      0.00191
   102	   5787.560	       0.00573 	      0.00190
   103	   5802.560	       0.00273 	      0.00209
   104	   5817.560	       0.00581 	      0.00192
   105	   5832.560	       0.00534 	      0.00192
   106	   5847.560	       0.00527 	      0.00208
   107	   5862.560	       0.00544 	      0.00200
   108	   5877.560	       0.00514 	      0.00205
   109	   5892.560	       0.00584 	      0.00346
   110	   5907.560	       0.00499 	      0.00213
   111	   5922.560	       0.00615 	      0.00207
   112	   5937.560	       0.00490 	      0.00224
   113	   5952.560	       0.00995 	      0.00205
   114	   5967.560	       0.00804 	      0.00197
   115	   5982.560	       0.01092 	      0.00216
   116	   5997.560	       0.01064 	      0.00194
   117	   6012.560	       0.00784 	      0.00208
   118	   6027.560	       0.01192 	      0.00188
   119	   6042.560	       0.01228 	      0.00188
   120	   6057.560	       0.00859 	      0.00203
   121	   6072.560	       0.00824 	      0.00184
   122	   6087.560	       0.01023 	      0.00183
   123	   6102.560	       0.00826 	      0.00202
   124	   6117.560	       0.00748 	      0.00181
   125	   6132.560	       0.00900 	      0.00201
   126	   6147.560	       0.00711 	      0.00187
   127	   6162.560	       0.00754 	      0.00182
   128	   6177.560	       0.00770 	      0.00204
   129	   6192.560	       0.00237 	      0.00180
   130	   6207.560	       0.00363 	      0.00202
   131	   6222.560	       0.00559 	      0.00185
   132	   6237.560	       0.00086 	      0.00209
   133	   6252.560	       0.00416 	      0.00213
   134	   6267.560	       0.00219 	      0.00200
   135	   6282.560	       0.00173 	      0.00218
   136	   6297.560	       0.00905 	      0.00269
   137	   6312.560	       0.00476 	      0.00208
   138	   6327.560	       0.00182 	      0.00222
   139	   6342.560	       0.02474 	      0.00186
   140	   6357.560	       0.00003 	      0.00233
   141	   6372.560	       0.00352 	      0.00204
   142	   6387.560	       0.00432 	      0.00202
   143	   6402.560	       0.00923 	      0.00193
   144	   6417.560	       0.00663 	      0.00179
   145	   6432.560	       0.00927 	      0.00193
   146	   6447.560	       0.00851 	      0.00176
   147	   6462.560	       0.00195 	      0.00192
   148	   6477.560	       0.00758 	      0.00203
   149	   6492.560	       0.00704 	      0.00184
   150	   6507.560	       0.00753 	      0.00208
   151	   6522.560	       0.00695 	      0.00179
   152	   6537.560	       0.00722 	      0.00193
   153	   6552.560	       0.01063 	      0.00218
   154	   6567.560	       0.00824 	      0.00193
   155	   6582.560	       0.00997 	      0.00205
   156	   6597.560	       0.00831 	      0.00179
   157	   6612.560	       0.01041 	      0.00193
   158	   6627.560	       0.01129 	      0.00174
   159	   6642.560	       0.01407 	      0.00175
   160	   6657.560	       0.01205 	      0.00190
   161	   6672.560	       0.01287 	      0.00173
   162	   6687.560	       0.01003 	      0.00190
   163	   6702.560	       0.01586 	      0.00174
   164	   6717.560	       0.01288 	      0.00190
   165	   6732.560	       0.01635 	      0.00174
   166	   6747.560	       0.01044 	      0.00172
   167	   6762.560	       0.01395 	      0.00187
   168	   6777.560	       0.01423 	      0.00172
   169	   6792.560	       0.01376 	      0.00188
   170	   6807.560	       0.01140 	      0.00172
   171	   6822.560	       0.01208 	      0.00203
   172	   6837.560	       0.01345 	      0.00220
   173	   6852.560	       0.00997 	      0.00183
   174	   6867.560	       0.01114 	      0.00275
   175	   6882.560	       0.01242 	      0.00212
   176	   6897.560	       0.01297 	      0.00230
   177	   6912.560	       0.01271 	      0.00206
   178	   6927.560	       0.01040 	      0.00225
   179	   6942.560	       0.00827 	      0.00204
   180	   6957.560	       0.01221 	      0.00211
   181	   6972.560	       0.00842 	      0.00194
   182	   6987.560	       0.01325 	      0.00185
   183	   7002.560	       0.01170 	      0.00202
   184	   7017.560	       0.01322 	      0.00181
   185	   7032.560	       0.01433 	      0.00190
   186	   7047.560	       0.01063 	      0.00189
   187	   7062.560	       0.01041 	      0.00199
   188	   7077.560	       0.01176 	      0.00183
   189	   7092.560	       0.01128 	      0.00200
   190	   7107.560	       0.01101 	      0.00177
   191	   7122.560	       0.00878 	      0.00178
   192	   7137.560	       0.01082 	      0.00201
   193	   7152.560	       0.00853 	      0.00187
   194	   7167.560	       0.00929 	      0.00216
   195	   7182.560	       0.01168 	      0.00222
   196	   7197.560	       0.00836 	      0.00229
   197	   7212.560	       0.01050 	      0.00191
   198	   7227.560	       0.00558 	      0.00213
   199	   7242.560	       0.00909 	      0.00322
   200	   7257.560	       0.01067 	      0.00259
   201	   7272.560	       0.00723 	      0.00259
   202	   7287.560	       0.00880 	      0.00269
   203	   7302.560	       0.00665 	      0.00269
   204	   7317.560	       0.00331 	      0.00274
   205	   7332.560	       0.00691 	      0.00286
   206	   7347.560	       0.01165 	      0.00253
   207	   7362.560	       0.00687 	      0.00285
   208	   7377.560	       0.00723 	      0.00230
   209	   7392.560	       0.00615 	      0.00251
   210	   7407.560	       0.00756 	      0.00233
   211	   7422.560	       0.00818 	      0.00224
   212	   7437.560	       0.00515 	      0.00231
   213	   7452.560	       0.00767 	      0.00200
   214	   7467.560	       0.00874 	      0.00254
   215	   7482.560	       0.00882 	      0.00247
   216	   7497.560	       0.00630 	      0.00228
   217	   7512.560	       0.00497 	      0.00211
   218	   7527.560	       0.00170 	      0.00302
   219	   7542.560	       0.00654 	      0.00210
   220	   7557.560	       0.00593 	      0.00236
   221	   7572.560	       0.00675 	      0.00245
   222	   7587.560	       0.00303 	      0.00268
   223	   7602.560	      -0.00065 	      0.00490
   224	   7617.560	       0.01141 	      0.00466
   225	   7632.560	       0.00470 	      0.00391
   226	   7647.560	       0.00761 	      0.00306
   227	   7662.560	       0.00932 	      0.00290
   228	   7677.560	       0.00844 	      0.00226
   229	   7692.560	       0.00835 	      0.00253
   230	   7707.560	       0.00540 	      0.00272
   231	   7722.560	       0.00290 	      0.00360
   232	   7737.560	       0.00437 	      0.00238
   233	   7752.560	       0.00952 	      0.00412
   234	   7767.560	       0.00512 	      0.00271
   235	   7782.560	       0.00730 	      0.00301
   236	   7797.560	       0.00231 	      0.00313
   237	   7812.560	       0.00509 	      0.00321
   238	   7827.560	       0.00719 	      0.00308
   239	   7842.560	       0.00967 	      0.00289
   240	   7857.560	       0.00801 	      0.00420
   241	   7872.560	      -0.00050 	      0.00330
   242	   7887.560	       0.00233 	      0.00368
   243	   7902.560	       0.00252 	      0.00273
   244	   7917.560	       0.00568 	      0.00464
   245	   7932.560	       0.00643 	      0.00308
   246	   7947.560	       0.00508 	      0.00307
   247	   7962.560	       0.00796 	      0.00328
   248	   7977.560	       0.00514 	      0.00346
   249	   7992.560	       0.01082 	      0.00356
   250	   8007.560	       0.00264 	      0.00297
   251	   8022.560	       0.00817 	      0.00345
   252	   8037.560	       0.00057 	      0.00299
   253	   8052.560	       0.00338 	      0.00283
   254	   8067.560	       0.00519 	      0.00287
   255	   8082.560	       0.00315 	      0.00287
   256	   8097.560	       0.00994 	      0.00283
   257	   8112.560	       0.00681 	      0.00293
   258	   8127.560	       0.00819 	      0.00274
   259	   8142.560	       0.00812 	      0.00335
   260	   8157.560	       0.00501 	      0.00307
   261	   8172.560	       0.00803 	      0.00342
   262	   8187.560	       0.00612 	      0.00306
   263	   8202.560	       0.00733 	      0.00320
   264	   8217.560	       0.00504 	      0.00298
   265	   8232.560	       0.00194 	      0.00361
   266	   8247.560	      -0.00006 	      0.00299
   267	   8262.560	       0.00828 	      0.00325 