1.016984 7.15721267559508e-17
1.017607 1.23808635378234e-16
1.01823 1.76045130765627e-16
1.018853 1.1617304364032e-16
1.019476 5.62829438299943e-17
1.020099 9.95509087880711e-17
1.020722 1.42850346314094e-16
1.021345 1.13014762182474e-16
1.021968 8.31451048270618e-17
1.022591 5.8468513827037e-17
1.023214 3.37950925831195e-17
1.023837 7.94895554721736e-17
1.02446 1.25238268174521e-16
1.025083 1.1525529667686e-16
1.025706 1.05221298061571e-16
1.026329 1.15672460403383e-16
1.026952 1.26145678689047e-16
1.027575 1.16743692383863e-16
1.028198 1.0731742667334e-16
1.028821 7.49919693409309e-17
1.029444 4.26348607695634e-17
1.030067 4.37384057334928e-17
1.03069 4.48930506069433e-17
1.031313 5.21666614913589e-17
1.031936 5.94506022072641e-17
1.032559 5.17507980927591e-17
1.033182 4.40235249644725e-17
1.033805 6.19507125953137e-17
1.034428 7.99286560285412e-17
1.035051 8.81652970518707e-17
1.035674 9.63810997412087e-17
1.036297 9.82339379912131e-17
1.03692 1.00072237714771e-16
1.037543 4.51461083173805e-17
1.038166 -9.91885838274381e-18
1.038789 1.6127082144887e-17
1.039412 4.23831761789431e-17
1.040035 4.47258873313137e-17
1.040658 4.70027846854272e-17
1.041281 5.58775856251739e-17
1.041904 6.47715109806829e-17
1.042527 7.14090464438248e-17
1.04315 7.80396732944907e-17
1.043773 5.64846700203388e-17
1.044396 3.48393419320187e-17
1.045019 2.69195954557195e-17
1.045642 1.90460486709927e-17
1.046265 3.11173765913873e-17
1.046888 4.3258743548608e-17
1.047511 4.29536892648658e-17
1.048134 4.2602918363029e-17
1.048757 2.44923960755827e-17
1.04938 6.31405242253263e-18
1.050003 3.00512268085902e-17
1.050626 5.39552443513803e-17
1.051249 4.23827295014123e-17
1.051872 3.06638301528021e-17
1.052495 2.80215141825647e-17
1.053118 2.54181187145092e-17
1.053741 4.2060337512031e-17
1.054364 5.87878849528213e-17
1.054987 3.8157222925973e-17
1.05561 1.73554834048364e-17
1.056233 2.03903346260384e-17
1.056856 2.35382051886947e-17
1.057479 3.77957317633975e-17
1.058102 5.21075544735083e-17
1.058725 6.96530875871625e-17
1.059348 8.7214945937386e-17
1.059971 9.5280426748366e-17
1.060594 1.03296561272723e-16
1.061217 5.64601457695379e-17
1.06184 9.32985036550502e-18
1.062463 5.04208637213413e-17
1.063086 9.1997413071592e-17
1.063709 9.16181606869038e-17
1.064332 9.10011898290577e-17
1.064955 8.37088515755739e-17
1.065578 7.63777152426389e-17
1.066201 1.33585711695264e-16
1.066824 1.91179293427346e-16
1.067447 2.09597191067333e-16
1.06807 2.27775312208799e-16
1.068693 3.14658075647073e-16
1.069316 4.01972534720872e-16
1.069939 3.71120841924792e-16
1.070562 3.39509413514584e-16
1.071185 3.11767258077213e-16
1.071808 2.84050593037598e-16
1.072431 2.8700578511145e-16
1.073054 2.90167653224432e-16
1.073677 2.6659170874747e-16
1.0743 2.42831216967125e-16
1.074923 2.39222406625569e-16
1.075546 2.35755606651575e-16
1.076169 2.39046012014303e-16
1.076792 2.42385042362159e-16
1.077415 2.20081619304659e-16
1.078038 1.97589546127938e-16
1.078661 1.96357430827038e-16
1.079284 1.95284835652908e-16
1.079907 1.98068688843398e-16
1.08053 2.00882122012593e-16
1.081153 1.81648465469951e-16
1.081776 1.62242543601661e-16
1.082399 1.80430590910477e-16
1.083022 1.98918501117511e-16
1.083645 2.20871437823305e-16
1.084268 2.42852525139705e-16
1.084891 2.09599043951905e-16
1.085514 1.75887847335234e-16
1.086137 1.71707210344942e-16
1.08676 1.67775601041142e-16
1.087383 1.45735883162924e-16
1.088006 1.23540509745758e-16
1.088629 1.1512903582816e-16
1.089252 1.06838085434533e-16
1.089875 1.03256466174072e-16
1.090498 9.97168015142798e-17
1.091121 1.06153160035004e-16
1.091744 1.12679840061174e-16
1.092367 1.15167615531929e-16
1.09299 1.17618942116173e-16
1.093613 1.14536562751335e-16
1.094236 1.11403440819e-16
1.094859 1.10196597540175e-16
1.095482 1.09007733859145e-16
1.096105 1.01086030273516e-16
1.096728 9.31005080492683e-17
1.097351 1.26288046398635e-16
1.097974 1.59872611589692e-16
1.098597 1.38080267036742e-16
1.09922 1.15745794927769e-16
1.099843 1.01570559589125e-16
1.100466 8.74764078028467e-17
1.101089 7.74730810446714e-17
1.101712 6.75110802298993e-17
1.102335 8.0553031807231e-17
1.102958 9.38307430940301e-17
1.103581 9.61768125996877e-17
1.104204 9.8409062053058e-17
1.104827 9.98718019261824e-17
1.10545 1.01326422194414e-16
1.106073 7.49192634738099e-17
1.106696 4.8213330424674e-17
1.107319 4.58269242836259e-17
1.107942 4.37049049186844e-17
1.108565 5.67750302676796e-17
1.109188 7.00128052745047e-17
1.109811 5.88628076639839e-17
1.110434 4.74400753706146e-17
1.111057 6.97388364381822e-17
1.11168 9.24202347135046e-17
1.112303 8.46948243959575e-17
1.112926 7.66198806387699e-17
1.113549 8.21970234961781e-17
1.114172 8.79333357557761e-17
1.114795 8.35274607934084e-17
1.115418 7.90018365481225e-17
1.116041 6.64441826758284e-17
1.116664 5.37903674029638e-17
1.117287 6.43222394115033e-17
1.11791 7.51351046741271e-17
1.118533 8.04680042577054e-17
1.119156 8.57335911917567e-17
1.119779 8.2058136562608e-17
1.120402 7.82715220940219e-17
1.121025 7.90072694703858e-17
1.121648 7.97999136380035e-17
1.122271 7.3460937436434e-17
1.122894 6.70310706291572e-17
1.123517 8.07526139454278e-17
1.12414 9.47339647659339e-17
1.124763 1.09475474717041e-16
1.125386 1.242269108355e-16
1.126009 1.24232800361461e-16
1.126632 1.24043964953783e-16
1.127255 1.04945066059093e-16
1.127878 8.55933212122024e-17
1.128501 8.73094165807845e-17
1.129124 8.93061644050385e-17
1.129747 1.01707719369577e-16
1.13037 1.14249590635783e-16
1.130993 1.04539575505374e-16
1.131616 9.45261637611707e-17
1.132239 5.65327656098751e-17
1.132862 1.81532577466132e-17
1.133485 6.57238258219417e-18
1.134108 -4.63470827497595e-18
1.134731 1.13940977821046e-17
1.135354 2.78072810213584e-17
1.135977 2.68704245313869e-17
1.1366 2.56861301960601e-17
1.137223 1.49898709300267e-17
1.137846 4.15638529550287e-18
1.138469 5.11300916872667e-17
1.139092 9.8946358874303e-17
1.139715 9.15718848947152e-17
1.140338 8.33838688565141e-17
1.140961 7.88169385201598e-17
1.141584 7.43039205074093e-17
1.142207 7.35082058453578e-17
1.14283 7.27684549148291e-17
1.143453 6.47926868043642e-17
1.144076 5.67068970549849e-17
1.144699 7.69496676228275e-17
1.145322 9.76273499044158e-17
1.145945 8.78189267508927e-17
1.146568 7.75374158439934e-17
1.147191 6.59921119274559e-17
1.147814 5.44270019983315e-17
1.148437 5.27325357484064e-17
1.14906 5.11943470772498e-17
1.149683 4.37226462884625e-17
1.150306 3.61561142055296e-17
1.150929 2.79258193118597e-17
1.151552 1.96846751172755e-17
1.152175 2.03997330521582e-17
1.152798 2.12625304075265e-17
1.153421 -4.84364417153949e-18
1.154044 -3.13991606301372e-17
1.154667 -5.23945133541703e-18
1.15529 2.18064463280332e-17
1.155913 5.3048829762312e-17
1.156536 8.43624499909439e-17
1.157159 3.99392280457633e-17
1.157782 -5.78108506461369e-18
1.158405 2.31931910503309e-18
1.159028 1.1350409410872e-17
1.159651 2.28620925714122e-17
1.160274 3.44170430682532e-17
1.160897 3.42067373605953e-17
1.16152 3.37892692316071e-17
1.162143 4.53574430377204e-17
1.162766 5.7138453724166e-17
1.163389 5.19316958752796e-17
1.164012 4.64207340843206e-17
1.164635 5.19231891498601e-17
1.165258 5.76246969580043e-17
1.165881 5.84098038558804e-17
1.166504 5.91053171672497e-17
1.167127 4.09127964656811e-17
1.16775 2.23729293900116e-17
1.168373 4.32846541541156e-17
1.168996 6.49277951768962e-17
1.169619 9.03054449071169e-17
1.170242 1.15752955003151e-16
1.170865 1.00772614848142e-16
1.171488 8.50299582754946e-17
1.172111 6.4107337888362e-17
1.172734 4.30861771292172e-17
1.173357 4.42184484214594e-17
1.17398 4.57754670320802e-17
1.174603 5.53415196486804e-17
1.175226 6.50624667980647e-17
1.175849 4.51341439770005e-17
1.176472 2.46279610518128e-17
1.177095 4.08529019718873e-17
1.177718 5.77998541070736e-17
1.178341 6.00385688041117e-17
1.178964 6.19859571068534e-17
1.179587 4.59485628470631e-17
1.18021 2.95519438995756e-17
1.180833 3.74644856327394e-17
1.181456 4.58662252888895e-17
1.182079 5.3655047272195e-17
1.182702 6.14314350765326e-17
1.183325 5.88406524584573e-17
1.183948 5.60379461674459e-17
1.184571 4.31682632244845e-17
1.185194 3.009127889385e-17
1.185817 9.82701817369328e-18
1.18644 -1.05864435950915e-17
1.187063 2.5498047522739e-17
1.187686 6.27638973119024e-17
1.188309 5.61284397264592e-17
1.188932 4.85676615118673e-17
1.189555 4.60907353420262e-17
1.190178 4.37217264636213e-17
1.190801 5.39448781239438e-17
1.191424 6.44374425097748e-17
1.192047 5.29920189978419e-17
1.19267 4.10739246315615e-17
1.193293 5.19635125503608e-17
1.193916 6.3348336810618e-17
1.194539 7.49702839739922e-17
1.195162 8.65974125967234e-17
1.195785 8.86791085611641e-17
1.196408 9.05505021266694e-17
1.197031 6.74363692769735e-17
1.197654 4.37679923296426e-17
1.198277 4.33383613369275e-17
1.1989 4.34281302857242e-17
1.199523 7.98844382617166e-17
1.200146 1.17159042930483e-16
1.200769 9.08621506942549e-17
1.201392 6.31241311599468e-17
1.202015 5.46934335649124e-17
1.202638 4.67033386862381e-17
1.203261 9.9849699660215e-17
1.203884 1.54401493434479e-16
1.204507 1.22688606359057e-16
1.20513 8.8979567029423e-17
1.205753 6.33771690180492e-17
1.206376 3.79635766358519e-17
1.206999 2.42691698067567e-17
1.207622 1.08496822445079e-17
1.208245 2.14270831011429e-17
1.208868 3.25710571824431e-17
1.209491 3.29279558382577e-17
1.210114 3.30283524035645e-17
1.210737 2.39034203183878e-17
1.21136 1.45577253082494e-17
1.211983 1.77688917313782e-17
1.212606 2.12826590205524e-17
1.213229 4.89779596393058e-17
1.213852 7.72596552117429e-17
1.214475 9.78781775359214e-17
1.215098 1.18309578370651e-16
1.215721 1.09254114567677e-16
1.216344 9.94741662795608e-17
1.216967 9.32765850231787e-17
1.21759 8.7167631206348e-17
1.218213 4.56197221576263e-17
1.218836 3.18973169191575e-18
1.219459 1.10511917135319e-17
1.220082 2.0172896967139e-17
1.220705 2.73034238035564e-17
1.221328 3.43837540116816e-17
1.221951 3.81193876847548e-17
1.222574 4.17701327746453e-17
1.223197 7.12208595457465e-17
1.22382 1.01330286782236e-16
1.224443 9.13776165647734e-17
1.225066 8.03953447126988e-17
1.225689 7.0082632553094e-17
1.226312 5.97872382467936e-17
1.226935 7.6252308044331e-17
1.227558 9.34132617301521e-17
1.228181 6.73675213802295e-17
1.228804 4.01909324887183e-17
1.229427 3.96834406393048e-17
1.23005 3.98780199891568e-17
1.230673 5.83967807243164e-17
1.231296 7.74010236871507e-17
1.231919 9.77915750345096e-17
1.232542 1.18219064959303e-16
1.233165 7.29576079598629e-17
1.233788 2.59346433762118e-17
1.234411 9.32383428090992e-18
1.235034 -6.46681200215586e-18
1.235657 8.26494631671037e-18
1.23628 2.38250069050403e-17
1.236903 4.89916412066374e-17
1.237526 7.44204404772159e-17
1.238149 7.83839524828801e-17
1.238772 8.17580420538186e-17
1.239395 6.47130590898774e-17
1.240018 4.71042698204201e-17
1.240641 6.93461837275706e-17
1.241264 9.2695209401452e-17
1.241887 8.11867911227895e-17
1.24251 6.8704655531699e-17
1.243133 6.79454096084937e-17
1.243756 6.75156131796561e-17
1.244379 6.69462151331991e-17
1.245002 6.63728730895814e-17
1.245625 6.73741255902401e-17
1.246248 6.84201451056502e-17
1.246871 5.89453602891167e-17
1.247494 4.91699052460875e-17
1.248117 5.42750687721402e-17
1.24874 5.98077854132094e-17
1.249363 6.75846132776328e-17
1.249986 7.54263053369702e-17
1.250609 6.44041832317052e-17
1.251232 5.28339712525626e-17
1.251855 6.0570062126179e-17
1.252478 6.88664322071797e-17
1.253101 6.87562583670325e-17
1.253724 6.84008354014307e-17
1.254347 7.32098451071323e-17
1.25497 7.81703943010536e-17
1.255593 8.17524635477676e-17
1.256216 8.52938752130133e-17
1.256839 1.19970980557131e-16
1.257462 1.55571801800009e-16
1.258085 1.10499795630623e-16
1.258708 6.30221232468067e-17
1.259331 4.60342190538541e-17
1.259954 2.99607200146871e-17
1.260577 3.65833265221336e-17
1.2612 4.3890080879333e-17
1.261823 5.93226208228899e-17
1.262446 7.50014786092528e-17
1.263069 8.85082858385046e-17
1.263692 1.01948918618752e-16
1.264315 9.82820865203086e-17
1.264938 9.40911130810822e-17
1.265561 8.91246677437546e-17
1.266184 8.41343466652263e-17
1.266807 9.56499978111649e-17
1.26743 1.07676707609318e-16
1.268053 9.24113143977789e-17
1.268676 7.62967044821679e-17
1.269299 9.55341197335136e-17
1.269922 1.15877574725516e-16
1.270545 9.28995560999771e-17
1.271168 6.85595217301429e-17
1.271791 7.85305553572041e-17
1.272414 8.95855926334038e-17
1.273037 8.21481933702578e-17
1.27366 7.41233899930808e-17
1.274283 5.19367549119059e-17
1.274906 2.92981020219178e-17
1.275529 4.7760498670138e-17
1.276152 6.75417917916822e-17
1.276775 8.07470288219318e-17
1.277398 9.37402296826821e-17
1.278021 8.67055019417269e-17
1.278644 7.90215896211503e-17
1.279267 6.37132955143213e-17
1.27989 4.81582468133229e-17
1.280513 8.55727343411172e-17
1.281136 1.24710526943713e-16
1.281759 1.06557267542738e-16
1.282382 8.65312778523885e-17
1.283005 7.98121029715101e-17
1.283628 7.35301823798721e-17
1.284251 9.74911298011405e-17
1.284874 1.2245049745665e-16
1.285497 1.15054483693912e-16
1.28612 1.06584756408854e-16
1.286743 8.8357269128432e-17
1.287366 6.98044748741495e-17
1.287989 8.9852202870997e-17
1.288612 1.1119344282253e-16
1.289235 1.08985638210622e-16
1.289858 1.05985070317088e-16
1.290481 6.64363343861765e-17
1.291104 2.56509452415245e-17
1.291727 4.91897046412296e-17
1.29235 7.49148761078409e-17
1.292973 5.34254153167054e-17
1.293596 3.03229986532057e-17
1.294219 3.57700590874837e-17
1.294842 4.21968421654369e-17
1.295465 4.50257700818662e-17
1.296088 4.77306738459718e-17
1.296711 6.3908834393684e-17
1.297334 8.05537531087251e-17
1.297957 7.31265248583911e-17
1.29858 6.48616339627818e-17
1.299203 7.7696069085481e-17
1.299826 9.12683426971327e-17
1.300449 6.21682677138601e-17
1.301072 3.15693480780863e-17
1.301695 6.01192950144519e-17
1.302318 9.07569862598973e-17
1.302941 8.06441804932894e-17
1.303564 6.9086713713025e-17
1.304187 6.81370574302549e-17
1.30481 6.75652969559685e-17
1.305433 6.35971064167597e-17
1.306056 5.95073997368444e-17
1.306679 7.74758802238643e-17
1.307302 9.62419348749527e-17
1.307925 8.42768202539324e-17
1.308548 7.11957794295739e-17
1.309171 7.66782134155672e-17
1.309794 8.28379428871189e-17
1.310417 7.86516281291023e-17
1.31104 7.408622642252e-17
1.311663 6.78397687181034e-17
1.312286 6.15314180515331e-17
1.312909 6.58496714259743e-17
1.313532 7.05607694169292e-17
1.314155 7.43608636207774e-17
1.314778 7.81271294462947e-17
1.315401 9.24786204298611e-17
1.316024 1.07224888323852e-16
1.316647 8.88352802608141e-17
1.31727 6.92046829032649e-17
1.317893 6.41599002532061e-17
1.318516 5.96638956912945e-17
1.319139 6.55861846223741e-17
1.319762 7.19020791761309e-17
1.320385 6.04850279592086e-17
1.321008 4.83949627435784e-17
1.321631 8.00695877525856e-17
1.322254 1.13412007399847e-16
1.322877 1.09399016758662e-16
1.3235 1.03956009509385e-16
1.324123 9.50913001731119e-17
1.324746 8.60950625019975e-17
1.325369 5.54285622101781e-17
1.325992 2.39253654200389e-17
1.326615 5.45994393775468e-17
1.327238 8.76838845528097e-17
1.327861 9.45851053428988e-17
1.328484 1.00466769779735e-16
1.329107 9.82274859824352e-17
1.32973 9.56707170311481e-17
1.330353 8.28543342981372e-17
1.330976 6.96350682846987e-17
