3680.82470703125  2.053027E-15
3684.27708554268  1.879268E-15
3687.72946405411  1.922313E-15
3691.18184256554  1.790402E-15
3694.63422107697  1.585944E-15
3698.0865995884  1.442810E-15
3701.53897809983  1.668206E-15
3704.99135661126  1.802702E-15
3708.44373512268  1.769295E-15
3711.89611363411  1.865436E-15
3715.34849214554  1.820110E-15
3718.80087065697  1.692286E-15
3722.2532491684  1.478585E-15
3725.70562767983  1.295362E-15
3729.15800619126  1.158054E-15
3732.61038470269  1.077434E-15
3736.06276321412  9.769570E-16
3739.51514172554  8.697809E-16
3742.96752023697  7.214018E-16
3746.4198987484  5.223776E-16
3749.87227725983  2.942548E-16
3753.32465577126  1.900510E-16
3756.77703428269  8.004895E-17
3760.22941279412  4.900934E-17
3763.68179130555  3.768409E-17
3767.13416981697  1.891841E-16
3770.5865483284  3.412601E-16
3774.03892683983  4.469368E-16
3777.49130535126  4.646067E-16
3780.94368386269  4.902010E-16
3784.39606237412  4.899367E-16
3787.84844088555  5.445672E-16
3791.30081939698  5.826944E-16
3794.75319790841  6.296189E-16
3798.20557641983  6.581089E-16
3801.65795493126  6.833929E-16
3805.11033344269  7.095293E-16
3808.56271195412  7.184666E-16
3812.01509046555  6.294608E-16
3815.46746897698  5.422014E-16
3818.91984748841  4.828904E-16
3822.37222599984  4.870527E-16
3825.82460451126  4.995190E-16
3829.27698302269  5.125454E-16
3832.72936153412  4.756607E-16
3836.18174004555  4.782538E-16
3839.63411855698  4.576230E-16
3843.08649706841  4.731541E-16
3846.53887557984  4.683384E-16
3849.99125409127  4.606837E-16
3853.4436326027  5.139688E-16
3856.89601111412  6.029267E-16
3860.34838962555  6.854227E-16
3863.80076813698  7.220458E-16
3867.25314664841  7.586945E-16
3870.70552515984  8.157185E-16
3874.15790367127  8.865517E-16
3877.6102821827  9.291808E-16
3881.06266069413  9.417926E-16
3884.51503920556  9.749558E-16
3887.96741771698  9.998531E-16
3891.41979622841  1.040752E-15
3894.87217473984  1.063931E-15
3898.32455325127  1.077170E-15
3901.7769317627  1.086404E-15
3905.22931027413  1.088783E-15
3908.68168878556  1.116245E-15
3912.13406729699  1.156037E-15
3915.58644580841  1.195496E-15
3919.03882431984  1.242884E-15
3922.49120283127  1.281360E-15
3925.9435813427  1.326851E-15
3929.39595985413  1.350827E-15
3932.84833836556  1.376183E-15
3936.30071687699  1.383317E-15
3939.75309538842  1.393026E-15
3943.20547389985  1.385445E-15
3946.65785241127  1.376474E-15
3950.1102309227  1.401687E-15
3953.56260943413  1.441638E-15
3957.01498794556  1.456701E-15
3960.46736645699  1.464845E-15
3963.91974496842  1.478592E-15
3967.37212347985  1.507069E-15
3970.82450199128  1.522651E-15
3974.2768805027  1.519494E-15
3977.72925901413  1.525519E-15
3981.18163752556  1.534874E-15
3984.63401603699  1.542183E-15
3988.08639454842  1.565844E-15
3991.53877305985  1.583524E-15
3994.99115157128  1.581540E-15
3998.44353008271  1.548318E-15
4001.89590859414  1.496279E-15
4005.34828710556  1.434422E-15
4008.80066561699  1.366253E-15
4012.25304412842  1.303301E-15
4015.70542263985  1.254723E-15
4019.15780115128  1.201275E-15
4022.61017966271  1.141208E-15
4026.06255817414  1.085706E-15
4029.51493668557  1.059357E-15
4032.96731519699  1.025213E-15
4036.41969370842  1.003907E-15
4039.87207221985  9.841096E-16
4043.32445073128  9.827766E-16
4046.77682924271  1.000921E-15
4050.22920775414  1.015493E-15
4053.68158626557  1.024453E-15
4057.133964777  1.028951E-15
4060.58634328843  1.038100E-15
4064.03872179985  1.078439E-15
4067.49110031128  1.111144E-15
4070.94347882271  1.130007E-15
4074.39585733414  1.150619E-15
4077.84823584557  1.178495E-15
4081.300614357  1.195254E-15
4084.75299286843  1.204232E-15
4088.20537137986  1.202005E-15
4091.65774989129  1.200051E-15
4095.11012840271  1.208613E-15
4098.56250691414  1.225047E-15
4102.01488542557  1.240558E-15
4105.467263937  1.241568E-15
4108.91964244843  1.230496E-15
4112.37202095986  1.228991E-15
4115.82439947129  1.251044E-15
4119.27677798272  1.257475E-15
4122.72915649415  1.258303E-15
4126.18153500557  1.272418E-15
4129.633913517  1.288418E-15
4133.08629202843  1.305274E-15
4136.53867053986  1.315071E-15
4139.99104905129  1.317747E-15
4143.44342756272  1.325674E-15
4146.89580607415  1.337698E-15
4150.34818458558  1.350894E-15
4153.800563097  1.360547E-15
4157.25294160843  1.364350E-15
4160.70532011986  1.352619E-15
4164.15769863129  1.338412E-15
4167.61007714272  1.328416E-15
4171.06245565415  1.317729E-15
4174.51483416558  1.319862E-15
4177.96721267701  1.313780E-15
4181.41959118844  1.302640E-15
4184.87196969986  1.286738E-15
4188.32434821129  1.260789E-15
4191.77672672272  1.234180E-15
4195.22910523415  1.224014E-15
4198.68148374558  1.222191E-15
4202.13386225701  1.218219E-15
4205.58624076844  1.217427E-15
4209.03861927987  1.211688E-15
4212.4909977913  1.205300E-15
4215.94337630272  1.191039E-15
4219.39575481415  1.161756E-15
4222.84813332558  1.149110E-15
4226.30051183701  1.142797E-15
4229.75289034844  1.140571E-15
4233.20526885987  1.140884E-15
4236.6576473713  1.144782E-15
4240.11002588273  1.139600E-15
4243.56240439415  1.124759E-15
4247.01478290558  1.099995E-15
4250.46716141701  1.073239E-15
4253.91953992844  1.060765E-15
4257.37191843987  1.046322E-15
4260.8242969513  1.030006E-15
4264.27667546273  1.019094E-15
4267.72905397416  1.000403E-15
4271.18143248559  9.803481E-16
4274.63381099701  9.572577E-16
4278.08618950844  9.346499E-16
4281.53856801987  9.129582E-16
4284.9909465313  8.935425E-16
4288.44332504273  8.845616E-16
4291.89570355416  8.785311E-16
4295.34808206559  8.618461E-16
4298.80046057702  8.309980E-16
4302.25283908844  7.969761E-16
4305.70521759987  7.724522E-16
4309.1575961113  7.505847E-16
4312.60997462273  7.292289E-16
4316.06235313416  7.119620E-16
4319.51473164559  7.053406E-16
4322.96711015702  6.963138E-16
4326.41948866845  6.845801E-16
4329.87186717988  6.556318E-16
4333.3242456913  6.491276E-16
4336.77662420273  6.569319E-16
4340.22900271416  6.796949E-16
4343.68138122559  6.960818E-16
4347.13375973702  6.934706E-16
4350.58613824845  6.884972E-16
4354.03851675988  6.855405E-16
4357.49089527131  6.835723E-16
4360.94327378273  6.785850E-16
4364.39565229416  6.709324E-16
4367.84803080559  6.571525E-16
4371.30040931702  6.548450E-16
4374.75278782845  6.747867E-16
4378.20516633988  6.693774E-16
4381.65754485131  6.588290E-16
4385.10992336274  6.579210E-16
4388.56230187416  6.637982E-16
4392.01468038559  6.949490E-16
4395.46705889702  7.261370E-16
4398.91943740845  7.423520E-16
4402.37181591988  7.542924E-16
4405.82419443131  7.732078E-16
4409.27657294274  7.921339E-16
4412.72895145417  8.153646E-16
4416.1813299656  8.308884E-16
4419.63370847703  8.369327E-16
4423.08608698845  8.490467E-16
4426.53846549988  8.604942E-16
4429.99084401131  8.563876E-16
4433.44322252274  8.548988E-16
4436.89560103417  8.477435E-16
4440.3479795456  8.346944E-16
4443.80035805703  8.279875E-16
4447.25273656846  8.235963E-16
4450.70511507988  8.169920E-16
4454.15749359131  8.118255E-16
4457.60987210274  8.135586E-16
4461.06225061417  8.053806E-16
4464.5146291256  7.969632E-16
4467.96700763703  7.838739E-16
4471.41938614846  7.732317E-16
4474.87176465989  7.658257E-16
4478.32414317132  7.583897E-16
4481.77652168274  7.526740E-16
4485.22890019417  7.532380E-16
4488.6812787056  7.541131E-16
4492.13365721703  7.556170E-16
4495.58603572846  7.605295E-16
4499.03841423989  7.603815E-16
4502.49079275132  7.537240E-16
4505.94317126275  7.574661E-16
4509.39554977417  7.669791E-16
4512.8479282856  7.787478E-16
4516.30030679703  7.877715E-16
4519.75268530846  7.988015E-16
4523.20506381989  8.047647E-16
4526.65744233132  8.147523E-16
4530.10982084275  8.205895E-16
4533.56219935418  8.330577E-16
4537.01457786561  8.436972E-16
4540.46695637703  8.494496E-16
4543.91933488846  8.598354E-16
4547.37171339989  8.762312E-16
4550.82409191132  8.882419E-16
4554.27647042275  8.919917E-16
4557.72884893418  8.989716E-16
4561.18122744561  9.047382E-16
4564.63360595704  9.057261E-16
4568.08598446847  9.122623E-16
4571.53836297989  9.154457E-16
4574.99074149132  9.192365E-16
4578.44312000275  9.145480E-16
4581.89549851418  9.120643E-16
4585.34787702561  9.100416E-16
4588.80025553704  9.129164E-16
4592.25263404847  9.098523E-16
4595.7050125599  9.084362E-16
4599.15739107132  9.137287E-16
4602.60976958275  9.154165E-16
4606.06214809418  9.160474E-16
4609.51452660561  9.171694E-16
4612.96690511704  9.208233E-16
4616.41928362847  9.234580E-16
4619.8716621399  9.228415E-16
4623.32404065133  9.262118E-16
4626.77641916276  9.354803E-16
4630.22879767418  9.479435E-16
4633.68117618561  9.527884E-16
4637.13355469704  9.541198E-16
4640.58593320847  9.464016E-16
4644.0383117199  9.360951E-16
4647.49069023133  9.269625E-16
4650.94306874276  9.174863E-16
4654.39544725419  9.092635E-16
4657.84782576561  8.994323E-16
4661.30020427704  8.863295E-16
4664.75258278847  8.771771E-16
4668.2049612999  8.628801E-16
4671.65733981133  8.428400E-16
4675.10971832276  8.217395E-16
4678.56209683419  8.053479E-16
4682.01447534562  7.949398E-16
4685.46685385705  7.875579E-16
4688.91923236847  7.785231E-16
4692.3716108799  7.691885E-16
4695.82398939133  7.626522E-16
4699.27636790276  7.559347E-16
4702.72874641419  7.501839E-16
4706.18112492562  7.435924E-16
4709.63350343705  7.341179E-16
4713.08588194848  7.275911E-16
4716.5382604599  7.203963E-16
4719.99063897133  7.127774E-16
4723.44301748276  7.013251E-16
4726.89539599419  6.891201E-16
4730.34777450562  6.735197E-16
4733.80015301705  6.584377E-16
4737.25253152848  6.464630E-16
4740.70491003991  6.342602E-16
4744.15728855133  6.257110E-16
4747.60966706276  6.200470E-16
4751.06204557419  6.114489E-16
4754.51442408562  6.046303E-16
4757.96680259705  5.995859E-16
4761.41918110848  5.943741E-16
4764.87155961991  5.927276E-16
4768.32393813134  5.935319E-16
4771.77631664277  5.895096E-16
4775.2286951542  5.890680E-16
4778.68107366562  5.860361E-16
4782.13345217705  5.816381E-16
4785.58583068848  5.813724E-16
4789.03820919991  5.812504E-16
4792.49058771134  5.765793E-16
4795.94296622277  5.727393E-16
4799.3953447342  5.667890E-16
4802.84772324563  5.616448E-16
4806.30010175705  5.546031E-16
4809.75248026848  5.479773E-16
4813.20485877991  5.403324E-16
4816.65723729134  5.387853E-16
4820.10961580277  5.407863E-16
4823.5619943142  5.461181E-16
4827.01437282563  5.467229E-16
4830.46675133706  5.422762E-16
4833.91912984848  5.340920E-16
4837.37150835991  5.268019E-16
4840.82388687134  5.222756E-16
4844.27626538277  5.177888E-16
4847.7286438942  5.145288E-16
4851.18102240563  5.149048E-16
4854.63340091706  5.162775E-16
4858.08577942849  5.174911E-16
4861.53815793992  5.154771E-16
4864.99053645134  5.073712E-16
4868.44291496277  4.961346E-16
4871.8952934742  4.865111E-16
4875.34767198563  4.780814E-16
4878.80005049706  4.710633E-16
4882.25242900849  4.632296E-16
4885.70480751992  4.570656E-16
4889.15718603135  4.530921E-16
4892.60956454278  4.497225E-16
4896.0619430542  4.495859E-16
4899.51432156563  4.430557E-16
4902.96670007706  4.347384E-16
4906.41907858849  4.250895E-16
4909.87145709992  4.206072E-16
4913.32383561135  4.215837E-16
4916.77621412278  4.241102E-16
4920.2285926342  4.272509E-16
4923.68097114563  4.283592E-16
4927.13334965706  4.261475E-16
4930.58572816849  4.234640E-16
4934.03810667992  4.216403E-16
4937.49048519135  4.154485E-16
4940.94286370278  4.052456E-16
4944.39524221421  3.970269E-16
4947.84762072564  3.893620E-16
4951.29999923707  3.848029E-16
4954.75237774849  3.852693E-16
4958.20475625992  3.890253E-16
4961.65713477135  3.908185E-16
4965.10951328278  3.915701E-16
4968.56189179421  3.932021E-16
4972.01427030564  3.992835E-16
4975.46664881707  4.079449E-16
4978.9190273285  4.134410E-16
4982.37140583993  4.218402E-16
4985.82378435135  4.275216E-16
4989.27616286278  4.354407E-16
4992.72854137421  4.453253E-16
4996.18091988564  4.548692E-16
4999.63329839707  4.580630E-16
5003.0856769085  4.570917E-16
5006.53805541993  4.615333E-16
5009.99043393136  4.662832E-16
5013.44281244278  4.722607E-16
5016.89519095421  4.761035E-16
5020.34756946564  4.753746E-16
5023.79994797707  4.756923E-16
5027.2523264885  4.699176E-16
5030.70470499993  4.687082E-16
5034.15708351136  4.642223E-16
5037.60946202279  4.609817E-16
5041.06184053422  4.577812E-16
5044.51421904564  4.570381E-16
5047.96659755707  4.549423E-16
5051.4189760685  4.463091E-16
5054.87135457993  4.366012E-16
5058.32373309136  4.290018E-16
5061.77611160279  4.283738E-16
5065.22849011422  4.356044E-16
5068.68086862565  4.420996E-16
5072.13324713707  4.482998E-16
5075.5856256485  4.532097E-16
5079.03800415993  4.577886E-16
5082.49038267136  4.593769E-16
5085.94276118279  4.624694E-16
5089.39513969422  4.683329E-16
5092.84751820565  4.766099E-16
5096.29989671708  4.886974E-16
5099.75227522851  5.042406E-16
5103.20465373994  5.176208E-16
5106.65703225136  5.221124E-16
5110.10941076279  5.215972E-16
5113.56178927422  5.222685E-16
5117.01416778565  5.305893E-16
5120.46654629708  5.383790E-16
5123.91892480851  5.463698E-16
5127.37130331993  5.559025E-16
5130.82368183137  5.652042E-16
5134.27606034279  5.725250E-16
5137.72843885422  5.773183E-16
5141.18081736565  5.833938E-16
5144.63319587708  5.842689E-16
5148.08557438851  5.865532E-16
5151.53795289994  5.907173E-16
5154.99033141137  5.936318E-16
5158.4427099228  5.953383E-16
5161.89508843422  5.921552E-16
5165.34746694565  5.902760E-16
5168.79984545708  5.884729E-16
5172.25222396851  5.894805E-16
5175.70460247994  5.906372E-16
5179.15698099137  5.917343E-16
5182.6093595028  5.917355E-16
5186.06173801423  5.869250E-16
5189.51411652565  5.851517E-16
5192.96649503708  5.821426E-16
5196.41887354851  5.782845E-16
5199.87125205994  5.760248E-16
5203.32363057137  5.784657E-16
5206.7760090828  5.815166E-16
5210.22838759423  5.810980E-16
5213.68076610566  5.759993E-16
5217.13314461709  5.665810E-16
5220.58552312851  5.579561E-16
5224.03790163994  5.493116E-16
5227.49028015137  5.427174E-16
5230.9426586628  5.377120E-16
5234.39503717423  5.325251E-16
5237.84741568566  5.262870E-16
5241.29979419709  5.224542E-16
5244.75217270852  5.172890E-16
5248.20455121995  5.085630E-16
5251.65692973137  5.016504E-16
5255.1093082428  4.997128E-16
5258.56168675423  5.026004E-16
5262.01406526566  5.047725E-16
5265.46644377709  5.041468E-16
5268.91882228852  4.981326E-16
5272.37120079995  4.894156E-16
5275.82357931138  4.801138E-16
5279.27595782281  4.718516E-16
5282.72833633423  4.603296E-16
5286.18071484566  4.495545E-16
5289.63309335709  4.397187E-16
5293.08547186852  4.327390E-16
5296.53785037995  4.251538E-16
5299.99022889138  4.147117E-16
5303.44260740281  4.012041E-16
5306.89498591424  3.864555E-16
5310.34736442567  3.734782E-16
5313.79974293709  3.651650E-16
5317.25212144852  3.582492E-16
5320.70449995995  3.506864E-16
5324.15687847138  3.425440E-16
5327.60925698281  3.416851E-16
5331.06163549424  3.432099E-16
5334.51401400567  3.435327E-16
5337.9663925171  3.382904E-16
5341.41877102852  3.336427E-16
5344.87114953995  3.341781E-16
5348.32352805138  3.369217E-16
5351.77590656281  3.413824E-16
5355.22828507424  3.426110E-16
5358.68066358567  3.449879E-16
5362.1330420971  3.492725E-16
5365.58542060853  3.555234E-16
5369.03779911996  3.599332E-16
5372.49017763138  3.589757E-16
5375.94255614281  3.536305E-16
5379.39493465424  3.506354E-16
5382.84731316567  3.541830E-16
5386.2996916771  3.607007E-16
5389.75207018853  3.610787E-16
5393.20444869996  3.610578E-16
5396.65682721139  3.627646E-16
5400.10920572281  3.690653E-16
5403.56158423424  3.765487E-16
5407.01396274567  3.812659E-16
5410.4663412571  3.830457E-16
5413.91871976853  3.834539E-16
5417.37109827996  3.872267E-16
5420.82347679139  3.944054E-16
5424.27585530282  4.005723E-16
5427.72823381424  3.983724E-16
5431.18061232568  3.874589E-16
5434.6329908371  3.871761E-16
5438.08536934853  4.002402E-16
5441.53774785996  4.103561E-16
5444.99012637139  4.142884E-16
5448.44250488282  3.984172E-16
5451.89488339425  3.890607E-16
5455.34726190568  3.856129E-16
5458.79964041711  3.851444E-16
5462.25201892853  3.832275E-16
5465.70439743996  3.803220E-16
5469.15677595139  3.719039E-16
5472.60915446282  3.654859E-16
5476.06153297425  3.636692E-16
5479.51391148568  3.534880E-16
5482.96628999711  3.333304E-16
5486.41866850854  3.167513E-16
5489.87104701996  3.079768E-16
5493.32342553139  3.157585E-16
5496.77580404282  3.170541E-16
5500.22818255425  3.148146E-16
5503.68056106568  3.139928E-16
5507.13293957711  3.126891E-16
5510.58531808854  3.059630E-16
5514.03769659997  3.045190E-16
5517.4900751114  3.069841E-16
5520.94245362282  3.122582E-16
5524.39483213425  3.173827E-16
5527.84721064568  3.215331E-16
5531.29958915711  3.219477E-16
5534.75196766854  3.160304E-16
5538.20434617997  3.127270E-16
5541.6567246914  3.133454E-16
5545.10910320283  3.120495E-16
5548.56148171425  3.039458E-16
5552.01386022568  3.090330E-16
5555.46623873711  3.189775E-16
5558.91861724854  3.308941E-16
5562.37099575997  3.353025E-16
5565.8233742714  3.331838E-16
5569.27575278283  3.379021E-16
5572.72813129426  3.437402E-16
5576.18050980569  3.506314E-16
5579.63288831711  3.609934E-16
5583.08526682854  3.707036E-16
5586.53764533997  3.809750E-16
5589.9900238514  3.924744E-16
5593.44240236283  4.064411E-16
5596.89478087426  4.080844E-16
5600.34715938569  4.090761E-16
5603.79953789712  4.074999E-16
5607.25191640854  4.135523E-16
5610.70429491997  4.251468E-16
5614.1566734314  4.313932E-16
5617.60905194283  4.339146E-16
5621.06143045426  4.356508E-16
5624.51380896569  4.347055E-16
5627.96618747712  4.300302E-16
5631.41856598855  4.221241E-16
5634.87094449997  4.157364E-16
5638.3233230114  4.127572E-16
5641.77570152283  4.091935E-16
5645.22808003426  4.054792E-16
5648.68045854569  4.025669E-16
5652.13283705712  3.977734E-16
5655.58521556855  3.906227E-16
5659.03759407998  3.843150E-16
5662.48997259141  3.837639E-16
5665.94235110283  3.889664E-16
5669.39472961426  3.959195E-16
5672.84710812569  4.025711E-16
5676.29948663712  4.039786E-16
5679.75186514855  4.023709E-16
5683.20424365998  4.024331E-16
5686.65662217141  4.006139E-16
5690.10900068284  4.002087E-16
5693.56137919427  3.999665E-16
5697.01375770569  4.024191E-16
5700.46613621712  4.087667E-16
5703.91851472855  4.107307E-16
5707.37089323998  4.071877E-16
5710.82327175141  4.009939E-16
5714.27565026284  3.933741E-16
5717.72802877427  3.896487E-16
5721.1804072857  3.920610E-16
5724.63278579713  3.972517E-16
5728.08516430855  3.991265E-16
5731.53754281998  4.012037E-16
5734.98992133141  4.026992E-16
5738.44229984284  4.037572E-16
5741.89467835427  4.056893E-16
5745.3470568657  4.078796E-16
5748.79943537713  4.108428E-16
5752.25181388856  4.138529E-16
5755.70419239998  4.111876E-16
5759.15657091141  4.069828E-16
5762.60894942284  4.041603E-16
5766.06132793427  4.028373E-16
5769.5137064457  4.022142E-16
5772.96608495713  4.029207E-16
5776.41846346856  4.012716E-16
5779.87084197999  3.939180E-16
5783.32322049142  3.897112E-16
5786.77559900284  3.859446E-16
5790.22797751427  3.818529E-16
5793.6803560257  3.797373E-16
5797.13273453713  3.779114E-16
5800.58511304856  3.769438E-16
5804.03749155999  3.766794E-16
5807.48987007142  3.708494E-16
5810.94224858285  3.624219E-16
5814.39462709428  3.560189E-16
5817.8470056057  3.508434E-16
5821.29938411713  3.508154E-16
5824.75176262856  3.563552E-16
5828.20414113999  3.594405E-16
5831.65651965142  3.602987E-16
5835.10889816285  3.582545E-16
5838.56127667428  3.552254E-16
5842.01365518571  3.520491E-16
5845.46603369713  3.511813E-16
5848.91841220856  3.511784E-16
5852.37079071999  3.549497E-16
5855.82316923142  3.603499E-16
5859.27554774285  3.615361E-16
5862.72792625428  3.612735E-16
5866.18030476571  3.597626E-16
5869.63268327714  3.567521E-16
5873.08506178857  3.522755E-16
5876.53744029999  3.431128E-16
5879.98981881142  3.358603E-16
5883.44219732285  3.303686E-16
5886.89457583428  3.321282E-16
5890.34695434571  3.357987E-16
5893.79933285714  3.397471E-16
5897.25171136857  3.422923E-16
5900.70408988  3.440152E-16
5904.15646839142  3.450831E-16
5907.60884690285  3.487674E-16
5911.06122541428  3.527158E-16
5914.51360392571  3.592026E-16
5917.96598243714  3.633584E-16
5921.41836094857  3.685487E-16
5924.87073946  3.731642E-16
5928.32311797143  3.789484E-16
5931.77549648286  3.788732E-16
5935.22787499428  3.755431E-16
5938.68025350571  3.732779E-16
5942.13263201714  3.725094E-16
5945.58501052857  3.721193E-16
5949.03738904  3.726715E-16
5952.48976755143  3.707102E-16
5955.94214606286  3.693545E-16
5959.39452457429  3.683591E-16
5962.84690308571  3.713745E-16
5966.29928159714  3.762974E-16
5969.75166010857  3.778412E-16
5973.20403862  3.757146E-16
5976.65641713143  3.744621E-16
5980.10879564286  3.783879E-16
5983.56117415429  3.808525E-16
5987.01355266572  3.803316E-16
5990.46593117714  3.814238E-16
5993.91830968857  3.839315E-16
5997.3706882  3.839101E-16
6000.82306671143  3.798711E-16
6004.27544522286  3.759122E-16
6007.72782373429  3.705724E-16
6011.18020224572  3.654765E-16
6014.63258075715  3.639229E-16
6018.08495926858  3.622181E-16
6021.53733778  3.592909E-16
6024.98971629143  3.547839E-16
6028.44209480286  3.522123E-16
6031.89447331429  3.497459E-16
6035.34685182572  3.425776E-16
6038.79923033715  3.348050E-16
6042.25160884858  3.289305E-16
6045.70398736001  3.268617E-16
6049.15636587143  3.211532E-16
6052.60874438286  3.172702E-16
6056.06112289429  3.113315E-16
6059.51350140572  3.046142E-16
6062.96587991715  2.976565E-16
6066.41825842858  2.893823E-16
6069.87063694001  2.762953E-16
6073.32301545144  2.642788E-16
6076.77539396287  2.525899E-16
6080.22777247429  2.423171E-16
6083.68015098572  2.327278E-16
6087.13252949715  2.271465E-16
6090.58490800858  2.237402E-16
6094.03728652001  2.185060E-16
6097.48966503144  2.087616E-16
6100.94204354287  2.007985E-16
6104.3944220543  1.935005E-16
6107.84680056573  1.872536E-16
6111.29917907716  1.825268E-16
6114.75155758858  1.816905E-16
6118.20393610001  1.805774E-16
6121.65631461144  1.814737E-16
6125.10869312287  1.800096E-16
6128.5610716343  1.778643E-16
6132.01345014573  1.718146E-16
6135.46582865716  1.655513E-16
6138.91820716859  1.614569E-16
6142.37058568001  1.569908E-16
6145.82296419144  1.495770E-16
6149.27534270287  1.415867E-16
6152.7277212143  1.369665E-16
6156.18009972573  1.326692E-16
6159.63247823716  1.251063E-16
6163.08485674859  1.164282E-16
6166.53723526002  1.089856E-16
6169.98961377144  1.089700E-16
6173.44199228287  1.097130E-16
6176.8943707943  1.082773E-16
6180.34674930573  1.041765E-16
6183.79912781716  1.032362E-16
6187.25150632859  1.064847E-16
6190.70388484002  1.120278E-16
6194.15626335145  1.149785E-16
6197.60864186288  1.166289E-16
6201.0610203743  1.200715E-16
6204.51339888573  1.247683E-16
6207.96577739716  1.259106E-16
6211.41815590859  1.269913E-16
6214.87053442002  1.271639E-16
6218.32291293145  1.278011E-16
6221.77529144288  1.305065E-16
6225.22766995431  1.328832E-16
6228.68004846574  1.341912E-16
6232.13242697716  1.359001E-16
6235.58480548859  1.429812E-16
6239.03718400002  1.544379E-16
6242.48956251145  1.642178E-16
6245.94194102288  1.680306E-16
6249.39431953431  1.719621E-16
6252.84669804574  1.797358E-16
6256.29907655716  1.850099E-16
6259.75145506859  1.876184E-16
6263.20383358002  1.908819E-16
6266.65621209145  1.946312E-16
6270.10859060288  1.956341E-16
6273.56096911431  1.994541E-16
6277.01334762574  2.084494E-16
6280.46572613717  2.131753E-16
6283.9181046486  2.162594E-16
6287.37048316002  2.137272E-16
6290.82286167145  2.186110E-16
6294.27524018288  2.263551E-16
6297.72761869431  2.311360E-16
6301.17999720574  2.343592E-16
6304.63237571717  2.406856E-16
6308.0847542286  2.443680E-16
6311.53713274003  2.482968E-16
6314.98951125146  2.573182E-16
6318.44188976288  2.645304E-16
6321.89426827431  2.667641E-16
6325.34664678574  2.690376E-16
6328.79902529717  2.704692E-16
6332.2514038086  2.753269E-16
6335.70378232003  2.760576E-16
6339.15616083146  2.796078E-16
6342.60853934289  2.841443E-16
6346.06091785432  2.903596E-16
6349.51329636574  2.921239E-16
6352.96567487717  2.959511E-16
6356.4180533886  3.004682E-16
6359.87043190003  3.028288E-16
6363.32281041146  3.040004E-16
6366.77518892289  3.059053E-16
6370.22756743432  3.087423E-16
6373.67994594575  3.089496E-16
6377.13232445717  3.119368E-16
6380.5847029686  3.153809E-16
6384.03708148003  3.145353E-16
6387.48945999146  3.152651E-16
6390.94183850289  3.163821E-16
6394.39421701432  3.186600E-16
6397.84659552575  3.192784E-16
6401.29897403718  3.177951E-16
6404.7513525486  3.169352E-16
6408.20373106003  3.169623E-16
6411.65610957146  3.162023E-16
6415.10848808289  3.148674E-16
6418.56086659432  3.174620E-16
6422.01324510575  3.186111E-16
6425.46562361718  3.205587E-16
6428.91800212861  3.198460E-16
6432.37038064004  3.188137E-16
6435.82275915146  3.175716E-16
6439.27513766289  3.184771E-16
6442.72751617432  3.212911E-16
6446.17989468575  3.217627E-16
6449.63227319718  3.153172E-16
6453.08465170861  3.085993E-16
6456.53703022004  3.051692E-16
6459.98940873147  3.016361E-16
6463.44178724289  2.964494E-16
6466.89416575432  2.918558E-16
6470.34654426575  2.868124E-16
6473.79892277718  2.866967E-16
6477.25130128861  2.872764E-16
6480.70367980004  2.880865E-16
6484.15605831147  2.846231E-16
6487.6084368229  2.778215E-16
6491.06081533432  2.760250E-16
6494.51319384575  2.817159E-16
6497.96557235718  2.877132E-16
6501.41795086861  2.878669E-16
6504.87032938004  2.868759E-16
6508.32270789147  2.875307E-16
6511.7750864029  2.869787E-16
6515.22746491433  2.862864E-16
6518.67984342576  2.851975E-16
6522.13222193719  2.815699E-16
6525.58460044861  2.765853E-16
6529.03697896004  2.749727E-16
6532.48935747147  2.760798E-16
6535.9417359829  2.758123E-16
6539.39411449433  2.728342E-16
6542.84649300576  2.675339E-16
6546.29887151719  2.632220E-16
6549.75125002862  2.619036E-16
6553.20362854005  2.598031E-16
6556.65600705147  2.595163E-16
6560.1083855629  2.587915E-16
6563.56076407433  2.561201E-16
6567.01314258576  2.542605E-16
6570.46552109719  2.551045E-16
6573.91789960862  2.532006E-16
6577.37027812005  2.488794E-16
6580.82265663147  2.448820E-16
6584.2750351429  2.446838E-16
6587.72741365433  2.468807E-16
6591.17979216576  2.476278E-16
6594.63217067719  2.471192E-16
6598.08454918862  2.454650E-16
6601.53692770005  2.439555E-16
6604.98930621148  2.424319E-16
6608.44168472291  2.413909E-16
6611.89406323433  2.410044E-16
6615.34644174576  2.385347E-16
6618.79882025719  2.390515E-16
6622.25119876862  2.404963E-16
6625.70357728005  2.418710E-16
6629.15595579148  2.414934E-16
6632.60833430291  2.372161E-16
6636.06071281434  2.345098E-16
6639.51309132577  2.327018E-16
6642.96546983719  2.348594E-16
6646.41784834862  2.365174E-16
6649.87022686005  2.373871E-16
6653.32260537148  2.343064E-16
6656.77498388291  2.317975E-16
6660.22736239434  2.306569E-16
6663.67974090577  2.264530E-16
6667.1321194172  2.238414E-16
6670.58449792862  2.205668E-16
6674.03687644005  2.186965E-16
6677.48925495148  2.190926E-16
6680.94163346291  2.195795E-16
6684.39401197434  2.186111E-16
6687.84639048577  2.152833E-16
6691.2987689972  2.133981E-16
6694.75114750863  2.119031E-16
6698.20352602005  2.110534E-16
6701.65590453148  2.095298E-16
6705.10828304291  2.083430E-16
6708.56066155434  2.098537E-16
6712.01304006577  2.105587E-16
6715.4654185772  2.120853E-16
6718.91779708863  2.108604E-16
6722.37017560006  2.107127E-16
6725.82255411149  2.096775E-16
6729.27493262291  2.078906E-16
6732.72731113434  2.080619E-16
6736.17968964577  2.060764E-16
6739.6320681572  2.061230E-16
6743.08444666863  2.078486E-16
6746.53682518006  2.093946E-16
6749.98920369149  2.111794E-16
6753.44158220292  2.131243E-16
6756.89396071435  2.133774E-16
6760.34633922577  2.099290E-16
6763.7987177372  2.058648E-16
6767.25109624863  2.021892E-16
6770.70347476006  2.011255E-16
6774.15585327149  2.011998E-16
6777.60823178292  1.975629E-16
6781.06061029435  1.961370E-16
6784.51298880578  1.932148E-16
6787.9653673172  1.920023E-16
6791.41774582863  1.911788E-16
6794.87012434006  1.877091E-16
6798.32250285149  1.808667E-16
6801.77488136292  1.767119E-16
6805.22725987435  1.794055E-16
6808.67963838578  1.871374E-16
6812.13201689721  1.927061E-16
6815.58439540864  1.947791E-16
6819.03677392006  1.941862E-16
6822.48915243149  1.930778E-16
6825.94153094292  1.913005E-16
6829.39390945435  1.912779E-16
6832.84628796578  1.898687E-16
6836.29866647721  1.881657E-16
6839.75104498864  1.906893E-16
6843.20342350007  1.954485E-16
6846.6558020115  1.985313E-16
6850.10818052292  1.931692E-16
6853.56055903435  1.823698E-16
6857.01293754578  1.764497E-16
6860.46531605721  1.752387E-16
6863.91769456864  1.784045E-16
6867.37007308007  1.823692E-16
6870.8224515915  1.825795E-16
6874.27483010293  1.808233E-16
6877.72720861436  1.788139E-16
6881.17958712578  1.765006E-16
6884.63196563721  1.719265E-16
6888.08434414864  1.686821E-16
6891.53672266007  1.680438E-16
6894.9891011715  1.704869E-16
6898.44147968293  1.742330E-16
6901.89385819436  1.739881E-16
6905.34623670579  1.719158E-16
6908.79861521721  1.668082E-16
6912.25099372864  1.610593E-16
6915.70337224007  1.585976E-16
6919.1557507515  1.547145E-16
6922.60812926293  1.509471E-16
6926.06050777436  1.525631E-16
6929.51288628579  1.541778E-16
6932.96526479722  1.566191E-16
6936.41764330864  1.572558E-16
6939.87002182007  1.580436E-16
6943.3224003315  1.598603E-16
6946.77477884293  1.608770E-16
6950.22715735436  1.617448E-16
6953.67953586579  1.641977E-16
6957.13191437722  1.667704E-16
6960.58429288865  1.681797E-16
6964.03667140008  1.717287E-16
6967.4890499115  1.745008E-16
6970.94142842293  1.726485E-16
6974.39380693436  1.704234E-16
6977.84618544579  1.699194E-16
6981.29856395722  1.645838E-16
6984.75094246865  1.543741E-16
6988.20332098008  1.473663E-16
6991.65569949151  1.380612E-16
6995.10807800293  1.460070E-16
6998.56045651436  1.630121E-16
