3301.060000  -1.076951e-16
3303.440000  -1.616851e-16
3305.820000  7.045699e-16
3308.200000  7.153491e-16
3310.580000  -5.632765e-16
3312.960000  4.215781e-16
3315.340000  5.340196e-17
3317.720000  -8.276680e-16
3320.100000  -5.530939e-16
3322.480000  7.836460e-16
3324.860000  6.247438e-16
3327.240000  1.751551e-16
3329.620000  -6.607800e-16
3332.000000  -1.445612e-15
3334.380000  -1.194954e-15
3336.760000  -7.052383e-16
3339.140000  2.278307e-16
3341.520000  -1.704986e-16
3343.900000  -9.074585e-16
3346.280000  -7.369480e-16
3348.660000  -1.564659e-16
3351.040000  -1.172686e-16
3353.420000  5.429240e-16
3355.800000  -3.928352e-16
3358.180000  -1.312756e-15
3360.560000  -5.960960e-17
3362.940000  -1.353154e-16
3365.320000  -4.494675e-16
3367.700000  -3.446143e-16
3370.080000  9.309839e-17
3372.460000  -2.023600e-16
3374.840000  -1.479931e-16
3377.220000  6.214981e-16
3379.600000  1.381703e-16
3381.980000  5.405029e-16
3384.360000  3.353903e-16
3386.740000  -2.014554e-16
3389.120000  2.128231e-16
3391.500000  -3.659638e-16
3393.880000  -3.690486e-16
3396.260000  2.532270e-16
3398.640000  -4.125206e-16
3401.020000  -2.986593e-16
3403.400000  1.759122e-16
3405.780000  -9.613819e-16
3408.160000  -5.186054e-16
3410.540000  -7.033241e-16
3412.920000  -3.332201e-16
3415.300000  -8.081611e-18
3417.680000  3.225161e-17
3420.060000  -9.568500e-17
3422.440000  -2.155586e-16
3424.820000  -1.889386e-16
3427.200000  -4.997175e-16
3429.580000  -5.060358e-16
3431.960000  -4.202031e-16
3434.340000  -5.945645e-16
3436.720000  1.443395e-16
3439.100000  4.445936e-16
3441.480000  2.219117e-16
3443.860000  -2.151190e-16
3446.240000  -2.420684e-16
3448.620000  1.515347e-16
3451.000000  -9.158333e-17
3453.380000  -3.955091e-16
3455.760000  -2.045892e-16
3458.140000  -9.434524e-17
3460.520000  1.789013e-16
3462.900000  1.268314e-16
3465.280000  -2.706655e-16
3467.660000  -4.379269e-16
3470.040000  -8.506419e-16
3472.420000  -4.098110e-16
3474.800000  -3.411691e-16
3477.180000  -3.239113e-16
3479.560000  -4.123946e-16
3481.940000  -6.715875e-17
3484.320000  -4.573320e-16
3486.700000  -2.660972e-16
3489.080000  -1.161959e-15
3491.460000  -5.292371e-16
3493.840000  -7.348133e-16
3496.220000  -3.213508e-16
3498.600000  -2.673402e-16
3500.980000  -4.924705e-16
3503.360000  -3.672763e-16
3505.740000  6.947975e-17
3508.120000  4.276020e-16
3510.500000  1.054362e-17
3512.880000  -7.867953e-17
3515.260000  -6.239447e-16
3517.640000  -3.459505e-16
3520.020000  -1.298039e-16
3522.400000  -2.204132e-16
3524.780000  1.140145e-16
3527.160000  3.768963e-16
3529.540000  -1.158113e-17
3531.920000  -2.326792e-16
3534.300000  4.617555e-16
3536.680000  1.189943e-16
3539.060000  -5.092816e-16
3541.440000  -1.790993e-16
3543.820000  -3.112511e-16
3546.200000  1.937155e-17
3548.580000  -7.929871e-17
3550.960000  -2.308503e-16
3553.340000  4.440288e-16
3555.720000  5.524091e-16
3558.100000  2.388647e-16
3560.480000  -7.066593e-17
3562.860000  -1.599158e-16
3565.240000  -2.693692e-16
3567.620000  -2.899431e-16
3570.000000  -5.018709e-16
3572.380000  3.330973e-16
3574.760000  -2.105623e-16
3577.140000  -2.546014e-17
3579.520000  -3.455757e-16
3581.900000  8.197280e-18
3584.280000  -1.105553e-16
3586.660000  3.985675e-16
3589.040000  -3.286695e-16
3591.420000  -9.219584e-17
3593.800000  -4.338572e-16
3596.180000  -5.700540e-16
3598.560000  -1.171182e-16
3600.940000  -1.220450e-16
3603.320000  -3.421131e-16
3605.700000  -5.925898e-16
3608.080000  -1.142785e-16
3610.460000  3.116447e-16
3612.840000  -1.096574e-16
3615.220000  1.969462e-16
3617.600000  -3.609334e-18
3619.980000  -9.019696e-17
3622.360000  -1.928153e-16
3624.740000  -3.653027e-16
3627.120000  -1.379482e-16
3629.500000  -2.565081e-16
3631.880000  8.308751e-17
3634.260000  1.361901e-16
3636.640000  -5.251582e-18
3639.020000  -4.031007e-16
3641.400000  -2.308171e-16
3643.780000  -1.256803e-17
3646.160000  4.375890e-16
3648.540000  4.291646e-16
3650.920000  3.430465e-16
3653.300000  -2.532961e-16
3655.680000  -3.299559e-16
3658.060000  -2.401491e-17
3660.440000  9.634683e-18
3662.820000  -4.071748e-16
3665.200000  -2.768958e-17
3667.580000  3.558122e-16
3669.960000  7.319138e-17
3672.340000  2.876460e-16
3674.720000  2.229911e-16
3677.100000  6.561736e-17
3679.480000  1.380470e-16
3681.860000  -5.052668e-17
3684.240000  1.981112e-16
3686.620000  5.747863e-17
3689.000000  2.270120e-16
3691.380000  -4.062257e-17
3693.760000  3.723503e-17
3696.140000  -4.842736e-17
3698.520000  1.808271e-16
3700.900000  -5.089407e-17
3703.280000  1.283708e-16
3705.660000  -1.415429e-17
3708.040000  -4.067093e-16
3710.420000  1.977328e-16
3712.800000  2.136271e-17
3715.180000  9.883839e-17
3717.560000  6.748611e-17
3719.940000  5.998709e-17
3722.320000  4.532795e-16
3724.700000  2.390559e-16
3727.080000  -4.864582e-17
3729.460000  2.094443e-16
3731.840000  1.091669e-16
3734.220000  1.812130e-16
3736.600000  -1.352312e-16
3738.980000  -1.705344e-17
3741.360000  3.961597e-16
3743.740000  2.754962e-16
3746.120000  -4.629817e-17
3748.500000  -3.085940e-16
3750.880000  -3.852106e-16
3753.260000  -1.803338e-16
3755.640000  3.657869e-16
3758.020000  3.259084e-16
3760.400000  4.285596e-16
3762.780000  4.352810e-16
3765.160000  2.837983e-16
3767.540000  -2.145772e-16
3769.920000  3.617970e-16
3772.300000  1.392579e-16
3774.680000  3.877234e-17
3777.060000  1.375220e-16
3779.440000  1.646457e-16
3781.820000  4.732885e-16
3784.200000  7.425376e-16
3786.580000  5.679016e-16
3788.960000  1.013323e-16
3791.340000  1.995999e-16
3793.720000  2.995868e-16
3796.100000  -2.379774e-17
3798.480000  9.127184e-17
3800.860000  3.656613e-16
3803.240000  3.617696e-16
3805.620000  3.948885e-16
3808.000000  -4.056532e-17
3810.380000  -2.926469e-16
3812.760000  2.236433e-17
3815.140000  -1.017266e-16
3817.520000  6.496908e-17
3819.900000  3.540918e-16
3822.280000  1.525356e-16
3824.660000  9.798024e-17
3827.040000  -2.073749e-17
3829.420000  1.434048e-16
3831.800000  1.169385e-16
3834.180000  5.488827e-17
3836.560000  7.903130e-17
3838.940000  -1.619851e-17
3841.320000  2.225960e-16
3843.700000  2.029558e-16
3846.080000  3.421623e-16
3848.460000  3.710996e-17
3850.840000  -3.509910e-16
3853.220000  -1.483510e-16
3855.600000  -1.848220e-17
3857.980000  2.506092e-16
3860.360000  -4.462635e-17
3862.740000  4.629435e-17
3865.120000  -6.547585e-17
3867.500000  -7.933928e-17
3869.880000  -1.024819e-16
3872.260000  8.716899e-17
3874.640000  -1.618965e-16
3877.020000  -6.399757e-17
3879.400000  -3.734157e-16
3881.780000  -3.696915e-16
3884.160000  1.984026e-17
3886.540000  -1.728483e-16
3888.920000  -3.142696e-16
3891.300000  -7.281708e-17
3893.680000  -4.101449e-17
3896.060000  6.770349e-17
3898.440000  -1.208288e-16
3900.820000  -1.498049e-16
3903.200000  -8.057631e-17
3905.580000  4.128672e-17
3907.960000  3.662564e-17
3910.340000  -2.409208e-16
3912.720000  2.943568e-16
3915.100000  2.264353e-16
3917.480000  -1.859883e-17
3919.860000  1.768314e-16
3922.240000  2.621488e-16
3924.620000  2.802050e-16
3927.000000  4.498798e-16
3929.380000  3.394179e-16
3931.760000  1.466046e-16
3934.140000  1.133989e-16
3936.520000  1.775874e-16
3938.900000  1.269543e-16
3941.280000  1.393412e-16
3943.660000  1.080824e-16
3946.040000  5.177075e-17
3948.420000  1.108076e-16
3950.800000  1.260226e-16
3953.180000  2.131486e-16
3955.560000  -1.028832e-16
3957.940000  -5.822875e-17
3960.320000  -1.642269e-16
3962.700000  -1.597871e-16
3965.080000  2.311051e-16
3967.460000  4.760468e-16
3969.840000  1.574280e-16
3972.220000  3.269110e-16
3974.600000  1.082538e-16
3976.980000  2.024831e-16
3979.360000  1.908692e-16
3981.740000  4.028227e-16
3984.120000  3.446433e-16
3986.500000  3.158264e-16
3988.880000  2.953868e-16
3991.260000  -6.132225e-17
3993.640000  2.251344e-16
3996.020000  4.717143e-16
3998.400000  4.599467e-16
4000.780000  4.261822e-16
4003.160000  4.628269e-16
4005.540000  4.153675e-16
4007.920000  4.826317e-16
4010.300000  3.422559e-16
4012.680000  3.172677e-16
4015.060000  5.160518e-16
4017.440000  3.887294e-16
4019.820000  7.295615e-16
4022.200000  7.602392e-16
4024.580000  5.800427e-16
4026.960000  1.805361e-16
4029.340000  5.000987e-16
4031.720000  6.416707e-16
4034.100000  6.320549e-16
4036.480000  8.306922e-16
4038.860000  3.563234e-16
4041.240000  4.677115e-16
4043.620000  3.834276e-16
4046.000000  5.905743e-16
4048.380000  3.830387e-16
4050.760000  4.213072e-16
4053.140000  5.348593e-16
4055.520000  4.338789e-16
4057.900000  2.460232e-16
4060.280000  4.166755e-16
4062.660000  2.639403e-16
4065.040000  2.345730e-16
4067.420000  5.208051e-16
4069.800000  3.974697e-16
4072.180000  3.133797e-16
4074.560000  5.147936e-16
4076.940000  2.432536e-16
4079.320000  4.170987e-16
4081.700000  4.628154e-16
4084.080000  2.880295e-16
4086.460000  6.416455e-16
4088.840000  3.872669e-16
4091.220000  6.556024e-16
4093.600000  7.359015e-16
4095.980000  4.411220e-16
4098.360000  6.000278e-17
4100.740000  3.668063e-17
4103.120000  3.425588e-17
4105.500000  5.316519e-16
4107.880000  3.863768e-16
4110.260000  3.435603e-16
4112.640000  2.811090e-16
4115.020000  2.600100e-16
4117.400000  6.257623e-18
4119.780000  1.671430e-17
4122.160000  4.683805e-16
4124.540000  2.305560e-16
4126.920000  4.374661e-16
4129.300000  2.747108e-16
4131.680000  4.052756e-16
4134.060000  5.143925e-16
4136.440000  2.598015e-16
4138.820000  2.487800e-16
4141.200000  3.096250e-16
4143.580000  2.885546e-16
4145.960000  2.385329e-16
4148.340000  2.876641e-16
4150.720000  4.882058e-16
4153.100000  5.943701e-16
4155.480000  1.140055e-16
4157.860000  3.514786e-16
4160.240000  3.786148e-16
4162.620000  3.164641e-16
4165.000000  3.211541e-16
4167.380000  3.770267e-16
4169.760000  3.059629e-16
4172.140000  2.153511e-16
4174.520000  3.997973e-16
4176.900000  4.353309e-16
4179.280000  4.975038e-16
4181.660000  5.683113e-16
4184.040000  5.643301e-16
4186.420000  3.353124e-16
4188.800000  4.015722e-16
4191.180000  4.634105e-16
4193.560000  2.900938e-16
4195.940000  5.103125e-16
4198.320000  2.323165e-16
4200.700000  4.283700e-16
4203.080000  3.743323e-16
4205.460000  1.943412e-16
4207.840000  1.331738e-16
4210.220000  4.055388e-16
4212.600000  4.317899e-16
4214.980000  3.246434e-16
4217.360000  1.669798e-16
4219.740000  3.943379e-16
4222.120000  4.579520e-16
4224.500000  4.259527e-16
4226.880000  2.441770e-16
4229.260000  3.407050e-16
4231.640000  5.172549e-16
4234.020000  2.519507e-16
4236.400000  3.254030e-16
4238.780000  4.481757e-16
4241.160000  3.365849e-16
4243.540000  4.688700e-16
4245.920000  5.308800e-16
4248.300000  4.180797e-16
4250.680000  3.580011e-16
4253.060000  4.865953e-16
4255.440000  2.969776e-16
4257.820000  4.051576e-16
4260.200000  4.392506e-16
4262.580000  3.863164e-16
4264.960000  4.287773e-16
4267.340000  3.326791e-16
4269.720000  2.295578e-16
4272.100000  4.346878e-16
4274.480000  6.788972e-16
4276.860000  4.743206e-16
4279.240000  4.147385e-16
4281.620000  4.508188e-16
4284.000000  2.949212e-16
4286.380000  1.411621e-16
4288.760000  -4.861088e-17
4291.140000  9.077636e-17
4293.520000  2.359479e-16
4295.900000  3.466574e-16
4298.280000  1.757925e-16
4300.660000  2.851740e-16
4303.040000  1.008700e-16
4305.420000  1.525790e-16
4307.800000  1.520620e-16
4310.180000  1.413874e-16
4312.560000  1.528707e-17
4314.940000  2.981006e-16
4317.320000  3.123122e-16
4319.700000  2.471854e-16
4322.080000  2.994875e-16
4324.460000  3.062006e-16
4326.840000  4.164702e-16
4329.220000  3.206317e-16
4331.600000  3.806403e-16
4333.980000  3.859301e-16
4336.360000  2.826018e-16
4338.740000  2.451007e-16
4341.120000  2.102755e-16
4343.500000  4.258423e-16
4345.880000  2.149354e-16
4348.260000  3.146571e-16
4350.640000  4.172154e-16
4353.020000  2.076414e-16
4355.400000  3.862799e-16
4357.780000  4.696026e-16
4360.160000  4.153144e-16
4362.540000  3.309314e-16
4364.920000  3.215044e-16
4367.300000  2.974750e-16
4369.680000  2.901538e-16
4372.060000  3.703635e-16
4374.440000  1.856453e-16
4376.820000  2.037938e-16
4379.200000  4.047438e-16
4381.580000  2.048543e-16
4383.960000  7.051163e-17
4386.340000  2.837334e-16
4388.720000  3.575122e-16
4391.100000  2.512190e-16
4393.480000  2.956393e-16
4395.860000  3.151531e-16
4398.240000  2.578026e-16
4400.620000  1.909098e-16
4403.000000  3.001972e-16
4405.380000  2.368926e-16
4407.760000  1.197531e-16
4410.140000  3.314548e-16
4412.520000  3.803558e-16
4414.900000  3.570448e-16
4417.280000  2.332828e-16
4419.660000  1.177030e-16
4422.040000  1.880387e-16
4424.420000  3.701222e-16
4426.800000  3.363527e-16
4429.180000  1.536804e-16
4431.560000  1.171835e-16
4433.940000  2.222707e-17
4436.320000  1.822321e-17
4438.700000  1.589975e-16
4441.080000  2.587031e-16
4443.460000  1.155236e-16
4445.840000  8.458731e-17
4448.220000  3.979071e-16
4450.600000  3.296733e-16
4452.980000  2.155903e-16
4455.360000  1.885689e-16
4457.740000  2.615097e-16
4460.120000  3.696444e-16
4462.500000  2.544058e-16
4464.880000  2.201684e-16
4467.260000  2.669698e-16
4469.640000  2.864549e-16
4472.020000  1.660238e-16
4474.400000  2.057068e-16
4476.780000  2.214546e-16
4479.160000  2.701020e-16
4481.540000  3.383585e-16
4483.920000  7.211262e-17
4486.300000  -4.386991e-17
4488.680000  3.129289e-18
4491.060000  2.192675e-17
4493.440000  1.986764e-16
4495.820000  2.895078e-16
4498.200000  2.769700e-16
4500.580000  2.877656e-16
4502.960000  3.798003e-16
4505.340000  2.737946e-16
4507.720000  1.016538e-16
4510.100000  1.881752e-16
4512.480000  2.564664e-16
4514.860000  4.220112e-16
4517.240000  3.436728e-16
4519.620000  2.640337e-16
4522.000000  2.687822e-16
4524.380000  3.075496e-16
4526.760000  2.878682e-16
4529.140000  3.572495e-16
4531.520000  2.913011e-16
4533.900000  2.073740e-16
4536.280000  3.159701e-16
4538.660000  2.569460e-16
4541.040000  2.221306e-16
4543.420000  4.075702e-16
4545.800000  4.203082e-16
4548.180000  3.383860e-16
4550.560000  2.999146e-16
4552.940000  2.233770e-16
4555.320000  2.780824e-16
4557.700000  3.780801e-16
4560.080000  3.085483e-16
4562.460000  1.833631e-16
4564.840000  2.180093e-16
4567.220000  2.507401e-16
4569.600000  2.276895e-16
4571.980000  2.019335e-16
4574.360000  1.466374e-16
4576.740000  1.719421e-16
4579.120000  3.307545e-16
4581.500000  5.293975e-16
4583.880000  3.971922e-16
4586.260000  4.019547e-16
4588.640000  3.614310e-16
4591.020000  2.996687e-16
4593.400000  2.594508e-16
4595.780000  2.768613e-16
4598.160000  3.315556e-16
4600.540000  3.213931e-16
4602.920000  3.499716e-16
4605.300000  3.343441e-16
4607.680000  2.013657e-16
4610.060000  1.735974e-16
4612.440000  2.696153e-16
4614.820000  3.321051e-16
4617.200000  2.604004e-16
4619.580000  4.622229e-16
4621.960000  4.215888e-16
4624.340000  3.899308e-16
4626.720000  5.181171e-16
4629.100000  4.729478e-16
4631.480000  3.544043e-16
4633.860000  2.004652e-16
4636.240000  3.133418e-16
4638.620000  3.904349e-16
4641.000000  2.582765e-16
4643.380000  4.321992e-16
4645.760000  2.843243e-16
4648.140000  1.673544e-16
4650.520000  2.940999e-16
4652.900000  2.595412e-16
4655.280000  2.918475e-16
4657.660000  2.420881e-16
4660.040000  1.805815e-16
4662.420000  2.450476e-16
4664.800000  4.306423e-16
4667.180000  5.069298e-16
4669.560000  3.524482e-16
4671.940000  4.402189e-16
4674.320000  5.297785e-16
4676.700000  4.224627e-16
4679.080000  3.766731e-16
4681.460000  4.796345e-16
4683.840000  4.642609e-16
4686.220000  3.948006e-16
4688.600000  4.082555e-16
4690.980000  6.005933e-16
4693.360000  4.590430e-16
4695.740000  4.057815e-16
4698.120000  3.754396e-16
4700.500000  4.491156e-16
4702.880000  6.226367e-16
4705.260000  4.114436e-16
4707.640000  2.863020e-16
4710.020000  4.821738e-16
4712.400000  5.601721e-16
4714.780000  4.826754e-16
4717.160000  2.803925e-16
4719.540000  2.810947e-16
4721.920000  3.103833e-16
4724.300000  2.855415e-16
4726.680000  2.951266e-16
4729.060000  3.758645e-16
4731.440000  3.811442e-16
4733.820000  3.546801e-16
4736.200000  3.588303e-16
4738.580000  4.962307e-16
4740.960000  6.356826e-16
4743.340000  6.350078e-16
4745.720000  4.744475e-16
4748.100000  4.162782e-16
4750.480000  4.290227e-16
4752.860000  3.721700e-16
4755.240000  4.293742e-16
4757.620000  5.614006e-16
4760.000000  6.499247e-16
4762.380000  5.551280e-16
4764.760000  2.973220e-16
4767.140000  3.691959e-16
4769.520000  2.628386e-16
4771.900000  1.178447e-16
4774.280000  4.622685e-16
4776.660000  6.165167e-16
4779.040000  4.290640e-16
4781.420000  5.742063e-16
4783.800000  4.019465e-16
4786.180000  3.027344e-16
4788.560000  5.329430e-16
4790.940000  2.934115e-16
4793.320000  3.874527e-16
4795.700000  5.134049e-16
4798.080000  5.717450e-16
4800.460000  4.881421e-16
4802.840000  6.025366e-16
4805.220000  4.875518e-16
4807.600000  4.357613e-16
4809.980000  4.969921e-16
4812.360000  4.550690e-16
4814.740000  2.717178e-16
4817.120000  2.087467e-16
4819.500000  3.328984e-16
4821.880000  2.402947e-16
4824.260000  2.717469e-17
4826.640000  1.491667e-16
4829.020000  2.633232e-17
4831.400000  3.232807e-16
4833.780000  2.866636e-16
4836.160000  2.932971e-16
4838.540000  2.062097e-16
4840.920000  1.102535e-16
4843.300000  9.840717e-18
4845.680000  3.771654e-16
4848.060000  5.092206e-16
4850.440000  3.093618e-16
4852.820000  3.037125e-16
4855.200000  2.787568e-16
4857.580000  2.912949e-16
4859.960000  4.024599e-16
4862.340000  3.182004e-16
4864.720000  1.928277e-16
4867.100000  2.569955e-16
4869.480000  1.233309e-16
4871.860000  3.291488e-16
4874.240000  3.965986e-16
4876.620000  7.779496e-17
4879.000000  1.466532e-16
4881.380000  9.313461e-17
4883.760000  1.883064e-16
4886.140000  3.135131e-16
4888.520000  3.102421e-16
4890.900000  1.649031e-16
4893.280000  2.558564e-17
4895.660000  1.851628e-16
4898.040000  -9.636066e-17
4900.420000  1.545307e-16
4902.800000  2.056175e-16
4905.180000  3.692677e-16
4907.560000  2.589488e-16
4909.940000  2.835919e-16
4912.320000  1.945645e-16
4914.700000  -2.339153e-18
4917.080000  1.316772e-16
4919.460000  2.762090e-16
4921.840000  3.443283e-16
4924.220000  3.418567e-16
4926.600000  1.885623e-16
4928.980000  3.782330e-16
4931.360000  3.819798e-16
4933.740000  2.177099e-16
4936.120000  4.258959e-16
4938.500000  2.345845e-16
4940.880000  4.473806e-16
4943.260000  3.207423e-16
4945.640000  3.001642e-16
4948.020000  1.583851e-16
4950.400000  2.872451e-16
4952.780000  1.957075e-16
4955.160000  1.151580e-16
4957.540000  1.165273e-16
4959.920000  4.050994e-16
4962.300000  2.847847e-16
4964.680000  3.456221e-16
4967.060000  2.292943e-16
4969.440000  2.344444e-16
4971.820000  3.655757e-16
4974.200000  4.707191e-16
4976.580000  3.602582e-16
4978.960000  2.110233e-16
4981.340000  2.272973e-16
4983.720000  2.885404e-16
4986.100000  3.579086e-16
4988.480000  3.065856e-16
4990.860000  1.999416e-16
4993.240000  3.279644e-16
4995.620000  2.933527e-16
4998.000000  2.053691e-16
5000.380000  2.846981e-16
5002.760000  2.964454e-16
5005.140000  4.000222e-16
5007.520000  2.467564e-16
5009.900000  2.104796e-16
5012.280000  1.840355e-16
5014.660000  3.065137e-16
5017.040000  3.749898e-16
5019.420000  3.127068e-16
5021.800000  1.816900e-16
5024.180000  1.054060e-16
5026.560000  2.648041e-16
5028.940000  3.458175e-16
5031.320000  8.728379e-17
5033.700000  7.659384e-17
5036.080000  2.202085e-16
5038.460000  3.220004e-16
5040.840000  4.062905e-16
5043.220000  1.290476e-16
5045.600000  2.148332e-16
5047.980000  -9.262153e-17
5050.360000  -1.387686e-17
5052.740000  2.122179e-16
5055.120000  2.550734e-16
5057.500000  1.682333e-16
5059.880000  9.025736e-17
5062.260000  -2.044787e-16
5064.640000  4.049844e-17
5067.020000  1.470044e-17
5069.400000  2.251819e-16
5071.780000  3.963587e-16
5074.160000  2.626166e-17
5076.540000  2.065828e-16
5078.920000  4.480674e-17
5081.300000  -1.957253e-16
5083.680000  -1.026985e-16
5086.060000  -2.014627e-16
5088.440000  -2.042251e-17
5090.820000  3.416776e-16
5093.200000  2.714163e-16
5095.580000  2.513252e-16
5097.960000  1.291046e-16
5100.340000  5.853295e-16
5102.720000  7.155641e-16
5105.100000  4.018836e-16
5107.480000  2.686279e-16
5109.860000  6.399282e-17
5112.240000  1.579899e-16
5114.620000  4.048684e-16
5117.000000  3.750422e-16
5119.380000  1.417350e-16
5121.760000  1.769882e-16
5124.140000  4.047071e-16
5126.520000  5.527462e-16
5128.900000  3.930709e-16
5131.280000  3.354621e-17
5133.660000  6.778412e-17
5136.040000  -1.174703e-16
5138.420000  4.772898e-16
5140.800000  6.491545e-17
5143.180000  -7.217762e-17
5145.560000  -8.704112e-16
5147.940000  -3.599644e-16
5150.320000  -3.537312e-16
5101.130000  4.730720e-16
5104.060000  1.384908e-16
5106.990000  1.262717e-17
5109.920000  1.311351e-16
5112.850000  1.284386e-16
5115.780000  3.048703e-16
5118.710000  5.194956e-16
5121.640000  3.102231e-16
5124.570000  3.989176e-16
5127.500000  5.704091e-16
5130.430000  4.551753e-16
5133.360000  7.416569e-16
5136.290000  2.649571e-16
5139.220000  3.036627e-16
5142.150000  4.788824e-16
5145.080000  7.304665e-16
5148.010000  8.094686e-16
5150.940000  7.951655e-16
5153.870000  6.072108e-16
5156.800000  5.722025e-16
5159.730000  5.592984e-16
5162.660000  4.922368e-16
5165.590000  4.149086e-16
5168.520000  4.669089e-16
5171.450000  3.697602e-16
5174.380000  6.521693e-16
5177.310000  5.039040e-16
5180.240000  5.894220e-16
5183.170000  3.773728e-16
5186.100000  3.517940e-16
5189.030000  2.678393e-16
5191.960000  2.646879e-16
5194.890000  3.443464e-16
5197.820000  2.608927e-16
5200.750000  3.192825e-16
5203.680000  2.596254e-16
5206.610000  2.975618e-16
5209.540000  3.388363e-16
5212.470000  3.084323e-16
5215.400000  2.772190e-16
5218.330000  1.109202e-16
5221.260000  3.154084e-16
5224.190000  2.565595e-16
5227.120000  1.280581e-16
5230.050000  2.159475e-16
5232.980000  3.181883e-16
5235.910000  1.151745e-16
5238.840000  2.133681e-16
5241.770000  2.808703e-16
5244.700000  2.736274e-16
5247.630000  2.928552e-16
5250.560000  3.032882e-16
5253.490000  3.045004e-16
5256.420000  3.366211e-16
5259.350000  2.899031e-16
5262.280000  2.451121e-16
5265.210000  2.246516e-16
5268.140000  2.997187e-16
5271.070000  2.544137e-16
5274.000000  2.896682e-16
5276.930000  2.572389e-16
5279.860000  3.398581e-16
5282.790000  4.001040e-16
5285.720000  2.397280e-16
5288.650000  2.999293e-16
5291.580000  3.561710e-16
5294.510000  4.197089e-16
5297.440000  3.965720e-16
5300.370000  4.329567e-16
5303.300000  3.365704e-16
5306.230000  3.203315e-16
5309.160000  4.501315e-16
5312.090000  3.495550e-16
5315.020000  3.706855e-16
5317.950000  4.106288e-16
5320.880000  4.145278e-16
5323.810000  4.340859e-16
5326.740000  3.567213e-16
5329.670000  3.904331e-16
5332.600000  3.486521e-16
5335.530000  2.785814e-16
5338.460000  4.011119e-16
5341.390000  4.642575e-16
5344.320000  4.486133e-16
5347.250000  4.047720e-16
5350.180000  3.735007e-16
5353.110000  3.400327e-16
5356.040000  2.955399e-16
5358.970000  3.400556e-16
5361.900000  4.472883e-16
5364.830000  5.251608e-16
5367.760000  4.254227e-16
5370.690000  4.383793e-16
5373.620000  4.699204e-16
5376.550000  4.208842e-16
5379.480000  3.258555e-16
5382.410000  3.486931e-16
5385.340000  3.725515e-16
5388.270000  4.338958e-16
5391.200000  3.600680e-16
5394.130000  4.563297e-16
5397.060000  4.195104e-16
5399.990000  4.223272e-16
5402.920000  3.309069e-16
5405.850000  3.399882e-16
5408.780000  3.824479e-16
5411.710000  4.085986e-16
5414.640000  3.495706e-16
5417.570000  2.976971e-16
5420.500000  3.467384e-16
5423.430000  3.344869e-16
5426.360000  3.746204e-16
5429.290000  3.414709e-16
5432.220000  3.614396e-16
5435.150000  3.449963e-16
5438.080000  2.561842e-16
5441.010000  2.483066e-16
5443.940000  3.170012e-16
5446.870000  3.210394e-16
5449.800000  2.809080e-16
5452.730000  3.147697e-16
5455.660000  2.966423e-16
5458.590000  3.572389e-16
5461.520000  3.442163e-16
5464.450000  2.881341e-16
5467.380000  2.656065e-16
5470.310000  2.306391e-16
5473.240000  2.591346e-16
5476.170000  3.009443e-16
5479.100000  2.710962e-16
5482.030000  2.757655e-16
5484.960000  2.530688e-16
5487.890000  2.240001e-16
5490.820000  2.626763e-16
5493.750000  2.779923e-16
5496.680000  2.546649e-16
5499.610000  3.138682e-16
5502.540000  2.990308e-16
5505.470000  2.870799e-16
5508.400000  3.037915e-16
5511.330000  2.566508e-16
5514.260000  2.002796e-16
5517.190000  2.777910e-16
5520.120000  2.628330e-16
5523.050000  2.018595e-16
5525.980000  3.536988e-16
5528.910000  2.940128e-16
5531.840000  2.749788e-16
5534.770000  2.749186e-16
5537.700000  2.970811e-16
5540.630000  2.711511e-16
5543.560000  3.001254e-16
5546.490000  3.328938e-16
5549.420000  2.863654e-16
5552.350000  2.812929e-16
5555.280000  2.224977e-16
5558.210000  2.110659e-16
5561.140000  2.959331e-16
5564.070000  2.653140e-16
5567.000000  2.606339e-16
5569.930000  2.446138e-16
5572.860000  3.295457e-16
5575.790000  2.086484e-16
5578.720000  1.923911e-16
5581.650000  1.958557e-16
5584.580000  1.839347e-16
5587.510000  1.719756e-16
5590.440000  1.888617e-16
5593.370000  2.286890e-16
5596.300000  2.605313e-16
5599.230000  2.170688e-16
5602.160000  2.439509e-16
5605.090000  2.027751e-16
5608.020000  2.039669e-16
5610.950000  2.434445e-16
5613.880000  2.473068e-16
5616.810000  2.571668e-16
5619.740000  2.498107e-16
5622.670000  2.823326e-16
5625.600000  2.423277e-16
5628.530000  2.006379e-16
5631.460000  1.824522e-16
5634.390000  1.885924e-16
5637.320000  1.962874e-16
5640.250000  2.669025e-16
5643.180000  3.049056e-16
5646.110000  2.654610e-16
5649.040000  2.314912e-16
5651.970000  2.278889e-16
5654.900000  1.653310e-16
5657.830000  1.347024e-16
5660.760000  1.825762e-16
5663.690000  2.472237e-16
5666.620000  2.271452e-16
5669.550000  2.056703e-16
5672.480000  2.309770e-16
5675.410000  2.475949e-16
5678.340000  2.941788e-16
5681.270000  2.472278e-16
5684.200000  2.334985e-16
5687.130000  2.617151e-16
5690.060000  2.793898e-16
5692.990000  3.143512e-16
5695.920000  3.094634e-16
5698.850000  3.044879e-16
5701.780000  3.010436e-16
5704.710000  2.963634e-16
5707.640000  3.161910e-16
5710.570000  3.311037e-16
5713.500000  3.049194e-16
5716.430000  3.524195e-16
5719.360000  3.300170e-16
5722.290000  3.225711e-16
5725.220000  3.531439e-16
5728.150000  3.620262e-16
5731.080000  4.148087e-16
5734.010000  3.709490e-16
5736.940000  3.761865e-16
5739.870000  3.967763e-16
5742.800000  3.337949e-16
5745.730000  3.374387e-16
5748.660000  3.482799e-16
5751.590000  3.321673e-16
5754.520000  3.420324e-16
5757.450000  3.711793e-16
5760.380000  3.732619e-16
5763.310000  3.497549e-16
5766.240000  3.188035e-16
5769.170000  3.178287e-16
5772.100000  3.649389e-16
5775.030000  3.440341e-16
5777.960000  4.150867e-16
5780.890000  3.845647e-16
5783.820000  3.164925e-16
5786.750000  3.225447e-16
5789.680000  3.444502e-16
5792.610000  3.381278e-16
5795.540000  3.357073e-16
5798.470000  3.492825e-16
5801.400000  3.059639e-16
5804.330000  2.608652e-16
5807.260000  2.832170e-16
5810.190000  3.484210e-16
5813.120000  3.820339e-16
5816.050000  3.346454e-16
5818.980000  2.866247e-16
5821.910000  2.534721e-16
5824.840000  2.838760e-16
5827.770000  3.030659e-16
5830.700000  3.222081e-16
5833.630000  3.155267e-16
5836.560000  2.945268e-16
5839.490000  2.858956e-16
5842.420000  2.981763e-16
5845.350000  3.006234e-16
5848.280000  2.960921e-16
5851.210000  3.136086e-16
5854.140000  3.004859e-16
5857.070000  3.338837e-16
5860.000000  2.982732e-16
5862.930000  3.114301e-16
5865.860000  3.290845e-16
5868.790000  2.767736e-16
5871.720000  2.635750e-16
5874.650000  2.883298e-16
5877.580000  2.723914e-16
5880.510000  3.194090e-16
5883.440000  2.917784e-16
5886.370000  3.452856e-16
5889.300000  3.673831e-16
5892.230000  3.901875e-16
5895.160000  3.316827e-16
5898.090000  2.810626e-16
5901.020000  2.776184e-16
5903.950000  2.676395e-16
5906.880000  2.631105e-16
5909.810000  2.936487e-16
5912.740000  3.054734e-16
5915.670000  3.001115e-16
5918.600000  2.447141e-16
5921.530000  2.517688e-16
5924.460000  2.014401e-16
5927.390000  2.098318e-16
5930.320000  1.679630e-16
5933.250000  1.522708e-16
5936.180000  1.795081e-16
5939.110000  2.095605e-16
5942.040000  1.522394e-16
5944.970000  1.543766e-16
5947.900000  2.166852e-16
5950.830000  1.754096e-16
5953.760000  1.359576e-16
5956.690000  1.410318e-16
5959.620000  2.252607e-16
5962.550000  2.810537e-16
5965.480000  2.578965e-16
5968.410000  2.267728e-16
5971.340000  2.327633e-16
5974.270000  2.206992e-16
5977.200000  1.956835e-16
5980.130000  1.993020e-16
5983.060000  1.872634e-16
5985.990000  2.007204e-16
5988.920000  2.630706e-16
5991.850000  2.070053e-16
5994.780000  2.314061e-16
5997.710000  2.370663e-16
6000.640000  2.887641e-16
6003.570000  3.039338e-16
6006.500000  2.641450e-16
6009.430000  2.521098e-16
6012.360000  2.845033e-16
6015.290000  2.103843e-16
6018.220000  2.342450e-16
6021.150000  2.591173e-16
6024.080000  2.979930e-16
6027.010000  3.083918e-16
6029.940000  3.262957e-16
6032.870000  3.006192e-16
6035.800000  3.217931e-16
6038.730000  2.857785e-16
6041.660000  3.023539e-16
6044.590000  3.309415e-16
6047.520000  2.973565e-16
6050.450000  2.936463e-16
6053.380000  3.286636e-16
6056.310000  3.311747e-16
6059.240000  3.222647e-16
6062.170000  2.881564e-16
6065.100000  3.421838e-16
6068.030000  3.411237e-16
6070.960000  3.484404e-16
6073.890000  3.288400e-16
6076.820000  3.496783e-16
6079.750000  3.605975e-16
6082.680000  3.644074e-16
6085.610000  3.526425e-16
6088.540000  3.511255e-16
6091.470000  3.567854e-16
6094.400000  3.514934e-16
6097.330000  3.242332e-16
6100.260000  2.974401e-16
6103.190000  3.369010e-16
6106.120000  3.102383e-16
6109.050000  3.244092e-16
6111.980000  3.191347e-16
6114.910000  3.058670e-16
6117.840000  3.028962e-16
6120.770000  2.999418e-16
6123.700000  3.214538e-16
6126.630000  2.929758e-16
6129.560000  3.074818e-16
6132.490000  3.339017e-16
6135.420000  3.611641e-16
6138.350000  3.438771e-16
6141.280000  3.727033e-16
6144.210000  3.050773e-16
6147.140000  2.934686e-16
6150.070000  3.524290e-16
6153.000000  3.312245e-16
6155.930000  2.961364e-16
6158.860000  2.948838e-16
6161.790000  3.029319e-16
6164.720000  3.229841e-16
6167.650000  3.090834e-16
6170.580000  2.990159e-16
6173.510000  3.067657e-16
6176.440000  3.438887e-16
6179.370000  3.824768e-16
6182.300000  3.540512e-16
6185.230000  3.076695e-16
6188.160000  2.916158e-16
6191.090000  3.465039e-16
6194.020000  3.021750e-16
6196.950000  2.421376e-16
6199.880000  2.610716e-16
6202.810000  3.030976e-16
6205.740000  3.196410e-16
6208.670000  3.163402e-16
6211.600000  3.125027e-16
6214.530000  2.723603e-16
6217.460000  2.520573e-16
6220.390000  2.606131e-16
6223.320000  2.128243e-16
6226.250000  2.230026e-16
6229.180000  2.532274e-16
6232.110000  2.672892e-16
6235.040000  2.767285e-16
6237.970000  2.137963e-16
6240.900000  2.137831e-16
6243.830000  2.491966e-16
6246.760000  2.347620e-16
6249.690000  2.519051e-16
6252.620000  2.259419e-16
6255.550000  1.916928e-16
6258.480000  1.754896e-16
6261.410000  1.880384e-16
6264.340000  1.805880e-16
6267.270000  2.332300e-16
6270.200000  1.810335e-16
6273.130000  1.372027e-16
6276.060000  1.401367e-16
6278.990000  9.939429e-17
6281.920000  7.685798e-17
6284.850000  1.146702e-16
6287.780000  1.318103e-16
6290.710000  1.344038e-16
6293.640000  1.202310e-16
6296.570000  1.178343e-16
6299.500000  1.289528e-16
6302.430000  7.063954e-17
6305.360000  2.273016e-17
6308.290000  5.661703e-17
6311.220000  9.454857e-17
6314.150000  8.618542e-17
6317.080000  1.026008e-16
6320.010000  7.209393e-17
6322.940000  9.596930e-17
6325.870000  1.069181e-16
6328.800000  8.342600e-17
6331.730000  9.283527e-17
6334.660000  1.060769e-16
6337.590000  1.061558e-16
6340.520000  1.379010e-16
6343.450000  1.108318e-16
6346.380000  1.032513e-16
6349.310000  1.062045e-16
6352.240000  1.192722e-16
6355.170000  1.449716e-16
6358.100000  1.092112e-16
6361.030000  1.066448e-16
6363.960000  1.283825e-16
6366.890000  1.221541e-16
6369.820000  1.110293e-16
6372.750000  1.373651e-16
6375.680000  1.181728e-16
6378.610000  1.184444e-16
6381.540000  1.607697e-16
6384.470000  1.979141e-16
6387.400000  1.931271e-16
6390.330000  1.852409e-16
6393.260000  1.617108e-16
6396.190000  1.962410e-16
6399.120000  1.809420e-16
6402.050000  1.786311e-16
6404.980000  1.759113e-16
6407.910000  1.854668e-16
6410.840000  1.796757e-16
6413.770000  1.885562e-16
6416.700000  1.771409e-16
6419.630000  1.880089e-16
6422.560000  1.926196e-16
6425.490000  2.081182e-16
6428.420000  2.353379e-16
6431.350000  2.435322e-16
6434.280000  2.060735e-16
6437.210000  2.210616e-16
6440.140000  2.461358e-16
6443.070000  2.540714e-16
6446.000000  2.991351e-16
6448.930000  2.942748e-16
6451.860000  2.744240e-16
6454.790000  2.766563e-16
6457.720000  3.075632e-16
6460.650000  2.815440e-16
6463.580000  2.642062e-16
6466.510000  2.995063e-16
6469.440000  2.707207e-16
6472.370000  2.582694e-16
6475.300000  2.630371e-16
6478.230000  2.460224e-16
6481.160000  2.426801e-16
6484.090000  2.763714e-16
6487.020000  2.922438e-16
6489.950000  3.292467e-16
6492.880000  3.418866e-16
6495.810000  3.336219e-16
6498.740000  3.257772e-16
6501.670000  2.929161e-16
6504.600000  2.610043e-16
6507.530000  3.177660e-16
6510.460000  3.429761e-16
6513.390000  3.145765e-16
6516.320000  3.176819e-16
6519.250000  3.067572e-16
6522.180000  3.027452e-16
6525.110000  2.981396e-16
6528.040000  3.120385e-16
6530.970000  3.381195e-16
6533.900000  3.363488e-16
6536.830000  3.245324e-16
6539.760000  3.001517e-16
6542.690000  3.037191e-16
6545.620000  3.394500e-16
6548.550000  3.325912e-16
6551.480000  3.060286e-16
6554.410000  3.507252e-16
6557.340000  3.492024e-16
6560.270000  3.250326e-16
6563.200000  2.884398e-16
6566.130000  2.633049e-16
6569.060000  2.803319e-16
6571.990000  3.072118e-16
6574.920000  3.295039e-16
6577.850000  3.204111e-16
6580.780000  3.011917e-16
6583.710000  3.018713e-16
6586.640000  2.880921e-16
6589.570000  2.886600e-16
6592.500000  3.244577e-16
6595.430000  2.759196e-16
6598.360000  3.057717e-16
6601.290000  3.302448e-16
6604.220000  3.235210e-16
6607.150000  3.027998e-16
6610.080000  3.037340e-16
6613.010000  3.126701e-16
6615.940000  3.021483e-16
6618.870000  3.020563e-16
6621.800000  3.284143e-16
6624.730000  3.298528e-16
6627.660000  2.929336e-16
6630.590000  3.044695e-16
6633.520000  2.925453e-16
6636.450000  2.861359e-16
6639.380000  3.064389e-16
6642.310000  2.897119e-16
6645.240000  2.801703e-16
6648.170000  2.774561e-16
6651.100000  2.945007e-16
6654.030000  3.026070e-16
6656.960000  2.730199e-16
6659.890000  2.686964e-16
6662.820000  2.739363e-16
6665.750000  2.889185e-16
6668.680000  2.715085e-16
6671.610000  2.759125e-16
6674.540000  2.645972e-16
6677.470000  2.590482e-16
6680.400000  2.855286e-16
6683.330000  2.649759e-16
6686.260000  2.638459e-16
6689.190000  2.681126e-16
6692.120000  2.644223e-16
6695.050000  2.501226e-16
6697.980000  2.505580e-16
6700.910000  2.179252e-16
6703.840000  2.202447e-16
6706.770000  2.279905e-16
6709.700000  2.409926e-16
6712.630000  2.589171e-16
6715.560000  2.603112e-16
6718.490000  2.595110e-16
6721.420000  2.503490e-16
6724.350000  2.218573e-16
6727.280000  2.331194e-16
6730.210000  2.502020e-16
6733.140000  2.495345e-16
6736.070000  2.312245e-16
6739.000000  2.671653e-16
6741.930000  2.990865e-16
6744.860000  2.305468e-16
6747.790000  2.182325e-16
6750.720000  2.394384e-16
6753.650000  2.263677e-16
6756.580000  2.273379e-16
6759.510000  2.487750e-16
6762.440000  2.293172e-16
6765.370000  1.873605e-16
6768.300000  2.028570e-16
6771.230000  2.007393e-16
6774.160000  1.817236e-16
6777.090000  2.238497e-16
6780.020000  2.272058e-16
6782.950000  2.373303e-16
6785.880000  2.126635e-16
6788.810000  1.945050e-16
6791.740000  2.009286e-16
6794.670000  2.433057e-16
6797.600000  2.380528e-16
6800.530000  2.308014e-16
6803.460000  2.314476e-16
6806.390000  2.486243e-16
6809.320000  2.343221e-16
6812.250000  2.492116e-16
6815.180000  2.190479e-16
6818.110000  2.195261e-16
6821.040000  2.168708e-16
6823.970000  2.273619e-16
6826.900000  2.453564e-16
6829.830000  2.480738e-16
6832.760000  2.204682e-16
6835.690000  1.925290e-16
6838.620000  1.789162e-16
6841.550000  1.834543e-16
6844.480000  1.844491e-16
6847.410000  2.069817e-16
6850.340000  2.137852e-16
6853.270000  2.284256e-16
6856.200000  2.303946e-16
6859.130000  2.777607e-16
6862.060000  2.540346e-16
6864.990000  1.995375e-16
6867.920000  1.591775e-16
6870.850000  1.711874e-16
6873.780000  1.535304e-16
6876.710000  2.068378e-16
6879.640000  2.093989e-16
6882.570000  1.915225e-16
6885.500000  2.028116e-16
6888.430000  2.189776e-16
6891.360000  2.061607e-16
6894.290000  2.121551e-16
6897.220000  1.698197e-16
6900.150000  1.534636e-16
6903.080000  1.545484e-16
6906.010000  1.743742e-16
6908.940000  1.925162e-16
6911.870000  2.166837e-16
6914.800000  2.097741e-16
6917.730000  2.239444e-16
6920.660000  2.294132e-16
6923.590000  1.924569e-16
6926.520000  1.698915e-16
6929.450000  2.488829e-16
6932.380000  2.240746e-16
6935.310000  1.940699e-16
6938.240000  1.595412e-16
6941.170000  1.649369e-16
6944.100000  1.850956e-16
6947.030000  2.054251e-16
6949.960000  1.956444e-16
6952.890000  2.042310e-16
6955.820000  1.641901e-16
6958.750000  1.485305e-16
6961.680000  1.817878e-16
6964.610000  1.918816e-16
6967.540000  2.350618e-16
6970.470000  1.917695e-16
6973.400000  1.542032e-16
6976.330000  1.908396e-16
6979.260000  2.051981e-16
6982.190000  2.018822e-16
6985.120000  1.687833e-16
6988.050000  1.251879e-16
6990.980000  1.694490e-16
6993.910000  1.973714e-16
6996.840000  1.663124e-16
6999.770000  1.973052e-16
7002.700000  2.183827e-16
7005.630000  1.876694e-16
7008.560000  1.970424e-16
7011.490000  1.431879e-16
7014.420000  1.754478e-16
7017.350000  2.057431e-16
7020.280000  1.777993e-16
7023.210000  1.818275e-16
7026.140000  1.936049e-16
7029.070000  1.736461e-16
7032.000000  2.051544e-16
7034.930000  2.061304e-16
7037.860000  1.815704e-16
7040.790000  2.001796e-16
7043.720000  1.811767e-16
7046.650000  1.652271e-16
7049.580000  1.924618e-16
7052.510000  2.182617e-16
7055.440000  1.954305e-16
7058.370000  1.987222e-16
7061.300000  1.955746e-16
7064.230000  1.941818e-16
7067.160000  1.968084e-16
7070.090000  1.907047e-16
7073.020000  1.943117e-16
7075.950000  2.162496e-16
7078.880000  1.712251e-16
7081.810000  1.698160e-16
7084.740000  1.797624e-16
7087.670000  1.646252e-16
7090.600000  1.580995e-16
7093.530000  1.810216e-16
7096.460000  1.676820e-16
7099.390000  1.774208e-16
7102.320000  1.953512e-16
7105.250000  1.736104e-16
7108.180000  1.515500e-16
7111.110000  1.693894e-16
7114.040000  1.764737e-16
7116.970000  1.565947e-16
7119.900000  1.530549e-16
7122.830000  1.645876e-16
7125.760000  1.765707e-16
7128.690000  1.849732e-16
7131.620000  1.708379e-16
7134.550000  1.670557e-16
7137.480000  1.860285e-16
7140.410000  1.448755e-16
7143.340000  1.355773e-16
7146.270000  1.279929e-16
7149.200000  1.463941e-16
7152.130000  1.192659e-16
7155.060000  1.192313e-16
7157.990000  1.441542e-16
7160.920000  1.237709e-16
7163.850000  1.741085e-16
7166.780000  2.200066e-16
7169.710000  1.777915e-16
7172.640000  1.612523e-16
7175.570000  1.510933e-16
7178.500000  1.326903e-16
7181.430000  1.216472e-16
7184.360000  1.063781e-16
7187.290000  1.045344e-16
7190.220000  1.273037e-16
7193.150000  1.257306e-16
7196.080000  1.183261e-16
7199.010000  1.483190e-16
7201.940000  1.438961e-16
7204.870000  9.784053e-17
7207.800000  1.265342e-16
7210.730000  1.350185e-16
7213.660000  1.441087e-16
7216.590000  1.570420e-16
7219.520000  1.571383e-16
7222.450000  1.270461e-16
7225.380000  1.315511e-16
7228.310000  1.467607e-16
7231.240000  1.450013e-16
7234.170000  1.065011e-16
7237.100000  1.611639e-16
7240.030000  1.329099e-16
7242.960000  1.272155e-16
7245.890000  1.597081e-16
7248.820000  1.646896e-16
7251.750000  1.575693e-16
7254.680000  1.084613e-16
7257.610000  1.230560e-16
7260.540000  1.202366e-16
7263.470000  1.274420e-16
7266.400000  1.026764e-16
7269.330000  1.086621e-16
7272.260000  1.337018e-16
7275.190000  1.401532e-16
7278.120000  5.165861e-17
7281.050000  1.270856e-16
7283.980000  1.676686e-16
7286.910000  1.333746e-16
7289.840000  1.752891e-16
7292.770000  1.699241e-16
7295.700000  9.085006e-17
7298.630000  1.094843e-16
7301.560000  1.028608e-16
7304.490000  1.470913e-16
7307.420000  1.254677e-16
7310.350000  1.137547e-16
7313.280000  1.199185e-16
7316.210000  1.214383e-16
7319.140000  1.246053e-16
7322.070000  1.036657e-16
7325.000000  1.335019e-16
7327.930000  1.413700e-16
7330.860000  1.129569e-16
7333.790000  1.368970e-16
7336.720000  1.743976e-16
7339.650000  1.819606e-16
7342.580000  1.556543e-16
7345.510000  1.695195e-16
7348.440000  1.528287e-16
7351.370000  1.620367e-16
7354.300000  1.662784e-16
7357.230000  1.790225e-16
7360.160000  1.770053e-16
7363.090000  2.131348e-16
7366.020000  2.095802e-16
7368.950000  1.528356e-16
7371.880000  2.010309e-16
7374.810000  2.059593e-16
7377.740000  1.843543e-16
7380.670000  1.997917e-16
7383.600000  1.596677e-16
7386.530000  1.677161e-16
7389.460000  1.711475e-16
7392.390000  1.709998e-16
7395.320000  1.718769e-16
7398.250000  1.510495e-16
7401.180000  1.696275e-16
7404.110000  1.643792e-16
7407.040000  1.554825e-16
7409.970000  1.662453e-16
7412.900000  1.907619e-16
7415.830000  1.500682e-16
7418.760000  1.263374e-16
7421.690000  1.385378e-16
7424.620000  1.239247e-16
7427.550000  1.280593e-16
7430.480000  1.234403e-16
7433.410000  1.072217e-16
7436.340000  1.563947e-16
7439.270000  1.648148e-16
7442.200000  1.794922e-16
7445.130000  1.408033e-16
7448.060000  1.247781e-16
7450.990000  1.263348e-16
7453.920000  1.071255e-16
7456.850000  1.595429e-16
7459.780000  1.524126e-16
7462.710000  1.161194e-16
7465.640000  1.232048e-16
7468.570000  1.901819e-16
7471.500000  1.393888e-16
7474.430000  1.169650e-16
7477.360000  9.554700e-17
7480.290000  1.047603e-16
7483.220000  1.179093e-16
7486.150000  1.441832e-16
7489.080000  1.354175e-16
7492.010000  1.722112e-16
7494.940000  1.733457e-16
7497.870000  1.163751e-16
7500.800000  1.225218e-16
7503.730000  1.263629e-16
7506.660000  1.005531e-16
7509.590000  7.069738e-17
7512.520000  -3.092320e-17
7515.450000  2.590463e-17
7518.380000  1.383647e-16
7521.310000  6.764691e-17
7524.240000  1.172820e-16
7527.170000  1.106296e-16
7530.100000  8.395650e-17
7533.030000  9.596289e-17
7535.960000  1.557263e-16
7538.890000  1.575561e-16
7541.820000  1.412593e-16
7544.750000  7.850406e-17
7547.680000  7.828443e-17
7550.610000  8.352680e-17
7553.540000  1.180807e-16
7556.470000  1.150756e-16
7559.400000  1.171516e-16
7562.330000  1.041510e-16
7565.260000  1.191215e-16
7568.190000  1.454142e-16
7571.120000  1.326745e-16
7574.050000  1.429208e-16
7576.980000  1.260390e-16
7579.910000  1.152216e-16
7582.840000  8.775143e-17
7585.770000  1.430024e-16
7588.700000  9.950610e-17
7591.630000  6.529158e-17
7594.560000  6.319613e-17
7597.490000  5.808356e-17
7600.420000  9.580519e-17
7603.350000  1.264731e-17
7606.280000  -8.314664e-18
7609.210000  -6.922067e-18
7612.140000  1.786459e-17
7615.070000  2.877883e-17
7618.000000  2.549937e-17
7620.930000  7.046245e-17
7623.860000  7.325661e-17
7626.790000  4.437141e-17
7629.720000  3.272378e-17
7632.650000  3.952123e-17
7635.580000  2.835123e-17
7638.510000  3.466408e-17
7641.440000  4.706734e-17
7644.370000  4.309871e-17
7647.300000  4.905951e-17
7650.230000  3.120412e-17
7653.160000  3.636557e-17
7656.090000  8.032339e-17
7659.020000  9.379303e-17
7661.950000  6.951330e-17
7664.880000  4.636692e-17
7667.810000  5.079389e-17
7670.740000  5.836578e-17
7673.670000  4.996391e-17
7676.600000  1.052195e-16
7679.530000  1.084645e-16
7682.460000  7.045247e-17
7685.390000  6.393305e-17
7688.320000  8.597850e-17
7691.250000  3.249803e-17
7694.180000  -2.980187e-18
7697.110000  1.798655e-17
7700.040000  1.425583e-17
7702.970000  2.019719e-17
7705.900000  3.602983e-17
7708.830000  3.678472e-17
7711.760000  1.817974e-17
7714.690000  -5.330690e-17
7717.620000  -4.564337e-17
7720.550000  -6.984156e-17
7723.480000  7.733442e-17
7726.410000  1.724756e-17
7729.340000  4.122735e-17
7732.270000  5.056018e-17
7735.200000  7.981685e-18
7738.130000  5.891670e-17
7741.060000  1.512163e-17
7743.990000  2.036062e-18
7746.920000  6.561013e-17
7749.850000  1.128469e-16
7752.780000  7.651626e-17
7755.710000  9.140510e-17
7758.640000  9.418615e-17
7761.570000  5.768217e-17
7764.500000  1.249798e-17
7767.430000  6.166947e-18
7770.360000  1.263128e-17
7773.290000  7.075160e-17
7776.220000  6.837938e-17
7779.150000  6.068617e-17
7782.080000  1.271268e-16
7785.010000  8.221041e-17
7787.940000  6.637214e-17
7790.870000  5.030648e-17
7793.800000  2.965323e-17
7796.730000  -6.953033e-18
7799.660000  -1.705156e-18
7802.590000  3.458618e-17
7805.520000  1.099793e-16
7808.450000  1.199852e-16
7811.380000  7.667548e-17
7814.310000  3.755272e-17
7817.240000  9.783448e-17
7820.170000  1.177043e-16
7823.100000  4.833695e-17
7826.030000  1.064526e-17
7828.960000  1.192609e-16
7831.890000  9.860571e-17
7834.820000  8.185609e-17
7837.750000  1.037436e-16
7840.680000  8.763558e-17
7843.610000  6.134944e-17
7846.540000  6.370075e-17
7849.470000  6.765725e-17
7852.400000  6.684411e-17
7855.330000  9.914016e-17
7858.260000  6.322166e-17
7861.190000  5.193114e-17
7864.120000  7.951186e-17
7867.050000  1.044479e-16
7869.980000  1.118856e-16
7872.910000  7.306206e-17
7875.840000  7.912478e-17
7878.770000  5.229312e-17
7881.700000  7.613180e-17
7884.630000  1.314038e-16
7887.560000  1.511241e-16
7890.490000  1.589794e-16
7893.420000  1.573675e-16
7896.350000  1.527546e-16
7899.280000  1.183978e-16
7902.210000  9.574033e-17
7905.140000  7.286549e-17
7908.070000  1.291703e-16
7911.000000  2.039702e-16
7913.930000  1.723101e-16
7916.860000  1.858178e-16
7919.790000  7.609481e-17
7922.720000  6.031088e-17
7925.650000  8.603727e-17
7928.580000  1.341142e-16
7931.510000  8.266712e-17
7934.440000  1.324752e-16
7937.370000  1.104831e-16
7940.300000  1.012339e-16
7943.230000  1.046706e-16
7946.160000  1.112142e-16
7949.090000  1.378621e-16
7952.020000  1.648056e-16
7954.950000  1.048726e-16
7957.880000  1.038346e-16
7960.810000  1.666297e-16
7963.740000  1.992848e-16
7966.670000  1.678809e-16
7969.600000  1.431427e-16
7972.530000  1.219224e-16
7975.460000  1.187747e-16
7978.390000  1.501015e-16
7981.320000  1.085526e-16
7984.250000  1.303521e-16
7987.180000  1.052582e-16
7990.110000  2.080978e-16
7993.040000  2.065091e-16
7995.970000  1.708975e-16
7998.900000  8.809108e-17
8001.830000  1.537198e-16
8004.760000  1.372242e-16
8007.690000  1.294747e-16
8010.620000  1.285445e-16
8013.550000  1.369506e-16
8016.480000  1.034275e-16
8019.410000  1.436843e-16
8022.340000  2.226290e-16
8025.270000  1.610062e-16
8028.200000  1.134808e-16
8031.130000  1.526232e-16
8034.060000  1.633021e-16
8036.990000  1.216174e-16
8039.920000  1.368148e-16
8042.850000  8.887775e-17
8045.780000  1.010008e-16
8048.710000  1.286263e-16
8051.640000  1.081910e-16
8054.570000  1.408752e-16
8057.500000  1.458631e-16
8060.430000  1.177558e-16
8063.360000  8.108327e-17
8066.290000  1.319673e-16
8069.220000  1.509083e-16
8072.150000  1.653262e-16
8075.080000  1.871630e-16
8078.010000  1.646154e-16
8080.940000  1.711648e-16
8083.870000  1.701028e-16
8086.800000  9.457953e-17
8089.730000  9.727161e-17
8092.660000  9.539806e-17
8095.590000  1.170425e-16
8098.520000  1.653406e-16
8101.450000  1.345913e-16
8104.380000  1.372159e-16
8107.310000  1.501929e-16
8110.240000  9.907110e-17
8113.170000  8.322400e-17
8116.100000  1.295586e-16
8119.030000  9.220486e-17
8121.960000  1.133645e-16
8124.890000  7.031468e-17
8127.820000  7.268871e-17
8130.750000  7.393465e-17
8133.680000  1.083384e-16
8136.610000  8.941016e-17
8139.540000  7.723386e-17
8142.470000  8.701742e-17
8145.400000  8.787694e-17
8148.330000  8.269918e-17
8151.260000  9.888445e-17
8154.190000  1.139559e-16
8157.120000  1.696979e-16
8160.050000  1.552751e-16
8162.980000  1.208309e-16
8165.910000  1.008846e-16
8168.840000  9.945597e-17
8171.770000  9.543366e-17
8174.700000  3.203256e-17
8177.630000  8.988637e-17
8180.560000  8.805055e-17
8183.490000  9.890725e-17
8186.420000  1.985378e-16
8189.350000  1.321352e-16
8192.280000  7.132871e-17
8195.210000  4.729151e-17
8198.140000  1.034583e-16
8201.070000  1.459792e-16
8204.000000  1.834377e-16
8206.930000  1.265054e-16
8209.860000  1.148552e-16
8212.790000  9.192336e-17
8215.720000  1.293028e-16
8218.650000  1.250331e-16
8221.580000  8.355310e-17
8224.510000  1.253677e-16
8227.440000  9.053894e-17
8230.370000  9.097131e-17
8233.300000  5.829801e-17
8236.230000  9.905107e-17
8239.160000  1.341789e-16
8242.090000  1.058580e-16
8245.020000  1.175679e-16
8247.950000  7.534750e-17
8250.880000  1.081214e-16
8253.810000  6.712710e-17
8256.740000  1.176494e-16
8259.670000  1.122794e-16
8262.600000  9.487735e-17
8265.530000  9.256003e-17
8268.460000  6.482881e-17
8271.390000  4.979088e-17
8274.320000  1.165063e-16
8277.250000  1.234928e-16
8280.180000  1.018547e-16
8283.110000  1.268199e-16
8286.040000  1.401304e-16
8288.970000  1.513058e-16
8291.900000  4.381566e-17
8294.830000  5.829528e-17
8297.760000  6.003121e-17
8300.690000  4.929968e-17
8303.620000  4.949180e-17
8306.550000  7.728551e-17
8309.480000  4.938726e-17
8312.410000  1.031654e-16
8315.340000  4.333321e-17
8318.270000  7.921815e-17
8321.200000  8.609199e-17
8324.130000  1.573976e-17
8327.060000  -1.228308e-18
8329.990000  -2.420497e-17
8332.920000  7.912813e-17
8335.850000  3.640801e-17
8338.780000  -3.221599e-17
8341.710000  9.495433e-17
8344.640000  1.649462e-16
8347.570000  1.149139e-16
8350.500000  3.227833e-17
8353.430000  2.042811e-17
8356.360000  1.126148e-17
8359.290000  2.749805e-17
8362.220000  9.380668e-18
8365.150000  7.052412e-17
8368.080000  8.291234e-17
8371.010000  2.177057e-18
8373.940000  2.997867e-17
8376.870000  2.300282e-17
8379.800000  3.813889e-17
8382.730000  7.417937e-17
8385.660000  -1.509327e-17
8388.590000  -3.118770e-17
8391.520000  -1.098099e-17
8394.450000  4.669699e-17
8397.380000  8.596397e-17
8400.310000  3.907929e-17
8403.240000  2.643164e-17
8406.170000  -1.073464e-17
8409.100000  -3.564421e-17
8412.030000  -1.984285e-17
8414.960000  -2.145217e-17
8417.890000  -1.685600e-17
8420.820000  -6.646002e-17
8423.750000  -6.764233e-17
8426.680000  4.982389e-17
8429.610000  9.419350e-17
8432.540000  4.321537e-18
8435.470000  -1.125959e-17
8438.400000  1.918998e-17
8441.330000  2.122540e-17
8444.260000  -3.054726e-18
8447.190000  9.504594e-17
8450.120000  5.436702e-17
8453.050000  -4.248854e-17
8455.980000  -4.063528e-17
8458.910000  -2.251072e-17
8461.840000  9.217133e-17
8464.770000  9.741793e-17
8467.700000  5.458079e-17
8470.630000  2.003828e-17
8473.560000  4.569724e-17
8476.490000  2.824485e-17
8479.420000  1.338183e-17
8482.350000  5.351323e-17
8485.280000  -1.269346e-17
8488.210000  -1.179533e-17
8491.140000  1.515578e-17
8494.070000  1.451008e-17
8497.000000  -1.139389e-17
8499.930000  2.160875e-17
8502.860000  1.000541e-16
8505.790000  3.049696e-17
8508.720000  -1.465710e-17
8511.650000  9.928947e-18
8514.580000  3.257527e-17
8517.510000  -1.205480e-18
8520.440000  -3.861610e-17
8523.370000  -2.605052e-17
8526.300000  4.116883e-17
8529.230000  5.818752e-17
8532.160000  1.808176e-17
8535.090000  2.877605e-17
8538.020000  -1.118539e-17
8540.950000  -2.323723e-17
8543.880000  -2.216364e-17
8546.810000  4.491324e-17
8549.740000  -1.324434e-17
8552.670000  -4.670007e-17
8555.600000  -3.116656e-17
8558.530000  -2.522248e-17
8561.460000  3.664413e-17
8564.390000  3.377309e-17
8567.320000  2.800218e-17
8570.250000  6.659125e-18
8573.180000  -2.146454e-19
8576.110000  -2.809020e-17
8579.040000  2.405171e-17
8581.970000  3.194583e-17
8584.900000  2.424943e-18
8587.830000  1.827074e-18
8590.760000  2.943730e-17
8593.690000  3.377384e-17
8596.620000  1.316254e-18
8599.550000  -2.314700e-17
8602.480000  3.373052e-18
8605.410000  3.654125e-17
8608.340000  -3.715463e-17
8611.270000  -7.734596e-18
8614.200000  1.563113e-17
8617.130000  2.912780e-17
8620.060000  1.218094e-17
8622.990000  1.855505e-17
8625.920000  1.150700e-17
8628.850000  5.613117e-17
8631.780000  4.078624e-17
8634.710000  1.964236e-17
8637.640000  4.170028e-17
8640.570000  1.125421e-16
8643.500000  7.002201e-17
8646.430000  7.524133e-17
8649.360000  3.264503e-17
8652.290000  9.493056e-17
8655.220000  7.106666e-17
8658.150000  1.115995e-16
8661.080000  3.638792e-17
8664.010000  5.701162e-17
8666.940000  4.577392e-17
8669.870000  6.405474e-17
8672.800000  1.208392e-17
8675.730000  3.455455e-17
8678.660000  9.882136e-17
8681.590000  6.907090e-17
8684.520000  7.093284e-17
8687.450000  1.093441e-16
8690.380000  1.062230e-16
8693.310000  6.579954e-17
8696.240000  3.145436e-17
8699.170000  1.024584e-16
8702.100000  6.722151e-17
8705.030000  8.266821e-17
8707.960000  7.183808e-17
8710.890000  9.555039e-17
8713.820000  1.338601e-16
8716.750000  4.944255e-17
8719.680000  4.097860e-17
8722.610000  3.771592e-17
8725.540000  1.029403e-16
8728.470000  1.635379e-16
8731.400000  1.114831e-16
8734.330000  7.540812e-17
8737.260000  7.227851e-17
8740.190000  9.516638e-17
8743.120000  1.046061e-16
8746.050000  7.645589e-17
8748.980000  8.839197e-17
8751.910000  4.078965e-17
8754.840000  5.251266e-17
8757.770000  9.883191e-17
8760.700000  8.387985e-17
8763.630000  8.676862e-17
8766.560000  1.628851e-16
8769.490000  1.322681e-16
8772.420000  1.281783e-16
8775.350000  2.974282e-16
8778.280000  7.142267e-17
8781.210000  -1.905675e-17
8784.140000  5.224677e-17
8787.070000  1.677385e-16
8790.000000  1.412988e-16
8792.930000  8.741750e-17
8795.860000  5.411752e-17
8798.790000  1.183496e-16
8801.720000  1.431900e-16
8804.650000  9.990093e-17
8807.580000  2.934946e-17
8810.510000  2.608045e-17
8813.440000  1.131279e-16
8816.370000  1.308464e-16
8819.300000  6.152504e-17
8822.230000  1.121293e-16
8825.160000  1.664782e-16
8828.090000  8.319793e-17
8831.020000  6.541867e-18
8833.950000  1.550284e-16
8836.880000  1.553040e-16
8839.810000  7.791863e-17
8842.740000  6.416854e-17
8845.670000  1.015293e-16
8848.600000  1.561264e-16
8851.530000  1.485796e-16
8854.460000  7.394776e-17
8857.390000  3.689021e-17
8860.320000  1.004499e-16
8863.250000  1.282849e-16
8866.180000  1.142714e-16
8869.110000  1.280165e-16
8872.040000  9.070104e-17
8874.970000  1.006323e-16
8877.900000  1.202588e-16
8880.830000  1.367177e-16
8883.760000  2.344733e-16
8886.690000  1.579570e-16
8889.620000  5.647703e-17
8892.550000  6.464863e-17
8895.480000  7.876570e-17
8898.410000  1.205790e-16
8901.340000  2.143592e-16
8904.270000  2.028493e-16
8907.200000  7.611870e-17
8910.130000  7.146861e-17
8913.060000  1.426268e-16
8915.990000  2.441158e-16
8918.920000  2.799871e-16
8921.850000  9.824247e-17
8924.780000  4.857035e-17
8927.710000  3.152829e-17
8930.640000  1.146882e-16
8933.570000  1.331854e-16
8936.500000  7.132221e-17
8939.430000  1.283618e-16
8942.360000  1.275823e-16
8945.290000  8.757537e-17
8948.220000  3.920936e-17
8951.150000  1.046846e-16
8954.080000  1.315287e-16
8957.010000  1.637048e-16
8959.940000  1.612751e-16
8962.870000  1.033013e-16
8965.800000  8.230163e-17
8968.730000  1.538932e-16
8971.660000  7.809457e-17
8974.590000  -1.256656e-17
8977.520000  4.359144e-17
8980.450000  7.717004e-17
8983.380000  1.087573e-16
8986.310000  5.356890e-17
8989.240000  1.088378e-16
8992.170000  4.171415e-17
8995.100000  2.776256e-17
8998.030000  1.158517e-16
9000.960000  1.504107e-16
9003.890000  5.782792e-17
9006.820000  2.173969e-17
9009.750000  3.173205e-17
9012.680000  9.641886e-17
9015.610000  1.033925e-16
9018.540000  8.884807e-17
9021.470000  1.260674e-16
9024.400000  8.774821e-17
9027.330000  5.872348e-17
9030.260000  3.804346e-17
9033.190000  6.104216e-17
9036.120000  1.599098e-16
9039.050000  1.843266e-16
9041.980000  9.579430e-17
9044.910000  4.750444e-17
9047.840000  3.938619e-17
9050.770000  4.086529e-18
9053.700000  1.427135e-17
9056.630000  -1.111996e-17
9059.560000  1.642292e-17
9062.490000  1.001713e-16
9065.420000  6.315726e-17
9068.350000  3.009076e-17
9071.280000  1.045638e-17
9074.210000  2.538093e-17
9077.140000  7.503922e-17
9080.070000  4.731779e-17
9083.000000  3.808854e-17
9085.930000  9.916002e-17
9088.860000  9.532595e-17
9091.790000  1.016314e-16
9094.720000  9.603382e-17
9097.650000  1.497812e-17
9100.580000  -2.537121e-17
9103.510000  -6.869808e-17
9106.440000  -2.357863e-18
9109.370000  -4.407819e-17
9112.300000  -6.386489e-17
9115.230000  1.707474e-17
9118.160000  -1.616863e-17
9121.090000  1.661958e-17
9124.020000  -1.165118e-17
9126.950000  -5.586857e-17
9129.880000  -7.455504e-17
9132.810000  -1.658606e-17
9135.740000  -4.472635e-17
9138.670000  -2.080653e-17
9141.600000  3.431654e-17
9144.530000  4.014086e-17
9147.460000  3.987708e-17
9150.390000  5.189804e-17
9153.320000  -5.739999e-17
9156.250000  -9.407288e-17
9159.180000  -3.814909e-17
9162.110000  2.139423e-17
9165.040000  -3.927058e-17
9167.970000  1.970249e-18
9170.900000  2.483694e-17
9173.830000  -4.491810e-18
9176.760000  7.952886e-17
9179.690000  5.349516e-17
9182.620000  -1.911684e-17
9185.550000  -2.904938e-17
9188.480000  -1.436499e-17
9191.410000  -4.904086e-18
9194.340000  1.700456e-17
9197.270000  -4.008367e-17
9200.200000  7.085825e-18
9203.130000  -2.119443e-17
9206.060000  -2.310712e-18
9208.990000  5.531053e-17
9211.920000  3.741263e-17
9214.850000  5.845110e-19
9217.780000  4.199664e-17
9220.710000  2.428335e-18
9223.640000  -8.820267e-17
9226.570000  -2.843563e-17
9229.500000  -1.435756e-18
9232.430000  6.739241e-18
9235.360000  -1.282772e-18
9238.290000  1.812040e-17
9241.220000  6.673923e-17
9244.150000  1.035001e-17
9247.080000  -2.328817e-17
9250.010000  -1.436847e-17
9252.940000  -6.841030e-17
9255.870000  -6.590030e-17
9258.800000  -1.505833e-17
9261.730000  -4.594423e-17
9264.660000  -1.852607e-17
9267.590000  2.058665e-17
9270.520000  -2.197176e-17
9273.450000  -3.284719e-17
9276.380000  -2.481738e-17
9279.310000  -4.945622e-17
9282.240000  -2.881183e-17
9285.170000  -1.639052e-18
9288.100000  -4.962600e-17
9291.030000  -1.905748e-17
9293.960000  -1.677748e-17
9296.890000  -1.055536e-16
9299.820000  -9.808771e-17
9302.750000  -2.085383e-17
9305.680000  1.705022e-16
9308.610000  2.019082e-16
9311.540000  3.255388e-16
9314.470000  1.630271e-16
9317.400000  -2.405172e-17
9320.330000  -1.127786e-16
9323.260000  3.700593e-18
9326.190000  -5.799689e-17
9329.120000  -1.771158e-16
9332.050000  -9.787110e-17
9334.980000  -1.006327e-16
9337.910000  -3.555611e-17
9340.840000  2.065077e-17
9343.770000  -3.400209e-18
9346.700000  -3.471141e-17
9349.630000  2.286344e-17
9352.560000  1.996465e-17
9355.490000  -3.413225e-17
9358.420000  -1.914809e-17
9361.350000  -4.929127e-17
9364.280000  -1.010215e-16
9367.210000  -1.182956e-16
9370.140000  -4.047902e-17
9373.070000  2.674563e-16
9376.000000  3.048204e-16
9378.930000  2.258888e-17
9381.860000  -6.881213e-17
9384.790000  2.999010e-17
9387.720000  4.060606e-17
9390.650000  -4.029406e-17
9393.580000  -3.433182e-17
9396.510000  -3.355644e-17
9399.440000  -3.254360e-18
9402.370000  -1.963113e-17
9405.300000  4.654131e-17
9408.230000  4.585821e-17
9411.160000  -8.031047e-17
9414.090000  3.544530e-17
9417.020000  7.522580e-17
9419.950000  8.069181e-17
9422.880000  -3.896912e-18
9425.810000  -1.042868e-16
9428.740000  -9.904033e-17
9431.670000  -1.108052e-16
9434.600000  -2.041752e-17
9437.530000  1.817186e-16
9440.460000  5.237569e-17
9443.390000  -1.297111e-16
9446.320000  -6.168989e-17
9449.250000  -5.167403e-17
9452.180000  -2.601899e-17
9455.110000  8.800891e-17
9458.040000  2.533196e-16
9460.970000  6.588011e-17
9463.900000  -8.346991e-17
9466.830000  -9.235623e-17
9469.760000  -1.173640e-16
9472.690000  -4.518074e-17
9475.620000  1.294403e-16
9478.550000  8.158527e-17
9481.480000  -3.819702e-17
9484.410000  -1.825110e-17
9487.340000  1.410515e-17
9490.270000  -1.097991e-16
9493.200000  -1.713763e-16
9496.130000  -8.219125e-17
9499.060000  3.691959e-17
9501.990000  1.911840e-16
9504.920000  7.671997e-18
9507.850000  -8.632952e-17
9510.780000  -6.306655e-17
9513.710000  -3.438151e-18
9516.640000  6.274259e-17
9519.570000  3.493468e-17
9522.500000  -1.389596e-16
9525.430000  -8.270547e-17
9528.360000  1.449776e-17
9531.290000  -1.297806e-17
9534.220000  -5.821142e-17
9537.150000  -1.547362e-16
9540.080000  -1.333119e-16
9543.010000  -1.670688e-16
9545.940000  -1.012736e-16
9548.870000  1.546709e-17
9551.800000  -3.275650e-18
9554.730000  -9.513701e-17
9557.660000  -1.304245e-16
9560.590000  -1.365668e-16
9563.520000  -1.107066e-16
9566.450000  1.246524e-16
9569.380000  9.404791e-17
9572.310000  -5.325770e-17
9575.240000  -2.416563e-19
9578.170000  1.260346e-17
9581.100000  -4.875278e-17
9584.030000  4.035804e-17
9586.960000  6.616798e-17
9589.890000  -6.020182e-17
9592.820000  -6.836125e-18
9595.750000  -6.033127e-17
9598.680000  -7.139097e-18
9601.610000  -4.196726e-17
9604.540000  -7.002051e-17
9607.470000  -4.808210e-17
9610.400000  -1.895640e-17
9613.330000  -9.626433e-18
9616.260000  1.012415e-16
9619.190000  1.837787e-16
9622.120000  -2.877617e-17
9625.050000  -7.352422e-17
9627.980000  -2.916841e-17
9630.910000  -2.478772e-17
9633.840000  -1.798471e-19
9636.770000  2.496984e-17
9639.700000  3.021450e-17
9642.630000  5.772410e-18
9645.560000  4.761937e-17
9648.490000  8.573908e-17
9651.420000  -5.353087e-17
9654.350000  -5.357958e-17
9657.280000  2.355277e-17
9660.210000  3.229081e-17
9663.140000  5.993945e-17
9666.070000  4.899483e-17
9669.000000  -9.127853e-17
9671.930000  -1.667074e-16
9674.860000  -5.367389e-17
9677.790000  -1.014804e-17
9680.720000  -4.439177e-17
9683.650000  -5.410429e-17
9686.580000  5.490824e-17
9689.510000  5.611364e-17
9692.440000  -4.456750e-17
9695.370000  3.625411e-17
9698.300000  4.955686e-17
9701.230000  -1.453664e-17
