3673.58520507812  13.09254
3677.03719305992  -6.412551
3680.48918104172  15.42868
3683.94116902351  5.631171
3687.39315700531  17.66353
3690.84514498711  31.43033
3694.2971329689  34.28769
3697.7491209507  38.93255
3701.20110893249  117.4838
3704.65309691429  104.464
3708.10508489609  44.34957
3711.55707287788  79.34424
3715.00906085968  53.08979
3718.46104884148  -11.49416
3721.91303682327  26.78751
3725.36502480507  -17.63705
3728.81701278686  20.25004
3732.26900076866  15.38022
3735.72098875046  0.2144526
3739.17297673225  -27.98673
3742.62496471405  -11.40664
3746.07695269585  -0.1197964
3749.52894067764  6.103127
3752.98092865944  17.62545
3756.43291664124  -2.868117
3759.88490462303  14.66572
3763.33689260483  62.34359
3766.78888058662  54.56713
3770.24086856842  52.43101
3773.69285655022  3.735267
3777.14484453201  4.581721
3780.59683251381  1.866684
3784.0488204956  -38.77868
3787.5008084774  8.101361
3790.9527964592  6.96512
3794.40478444099  62.48429
3797.85677242279  26.86997
3801.30876040459  10.37916
3804.76074838638  28.51112
3808.21273636818  56.54542
3811.66472434997  58.8452
3815.11671233177  72.78594
3818.56870031357  45.82409
3822.02068829536  31.28545
3825.47267627716  -13.87471
3828.92466425896  -1.001164
3832.37665224075  50.51286
3835.82864022255  40.01066
3839.28062820435  2.985832
3842.73261618614  22.44212
3846.18460416794  8.922419
3849.63659214973  -6.240821
3853.08858013153  4.956283
3856.54056811333  28.40968
3859.99255609512  16.28749
3863.44454407692  30.2149
3866.89653205872  51.94746
3870.34852004051  105.84
3873.80050802231  47.51208
3877.2524960041  -4.781871
3880.7044839859  4.530663
3884.1564719677  1.552108
3887.60845994949  60.83976
3891.06044793129  83.61299
3894.51243591309  106.1209
3897.96442389488  84.54325
3901.41641187668  72.20976
3904.86839985847  79.8647
3908.32038784027  91.09512
3911.77237582207  101.3549
3915.22436380386  138.037
3918.67635178566  144.1719
3922.12833976746  115.0269
3925.58032774925  112.7939
3929.03231573105  144.3735
3932.48430371284  139.7874
3935.93629169464  100.5044
3939.38827967644  127.728
3942.84026765823  152.4002
3946.29225564003  133.1983
3949.74424362183  110.4741
3953.19623160362  113.7387
3956.64821958542  161.6113
3960.10020756721  140.8241
3963.55219554901  119.2693
3967.00418353081  147.5454
3970.4561715126  156.553
3973.9081594944  146.6899
3977.3601474762  108.5719
3980.81213545799  153.0606
3984.26412343979  239.8292
3987.71611142158  209.0558
3991.16809940338  176.1245
3994.62008738518  175.8897
3998.07207536697  190.2408
4001.52406334877  242.9407
4004.97605133057  239.051
4008.42803931236  213.9205
4011.88002729416  226.6004
4015.33201527595  254.2308
4018.78400325775  209.3857
4022.23599123955  209.5701
4025.68797922134  231.9561
4029.13996720314  217.7019
4032.59195518494  261.3035
4036.04394316673  243.0223
4039.49593114853  191.4267
4042.94791913032  186.0229
4046.39990711212  200.1607
4049.85189509392  231.9293
4053.30388307571  334.6534
4056.75587105751  354.8273
4060.20785903931  267.7395
4063.6598470211  189.1148
4067.1118350029  210.8565
4070.56382298469  196.4928
4074.01581096649  188.1704
4077.46779894829  253.3174
4080.91978693008  226.2354
4084.37177491188  280.3516
4087.82376289367  321.6419
4091.27575087547  323.1459
4094.72773885727  300.0374
4098.17972683906  247.8818
4101.63171482086  330.2108
4105.08370280266  310.5308
4108.53569078445  289.063
4111.98767876625  314.6934
4115.43966674805  337.2684
4118.89165472984  309.7699
4122.34364271164  197.8816
4125.79563069343  284.1074
4129.24761867523  366.0457
4132.69960665703  345.4857
4136.15159463882  372.5702
4139.60358262062  421.6065
4143.05557060241  407.6371
4146.50755858421  348.6929
4149.95954656601  357.0618
4153.4115345478  457.9017
4156.8635225296  472.2996
4160.3155105114  413.8374
4163.76749849319  389.4876
4167.21948647499  398.6342
4170.67147445679  419.8426
4174.12346243858  477.7697
4177.57545042038  454.0036
4181.02743840217  458.1112
4184.47942638397  453.782
4187.93141436577  440.5349
4191.38340234756  471.8514
4194.83539032936  545.6689
4198.28737831116  578.8467
4201.73936629295  469.3677
4205.19135427475  469.172
4208.64334225654  462.2973
4212.09533023834  444.6701
4215.54731822014  478.0245
4218.99930620193  529.1891
4222.45129418373  498.1797
4225.90328216553  457.4683
4229.35527014732  445.1681
4232.80725812912  467.9365
4236.25924611091  386.9752
4239.71123409271  436.4798
4243.16322207451  471.761
4246.6152100563  481.6079
4250.0671980381  495.7709
4253.5191860199  454.4458
4256.97117400169  467.0964
4260.42316198349  474.3111
4263.87514996528  453.3079
4267.32713794708  408.1837
4270.77912592888  456.1874
4274.23111391067  528.4221
4277.68310189247  479.5119
4281.13508987427  477.4649
4284.58707785606  476.687
4288.03906583786  453.2485
4291.49105381966  528.8187
4294.94304180145  546.7735
4298.39502978325  546.7865
4301.84701776504  497.0637
4305.29900574684  454.7507
4308.75099372864  473.58
4312.20298171043  497.2584
4315.65496969223  467.708
4319.10695767402  505.0289
4322.55894565582  490.7997
4326.01093363762  561.0042
4329.46292161941  513.2545
4332.91490960121  540.3076
4336.36689758301  572.4844
4339.8188855648  522.8582
4343.2708735466  451.4144
4346.7228615284  444.5691
4350.17484951019  475.3859
4353.62683749199  487.5878
4357.07882547378  451.251
4360.53081345558  452.2754
4363.98280143738  446.954
4367.43478941917  439.7695
4370.88677740097  437.5344
4374.33876538277  433.2036
4377.79075336456  410.9104
4381.24274134636  399.1646
4384.69472932815  405.8997
4388.14671730995  365.9672
4391.59870529175  369.8436
4395.05069327354  441.1999
4398.50268125534  378.9135
4401.95466923714  433.7521
4405.40665721893  429.4229
4408.85864520073  413.2337
4412.31063318252  416.8384
4415.76262116432  510.1849
4419.21460914612  353.5002
4422.66659712791  379.7108
4426.11858510971  380.9962
4429.57057309151  422.9919
4433.0225610733  358.8586
4436.4745490551  354.5345
4439.92653703689  438.2162
4443.37852501869  416.3077
4446.83051300049  347.7351
4450.28250098228  350.2437
4453.73448896408  425.0408
4457.18647694588  495.7402
4460.63846492767  448.4967
4464.09045290947  384.7871
4467.54244089126  456.9536
4470.99442887306  436.8242
4474.44641685486  321.5666
4477.89840483665  355.5916
4481.35039281845  483.9657
4484.80238080025  466.4604
4488.25436878204  440.9088
4491.70635676384  425.1547
4495.15834474563  520.1384
4498.61033272743  638.9719
4502.06232070923  564.4883
4505.51430869102  504.1343
4508.96629667282  564.8447
4512.41828465462  591.1039
4515.87027263641  660.4698
4519.32226061821  685.045
4522.77424860001  633.5709
4526.2262365818  704.3707
4529.6782245636  721.124
4533.13021254539  732.8253
4536.58220052719  690.6158
4540.03418850899  738.5493
4543.48617649078  865.1243
4546.93816447258  805.4214
4550.39015245438  769.1039
4553.84214043617  767.9184
4557.29412841797  877.058
4560.74611639976  850.9821
4564.19810438156  887.4344
4567.65009236336  976.7139
4571.10208034515  1030.878
4574.55406832695  904.1813
4578.00605630875  871.8429
4581.45804429054  913.1593
4584.91003227234  863.0991
4588.36202025413  871.3176
4591.81400823593  823.7953
4595.26599621773  915.8345
4598.71798419952  925.462
4602.16997218132  893.9415
4605.62196016312  941.5956
4609.07394814491  1003.044
4612.52593612671  978.2595
4615.9779241085  985.9194
4619.4299120903  1000.616
4622.8819000721  919.6632
4626.33388805389  986.4081
4629.78587603569  1105.183
4633.23786401749  1081.736
4636.68985199928  1079.721
4640.14183998108  1139.006
4643.59382796287  1058.647
4647.04581594467  1043.105
4650.49780392647  1028.559
4653.94979190826  1017.073
4657.40177989006  1116.27
4660.85376787186  1072.061
4664.30575585365  1069.017
4667.75774383545  1125.941
4671.20973181724  1023.686
4674.66171979904  1058.19
4678.11370778084  1121.341
4681.56569576263  1098.27
4685.01768374443  1060.314
4688.46967172623  1040.271
4691.92165970802  1013.677
4695.37364768982  1033.296
4698.82563567162  967.1389
4702.27762365341  966.3789
4705.72961163521  1011.371
4709.181599617  1043.745
4712.6335875988  949.2213
4716.0855755806  984.3463
4719.53756356239  1069.313
4722.98955154419  958.6959
4726.44153952598  938.7707
4729.89352750778  1013.054
4733.34551548958  988.9664
4736.79750347137  920.4166
4740.24949145317  977.647
4743.70147943497  1003.374
4747.15346741676  1022.919
4750.60545539856  1016.147
4754.05744338036  1032.286
4757.50943136215  997.6686
4760.96141934395  965.4597
4764.41340732574  901.51
4767.86539530754  951.104
4771.31738328934  909.509
4774.76937127113  911.8969
4778.22135925293  946.1794
4781.67334723473  959.2167
4785.12533521652  903.5522
4788.57732319832  937.5786
4792.02931118011  876.9434
4795.48129916191  869.02
4798.93328714371  938.3852
4802.3852751255  934.72
4805.8372631073  892.9885
4809.2892510891  873.3497
4812.74123907089  900.139
4816.19322705269  829.4422
4819.64521503448  864.7758
4823.09720301628  945.2408
4826.54919099808  896.6441
4830.00117897987  894.0704
4833.45316696167  939.7417
4836.90515494347  848.7876
4840.35714292526  831.0945
4843.80913090706  802.9672
4847.26111888885  791.3353
4850.71310687065  788.9151
4854.16509485245  754.6054
4857.61708283424  739.4484
4861.06907081604  783.3751
4864.52105879784  773.8789
4867.97304677963  755.1929
4871.42503476143  782.8596
4874.87702274323  862.4738
4878.32901072502  822.9991
4881.78099870682  741.5048
4885.23298668861  800.9352
4888.68497467041  803.5165
4892.13696265221  781.6884
4895.588950634  799.675
4899.0409386158  842.8776
4902.49292659759  833.0305
4905.94491457939  888.1833
4909.39690256119  929.782
4912.84889054298  892.3137
4916.30087852478  906.9557
4919.75286650658  910.0167
4923.20485448837  881.4521
4926.65684247017  919.8418
4930.10883045197  869.4479
4933.56081843376  855.8989
4937.01280641556  898.9459
4940.46479439735  851.155
4943.91678237915  849.683
4947.36877036095  857.0311
4950.82075834274  836.3845
4954.27274632454  899.0245
4957.72473430633  908.7106
4961.17672228813  888.5172
4964.62871026993  901.1858
4968.08069825172  868.1613
4971.53268623352  858.4727
4974.98467421532  894.0793
4978.43666219711  857.0416
4981.88865017891  913.98
4985.3406381607  1030.119
4988.7926261425  1043.895
4992.2446141243  1185.205
4995.69660210609  1097.478
4999.14859008789  942.983
5002.60057806969  938.2811
5006.05256605148  863.3184
5009.50455403328  829.2754
5012.95654201507  847.1912
5016.40852999687  948.0813
5019.86051797867  883.1628
5023.31250596046  770.6713
5026.76449394226  816.4481
5030.21648192406  860.0406
5033.66846990585  919.737
5037.12045788765  891.5707
5040.57244586945  867.6362
5044.02443385124  841.3867
5047.47642183304  809.1982
5050.92840981483  854.8186
5054.38039779663  884.0978
5057.83238577843  800.6882
5061.28437376022  836.3495
5064.73636174202  876.1356
5068.18834972382  820.4832
5071.64033770561  838.5397
5075.09232568741  853.0214
5078.5443136692  872.2167
5081.996301651  850.2745
5085.4482896328  750.9175
5088.90027761459  902.2711
5092.35226559639  1022.9
5095.80425357819  928.5656
5099.25624155998  783.9443
5102.70822954178  767.3557
5106.16021752357  846.3951
5109.61220550537  849.0637
5113.06419348717  855.7209
5116.51618146896  762.708
5119.96816945076  785.4962
5123.42015743256  844.4064
5126.87214541435  862.2664
5130.32413339615  824.132
5133.77612137794  822.2932
5137.22810935974  797.1119
5140.68009734154  806.6298
5144.13208532333  871.6824
5147.58407330513  860.3174
5151.03606128693  900.4147
5154.48804926872  944.5261
5157.94003725052  1086.786
5161.39202523232  1131.031
5164.84401321411  1037.194
5168.29600119591  935.3168
5171.7479891777  852.6938
5175.1999771595  936.7278
5178.6519651413  1006.526
5182.10395312309  939.2198
5185.55594110489  1031.525
5189.00792908668  1034.965
5192.45991706848  974.9158
5195.91190505028  1049.387
5199.36389303207  1141.814
5202.81588101387  1208.591
5206.26786899567  1123.064
5209.71985697746  1148.917
5213.17184495926  1195.047
5216.62383294106  1175.394
5220.07582092285  1254.292
5223.52780890465  1270.644
5226.97979688644  1313.395
5230.43178486824  1316.02
5233.88377285004  1374.272
5237.33576083183  1373.229
5240.78774881363  1320.161
5244.23973679542  1308.708
5247.69172477722  1384.237
5251.14371275902  1422.127
5254.59570074081  1455.363
5258.04768872261  1426.842
5261.49967670441  1399.753
5264.9516646862  1448.362
5268.403652668  1573.417
5271.85564064979  1650.806
5275.30762863159  1567.603
5278.75961661339  1493.415
5282.21160459518  1487.965
5285.66359257698  1539.851
5289.11558055878  1612.27
5292.56756854057  1626.69
5296.01955652237  1616.033
5299.47154450417  1565.954
5302.92353248596  1572.925
5306.37552046776  1628.145
5309.82750844955  1594.481
5313.27949643135  1577.007
5316.73148441315  1622.692
5320.18347239494  1686.873
5323.63546037674  1557.118
5327.08744835854  1501.936
5330.53943634033  1607.023
5333.99142432213  1557.699
5337.44341230392  1472.746
5340.89540028572  1452.585
5344.34738826752  1438.367
5347.79937624931  1516.78
5351.25136423111  1526.067
5354.70335221291  1478.735
5358.1553401947  1530.543
5361.6073281765  1483.518
5365.05931615829  1441.729
5368.51130414009  1487.048
5371.96329212189  1340.568
5375.41528010368  1297.049
5378.86726808548  1432.701
5382.31925606728  1403.741
5385.77124404907  1368.674
5389.22323203087  1403.825
5392.67522001266  1335.036
5396.12720799446  1386.156
5399.57919597626  1483.101
5403.03118395805  1381.657
5406.48317193985  1346.857
5409.93515992165  1304.422
5413.38714790344  1241.417
5416.83913588524  1348.476
5420.29112386703  1475.987
5423.74311184883  1417.782
5427.19509983063  1376.348
5430.64708781242  1398.566
5434.09907579422  1423.33
5437.55106377602  1473.294
5441.00305175781  1500.364
5444.45503973961  1442.843
5447.9070277214  1323.324
5451.3590157032  1435.558
5454.811003685  1474.699
5458.26299166679  1394.616
5461.71497964859  1406.236
5465.16696763039  1405.712
5468.61895561218  1399.981
5472.07094359398  1395.563
5475.52293157577  1392.621
5478.97491955757  1386.883
5482.42690753937  1336.281
5485.87889552116  1331.654
5489.33088350296  1442.882
5492.78287148476  1512.432
5496.23485946655  1311.642
5499.68684744835  1249.845
5503.13883543014  1317.936
5506.59082341194  1321.681
5510.04281139374  1330.059
5513.49479937553  1332.803
5516.94678735733  1296.955
5520.39877533913  1402.212
5523.85076332092  1471.406
5527.30275130272  1351.228
5530.75473928451  1233.865
5534.20672726631  1187.359
5537.65871524811  1371.995
5541.1107032299  1474.138
5544.5626912117  1360.094
5548.0146791935  1377.09
5551.46666717529  1370.938
5554.91865515709  1378.039
5558.37064313888  1452.283
5561.82263112068  1371.524
5565.27461910248  1332.455
5568.72660708427  1412.175
5572.17859506607  1420.974
5575.63058304787  1401.098
5579.08257102966  1404.881
5582.53455901146  1415.662
5585.98654699326  1429.167
5589.43853497505  1445.602
5592.89052295685  1455.98
5596.34251093864  1447.521
5599.79449892044  1584.479
5603.24648690224  1491.798
5606.69847488403  1439.233
5610.15046286583  1540.622
5613.60245084762  1521.909
5617.05443882942  1521.363
5620.50642681122  1566.634
5623.95841479301  1504.052
5627.41040277481  1493.861
5630.86239075661  1504.047
5634.3143787384  1508.7
5637.7663667202  1557.975
5641.218354702  1602.014
5644.67034268379  1583.321
5648.12233066559  1503.3
5651.57431864738  1504.538
5655.02630662918  1552.287
5658.47829461098  1564.596
5661.93028259277  1485.765
5665.38227057457  1465.43
5668.83425855636  1433.36
5672.28624653816  1608.979
5675.73823451996  1743.781
5679.19022250175  1661.279
5682.64221048355  1498.839
5686.09419846535  1365.127
5689.54618644714  1527.076
5692.99817442894  1656.012
5696.45016241074  1641.575
5699.90215039253  1645.928
5703.35413837433  1637.016
5706.80612635612  1611.122
5710.25811433792  1599.87
5713.71010231972  1598.708
5717.16209030151  1600.343
5720.61407828331  1717.442
5724.06606626511  1719.134
5727.5180542469  1653.518
5730.9700422287  1656.339
5734.4220302105  1702.633
5737.87401819229  1677.234
5741.32600617409  1667.728
5744.77799415588  1799.999
5748.22998213768  1657.298
5751.68197011948  1576.005
5755.13395810127  1708.327
5758.58594608307  1709.626
5762.03793406487  1715.372
5765.48992204666  1538.477
5768.94191002846  1517.166
5772.39389801025  1902.068
5775.84588599205  2044.494
5779.29787397385  2109.043
5782.74986195564  1836.538
5786.20184993744  1384.824
5789.65383791924  1432.172
5793.10582590103  1987.303
5796.55781388283  2100.499
5800.00980186462  1944.212
5803.46178984642  1648.398
5806.91377782822  1517.799
5810.36576581001  1667.946
5813.81775379181  1880.725
5817.26974177361  1874.32
5820.7217297554  1882.486
5824.1737177372  1839.903
5827.625705719  1782.954
5831.07769370079  1871.543
5834.52968168259  1945.395
5837.98166966438  1871.97
5841.43365764618  1696.088
5844.88564562798  1744.604
5848.33763360977  1852.868
5851.78962159157  1802.355
5855.24160957337  1828.445
5858.69359755516  1827.888
5862.14558553696  1771.905
5865.59757351875  1933.039
5869.04956150055  1881.299
5872.50154948235  1840.176
5875.95353746414  2081.266
5879.40552544594  2136.097
5882.85751342774  1900.697
5886.30950140953  1767.039
5889.76148939133  1748.417
5893.21347737312  1761.358
5896.66546535492  1820.303
5900.11745333672  1714.716
5903.56944131851  1590.491
5907.02142930031  1780.146
5910.4734172821  1755.234
5913.9254052639  1633.41
5917.3773932457  1779.391
5920.82938122749  2062.173
5924.28136920929  2000.844
5927.73335719109  2106.885
5931.18534517288  2051.3
5934.63733315468  1956.045
5938.08932113648  2190.934
5941.54130911827  2294.608
5944.99329710007  2021.834
5948.44528508187  1933.713
5951.89727306366  1777.632
5955.34926104546  1760.578
5958.80124902725  1863.198
5962.25323700905  1810.652
5965.70522499085  1822.858
5969.15721297264  1903.425
5972.60920095444  2019.404
5976.06118893623  1963.692
5979.51317691803  1824.736
5982.96516489983  1899.2
5986.41715288162  1872.451
5989.86914086342  1817.585
5993.32112884522  1834.204
5996.77311682701  1624.491
6000.22510480881  1554.892
6003.6770927906  1755.243
6007.1290807724  1859.463
6010.5810687542  1941.833
6014.03305673599  1914.32
6017.48504471779  1892.52
6020.93703269959  1696.206
6024.38902068138  1660.288
6027.84100866318  1674.416
6031.29299664497  1696.087
6034.74498462677  1756.041
6038.19697260857  1826.754
6041.64896059036  1845.735
6045.10094857216  1797.72
6048.55293655396  1716.524
6052.00492453575  1656.23
6055.45691251755  1670.868
6058.90890049934  1661.647
6062.36088848114  1580.778
6065.81287646294  1609.377
6069.26486444473  1575.117
6072.71685242653  1515.544
6076.16884040833  1548.056
6079.62082839012  1476.203
6083.07281637192  1390.17
6086.52480435372  1332.263
6089.97679233551  1314.068
6093.42878031731  1373.074
6096.8807682991  1388.523
6100.3327562809  1216.421
6103.7847442627  1211.903
6107.23673224449  1110.278
6110.68872022629  1016.078
6114.14070820809  1035.698
6117.59269618988  1300.372
6121.04468417168  1464.532
6124.49667215347  1237.635
6127.94866013527  1016.944
6131.40064811707  758.3428
6134.85263609886  703.1114
6138.30462408066  756.529
6141.75661206246  711.2807
6145.20860004425  800.0978
6148.66058802605  687.2184
6152.11257600784  529.8728
6155.56456398964  653.3515
6159.01655197144  614.7283
6162.46853995323  620.9731
6165.92052793503  838.7996
6169.37251591683  787.1445
6172.82450389862  785.0401
6176.27649188042  433.4136
6179.72847986221  365.4154
6183.18046784401  533.2151
6186.63245582581  480.8427
6190.0844438076  442.0468
6193.5364317894  539.8112
6196.9884197712  529.3375
6200.44040775299  477.9734
6203.89239573479  477.8006
6207.34438371659  439.4278
6210.79637169838  417.9706
6214.24835968018  465.4232
6217.70034766197  458.6456
6221.15233564377  480.1858
6224.60432362557  445.8466
6228.05631160736  456.8011
6231.50829958916  529.9329
6234.96028757095  508.1852
6238.41227555275  545.2415
6241.86426353455  538.0184
6245.31625151634  608.6647
6248.76823949814  501.3807
6252.22022747994  510.9691
6255.67221546173  466.1295
6259.12420344353  531.6222
6262.57619142532  615.5827
6266.02817940712  747.0851
6269.48016738892  645.0622
6272.93215537071  576.9286
6276.38414335251  671.4667
6279.83613133431  839.9246
6283.2881193161  806.6307
6286.7401072979  757.8547
6290.19209527969  892.7726
6293.64408326149  838.0614
6297.09607124329  841.5532
6300.54805922508  900.0764
6304.00004720688  907.8055
6307.45203518868  928.0996
6310.90402317047  950.9151
6314.35601115227  967.8303
6317.80799913406  955.0842
6321.25998711586  994.2777
6324.71197509766  1140.753
6328.16396307945  1111.441
6331.61595106125  1159.372
6335.06793904304  1241.352
6338.51992702484  1244.286
6341.97191500664  1290.278
6345.42390298843  1180.769
6348.87589097023  1184.087
6352.32787895203  1283.58
6355.77986693382  1277.472
6359.23185491562  1217.318
6362.68384289742  1112.794
6366.13583087921  1443.959
6369.58781886101  1539.478
6373.0398068428  1642.193
6376.4917948246  1503.198
6379.9437828064  1129.555
6383.39577078819  1157.639
6386.84775876999  1288.1
6390.29974675179  1378.477
6393.75173473358  1333.812
6397.20372271538  1323.657
6400.65571069717  1255.827
6404.10769867897  1408.068
6407.55968666077  1282.907
6411.01167464256  1244.343
6414.46366262436  1349.531
6417.91565060616  1205.85
6421.36763858795  1263.409
6424.81962656975  1284.367
6428.27161455154  1227.431
6431.72360253334  1255.337
6435.17559051514  1303.999
6438.62757849693  1290.781
6442.07956647873  1276.866
6445.53155446053  1273.601
6448.98354244232  1309.325
6452.43553042412  1323.041
6455.88751840591  1339.393
6459.33950638771  1310.378
6462.79149436951  1289.709
6466.2434823513  1257.271
6469.6954703331  1200.61
6473.1474583149  1270.328
6476.59944629669  1310.4
6480.05143427849  1298.333
6483.50342226028  1245.264
6486.95541024208  1311.273
6490.40739822388  1251.939
6493.85938620567  1254.039
6497.31137418747  1287.649
6500.76336216927  1325.769
6504.21535015106  1397.029
6507.66733813286  1473.519
6511.11932611466  1486.566
6514.57131409645  1375.96
6518.02330207825  1278.324
6521.47529006004  1263.489
6524.92727804184  1259.239
6528.37926602364  1258.129
6531.83125400543  1229.786
6535.28324198723  1315.452
6538.73522996903  1339.051
6542.18721795082  1417.626
6545.63920593262  1446.016
6549.09119391441  1188.95
6552.54318189621  1217.598
6555.99516987801  1380.104
6559.4471578598  1247.198
6562.8991458416  1290.933
6566.35113382339  1309.286
6569.80312180519  1227.122
6573.25510978699  1299.505
6576.70709776878  1201.709
6580.15908575058  1201.516
6583.61107373238  1231.508
6587.06306171417  1142.557
6590.51504969597  1229.351
6593.96703767776  1202.709
6597.41902565956  1224.84
6600.87101364136  1231.737
6604.32300162316  1193.696
6607.77498960495  1198.334
6611.22697758675  1267.626
6614.67896556854  1272.713
6618.13095355034  1196.294
6621.58294153214  1169.425
6625.03492951393  1155.32
6628.48691749573  1220.696
6631.93890547752  1218.731
6635.39089345932  1189.182
6638.84288144112  1093.243
6642.29486942291  1068.904
6645.74685740471  1101.414
6649.19884538651  1023.673
6652.6508333683  1003.626
6656.1028213501  1058.757
6659.55480933189  1051.847
6663.00679731369  1098.816
6666.45878529549  1110.985
6669.91077327728  1184.633
6673.36276125908  1113.125
6676.81474924088  1088.142
6680.26673722267  1130.267
6683.71872520447  1080.787
6687.17071318626  1121.628
6690.62270116806  1124.29
6694.07468914986  1000.493
6697.52667713165  1098.873
6700.97866511345  1101.863
6704.43065309525  1029.572
6707.88264107704  1041.338
6711.33462905884  1127.155
6714.78661704063  1103.484
6718.23860502243  1087.454
6721.69059300423  998.2269
6725.14258098602  951.3845
6728.59456896782  1042.26
6732.04655694962  961.7418
6735.49854493141  845.6907
6738.95053291321  981.6987
6742.402520895  998.8823
6745.8545088768  936.8204
6749.3064968586  947.408
6752.75848484039  997.0038
6756.21047282219  997.0194
6759.66246080399  1037.926
6763.11444878578  925.9455
6766.56643676758  927.0574
6770.01842474938  956.2579
6773.47041273117  929.2037
6776.92240071297  920.6868
6780.37438869476  961.8351
6783.82637667656  890.3136
6787.27836465836  904.3615
6790.73035264015  916.6033
6794.18234062195  903.6152
6797.63432860374  896.3844
6801.08631658554  892.5903
6804.53830456734  818.4026
6807.99029254913  835.4424
6811.44228053093  870.9124
6814.89426851273  850.9155
6818.34625649452  861.5676
6821.79824447632  893.4697
6825.25023245811  858.4297
6828.70222043991  791.4724
6832.15420842171  804.8958
6835.6061964035  821.8848
6839.0581843853  890.7589
6842.5101723671  879.0543
6845.96216034889  830.2308
6849.41414833069  717.2329
6852.86613631248  828.6579
6856.31812429428  811.9247
6859.77011227608  755.3092
6863.22210025787  630.3904
6866.67408823967  753.1262
6870.12607622147  832.5325
6873.57806420326  825.6617
6877.03005218506  560.0533
6880.48204016686  445.4134
6883.93402814865  503.6774
6887.38601613045  644.5173
6890.83800411224  690.3287
6894.28999209404  664.5833
6897.74198007584  666.253
6901.19396805763  672.7701
6904.64595603943  664.9006
6908.09794402122  635.8428
6911.54993200302  617.4594
6915.00191998482  683.0568
6918.45390796661  733.7131
6921.90589594841  728.9977
6925.35788393021  809.6186
6928.809871912  799.2975
6932.2618598938  806.4563
6935.7138478756  711.66
6939.16583585739  675.9239
6942.61782383919  725.2
6946.06981182098  686.0187
6949.52179980278  740.321
6952.97378778458  812.3209
6956.42577576637  812.6783
6959.87776374817  781.0964
6963.32975172997  684.5142
6966.78173971176  575.7786
6970.23372769356  642.1282
6973.68571567535  705.5869
6977.13770365715  676.8608
6980.58969163895  756.3245
6984.04167962074  730.778
6987.49366760254  711.9589
6990.94565558434  653.0273
6994.39764356613  688.926
6997.84963154793  721.2247
7001.30161952972  685.1588
7004.75360751152  621.5892
7008.20559549332  642.5463
7011.65758347511  705.9665
7015.10957145691  748.589
7018.56155943871  667.0949
7022.0135474205  631.9503
7025.4655354023  666.0148
7028.9175233841  689.0488
7032.36951136589  586.5079
7035.82149934769  591.6664
7039.27348732948  624.2228
7042.72547531128  596.2673
7046.17746329308  633.8047
7049.62945127487  610.1821
7053.08143925667  596.8831
7056.53342723847  611.4504
7059.98541522026  576.905
7063.43740320206  542.5941
7066.88939118385  591.4974
7070.34137916565  622.2693
7073.79336714745  542.0803
7077.24535512924  548.8845
7080.69734311104  655.5186
7084.14933109283  711.3855
7087.60131907463  601.0244
7091.05330705643  540.9631
7094.50529503822  638.8439
7097.95728302002  568.0737
7101.40927100182  537.1021
