3851.7490234375  1.462070E-16
3855.65448403359  3.658660E-16
3859.55994462967  7.286975E-16
3863.46540522576  -7.334880E-17
3867.37086582184  -2.043230E-16
3871.27632641793  -9.088118E-19
3875.18178701401  2.149842E-16
3879.0872476101  1.426600E-16
3882.99270820618  2.064577E-16
3886.89816880227  1.254972E-16
3890.80362939835  2.351274E-16
3894.70908999443  3.551268E-16
3898.61455059052  6.021210E-16
3902.5200111866  1.512202E-16
3906.42547178269  2.796694E-16
3910.33093237877  8.156216E-16
3914.23639297486  1.672691E-16
3918.14185357094  3.953601E-16
3922.04731416703  3.165766E-16
3925.95277476311  -2.361794E-17
3929.8582353592  3.066004E-16
3933.76369595528  3.289385E-16
3937.66915655137  4.165738E-16
3941.57461714745  3.637838E-16
3945.48007774353  3.850245E-16
3949.38553833962  4.476724E-16
3953.2909989357  1.176967E-16
3957.19645953179  7.304902E-17
3961.10192012787  4.052764E-16
3965.00738072396  5.177104E-16
3968.91284132004  4.267538E-16
3972.81830191613  4.087012E-16
3976.72376251221  4.063876E-16
3980.6292231083  1.376643E-16
3984.53468370438  4.242317E-16
3988.44014430046  5.576910E-16
3992.34560489655  3.371818E-16
3996.25106549263  2.738933E-16
4000.15652608872  4.680744E-16
4004.0619866848  5.677198E-16
4007.96744728089  5.801999E-16
4011.87290787697  5.407554E-16
4015.77836847306  6.485052E-16
4019.68382906914  6.684044E-16
4023.58928966523  7.460955E-16
4027.49475026131  7.821934E-16
4031.4002108574  6.216846E-16
4035.30567145348  7.117398E-16
4039.21113204957  6.221764E-16
4043.11659264565  7.257866E-16
4047.02205324173  6.743454E-16
4050.92751383782  4.458738E-16
4054.8329744339  6.847718E-16
4058.73843502999  9.175940E-16
4062.64389562607  8.230747E-16
4066.54935622216  2.085915E-16
4070.45481681824  3.026987E-16
4074.36027741433  7.072887E-16
4078.26573801041  6.547118E-16
4082.1711986065  6.796465E-16
4086.07665920258  5.552503E-16
4089.98211979866  4.580323E-16
4093.88758039475  5.059614E-16
4097.79304099083  4.226819E-16
4101.69850158692  4.654666E-16
4105.603962183  5.051922E-16
4109.50942277909  3.964696E-16
4113.41488337517  3.741421E-16
4117.32034397126  5.472391E-16
4121.22580456734  5.459650E-16
4125.13126516343  3.068242E-16
4129.03672575951  4.045186E-16
4132.9421863556  4.728426E-16
4136.84764695168  4.063605E-16
4140.75310754776  1.567321E-16
4144.65856814385  4.777012E-16
4148.56402873993  5.699982E-16
4152.46948933602  3.192789E-16
4156.3749499321  2.684642E-16
4160.28041052819  3.242193E-16
4164.18587112427  3.913261E-16
4168.09133172036  3.905718E-16
4171.99679231644  4.544540E-16
4175.90225291253  5.920735E-16
4179.80771350861  5.750509E-16
4183.71317410469  3.633174E-16
4187.61863470078  4.102596E-16
4191.52409529686  7.463002E-16
4195.42955589295  4.974187E-16
4199.33501648903  4.250916E-16
4203.24047708512  5.256527E-16
4207.1459376812  4.415505E-16
4211.05139827729  4.440888E-16
4214.95685887337  3.281051E-16
4218.86231946946  2.314945E-16
4222.76778006554  3.456010E-16
4226.67324066163  4.506122E-16
4230.57870125771  5.053408E-16
4234.48416185379  2.838495E-16
4238.38962244988  2.698271E-16
4242.29508304596  2.937507E-16
4246.20054364205  4.497659E-16
4250.10600423813  5.010720E-16
4254.01146483422  3.529742E-16
4257.9169254303  4.242779E-16
4261.82238602639  5.115776E-16
4265.72784662247  4.522910E-16
4269.63330721856  3.696533E-16
4273.53876781464  3.449922E-16
4277.44422841073  5.468229E-16
4281.34968900681  4.686588E-16
4285.25514960289  3.534323E-16
4289.16061019898  4.399929E-16
4293.06607079506  3.651803E-16
4296.97153139115  2.899624E-16
4300.87699198723  4.186268E-16
4304.78245258332  5.053360E-16
4308.6879131794  4.838156E-16
4312.59337377549  4.436364E-16
4316.49883437157  4.326298E-16
4320.40429496766  5.306839E-16
4324.30975556374  5.304507E-16
4328.21521615983  3.682962E-16
4332.12067675591  3.212148E-16
4336.02613735199  4.784285E-16
4339.93159794808  5.720604E-16
4343.83705854416  4.814280E-16
4347.74251914025  4.933715E-16
4351.64797973633  4.517073E-16
4355.55344033242  3.466413E-16
4359.4589009285  3.651764E-16
4363.36436152459  7.424297E-17
4367.26982212067  1.444254E-16
4371.17528271676  2.478921E-16
4375.08074331284  2.464520E-16
4378.98620390892  1.052702E-16
4382.89166450501  3.306661E-16
4386.79712510109  2.987902E-16
4390.70258569718  2.733714E-16
4394.60804629326  4.537408E-16
4398.51350688935  3.622168E-16
4402.41896748543  2.105416E-16
4406.32442808152  3.256217E-16
4410.2298886776  5.220031E-16
4414.13534927369  4.753330E-16
4418.04080986977  4.345515E-16
4421.94627046586  2.841226E-16
4425.85173106194  2.220677E-16
4429.75719165802  4.263712E-16
4433.66265225411  3.063401E-16
4437.56811285019  3.433449E-16
4441.47357344628  2.368363E-16
4445.37903404236  3.985397E-16
4449.28449463845  1.818580E-16
4453.18995523453  2.460782E-16
4457.09541583062  1.873986E-16
4461.0008764267  3.373929E-16
4464.90633702279  2.714083E-16
4468.81179761887  2.285342E-16
4472.71725821495  2.741674E-16
4476.62271881104  2.347134E-16
4480.52817940712  1.387291E-16
4484.43364000321  2.567555E-16
4488.33910059929  2.788113E-16
4492.24456119538  4.236999E-16
4496.15002179146  4.559920E-16
4500.05548238755  2.565916E-16
4503.96094298363  2.453866E-16
4507.86640357972  2.717317E-16
4511.7718641758  3.458062E-16
4515.67732477189  4.032844E-16
4519.58278536797  4.796409E-16
4523.48824596405  4.933033E-16
4527.39370656014  4.864628E-16
4531.29916715622  5.223350E-16
4535.20462775231  3.618530E-16
4539.11008834839  1.356262E-16
4543.01554894448  2.434212E-16
4546.92100954056  4.444628E-16
4550.82647013665  5.228148E-16
4554.73193073273  5.091103E-16
4558.63739132882  2.903647E-16
4562.5428519249  2.493753E-16
4566.44831252099  4.630127E-16
4570.35377311707  6.126745E-16
4574.25923371315  5.806438E-16
4578.16469430924  5.768133E-16
4582.07015490532  6.130741E-16
4585.97561550141  5.905720E-16
4589.88107609749  5.918237E-16
4593.78653669358  6.637096E-16
4597.69199728966  6.766701E-16
4601.59745788575  6.625104E-16
4605.50291848183  5.630496E-16
4609.40837907792  5.055777E-16
4613.313839674  6.644095E-16
4617.21930027008  8.364112E-16
4621.12476086617  5.330821E-16
4625.03022146225  5.822689E-16
4628.93568205834  7.281273E-16
4632.84114265442  6.665771E-16
4636.74660325051  7.327115E-16
4640.65206384659  5.053546E-16
4644.55752444268  6.889536E-16
4648.46298503876  6.033212E-16
4652.36844563485  6.258640E-16
4656.27390623093  5.414635E-16
4660.17936682702  7.801774E-16
4664.0848274231  7.123452E-16
4667.99028801918  7.593976E-16
4671.89574861527  7.213794E-16
4675.80120921135  5.845329E-16
4679.70666980744  5.311851E-16
4683.61213040352  3.555914E-16
4687.51759099961  5.095532E-16
4691.42305159569  4.718700E-16
4695.32851219178  4.685595E-16
4699.23397278786  5.238917E-16
4703.13943338395  5.314048E-16
4707.04489398003  4.483680E-16
4710.95035457611  6.429060E-16
4714.8558151722  3.720092E-16
4718.76127576828  3.395813E-16
4722.66673636437  5.897742E-16
4726.57219696045  7.500203E-16
4730.47765755654  6.448262E-16
4734.38311815262  3.079937E-16
4738.28857874871  4.127543E-16
4742.19403934479  6.078991E-16
4746.09949994088  4.561115E-16
4750.00496053696  5.101683E-16
4753.91042113305  5.719954E-16
4757.81588172913  6.219041E-16
4761.72134232521  6.508568E-16
4765.6268029213  4.286532E-16
4769.53226351738  5.502986E-16
4773.43772411347  6.639714E-16
4777.34318470955  4.064752E-16
4781.24864530564  3.805637E-16
4785.15410590172  2.998029E-16
4789.05956649781  4.356130E-16
4792.96502709389  3.512667E-16
4796.87048768998  1.493289E-16
4800.77594828606  2.781100E-16
4804.68140888215  1.643836E-16
4808.58686947823  1.669030E-16
4812.49233007431  3.054869E-16
4816.3977906704  5.580222E-16
4820.30325126648  4.401448E-16
4824.20871186257  2.977741E-16
4828.11417245865  4.559592E-16
4832.01963305474  3.016464E-16
4835.92509365082  4.243924E-16
4839.83055424691  2.818767E-16
4843.73601484299  1.983017E-16
4847.64147543908  4.021750E-16
4851.54693603516  3.828753E-16
4855.45239663125  3.970043E-16
4859.35785722733  3.311049E-16
4863.26331782341  4.281621E-16
4867.1687784195  1.311523E-16
4871.07423901558  1.958450E-16
4874.97969961167  3.122825E-16
4878.88516020775  2.331478E-16
4882.79062080384  2.887708E-16
4886.69608139992  3.133513E-16
4890.60154199601  4.737077E-16
4894.50700259209  2.740142E-16
4898.41246318818  3.301728E-16
4902.31792378426  2.734696E-16
4906.22338438034  3.925031E-16
4910.12884497643  2.274656E-16
4914.03430557252  2.157227E-16
4917.9397661686  2.714447E-16
4921.84522676468  3.467581E-16
4925.75068736077  1.332968E-16
4929.65614795685  9.210625E-17
4933.56160855294  9.896328E-18
4937.46706914902  5.262745E-17
4941.37252974511  2.401775E-16
4945.27799034119  3.871129E-16
4949.18345093728  4.127295E-16
4953.08891153336  3.696825E-16
4956.99437212944  3.786450E-16
4960.89983272553  4.211760E-16
4964.80529332161  2.978649E-16
4968.7107539177  2.601137E-16
4972.61621451378  3.336202E-16
4976.52167510987  2.842352E-16
4980.42713570595  2.876670E-16
4984.33259630204  4.026651E-16
4988.23805689812  1.295934E-16
4992.14351749421  2.045109E-16
4996.04897809029  5.972831E-16
4999.95443868637  4.410711E-16
5003.85989928246  2.485709E-16
5007.76535987855  4.246383E-16
5011.67082047463  2.219241E-16
5015.57628107071  9.584004E-17
5019.4817416668  2.368906E-16
5023.38720226288  2.107337E-16
5027.29266285897  2.343083E-16
5031.19812345505  3.545581E-16
5035.10358405114  3.092259E-16
5039.00904464722  2.912548E-16
5042.91450524331  2.197529E-16
5046.81996583939  1.527528E-16
5050.72542643548  2.308231E-16
5054.63088703156  2.376727E-16
5058.53634762765  2.356326E-16
5062.44180822373  2.802051E-16
5066.34726881981  2.735043E-16
5070.2527294159  2.727082E-16
5074.15819001198  3.248764E-16
5078.06365060807  3.758213E-16
5081.96911120415  3.230098E-16
5085.87457180024  2.658779E-16
5089.78003239632  3.592999E-16
5093.68549299241  3.884435E-16
5097.59095358849  3.819741E-16
5101.49641418457  3.836269E-16
5105.40187478066  3.622316E-16
5109.30733537675  2.964685E-16
5113.21279597283  2.960673E-16
5117.11825656891  3.248955E-16
5121.023717165  2.695236E-16
5124.92917776108  3.330682E-16
5128.83463835717  5.475057E-16
5132.74009895325  4.223881E-16
5136.64555954934  4.204257E-16
5140.55102014542  5.064625E-16
5144.45648074151  6.574676E-16
5148.36194133759  3.637881E-16
5152.26740193368  5.351605E-16
5156.17286252976  4.760098E-16
5160.07832312584  3.526391E-16
5163.98378372193  4.011302E-16
5167.88924431801  3.245158E-16
5171.7947049141  2.859433E-16
5175.70016551018  3.380210E-16
5179.60562610627  3.382716E-16
5183.51108670235  4.453789E-16
5187.41654729844  2.399228E-16
5191.32200789452  1.925442E-16
5195.2274684906  3.036825E-16
5199.13292908669  3.771248E-16
5203.03838968278  3.501325E-16
5206.94385027886  2.822692E-16
5210.84931087495  3.012255E-16
5214.75477147103  3.628541E-16
5218.66023206711  4.238631E-16
5222.5656926632  3.696645E-16
5226.47115325928  3.180287E-16
5230.37661385537  3.878043E-16
5234.28207445145  3.582943E-16
5238.18753504754  4.330076E-16
5242.09299564362  4.961070E-16
5245.99845623971  3.598005E-16
5249.90391683579  3.666243E-16
5253.80937743187  3.967358E-16
5257.71483802796  4.356340E-16
5261.62029862404  3.685516E-16
5265.52575922013  3.736291E-16
5269.43121981621  3.706594E-16
5273.3366804123  3.701630E-16
5277.24214100838  4.209687E-16
5281.14760160447  3.511004E-16
5285.05306220055  3.070944E-16
5288.95852279664  3.844888E-16
5292.86398339272  4.298390E-16
5296.76944398881  3.503245E-16
5300.67490458489  4.027261E-16
5304.58036518098  3.966271E-16
5308.48582577706  3.095363E-16
5312.39128637314  3.785293E-16
5316.29674696923  4.963003E-16
5320.20220756531  3.588096E-16
5324.1076681614  3.552344E-16
5328.01312875748  3.923026E-16
5331.91858935357  3.460125E-16
5335.82404994965  3.682931E-16
5339.72951054574  4.520475E-16
5343.63497114182  4.014133E-16
5347.54043173791  4.161330E-16
5351.44589233399  3.302431E-16
5355.35135293008  4.383872E-16
5359.25681352616  3.928283E-16
5363.16227412224  4.006991E-16
5367.06773471833  3.854172E-16
5370.97319531441  3.574770E-16
5374.8786559105  3.385039E-16
5378.78411650658  4.327969E-16
5382.68957710267  4.086669E-16
5386.59503769875  2.735860E-16
5390.50049829484  2.719727E-16
5394.40595889092  3.221926E-16
5398.31141948701  3.785900E-16
5402.21688008309  2.302005E-16
5406.12234067917  2.775572E-16
5410.02780127526  2.073592E-16
5413.93326187134  1.665088E-16
5417.83872246743  1.835178E-16
5421.74418306351  2.266768E-16
5425.6496436596  3.271253E-16
5429.55510425568  2.989665E-16
5433.46056485177  4.499486E-16
5437.36602544785  3.315479E-16
5441.27148604394  1.857215E-16
5445.17694664002  2.410015E-16
5449.08240723611  3.573672E-16
5452.98786783219  4.173973E-16
5456.89332842827  3.047121E-16
5460.79878902436  3.184555E-16
5464.70424962044  1.847113E-16
5468.60971021653  1.713390E-16
5472.51517081261  2.420748E-16
5476.4206314087  2.711956E-16
5480.32609200478  2.891947E-16
5484.23155260087  2.955719E-16
5488.13701319695  2.906686E-16
5492.04247379304  2.043543E-16
5495.94793438912  2.771373E-16
5499.85339498521  2.892583E-16
5503.75885558129  2.846368E-16
5507.66431617737  3.043726E-16
5511.56977677346  2.159785E-16
5515.47523736954  2.722624E-16
5519.38069796563  3.174403E-16
5523.28615856171  2.874645E-16
5527.1916191578  2.557116E-16
5531.09707975388  2.785889E-16
5535.00254034997  2.284148E-16
5538.90800094605  2.714069E-16
5542.81346154214  2.427072E-16
5546.71892213822  3.414664E-16
5550.6243827343  3.377997E-16
5554.52984333039  3.010050E-16
5558.43530392647  2.640294E-16
5562.34076452256  2.175788E-16
5566.24622511864  3.148297E-16
5570.15168571473  2.488376E-16
5574.05714631081  1.688571E-16
5577.9626069069  2.706152E-16
5581.86806750298  2.450529E-16
5585.77352809907  2.854528E-16
5589.67898869515  3.222818E-16
5593.58444929124  2.631063E-16
5597.48990988732  2.307640E-16
5601.3953704834  1.466354E-16
5605.30083107949  1.624089E-16
5609.20629167557  1.731164E-16
5613.11175227166  1.684694E-16
5617.01721286774  2.065865E-16
5620.92267346383  2.162379E-16
5624.82813405991  2.163514E-16
5628.733594656  1.746975E-16
5632.63905525208  2.336022E-16
5636.54451584817  2.834142E-16
5640.44997644425  2.753838E-16
5644.35543704033  2.430927E-16
5648.26089763642  2.008495E-16
5652.1663582325  2.315160E-16
5656.07181882859  1.699717E-16
5659.97727942467  3.043051E-16
5663.88274002076  3.097959E-16
5667.78820061684  2.789990E-16
5671.69366121293  1.853730E-16
5675.59912180901  2.450750E-16
5679.5045824051  4.893746E-16
5683.41004300118  3.593124E-16
5687.31550359727  2.955917E-16
5691.22096419335  3.869416E-16
5695.12642478943  2.899899E-16
5699.03188538552  2.350475E-16
5702.9373459816  1.789137E-16
5706.84280657769  2.579933E-16
5710.74826717377  3.285210E-16
5714.65372776986  3.188831E-16
5718.55918836594  3.344668E-16
5722.46464896203  3.369087E-16
5726.37010955811  2.880920E-16
5730.2755701542  1.994405E-16
5734.18103075028  2.770887E-16
5738.08649134636  3.296469E-16
5741.99195194245  3.254396E-16
5745.89741253853  2.991073E-16
5749.80287313462  2.366162E-16
5753.7083337307  3.400844E-16
5757.61379432679  3.478549E-16
5761.51925492287  2.724774E-16
5765.42471551896  2.471614E-16
5769.33017611504  2.374296E-16
5773.23563671113  2.495288E-16
5777.14109730721  2.682241E-16
5781.0465579033  3.662333E-16
5784.95201849938  2.442034E-16
5788.85747909547  3.002987E-16
5792.76293969155  1.498220E-16
5796.66840028763  1.836192E-16
5800.57386088372  2.816190E-16
5804.4793214798  1.892388E-16
5808.38478207589  2.006603E-16
5812.29024267197  2.843388E-16
5816.19570326806  2.841903E-16
5820.10116386414  3.789760E-16
5824.00662446023  2.935605E-16
5827.91208505631  1.749091E-16
5831.8175456524  2.632489E-16
5835.72300624848  3.205958E-16
5839.62846684456  2.786345E-16
5843.53392744065  2.334992E-16
5847.43938803673  2.786007E-16
5851.34484863282  2.595714E-16
5855.2503092289  3.479917E-16
5859.15576982499  3.114037E-16
5863.06123042107  3.296573E-16
5866.96669101716  4.099886E-16
5870.87215161324  3.106334E-16
5874.77761220933  1.960034E-16
5878.68307280541  1.350647E-16
5882.5885334015  2.396602E-16
5886.49399399758  1.376651E-16
5890.39945459366  1.750575E-16
5894.30491518975  2.009047E-16
5898.21037578583  1.757820E-16
5902.11583638192  2.174509E-16
5906.021296978  2.789875E-16
5909.92675757409  2.624757E-16
5913.83221817017  1.930807E-16
5917.73767876626  1.928611E-16
5921.64313936234  1.290355E-16
5925.54859995843  1.311760E-16
5929.45406055451  2.492480E-16
5933.35952115059  2.126368E-16
5937.26498174668  1.829474E-16
5941.17044234276  1.565341E-16
5945.07590293885  2.973344E-16
5948.98136353493  2.898410E-16
5952.88682413102  2.326104E-16
5956.7922847271  2.291126E-16
5960.69774532319  2.059136E-16
5964.60320591927  2.937188E-16
5968.50866651536  2.383617E-16
5972.41412711144  2.670422E-16
5976.31958770753  2.108166E-16
5980.22504830361  2.519176E-16
5984.13050889969  2.385191E-16
5988.03596949578  1.960980E-16
5991.94143009186  2.478361E-16
5995.84689068795  1.950919E-16
5999.75235128403  9.879117E-17
6003.65781188012  2.000404E-16
6007.5632724762  2.639033E-16
6011.46873307229  2.284708E-16
6015.37419366837  2.491012E-16
6019.27965426446  2.960359E-16
6023.18511486054  2.741660E-16
6027.09057545663  2.422997E-16
6030.99603605271  3.084440E-16
6034.90149664879  2.950416E-16
6038.80695724488  3.516727E-16
6042.71241784096  3.290830E-16
6046.61787843705  2.874192E-16
6050.52333903313  3.107363E-16
6054.42879962922  3.098215E-16
6058.3342602253  3.207308E-16
6062.23972082139  3.155718E-16
6066.14518141747  2.835702E-16
6070.05064201356  2.851641E-16
6073.95610260964  2.594053E-16
6077.86156320572  3.024735E-16
6081.76702380181  3.887501E-16
6085.67248439789  3.386694E-16
6089.57794499398  3.224766E-16
6093.48340559006  3.688935E-16
6097.38886618615  3.261996E-16
6101.29432678223  2.972651E-16
6105.19978737832  2.907119E-16
6109.1052479744  2.566099E-16
6113.01070857049  2.522793E-16
6116.91616916657  3.743411E-16
6120.82162976266  3.236071E-16
6124.72709035874  1.935835E-16
6128.63255095482  3.413526E-16
6132.53801155091  3.488957E-16
6136.44347214699  2.354758E-16
6140.34893274308  3.122678E-16
6144.25439333916  2.865199E-16
6148.15985393525  2.963566E-16
6152.06531453133  3.177028E-16
6155.97077512742  3.358492E-16
6159.8762357235  2.171738E-16
6163.78169631959  1.866014E-16
6167.68715691567  3.262770E-16
6171.59261751175  1.958211E-16
6175.49807810784  2.579022E-16
6179.40353870393  3.354290E-16
6183.30899930001  2.292576E-16
6187.21445989609  1.331444E-16
6191.11992049218  1.213135E-16
6195.02538108826  2.740771E-16
6198.93084168435  1.974655E-16
6202.83630228043  8.218974E-17
6206.74176287652  1.519915E-16
6210.6472234726  1.140532E-16
6214.55268406869  2.073205E-16
6218.45814466477  2.529016E-16
6222.36360526085  9.777381E-17
6226.26906585694  1.069344E-16
6230.17452645302  1.214425E-16
6234.07998704911  1.571436E-16
6237.98544764519  5.817287E-17
6241.89090824128  4.219926E-17
6245.79636883736  6.802512E-17
6249.70182943345  8.079173E-17
6253.60729002953  7.730164E-17
6257.51275062562  8.921572E-17
6261.4182112217  6.270285E-17
6265.32367181778  3.673584E-17
6269.22913241387  7.907081E-17
6273.13459300996  5.415943E-17
6277.04005360604  6.965607E-17
6280.94551420212  6.671816E-17
6284.85097479821  1.194458E-16
6288.75643539429  6.705397E-17
6292.66189599038  2.493608E-17
6296.56735658646  1.048842E-16
6300.47281718255  -5.275777E-19
6304.37827777863  7.102701E-17
6308.28373837472  9.039265E-17
6312.1891989708  9.976623E-17
6316.09465956688  1.168473E-16
6320.00012016297  5.817374E-17
6323.90558075905  3.611284E-17
6327.81104135514  6.958221E-17
6331.71650195122  9.189940E-17
6335.62196254731  8.293586E-17
6339.52742314339  1.601942E-16
6343.43288373948  1.244361E-16
6347.33834433556  5.448235E-17
6351.24380493165  8.516374E-17
6355.14926552773  7.275120E-17
6359.05472612382  8.947206E-17
6362.9601867199  1.194236E-16
6366.86564731598  1.161266E-16
6370.77110791207  1.566860E-16
6374.67656850815  1.782240E-16
6378.58202910424  2.084432E-16
6382.48748970032  1.802791E-16
6386.39295029641  1.819189E-16
6390.29841089249  2.386264E-16
6394.20387148858  1.898556E-16
6398.10933208466  2.000416E-16
6402.01479268075  2.466031E-16
6405.92025327683  2.075755E-16
6409.82571387292  1.800794E-16
6413.731174469  1.915365E-16
6417.63663506509  1.989783E-16
6421.54209566117  1.955995E-16
6425.44755625725  2.618658E-16
6429.35301685334  2.440748E-16
6433.25847744942  2.148239E-16
6437.16393804551  1.984812E-16
6441.06939864159  1.849767E-16
6444.97485923768  2.127473E-16
6448.88031983376  2.485612E-16
6452.78578042985  2.645685E-16
6456.69124102593  2.366831E-16
6460.59670162201  2.527494E-16
6464.5021622181  2.291409E-16
6468.40762281418  1.850024E-16
6472.31308341027  2.362617E-16
6476.21854400635  3.041070E-16
6480.12400460244  2.437412E-16
6484.02946519852  2.391096E-16
6487.93492579461  2.315608E-16
6491.84038639069  2.732354E-16
6495.74584698678  2.760773E-16
6499.65130758286  2.435628E-16
6503.55676817894  2.707879E-16
6507.46222877503  2.268718E-16
6511.36768937112  2.632852E-16
6515.2731499672  2.798691E-16
6519.17861056328  2.044307E-16
6523.08407115937  1.768454E-16
6526.98953175545  2.165621E-16
6530.89499235154  2.246988E-16
6534.80045294762  2.347910E-16
6538.70591354371  1.964725E-16
6542.61137413979  2.419491E-16
6546.51683473588  2.536690E-16
6550.42229533196  2.798662E-16
6554.32775592805  2.954064E-16
6558.23321652413  2.353813E-16
6562.13867712021  2.414078E-16
6566.0441377163  2.183590E-16
6569.94959831238  2.630348E-16
6573.85505890847  2.173766E-16
6577.76051950455  2.331147E-16
6581.66598010064  2.445348E-16
6585.57144069672  2.480732E-16
6589.47690129281  2.769340E-16
6593.38236188889  2.956225E-16
6597.28782248498  2.512787E-16
6601.19328308106  2.661290E-16
6605.09874367714  2.396706E-16
6609.00420427323  2.046365E-16
6612.90966486932  2.548781E-16
6616.8151254654  2.525455E-16
6620.72058606148  2.798402E-16
6624.62604665757  2.929078E-16
6628.53150725365  2.483589E-16
6632.43696784974  2.364241E-16
6636.34242844582  1.732471E-16
6640.24788904191  1.767697E-16
6644.15334963799  1.903591E-16
6648.05881023408  2.242539E-16
6651.96427083016  2.778254E-16
6655.86973142625  3.142542E-16
6659.77519202233  2.642402E-16
6663.68065261841  1.839372E-16
6667.5861132145  2.245087E-16
6671.49157381058  2.527857E-16
6675.39703440667  2.339924E-16
6679.30249500275  2.471171E-16
6683.20795559884  2.598595E-16
6687.11341619492  2.146719E-16
6691.01887679101  1.653456E-16
6694.92433738709  2.331759E-16
6698.82979798317  1.782976E-16
6702.73525857926  2.035998E-16
6706.64071917534  2.273783E-16
6710.54617977143  2.446194E-16
6714.45164036751  2.083172E-16
6718.3571009636  2.427969E-16
6722.26256155968  2.016556E-16
6726.16802215577  1.582971E-16
6730.07348275185  1.773161E-16
6733.97894334794  1.920496E-16
6737.88440394402  2.267191E-16
6741.78986454011  1.863328E-16
6745.69532513619  1.774894E-16
6749.60078573228  1.732412E-16
6753.50624632836  1.485098E-16
6757.41170692444  1.742630E-16
6761.31716752053  1.758090E-16
6765.22262811661  1.959237E-16
6769.1280887127  1.805989E-16
6773.03354930878  2.245881E-16
6776.93900990487  2.446560E-16
6780.84447050095  2.003657E-16
6784.74993109704  1.970263E-16
6788.65539169312  1.651828E-16
6792.5608522892  1.839893E-16
6796.46631288529  1.914758E-16
6800.37177348138  2.010282E-16
6804.27723407746  2.180642E-16
6808.18269467355  1.914486E-16
6812.08815526963  1.920464E-16
6815.99361586571  2.349770E-16
6819.8990764618  1.948658E-16
6823.80453705788  2.070771E-16
6827.70999765397  1.783957E-16
6831.61545825005  1.763420E-16
6835.52091884614  1.646800E-16
6839.42637944222  1.224931E-16
6843.33184003831  1.000015E-16
6847.23730063439  1.047956E-16
6851.14276123047  1.361726E-16
6855.04822182656  1.334906E-16
6858.95368242264  1.349617E-16
6862.85914301873  1.490009E-16
6866.76460361481  1.108192E-16
6870.6700642109  1.324820E-16
6874.57552480698  1.447829E-16
6878.48098540307  6.542473E-17
6882.38644599915  1.250881E-16
6886.29190659524  1.270693E-16
6890.19736719132  1.592382E-16
6894.1028277874  1.643715E-16
6898.00828838349  1.438188E-16
6901.91374897957  1.668521E-16
6905.81920957566  1.534449E-16
6909.72467017174  1.359348E-16
