3851.7490234375  1.086809E-15
3855.65448395594  1.302261E-15
3859.55994447438  1.608262E-15
3863.46540499282  3.016138E-15
3867.37086551126  4.920243E-15
3871.2763260297  4.468908E-15
3875.18178654814  3.097640E-15
3879.08724706657  1.985295E-15
3882.99270758501  1.359939E-15
3886.89816810345  2.180760E-15
3890.80362862189  3.009376E-15
3894.70908914033  2.466919E-15
3898.61454965877  1.795842E-15
3902.52001017721  1.662242E-15
3906.42547069565  1.468302E-15
3910.33093121408  1.328583E-15
3914.23639173252  1.504043E-15
3918.14185225096  1.715924E-15
3922.0473127694  1.713483E-15
3925.95277328784  1.425874E-15
3929.85823380628  1.335092E-15
3933.76369432472  1.213175E-15
3937.66915484316  1.362390E-15
3941.5746153616  1.623173E-15
3945.48007588003  9.944378E-16
3949.38553639847  1.400742E-15
3953.29099691691  1.364571E-15
3957.19645743535  1.035523E-15
3961.10191795379  1.156719E-15
3965.00737847223  1.434839E-15
3968.91283899067  2.718702E-15
3972.81829950911  3.173328E-15
3976.72376002754  2.963002E-15
3980.62922054598  2.644674E-15
3984.53468106442  1.896462E-15
3988.44014158286  1.316094E-15
3992.3456021013  1.367351E-15
3996.25106261974  1.734196E-15
4000.15652313818  1.361042E-15
4004.06198365661  1.227000E-15
4007.96744417505  1.482155E-15
4011.87290469349  1.451092E-15
4015.77836521193  1.318742E-15
4019.68382573037  1.286620E-15
4023.58928624881  1.311319E-15
4027.49474676725  1.254146E-15
4031.40020728569  1.434284E-15
4035.30566780412  1.533479E-15
4039.21112832256  1.534049E-15
4043.116588841  1.582095E-15
4047.02204935944  1.586978E-15
4050.92750987788  1.604139E-15
4054.83297039632  1.442393E-15
4058.73843091476  1.184422E-15
4062.6438914332  6.893543E-16
4066.54935195163  8.726381E-16
4070.45481247007  1.450852E-15
4074.36027298851  1.478503E-15
4078.26573350695  1.422898E-15
4082.17119402539  1.108773E-15
4086.07665454383  1.402157E-15
4089.98211506227  1.463566E-15
4093.8875755807  1.096015E-15
4097.79303609914  1.241367E-15
4101.69849661758  1.864447E-15
4105.60395713602  2.915664E-15
4109.50941765446  3.558311E-15
4113.4148781729  3.451344E-15
4117.32033869134  2.931437E-15
4121.22579920978  1.730673E-15
4125.13125972821  1.205084E-15
4129.03672024665  1.189865E-15
4132.94218076509  9.920388E-16
4136.84764128353  1.153487E-15
4140.75310180197  1.101141E-15
4144.65856232041  1.316528E-15
4148.56402283885  1.489106E-15
4152.46948335729  1.476882E-15
4156.37494387572  1.403489E-15
4160.28040439416  1.443830E-15
4164.1858649126  1.429526E-15
4168.09132543104  1.389654E-15
4171.99678594948  1.302212E-15
4175.90224646792  1.230795E-15
4179.80770698636  1.120007E-15
4183.7131675048  1.356295E-15
4187.61862802323  1.267224E-15
4191.52408854167  1.207923E-15
4195.42954906011  1.256939E-15
4199.33500957855  1.318369E-15
4203.24047009699  1.469314E-15
4207.14593061543  1.393335E-15
4211.05139113387  1.345970E-15
4214.95685165231  1.178739E-15
4218.86231217074  1.147362E-15
4222.76777268918  1.441699E-15
4226.67323320762  1.314178E-15
4230.57869372606  1.370788E-15
4234.4841542445  1.423474E-15
4238.38961476294  1.597605E-15
4242.29507528138  1.564150E-15
4246.20053579981  1.305549E-15
4250.10599631825  1.241161E-15
4254.01145683669  1.348831E-15
4257.91691735513  1.096943E-15
4261.82237787357  1.243003E-15
4265.72783839201  1.483924E-15
4269.63329891045  1.373577E-15
4273.53875942889  1.415582E-15
4277.44421994732  1.326659E-15
4281.34968046576  1.278961E-15
4285.2551409842  1.426293E-15
4289.16060150264  1.381205E-15
4293.06606202108  1.472173E-15
4296.97152253952  1.436092E-15
4300.87698305796  1.321959E-15
4304.78244357639  1.299667E-15
4308.68790409483  1.251693E-15
4312.59336461327  1.277864E-15
4316.49882513171  1.278648E-15
4320.40428565015  1.302896E-15
4324.30974616859  1.179956E-15
4328.21520668703  1.142597E-15
4332.12066720547  1.375769E-15
4336.02612772391  1.485797E-15
4339.93158824234  1.406664E-15
4343.83704876078  2.641960E-15
4347.74250927922  5.342246E-15
4351.64796979766  6.344468E-15
4355.5534303161  5.858551E-15
4359.45889083454  4.852107E-15
4363.36435135298  2.723746E-15
4367.26981187141  1.949130E-15
4371.17527238985  1.637175E-15
4375.08073290829  1.349074E-15
4378.98619342673  1.815610E-15
4382.89165394517  1.816391E-15
4386.79711446361  1.394108E-15
4390.70257498205  1.197129E-15
4394.60803550049  1.284100E-15
4398.51349601892  1.397919E-15
4402.41895653736  1.496649E-15
4406.3244170558  1.049501E-15
4410.22987757424  1.215848E-15
4414.13533809268  1.291113E-15
4418.04079861112  1.308056E-15
4421.94625912956  1.595542E-15
4425.851719648  1.174463E-15
4429.75718016643  1.592094E-15
4433.66264068487  1.580592E-15
4437.56810120331  1.467428E-15
4441.47356172175  1.300602E-15
4445.37902224019  1.267940E-15
4449.28448275863  1.289527E-15
4453.18994327707  1.268772E-15
4457.0954037955  1.144344E-15
4461.00086431394  1.541959E-15
4464.90632483238  1.713363E-15
4468.81178535082  1.574843E-15
4472.71724586926  1.714136E-15
4476.6227063877  1.904568E-15
4480.52816690614  1.954929E-15
4484.43362742458  1.672682E-15
4488.33908794301  1.810022E-15
4492.24454846145  1.622645E-15
4496.15000897989  1.455834E-15
4500.05546949833  1.324439E-15
4503.96093001677  1.286257E-15
4507.86639053521  1.425319E-15
4511.77185105365  1.324725E-15
4515.67731157209  1.499371E-15
4519.58277209052  1.799399E-15
4523.48823260896  1.684713E-15
4527.3936931274  1.570320E-15
4531.29915364584  1.530880E-15
4535.20461416428  1.360604E-15
4539.11007468272  1.467004E-15
4543.01553520116  1.436768E-15
4546.9209957196  1.427332E-15
4550.82645623803  1.234946E-15
4554.73191675647  1.218287E-15
4558.63737727491  1.415773E-15
4562.54283779335  1.266035E-15
4566.44829831179  1.349019E-15
4570.35375883023  1.408778E-15
4574.25921934867  1.390209E-15
4578.16467986711  1.478757E-15
4582.07014038554  1.408006E-15
4585.97560090398  1.285046E-15
4589.88106142242  1.357247E-15
4593.78652194086  1.171726E-15
4597.6919824593  1.241872E-15
4601.59744297774  1.339865E-15
4605.50290349618  1.371583E-15
4609.40836401461  1.450826E-15
4613.31382453305  1.351987E-15
4617.21928505149  1.356628E-15
4621.12474556993  1.305438E-15
4625.03020608837  1.315273E-15
4628.93566660681  1.277893E-15
4632.84112712525  1.341664E-15
4636.74658764369  1.257703E-15
4640.65204816212  1.249858E-15
4644.55750868056  1.428739E-15
4648.462969199  1.258456E-15
4652.36842971744  1.232880E-15
4656.27389023588  1.264847E-15
4660.17935075432  1.341611E-15
4664.08481127276  1.445613E-15
4667.9902717912  1.382230E-15
4671.89573230963  1.458581E-15
4675.80119282807  1.444356E-15
4679.70665334651  1.328441E-15
4683.61211386495  1.420942E-15
4687.51757438339  1.410059E-15
4691.42303490183  1.255099E-15
4695.32849542027  1.409974E-15
4699.2339559387  1.398642E-15
4703.13941645714  1.291328E-15
4707.04487697558  1.300445E-15
4710.95033749402  1.352431E-15
4714.85579801246  1.249520E-15
4718.7612585309  1.429730E-15
4722.66671904934  1.431418E-15
4726.57217956778  1.344283E-15
4730.47764008622  1.309828E-15
4734.38310060465  1.257889E-15
4738.28856112309  1.276285E-15
4742.19402164153  1.290565E-15
4746.09948215997  1.218189E-15
4750.00494267841  1.339530E-15
4753.91040319685  1.206604E-15
4757.81586371529  1.106470E-15
4761.72132423372  1.296018E-15
4765.62678475216  1.235043E-15
4769.5322452706  1.151250E-15
4773.43770578904  1.209349E-15
4777.34316630748  1.210243E-15
4781.24862682592  1.189407E-15
4785.15408734436  1.213734E-15
4789.0595478628  1.115331E-15
4792.96500838123  1.098401E-15
4796.87046889967  1.075774E-15
4800.77592941811  1.076667E-15
4804.68138993655  1.166518E-15
4808.58685045499  1.162992E-15
4812.49231097343  1.122706E-15
4816.39777149187  1.176925E-15
4820.30323201031  1.171630E-15
4824.20869252874  1.139026E-15
4828.11415304718  1.043905E-15
4832.01961356562  1.068875E-15
4835.92507408406  1.095090E-15
4839.8305346025  8.827414E-16
4843.73599512094  1.059091E-15
4847.64145563938  1.147538E-15
4851.54691615781  1.132453E-15
4855.45237667625  1.106820E-15
4859.35783719469  1.161809E-15
4863.26329771313  2.765898E-15
4867.16875823157  9.727735E-15
4871.07421875001  1.327019E-14
4874.97967926845  1.262190E-14
4878.88513978689  8.817180E-15
4882.79060030533  3.154720E-15
4886.69606082376  1.270983E-15
4890.6015213422  1.274277E-15
4894.50698186064  1.186334E-15
4898.41244237908  1.140382E-15
4902.31790289752  1.074313E-15
4906.22336341596  1.095735E-15
4910.1288239344  1.108365E-15
4914.03428445283  1.217386E-15
4917.93974497127  1.113525E-15
4921.84520548971  1.104451E-15
4925.75066600815  1.239123E-15
4929.65612652659  1.319220E-15
4933.56158704503  1.173178E-15
4937.46704756347  1.219611E-15
4941.37250808191  1.295332E-15
4945.27796860034  1.057949E-15
4949.18342911878  1.111763E-15
4953.08888963722  1.226476E-15
4956.99435015566  9.918908E-16
4960.8998106741  4.793509E-15
4964.80527119254  1.610385E-14
4968.71073171098  2.265149E-14
4972.61619222942  2.080803E-14
4976.52165274785  1.443869E-14
4980.42711326629  5.009867E-15
4984.33257378473  1.317863E-15
4988.23803430317  1.402113E-15
4992.14349482161  1.273262E-15
4996.04895534005  1.232964E-15
4999.95441585849  1.408886E-15
5003.85987637693  1.434493E-15
5007.76533689536  4.252901E-15
5011.6707974138  3.902728E-14
5015.57625793224  6.573754E-14
5019.48171845068  6.283102E-14
5023.38717896912  5.268363E-14
5027.29263948756  2.118418E-14
5031.198100006  2.055268E-15
5035.10356052444  1.527269E-15
5039.00902104287  1.644651E-15
5042.91448156131  1.602755E-15
5046.81994207975  1.467518E-15
5050.72540259819  1.535616E-15
5054.63086311663  1.181831E-15
5058.53632363507  1.160260E-15
5062.44178415351  1.207834E-15
5066.34724467194  1.168026E-15
5070.25270519038  1.005766E-15
5074.15816570882  1.110032E-15
5078.06362622726  1.222679E-15
5081.9690867457  1.186354E-15
5085.87454726414  1.271883E-15
5089.78000778258  1.247691E-15
5093.68546830102  1.064870E-15
5097.59092881945  1.088427E-15
5101.49638933789  1.120035E-15
5105.40184985633  1.146568E-15
5109.30731037477  1.074905E-15
5113.21277089321  1.063730E-15
5117.11823141165  9.168233E-16
5121.02369193009  9.437247E-16
5124.92915244853  1.002016E-15
5128.83461296696  9.777056E-16
5132.7400734854  1.000583E-15
5136.64553400384  1.009089E-15
5140.55099452228  1.128605E-15
5144.45645504072  1.093013E-15
5148.36191555916  1.192114E-15
5152.2673760776  1.180132E-15
5156.17283659604  1.174848E-15
5160.07829711448  1.102558E-15
5163.98375763291  9.286479E-16
5167.88921815135  1.106303E-15
5171.79467866979  1.117820E-15
5175.70013918823  9.781221E-16
5179.60559970667  1.058321E-15
5183.51106022511  1.082084E-15
5187.41652074355  1.030423E-15
5191.32198126198  9.662195E-16
5195.22744178042  1.020604E-15
5199.13290229886  9.408161E-16
5203.0383628173  1.055537E-15
5206.94382333574  1.129740E-15
5210.84928385418  1.071330E-15
5214.75474437262  1.025937E-15
5218.66020489106  1.045310E-15
5222.56566540949  9.582965E-16
5226.47112592793  1.049781E-15
5230.37658644637  1.061502E-15
5234.28204696481  1.071155E-15
5238.18750748325  1.093842E-15
5242.09296800169  1.051411E-15
5245.99842852013  1.003831E-15
5249.90388903857  1.031709E-15
5253.809349557  1.159358E-15
5257.71481007544  1.131040E-15
5261.62027059388  1.103015E-15
5265.52573111232  1.049956E-15
5269.43119163076  1.052432E-15
5273.3366521492  9.445936E-16
5277.24211266764  8.489071E-16
5281.14757318607  1.025743E-15
5285.05303370451  1.108789E-15
5288.95849422295  1.073847E-15
5292.86395474139  1.051777E-15
5296.76941525983  1.059495E-15
5300.67487577827  1.002025E-15
5304.58033629671  1.015642E-15
5308.48579681514  9.949551E-16
5312.39125733358  9.901030E-16
5316.29671785202  1.118970E-15
5320.20217837046  1.188480E-15
5324.1076388889  1.129411E-15
5328.01309940734  1.005147E-15
5331.91855992578  9.281577E-16
5335.82402044422  1.065085E-15
5339.72948096266  1.047072E-15
5343.63494148109  9.592561E-16
5347.54040199953  9.681212E-16
5351.44586251797  1.011564E-15
5355.35132303641  1.007304E-15
5359.25678355485  8.969833E-16
5363.16224407329  8.839174E-16
5367.06770459173  9.090283E-16
5370.97316511017  1.037267E-15
5374.8786256286  1.060091E-15
5378.78408614704  1.040803E-15
5382.68954666548  1.054332E-15
5386.59500718392  9.394673E-16
5390.50046770236  9.912289E-16
5394.4059282208  1.109447E-15
5398.31138873924  1.038292E-15
5402.21684925767  1.113411E-15
5406.12230977611  1.070442E-15
5410.02777029455  9.619796E-16
5413.93323081299  9.947338E-16
5417.83869133143  1.132007E-15
5421.74415184987  1.143283E-15
5425.64961236831  9.434705E-16
5429.55507288675  1.017450E-15
5433.46053340519  1.150506E-15
5437.36599392362  1.115106E-15
5441.27145444206  1.070528E-15
5445.1769149605  1.099679E-15
5449.08237547894  9.930973E-16
5452.98783599738  1.218413E-15
5456.89329651582  1.311432E-15
5460.79875703426  1.021835E-15
5464.70421755269  1.188488E-15
5468.60967807113  1.038822E-15
5472.51513858957  8.373020E-16
5476.42059910801  9.374455E-16
5480.32605962645  9.309714E-16
5484.23152014489  9.770546E-16
5488.13698066333  1.122157E-15
5492.04244118176  1.043930E-15
5495.9479017002  1.100655E-15
5499.85336221864  1.111661E-15
5503.75882273708  1.065729E-15
5507.66428325552  1.031501E-15
5511.56974377396  1.026817E-15
5515.4752042924  9.175495E-16
5519.38066481084  9.757419E-16
5523.28612532927  1.028336E-15
5527.19158584771  8.936200E-16
5531.09704636615  9.909168E-16
5535.00250688459  9.854751E-16
5538.90796740303  9.928363E-16
5542.81342792147  1.014103E-15
5546.71888843991  1.043612E-15
5550.62434895835  9.853705E-16
5554.52980947678  9.944514E-16
5558.43526999522  9.701840E-16
5562.34073051366  1.048403E-15
5566.2461910321  1.011029E-15
5570.15165155054  1.079004E-15
5574.05711206898  1.191745E-15
5577.96257258742  9.970207E-16
5581.86803310586  1.204803E-15
5585.7734936243  1.058379E-15
5589.67895414273  9.861144E-16
5593.58441466117  9.788609E-16
5597.48987517961  1.032378E-15
5601.39533569805  1.064824E-15
5605.30079621649  9.452482E-16
5609.20625673493  1.010525E-15
5613.11171725337  1.053714E-15
5617.0171777718  9.982366E-16
5620.92263829024  1.065387E-15
5624.82809880868  9.507255E-16
5628.73355932712  1.058761E-15
5632.63901984556  9.841315E-16
5636.544480364  7.148853E-16
5640.44994088244  6.872409E-16
5644.35540140087  8.329810E-16
5648.26086191931  8.399759E-16
5652.16632243775  7.881385E-16
5656.07178295619  8.119612E-16
5659.97724347463  8.714994E-16
5663.88270399307  1.006633E-15
5667.78816451151  1.020463E-15
5671.69362502995  8.142309E-16
5675.59908554838  8.949699E-16
5679.50454606682  1.003853E-15
5683.41000658526  1.211926E-15
5687.3154671037  1.323638E-15
5691.22092762214  1.102800E-15
5695.12638814058  1.025927E-15
5699.03184865902  8.364013E-16
5702.93730917746  7.695958E-16
5706.84276969589  9.285205E-16
5710.74823021433  9.454418E-16
5714.65369073277  1.132408E-15
5718.55915125121  9.991628E-16
5722.46461176965  8.636720E-16
5726.37007228809  9.882257E-16
5730.27553280653  1.008026E-15
5734.18099332497  9.503067E-16
5738.0864538434  1.006203E-15
5741.99191436184  9.224635E-16
5745.89737488028  9.785646E-16
5749.80283539872  1.029848E-15
5753.70829591716  8.675762E-16
5757.6137564356  8.655565E-16
5761.51921695404  8.403107E-16
5765.42467747247  9.300161E-16
5769.33013799091  1.014725E-15
5773.23559850935  9.310207E-16
5777.14105902779  8.635536E-16
5781.04651954623  8.824200E-16
5784.95198006467  1.032377E-15
5788.85744058311  1.137843E-15
5792.76290110155  1.175522E-15
5796.66836161998  9.872666E-16
5800.57382213842  1.090842E-15
5804.47928265686  1.212273E-15
5808.3847431753  1.171227E-15
5812.29020369374  1.181468E-15
5816.19566421218  1.171926E-15
5820.10112473062  1.051757E-15
5824.00658524906  9.209985E-16
5827.9120457675  9.788794E-16
5831.81750628593  9.586439E-16
5835.72296680437  9.146241E-16
5839.62842732281  9.929167E-16
5843.53388784125  1.113595E-15
5847.43934835969  9.767538E-16
5851.34480887813  9.465198E-16
5855.25026939657  9.457951E-16
5859.155729915  1.012792E-15
5863.06119043344  1.065667E-15
5866.96665095188  1.070661E-15
5870.87211147032  9.390744E-16
5874.77757198876  9.725475E-16
5878.6830325072  1.526109E-15
5882.58849302564  2.382337E-15
5886.49395354407  2.459996E-15
5890.39941406251  2.556831E-15
5894.30487458095  1.709986E-15
5898.21033509939  9.966075E-16
5902.11579561783  8.374348E-16
5906.02125613627  8.078412E-16
5909.92671665471  8.457078E-16
5913.83217717315  7.989854E-16
5917.73763769159  8.961123E-16
5921.64309821002  1.078349E-15
5925.54855872846  1.044880E-15
5929.4540192469  1.008049E-15
5933.35947976534  9.176688E-16
5937.26494028378  8.003325E-16
5941.17040080222  8.656293E-16
5945.07586132066  8.823983E-16
5948.98132183909  8.354639E-16
5952.88678235753  7.865016E-16
5956.79224287597  7.927134E-16
5960.69770339441  7.967904E-16
5964.60316391285  8.163465E-16
5968.50862443129  9.140131E-16
5972.41408494973  8.983611E-16
5976.31954546817  8.510926E-16
5980.2250059866  7.416709E-16
5984.13046650504  8.428886E-16
5988.03592702348  8.185469E-16
5991.94138754192  9.423255E-16
5995.84684806036  9.477227E-16
5999.7523085788  9.099389E-16
6003.65776909724  7.943955E-16
6007.56322961568  7.973972E-16
6011.46869013411  7.812611E-16
6015.37415065255  8.208082E-16
6019.27961117099  7.681827E-16
6023.18507168943  8.211552E-16
6027.09053220787  8.865437E-16
6030.99599272631  1.001470E-15
6034.90145324475  9.135739E-16
6038.80691376319  8.970547E-16
6042.71237428163  8.994595E-16
6046.61783480006  1.004492E-15
6050.5232953185  9.540640E-16
6054.42875583694  8.836176E-16
6058.33421635538  9.372881E-16
6062.23967687382  9.888105E-16
6066.14513739226  9.104671E-16
6070.0505979107  8.399385E-16
6073.95605842913  8.416772E-16
6077.86151894757  8.944357E-16
6081.76697946601  8.772356E-16
6085.67243998445  8.488538E-16
6089.57790050289  8.880377E-16
6093.48336102133  8.319437E-16
6097.38882153977  8.577600E-16
6101.2942820582  8.354852E-16
6105.19974257664  8.242490E-16
6109.10520309508  8.736226E-16
6113.01066361352  8.233265E-16
6116.91612413196  9.206041E-16
6120.8215846504  8.648453E-16
6124.72704516884  8.478809E-16
6128.63250568728  8.671352E-16
6132.53796620571  7.696960E-16
6136.44342672415  7.611489E-16
6140.34888724259  7.559499E-16
6144.25434776103  7.282111E-16
6148.15980827947  8.314988E-16
6152.06526879791  9.354434E-16
6155.97072931635  9.049913E-16
6159.87618983479  8.688646E-16
6163.78165035322  7.844494E-16
6167.68711087166  6.773191E-16
6171.5925713901  7.784353E-16
6175.49803190854  7.483284E-16
6179.40349242698  8.190117E-16
6183.30895294542  7.338429E-16
6187.21441346386  6.994920E-16
6191.1198739823  8.335736E-16
6195.02533450073  7.278125E-16
6198.93079501917  8.133927E-16
6202.83625553761  6.616279E-16
6206.74171605605  7.620071E-16
6210.64717657449  7.434379E-16
6214.55263709293  7.582799E-16
6218.45809761137  7.811684E-16
6222.3635581298  6.848271E-16
6226.26901864824  7.418237E-16
6230.17447916668  7.853776E-16
6234.07993968512  8.184580E-16
6237.98540020356  7.946000E-16
6241.890860722  7.817841E-16
6245.79632124044  8.053004E-16
6249.70178175887  8.370606E-16
6253.60724227732  7.649672E-16
6257.51270279575  6.586148E-16
6261.41816331419  6.816241E-16
6265.32362383263  7.396329E-16
6269.22908435107  7.461192E-16
6273.13454486951  6.840447E-16
6277.04000538795  7.261126E-16
6280.94546590639  7.630319E-16
6284.85092642482  6.940476E-16
6288.75638694326  6.371866E-16
6292.6618474617  4.684748E-16
6296.56730798014  4.954875E-16
6300.47276849858  7.716417E-16
6304.37822901702  1.057523E-15
6308.28368953546  1.153411E-15
6312.1891500539  1.064602E-15
6316.09461057233  1.135134E-15
6320.00007109077  1.096603E-15
6323.90553160921  9.883363E-16
6327.81099212765  9.434826E-16
6331.71645264609  8.293075E-16
6335.62191316453  7.204003E-16
6339.52737368297  7.342212E-16
6343.43283420141  6.716942E-16
6347.33829471984  5.198707E-16
6351.24375523828  3.467321E-16
6355.14921575672  3.367560E-16
6359.05467627516  3.793744E-16
6362.9601367936  4.421684E-16
6366.86559731204  6.233495E-16
6370.77105783048  8.526000E-16
6374.67651834891  8.887682E-16
6378.58197886735  8.638397E-16
6382.48743938579  8.347744E-16
6386.39289990423  7.881792E-16
6390.29836042267  8.283077E-16
6394.20382094111  8.472240E-16
6398.10928145955  7.991257E-16
6402.01474197799  7.652834E-16
6405.92020249643  7.260360E-16
6409.82566301486  6.959754E-16
6413.7311235333  7.024000E-16
6417.63658405174  7.485340E-16
6421.54204457018  8.005664E-16
6425.44750508862  7.629123E-16
6429.35296560706  7.016222E-16
6433.2584261255  7.074326E-16
6437.16388664393  6.907962E-16
6441.06934716237  7.138326E-16
6444.97480768081  7.869361E-16
6448.88026819925  7.378593E-16
6452.78572871769  7.665790E-16
6456.69118923613  7.781600E-16
6460.59664975457  7.433830E-16
6464.50211027301  6.745444E-16
6468.40757079145  7.257132E-16
6472.31303130988  7.458951E-16
6476.21849182832  7.467275E-16
6480.12395234676  6.856559E-16
6484.0294128652  6.086976E-16
6487.93487338364  6.626904E-16
6491.84033390208  6.621055E-16
6495.74579442051  6.243822E-16
6499.65125493895  6.679206E-16
6503.55671545739  7.078947E-16
6507.46217597583  7.072704E-16
6511.36763649427  6.376046E-16
6515.27309701271  6.305349E-16
6519.17855753115  6.986756E-16
6523.08401804959  7.136821E-16
6526.98947856802  7.421974E-16
6530.89493908646  8.357823E-16
6534.8003996049  7.628249E-16
6538.70586012334  7.442751E-16
6542.61132064178  7.971128E-16
6546.51678116022  7.907149E-16
6550.42224167866  8.257355E-16
6554.3277021971  8.264171E-16
6558.23316271554  1.038682E-15
6562.13862323397  1.081501E-15
6566.04408375241  1.487918E-15
6569.94954427085  1.166320E-14
6573.85500478929  3.780336E-14
6577.76046530773  4.481471E-14
6581.66592582617  4.058717E-14
6585.57138634461  2.834576E-14
6589.47684686304  6.290597E-15
6593.38230738148  1.469701E-15
6597.28776789992  2.113578E-15
6601.19322841836  2.068542E-15
6605.0986889368  1.883273E-15
6609.00414945524  1.288060E-15
6612.90960997368  8.362299E-16
6616.81507049212  7.427102E-16
6620.72053101055  6.788177E-16
6624.62599152899  6.552328E-16
6628.53145204743  7.055662E-16
6632.43691256587  7.507413E-16
6636.34237308431  7.287293E-16
6640.24783360275  6.962576E-16
6644.15329412119  6.695298E-16
6648.05875463963  6.853233E-16
6651.96421515806  7.458392E-16
6655.8696756765  6.976966E-16
6659.77513619494  6.588989E-16
6663.68059671338  6.801158E-16
6667.58605723182  7.344261E-16
6671.49151775026  7.319645E-16
6675.3969782687  7.069961E-16
6679.30243878713  7.283285E-16
6683.20789930557  6.967633E-16
6687.11335982401  6.978494E-16
6691.01882034245  8.147944E-16
6694.92428086089  1.094557E-15
6698.82974137933  1.218016E-15
6702.73520189777  1.203830E-15
6706.64066241621  9.938357E-16
6710.54612293464  7.348738E-16
6714.45158345308  7.620632E-16
6718.35704397152  7.508010E-16
6722.26250448996  7.257946E-16
6726.1679650084  7.300161E-16
6730.07342552684  1.143368E-15
6733.97888604528  2.612267E-15
6737.88434656372  3.323680E-15
6741.78980708215  3.269554E-15
6745.69526760059  3.025608E-15
6749.60072811903  2.805018E-15
6753.50618863747  2.629364E-15
6757.41164915591  2.451247E-15
6761.31710967435  2.066935E-15
6765.22257019279  1.171070E-15
6769.12803071123  6.610752E-16
6773.03349122967  6.625210E-16
6776.9389517481  6.632375E-16
6780.84441226654  6.999499E-16
6784.74987278498  7.048466E-16
6788.65533330342  6.984641E-16
6792.56079382186  6.761437E-16
6796.4662543403  6.452451E-16
6800.37171485874  7.042695E-16
6804.27717537717  7.508471E-16
6808.18263589561  7.432500E-16
6812.08809641405  7.449272E-16
6815.99355693249  7.766449E-16
6819.89901745093  7.697043E-16
6823.80447796937  7.523491E-16
6827.70993848781  7.525663E-16
6831.61539900624  7.136956E-16
6835.52085952468  7.307699E-16
6839.42632004312  7.538817E-16
6843.33178056156  7.333389E-16
6847.23724108  7.430297E-16
6851.14270159844  7.128915E-16
6855.04816211688  7.067120E-16
6858.95362263531  7.462201E-16
6862.85908315375  7.049916E-16
6866.76454367219  7.281831E-16
6870.67000419063  7.972595E-16
6874.57546470907  6.814733E-16
6878.48092522751  5.972138E-16
6882.38638574595  5.317744E-16
6886.29184626439  4.403324E-16
6890.19730678283  4.780326E-16
6894.10276730126  5.720042E-16
6898.0082278197  6.747605E-16
6901.91368833814  5.818562E-16
6905.81914885658  5.416141E-16
6909.72460937502  5.843133E-16
