3465.6923828125  1.982871E-15
3467.16798436642  1.967106E-15
3468.64358592034  4.883857E-15
3470.11918747425  3.054774E-15
3471.59478902817  -2.232624E-15
3473.07039058209  1.146729E-15
3474.54599213601  -1.882218E-15
3476.02159368992  8.247308E-16
3477.49719524384  1.281184E-15
3478.97279679776  3.231507E-15
3480.44839835167  -6.765718E-16
3481.92399990559  2.052709E-15
3483.39960145951  1.890916E-16
3484.87520301342  8.248748E-16
3486.35080456734  4.646816E-15
3487.82640612126  1.349268E-15
3489.30200767517  1.813726E-15
3490.77760922909  -1.256323E-15
3492.25321078301  3.208209E-15
3493.72881233692  2.015667E-15
3495.20441389084  4.294220E-15
3496.68001544476  -1.713880E-16
3498.15561699868  3.509415E-15
3499.63121855259  4.844513E-17
3501.10682010651  3.578262E-15
3502.58242166043  2.303184E-16
3504.05802321434  2.956398E-16
3505.53362476826  3.609612E-16
3507.00922632218  4.262827E-16
3508.48482787609  4.916041E-16
3509.96042943001  5.569255E-16
3511.43603098393  6.222469E-16
3512.91163253785  6.875684E-16
3514.38723409176  7.528898E-16
3515.86283564568  8.182113E-16
3517.3384371996  8.835327E-16
3518.81403875351  9.488541E-16
3520.28964030743  1.014176E-15
3521.76524186135  1.079497E-15
3523.24084341526  1.144818E-15
3524.71644496918  1.210151E-15
3526.1920465231  1.275472E-15
3527.66764807701  1.340794E-15
3529.14324963093  1.406115E-15
3530.61885118485  3.741446E-15
3532.09445273877  2.900265E-15
3533.57005429268  1.836745E-15
3535.0456558466  -8.775963E-17
3536.52125740052  -9.177729E-16
3537.99685895443  6.762448E-15
3539.47246050835  -3.785154E-16
3540.94806206227  5.271116E-15
3542.42366361618  2.399699E-16
3543.8992651701  2.589112E-15
3545.37486672402  3.932998E-15
3546.85046827793  2.020485E-15
3548.32606983185  2.603876E-15
3549.80167138577  -1.362998E-15
3551.27727293969  1.119902E-15
3552.7528744936  4.391475E-15
3554.22847604752  -1.490501E-15
3555.70407760144  2.087010E-15
3557.17967915535  2.484146E-15
3558.65528070927  3.332847E-16
3560.13088226319  2.846238E-15
3561.6064838171  2.317987E-15
3563.08208537102  3.557374E-15
3564.55768692494  3.986073E-15
3566.03328847885  2.724127E-15
3567.50889003277  1.085582E-15
3568.98449158669  -6.983895E-16
3570.46009314061  3.875614E-15
3571.93569469452  4.057592E-15
3573.41129624844  1.141096E-15
3574.88689780236  3.641834E-15
3576.36249935627  -1.263160E-15
3577.83810091019  1.880123E-15
3579.31370246411  1.197607E-15
3580.78930401803  3.546669E-15
3582.26490557194  3.741156E-15
3583.74050712586  5.919153E-16
3585.21610867978  1.993782E-16
3586.69171023369  3.101261E-15
3588.16731178761  -1.083557E-15
3589.64291334153  3.261369E-15
3591.11851489544  2.635827E-15
3592.59411644936  2.545885E-15
3594.06971800328  2.455959E-15
3595.54531955719  2.366032E-15
3597.02092111111  2.276105E-15
3598.49652266503  2.186179E-15
3599.97212421894  2.096252E-15
3601.44772577286  2.006325E-15
3602.92332732678  1.916398E-15
3604.3989288807  1.826472E-15
3605.87453043461  3.339722E-15
3607.35013198853  4.095519E-15
3608.82573354245  5.804414E-15
3610.30133509636  2.412969E-15
3611.77693665028  4.358989E-16
3613.2525382042  2.775297E-15
3614.72813975811  3.211008E-15
3616.20374131203  4.832010E-15
3617.67934286595  3.302876E-15
3619.15494441986  5.238123E-16
3620.63054597378  1.162879E-15
3622.1061475277  4.115245E-16
3623.58174908162  -1.161387E-15
3625.05735063553  3.420980E-15
3626.53295218945  6.800949E-15
3628.00855374337  1.817342E-15
3629.48415529728  7.397038E-17
3630.9597568512  1.067618E-15
3632.43535840512  -4.629808E-16
3633.91095995903  5.568243E-16
3635.38656151295  3.785867E-15
3636.86216306687  3.970151E-15
3638.33776462078  2.207985E-15
3639.8133661747  2.953123E-15
3641.28896772862  -3.558932E-16
3642.76456928253  -2.253346E-16
3644.24017083645  6.905180E-16
3645.71577239037  4.147391E-15
3647.19137394429  2.450229E-15
3648.6669754982  1.126437E-15
3650.14257705212  1.213698E-15
3651.61817860604  2.282901E-15
3653.09378015995  2.429255E-15
3654.56938171387  1.135762E-15
3656.04498326779  3.756390E-15
3657.5205848217  2.117139E-15
3658.99618637562  1.309505E-16
3660.47178792954  1.791084E-15
3661.94738948346  2.649315E-15
3663.42299103737  1.748911E-15
3664.89859259129  9.419194E-16
3666.37419414521  1.899589E-15
3667.84979569912  2.573135E-15
3669.32539725304  3.778436E-15
3670.80099880696  2.663325E-15
3672.27660036087  8.821367E-16
3673.75220191479  1.275978E-15
3675.22780346871  2.630567E-15
3676.70340502262  2.314578E-15
3678.17900657654  1.503191E-15
3679.65460813046  8.299356E-16
3681.13020968438  3.353137E-15
3682.60581123829  2.027522E-15
3684.08141279221  3.615719E-16
3685.55701434613  2.125616E-15
3687.03261590004  1.043720E-15
3688.50821745396  2.325085E-15
3689.98381900788  4.354618E-16
3691.45942056179  9.738849E-16
3692.93502211571  1.854323E-15
3694.41062366963  2.333161E-15
3695.88622522354  6.108590E-16
3697.36182677746  2.372142E-15
3698.83742833138  1.334883E-15
3700.31302988529  1.059277E-15
3701.78863143921  1.224609E-15
3703.26423299313  2.010853E-15
3704.73983454705  1.666529E-15
3706.21543610096  -1.595333E-16
3707.69103765488  1.380058E-15
3709.1666392088  2.531997E-15
3710.64224076271  7.411856E-16
3712.11784231663  9.939129E-16
3713.59344387055  -3.737068E-16
3715.06904542447  2.097424E-15
3716.54464697838  1.841730E-15
3718.0202485323  1.605358E-15
3719.49585008622  2.466224E-15
3720.97145164013  8.299533E-16
3722.44705319405  1.471783E-15
3723.92265474797  2.033117E-15
3725.39825630188  1.364175E-15
3726.8738578558  2.525772E-15
3728.34945940972  4.167658E-16
3729.82506096363  2.378199E-15
3731.30066251755  1.921057E-15
3732.77626407147  2.099205E-15
3734.25186562539  1.431856E-15
3735.7274671793  2.688323E-15
3737.20306873322  2.720363E-15
3738.67867028714  3.563492E-15
3740.15427184105  1.923241E-15
3741.62987339497  1.811856E-15
3743.10547494889  1.461708E-15
3744.5810765028  1.296636E-15
3746.05667805672  5.579572E-16
3747.53227961064  1.334462E-15
3749.00788116455  1.597299E-15
3750.48348271847  2.381706E-15
3751.95908427239  2.478975E-15
3753.4346858263  2.326367E-15
3754.91028738022  2.266909E-15
3756.38588893414  5.977937E-16
3757.86149048806  1.668605E-15
3759.33709204197  1.369332E-15
3760.81269359589  2.758726E-15
3762.28829514981  1.086609E-15
3763.76389670372  1.558094E-15
3765.23949825764  1.292268E-15
3766.71509981156  1.846919E-15
3768.19070136547  1.285909E-15
3769.66630291939  2.888103E-15
3771.14190447331  2.134778E-15
3772.61750602723  1.371315E-15
3774.09310758114  1.632220E-15
3775.56870913506  6.196065E-16
3777.04431068898  8.379254E-17
3778.51991224289  2.396108E-15
3779.99551379681  1.283636E-15
3781.47111535073  1.568438E-15
3782.94671690464  1.658385E-15
3784.42231845856  1.219457E-15
3785.89792001248  1.826567E-15
3787.37352156639  8.612278E-16
3788.84912312031  9.386233E-16
3790.32472467423  1.356301E-15
3791.80032622815  1.974908E-15
3793.27592778206  6.825428E-16
3794.75152933598  1.722141E-15
3796.2271308899  1.930982E-15
3797.70273244381  2.400337E-15
3799.17833399773  1.605168E-15
3800.65393555165  7.525004E-16
3802.12953710556  1.030111E-15
3803.60513865948  1.206076E-15
3805.0807402134  1.804759E-15
3806.55634176731  1.552310E-15
3808.03194332123  1.459507E-15
3809.50754487515  1.501110E-15
3810.98314642906  2.666211E-16
3812.45874798298  1.488481E-15
3813.9343495369  2.171121E-15
3815.40995109082  1.755167E-15
3816.88555264473  1.107770E-15
3818.36115419865  7.679293E-16
3819.83675575257  5.589700E-16
3821.31235730648  8.921257E-16
3822.7879588604  9.869413E-16
3824.26356041432  5.387036E-16
3825.73916196823  1.953680E-15
3827.21476352215  2.740746E-15
3828.69036507607  1.037411E-15
3830.16596662999  1.975743E-15
3831.6415681839  1.625132E-15
3833.11716973782  7.861963E-16
3834.59277129174  7.266884E-16
3836.06837284565  1.739871E-15
3837.54397439957  1.549832E-15
3839.01957595349  1.262305E-15
3840.4951775074  1.315279E-15
3841.97077906132  1.058197E-15
3843.44638061524  1.196728E-15
3844.92198216915  8.855420E-16
3846.39758372307  2.146149E-15
3847.87318527699  3.161425E-15
3849.34878683091  2.619522E-15
3850.82438838482  2.511354E-15
3852.29998993874  1.107917E-15
3853.77559149266  2.444688E-15
3855.25119304657  2.929607E-16
3856.72679460049  5.958441E-16
3858.20239615441  4.835050E-16
3859.67799770832  1.020556E-15
3861.15359926224  1.262635E-15
3862.62920081616  9.764386E-16
3864.10480237007  1.118844E-15
3865.58040392399  4.788043E-16
3867.05600547791  2.656992E-16
3868.53160703183  1.316251E-15
3870.00720858574  1.365631E-15
3871.48281013966  -3.112373E-16
3872.95841169358  1.770632E-16
3874.43401324749  1.268906E-15
3875.90961480141  2.972637E-17
3877.38521635533  1.445241E-15
3878.86081790924  1.222941E-15
3880.33641946316  9.441209E-16
3881.81202101708  1.224980E-15
3883.287622571  -3.972724E-17
3884.76322412491  1.133781E-15
3886.23882567883  6.755105E-16
3887.71442723275  1.359608E-15
3889.19002878666  1.751612E-15
3890.66563034058  1.603965E-15
3892.1412318945  1.159859E-15
3893.61683344841  8.406641E-16
3895.09243500233  7.196791E-16
3896.56803655625  6.692674E-16
3898.04363811017  1.149421E-15
3899.51923966408  1.735120E-16
3900.994841218  1.588906E-15
3902.47044277192  1.144475E-15
3903.94604432583  1.341669E-15
3905.42164587975  1.292902E-15
3906.89724743367  1.321948E-15
3908.37284898758  2.083825E-16
3909.8484505415  7.077512E-16
3911.32405209542  1.285875E-15
3912.79965364933  1.176928E-15
3914.27525520325  1.671427E-16
3915.75085675717  1.424316E-15
3917.22645831108  1.372443E-15
3918.702059865  1.452596E-15
3920.17766141892  1.512405E-15
3921.65326297284  1.912755E-15
3923.12886452675  1.589744E-15
3924.60446608067  5.775238E-16
3926.08006763459  6.906733E-16
3927.5556691885  9.712275E-16
3929.03127074242  9.145562E-16
3930.50687229634  9.011508E-16
3931.98247385025  1.494926E-15
3933.45807540417  9.192570E-16
3934.93367695809  1.590958E-15
3936.409278512  8.376333E-16
3937.88488006592  9.372032E-16
3939.36048161984  3.880885E-16
3940.83608317376  1.581242E-15
3942.31168472767  1.222099E-15
3943.78728628159  1.007627E-15
3945.26288783551  1.607633E-15
3946.73848938942  7.450216E-16
3948.21409094334  1.272989E-15
3949.68969249726  1.394881E-15
3951.16529405117  1.131341E-15
3952.64089560509  1.626503E-15
3954.11649715901  1.197978E-15
3955.59209871293  1.978876E-15
3957.06770026684  1.516713E-15
3958.54330182076  1.551269E-15
3960.01890337468  2.102918E-15
3961.49450492859  1.792341E-15
3962.97010648251  2.364248E-15
3964.44570803643  1.489653E-15
3965.92130959034  1.434456E-15
3967.39691114426  1.803207E-15
3968.87251269818  1.681344E-15
3970.34811425209  1.571928E-15
3971.82371580601  1.842605E-15
3973.29931735993  1.570696E-15
3974.77491891385  1.030863E-15
3976.25052046776  1.406627E-15
3977.72612202168  1.429325E-15
3979.2017235756  1.635615E-15
3980.67732512951  1.176061E-15
3982.15292668343  1.613901E-15
3983.62852823735  2.178642E-15
3985.10412979126  5.995707E-16
3986.57973134518  1.535311E-15
3988.0553328991  1.108297E-15
3989.53093445302  1.895657E-15
3991.00653600693  1.638524E-15
3992.48213756085  1.649195E-15
3993.95773911477  1.368403E-15
3995.43334066868  9.199841E-16
3996.9089422226  1.303048E-15
3998.38454377652  1.354773E-15
3999.86014533043  1.000235E-15
4001.33574688435  1.437707E-15
4002.81134843827  1.836678E-15
4004.28694999218  1.480024E-15
4005.7625515461  1.032213E-15
4007.23815310002  1.785607E-15
4008.71375465394  1.887708E-15
4010.18935620785  1.530815E-15
4011.66495776177  1.123700E-15
4013.14055931569  1.746002E-15
4014.6161608696  1.454311E-15
4016.09176242352  1.334847E-15
4017.56736397744  1.624448E-15
4019.04296553135  1.556729E-15
4020.51856708527  1.361359E-15
4021.99416863919  1.298082E-15
4023.4697701931  7.866966E-16
4024.94537174702  1.456255E-15
4026.42097330094  1.540374E-15
4027.89657485485  2.093032E-15
4029.37217640877  2.447386E-15
4030.84777796269  2.655536E-15
4032.32337951661  1.981840E-15
4033.79898107052  1.819375E-15
4035.27458262444  1.535851E-15
4036.75018417836  1.514011E-15
4038.22578573227  2.140470E-15
4039.70138728619  1.877490E-15
4041.17698884011  7.278742E-16
4042.65259039402  1.485427E-15
4044.12819194794  2.127489E-15
4045.60379350186  1.683206E-15
4047.07939505578  1.228314E-15
4048.55499660969  1.311264E-15
4050.03059816361  1.337031E-15
4051.50619971753  1.413814E-15
4052.98180127144  1.441987E-15
4054.45740282536  1.221910E-15
4055.93300437928  1.931956E-15
4057.40860593319  1.493725E-15
4058.88420748711  1.459843E-15
4060.35980904103  1.722458E-15
4061.83541059494  1.505353E-15
4063.31101214886  1.337373E-15
4064.78661370278  1.105127E-15
4066.2622152567  9.946642E-16
4067.73781681061  1.263831E-15
4069.21341836453  1.410483E-15
4070.68901991845  8.250801E-16
4072.16462147236  1.202129E-15
4073.64022302628  1.363687E-15
4075.1158245802  1.326022E-15
4076.59142613411  1.791803E-15
4078.06702768803  1.306760E-15
4079.54262924195  1.271272E-15
4081.01823079586  1.139037E-15
4082.49383234978  9.999557E-16
4083.9694339037  1.068655E-15
4085.44503545762  1.440150E-15
4086.92063701153  9.561871E-16
4088.39623856545  1.629690E-15
4089.87184011937  1.394971E-15
4091.34744167328  8.712282E-16
4092.8230432272  1.240397E-15
4094.29864478112  1.231110E-15
4095.77424633503  1.540941E-15
4097.24984788895  1.102908E-15
4098.72544944287  7.107912E-16
4100.20105099678  8.762927E-16
4101.6766525507  1.397983E-15
4103.15225410462  1.376493E-15
4104.62785565853  1.289723E-15
4106.10345721245  1.368294E-15
4107.57905876637  1.208608E-15
4109.05466032029  7.399034E-16
4110.5302618742  8.867501E-16
4112.00586342812  1.598161E-15
4113.48146498204  1.328789E-15
4114.95706653595  1.055623E-15
4116.43266808987  1.380956E-15
4117.90826964379  1.157716E-15
4119.3838711977  1.270039E-15
4120.85947275162  1.450195E-15
4122.33507430554  1.538906E-15
4123.81067585945  1.373094E-15
4125.28627741337  8.151861E-16
4126.76187896729  1.135199E-15
4128.2374805212  1.722151E-15
4129.71308207512  1.752148E-15
4131.18868362904  1.774979E-15
4132.66428518296  1.907105E-15
4134.13988673687  1.421439E-15
4135.61548829079  1.352086E-15
4137.09108984471  1.326868E-15
4138.56669139862  1.283228E-15
4140.04229295254  1.328203E-15
4141.51789450646  1.138301E-15
4142.99349606038  1.005841E-15
4144.46909761429  1.898639E-15
4145.94469916821  1.402499E-15
4147.42030072213  1.488051E-15
4148.89590227604  1.446144E-15
4150.37150382996  1.939832E-15
4151.84710538388  1.484918E-15
4153.32270693779  2.005780E-15
4154.79830849171  1.749214E-15
4156.27391004563  1.266541E-15
4157.74951159954  1.519340E-15
4159.22511315346  1.287437E-15
4160.70071470738  1.109577E-15
4162.1763162613  6.572723E-16
4163.65191781521  2.008856E-15
4165.12751936913  1.211059E-15
4166.60312092305  1.212320E-15
4168.07872247696  1.285482E-15
4169.55432403088  8.604908E-16
4171.0299255848  1.403110E-15
4172.50552713871  1.499712E-15
4173.98112869263  1.782427E-15
4175.45673024655  1.941083E-15
4176.93233180046  2.163801E-15
4178.40793335438  1.362448E-15
4179.8835349083  2.098898E-15
4181.35913646222  1.262542E-15
4182.83473801613  1.209687E-15
4184.31033957005  1.167998E-15
4185.78594112397  1.241606E-15
4187.26154267788  2.034009E-15
4188.7371442318  1.480875E-15
4190.21274578572  1.484885E-15
4191.68834733963  1.871274E-15
4193.16394889355  1.677845E-15
4194.63955044747  1.772258E-15
4196.11515200138  1.706357E-15
4197.5907535553  1.360499E-15
4199.06635510922  1.677197E-15
4200.54195666314  1.828131E-15
4202.01755821705  1.543040E-15
4203.49315977097  1.522912E-15
4204.96876132489  1.709983E-15
4206.4443628788  1.597292E-15
4207.91996443272  1.623390E-15
4209.39556598664  1.536417E-15
4210.87116754055  1.571178E-15
4212.34676909447  1.667450E-15
4213.82237064839  1.575972E-15
4215.2979722023  1.614402E-15
4216.77357375622  1.772636E-15
4218.24917531014  1.179829E-15
4219.72477686406  1.447694E-15
4221.20037841797  1.429672E-15
4222.67597997189  1.009505E-15
4224.15158152581  1.679784E-15
4225.62718307972  1.736571E-15
4227.10278463364  1.427184E-15
4228.57838618756  1.641543E-15
4230.05398774147  1.290331E-15
4231.52958929539  1.491311E-15
4233.00519084931  1.532199E-15
4234.48079240323  1.396686E-15
4235.95639395714  1.256286E-15
4237.43199551106  1.164731E-15
4238.90759706497  1.581728E-15
4240.38319861889  1.308975E-15
4241.85880017281  1.145447E-15
4243.33440172673  1.273681E-15
4244.81000328064  9.125355E-16
4246.28560483456  1.440137E-15
4247.76120638848  1.389258E-15
4249.23680794239  1.306506E-15
4250.71240949631  1.472933E-15
4252.18801105023  1.351190E-15
4253.66361260415  1.371144E-15
4255.13921415806  1.244275E-15
4256.61481571198  1.265007E-15
4258.0904172659  1.366848E-15
4259.56601881981  1.755067E-15
4261.04162037373  1.578133E-15
4262.51722192765  9.693676E-16
4263.99282348156  1.261424E-15
4265.46842503548  1.407834E-15
4266.9440265894  9.752443E-16
4268.41962814331  1.021433E-15
4269.89522969723  1.386261E-15
4271.37083125115  1.393510E-15
4272.84643280507  1.250069E-15
4274.32203435898  1.170584E-15
4275.7976359129  1.304905E-15
4277.27323746682  1.243920E-15
4278.74883902073  1.372237E-15
4280.22444057465  1.640197E-15
4281.70004212857  1.272765E-15
4283.17564368248  1.345001E-15
4284.6512452364  1.477334E-15
4286.12684679032  1.219600E-15
4287.60244834423  1.246737E-15
4289.07804989815  1.461792E-15
4290.55365145207  1.251935E-15
4292.02925300599  1.154904E-15
4293.5048545599  1.217823E-15
4294.98045611382  1.133360E-15
4296.45605766774  1.368239E-15
4297.93165922165  1.329231E-15
4299.40726077557  1.387114E-15
4300.88286232949  1.310520E-15
4302.3584638834  1.053186E-15
4303.83406543732  1.351047E-15
4305.30966699124  1.431161E-15
4306.78526854515  1.286950E-15
4308.26087009907  7.282724E-16
4309.73647165299  1.096046E-15
4311.21207320691  1.186999E-15
4312.68767476082  1.271263E-15
4314.16327631474  1.409403E-15
4315.63887786866  1.168699E-15
4317.11447942257  1.034066E-15
4318.59008097649  1.232639E-15
4320.06568253041  1.247263E-15
4321.54128408433  1.138479E-15
4323.01688563824  1.584599E-15
4324.49248719216  1.031251E-15
4325.96808874608  8.536686E-16
4327.44369029999  1.022887E-15
4328.91929185391  1.560984E-15
4330.39489340783  7.956400E-16
4331.87049496174  1.179134E-15
4333.34609651566  1.124634E-15
4334.82169806958  1.208761E-15
4336.29729962349  1.302648E-15
4337.77290117741  1.391618E-15
4339.24850273133  1.099460E-15
4340.72410428525  6.785030E-16
4342.19970583916  1.049199E-15
4343.67530739308  1.238925E-15
4345.150908947  5.865486E-16
4346.62651050091  9.013478E-16
4348.10211205483  1.056639E-15
4349.57771360875  1.237217E-15
4351.05331516266  7.772416E-16
4352.52891671658  9.946071E-16
4354.0045182705  1.303425E-15
4355.48011982441  1.190508E-15
4356.95572137833  1.145588E-15
4358.43132293225  1.633764E-15
4359.90692448616  1.220905E-15
4361.38252604008  8.781894E-16
4362.858127594  7.021708E-16
4364.33372914792  1.201909E-15
4365.80933070183  1.150353E-15
4367.28493225575  9.841575E-16
4368.76053380967  9.843035E-16
4370.23613536358  1.122837E-15
4371.7117369175  9.956839E-16
4373.18733847142  9.708936E-16
4374.66294002533  9.304994E-16
4376.13854157925  8.070426E-16
4377.61414313317  9.330765E-16
4379.08974468708  9.206502E-16
4380.565346241  9.173278E-16
4382.04094779492  5.952714E-16
4383.51654934884  1.125783E-15
4384.99215090275  7.339942E-16
4386.46775245667  9.227538E-16
4387.94335401059  9.569204E-16
4389.4189555645  1.144810E-15
4390.89455711842  1.092433E-15
4392.37015867234  7.129727E-16
4393.84576022625  8.890408E-16
4395.32136178017  8.679987E-16
4396.79696333409  8.334658E-16
4398.272564888  9.180858E-16
4399.74816644192  8.501508E-16
4401.22376799584  6.642080E-16
4402.69936954976  8.802580E-16
4404.17497110367  1.035882E-15
4405.65057265759  9.928460E-16
4407.12617421151  8.894007E-16
4408.60177576542  7.299179E-16
4410.07737731934  7.763435E-16
4411.55297887326  7.025357E-16
4413.02858042717  7.857416E-16
4414.50418198109  7.228676E-16
4415.97978353501  9.156220E-16
4417.45538508892  9.271495E-16
4418.93098664284  1.457976E-15
4420.40658819676  7.818117E-16
4421.88218975068  1.021930E-15
4423.35779130459  1.006389E-15
4424.83339285851  7.138406E-16
4426.30899441243  7.950338E-16
4427.78459596634  1.027782E-15
4429.26019752026  9.280699E-16
4430.73579907418  1.065767E-15
4432.2114006281  9.234230E-16
4433.68700218201  1.084479E-15
4435.16260373593  6.682423E-16
4436.63820528985  5.613046E-16
4438.11380684376  9.914793E-16
4439.58940839768  1.180493E-15
4441.0650099516  8.404992E-16
4442.54061150551  1.009467E-15
4444.01621305943  1.250434E-15
4445.49181461335  1.123514E-15
4446.96741616726  7.909628E-16
4448.44301772118  9.587297E-16
4449.9186192751  1.030517E-15
4451.39422082901  1.153116E-15
4452.86982238293  8.430063E-16
4454.34542393685  1.223734E-15
4455.82102549077  9.324276E-16
4457.29662704468  1.013647E-15
4458.7722285986  1.052118E-15
4460.24783015252  1.386247E-15
4461.72343170643  1.168105E-15
4463.19903326035  7.974230E-16
4464.67463481427  1.008351E-15
4466.15023636818  7.838258E-16
4467.6258379221  1.086461E-15
4469.10143947602  8.282590E-16
4470.57704102993  1.215507E-15
4472.05264258385  1.226083E-15
4473.52824413777  1.170240E-15
4475.00384569169  9.569663E-16
4476.4794472456  9.509633E-16
4477.95504879952  8.287513E-16
4479.43065035344  4.668540E-16
4480.90625190735  1.004681E-15
4482.38185346127  7.801402E-16
4483.85745501519  1.059057E-15
4485.3330565691  1.226726E-15
4486.80865812302  1.143790E-15
4488.28425967694  1.191642E-15
4489.75986123086  1.118028E-15
4491.23546278477  7.186406E-16
4492.71106433869  1.142741E-15
4494.18666589261  1.065520E-15
4495.66226744652  1.322655E-15
4497.13786900044  7.758533E-16
4498.61347055436  1.082922E-15
4500.08907210827  1.211137E-15
4501.56467366219  8.062112E-16
4503.04027521611  7.982764E-16
4504.51587677002  1.011803E-15
4505.99147832394  8.582587E-16
4507.46707987786  9.952095E-16
4508.94268143177  1.194454E-15
4510.41828298569  8.379304E-16
4511.89388453961  7.042952E-16
4513.36948609353  8.700025E-16
4514.84508764744  1.237580E-15
4516.32068920136  1.118466E-15
4517.79629075528  8.723122E-16
4519.27189230919  8.966827E-16
4520.74749386311  1.071686E-15
4522.22309541703  1.016095E-15
4523.69869697094  9.769172E-16
4525.17429852486  9.192759E-16
4526.64990007878  1.046060E-15
4528.1255016327  1.033149E-15
4529.60110318661  1.032447E-15
4531.07670474053  1.022587E-15
4532.55230629445  1.007719E-15
4534.02790784836  9.037503E-16
4535.50350940228  9.117618E-16
4536.9791109562  1.034772E-15
4538.45471251011  1.040206E-15
4539.93031406403  9.775880E-16
4541.40591561795  9.052137E-16
4542.88151717187  1.036903E-15
4544.35711872578  1.401906E-15
4545.8327202797  1.257328E-15
4547.30832183362  1.049490E-15
4548.78392338753  8.391897E-16
4550.25952494145  1.043489E-15
4551.73512649537  1.121063E-15
4553.21072804928  1.013922E-15
4554.6863296032  9.032947E-16
4556.16193115712  8.185188E-16
4557.63753271103  8.126431E-16
4559.11313426495  8.278038E-16
4560.58873581887  7.788839E-16
4562.06433737278  1.114605E-15
4563.5399389267  1.065728E-15
4565.01554048062  1.254726E-15
4566.49114203453  1.027842E-15
4567.96674358845  9.741209E-16
4569.44234514237  1.063702E-15
4570.91794669629  1.032651E-15
4572.3935482502  9.893181E-16
4573.86914980412  1.233906E-15
4575.34475135804  1.279427E-15
4576.82035291195  1.206843E-15
4578.29595446587  1.341602E-15
4579.77155601979  1.003960E-15
4581.2471575737  9.671024E-16
4582.72275912762  1.296067E-15
4584.19836068154  1.038788E-15
4585.67396223546  9.526884E-16
4587.14956378937  1.211453E-15
4588.62516534329  1.208793E-15
4590.10076689721  1.440278E-15
4591.57636845112  1.400291E-15
4593.05197000504  1.304964E-15
4594.52757155896  1.179668E-15
4596.00317311287  1.110330E-15
4597.47877466679  1.315881E-15
4598.95437622071  1.110061E-15
4600.42997777463  1.116467E-15
4601.90557932854  8.614961E-16
4603.38118088246  9.732812E-16
4604.85678243638  1.095094E-15
4606.33238399029  1.090509E-15
4607.80798554421  1.073786E-15
4609.28358709813  1.142318E-15
4610.75918865204  1.399750E-15
4612.23479020596  1.225400E-15
4613.71039175988  9.985708E-16
4615.18599331379  1.524368E-15
4616.66159486771  1.099802E-15
4618.13719642163  1.123683E-15
4619.61279797554  1.187295E-15
4621.08839952946  1.244855E-15
4622.56400108338  9.097034E-16
4624.0396026373  1.297044E-15
4625.51520419121  1.318826E-15
4626.99080574513  1.156948E-15
4628.46640729905  1.052223E-15
4629.94200885296  1.295543E-15
4631.41761040688  1.232976E-15
4632.8932119608  9.531003E-16
4634.36881351471  1.350301E-15
4635.84441506863  1.142105E-15
4637.32001662255  1.006396E-15
4638.79561817646  1.019004E-15
4640.27121973038  1.266186E-15
4641.7468212843  1.328092E-15
4643.22242283822  1.316320E-15
4644.69802439213  1.447231E-15
4646.17362594605  1.211711E-15
4647.64922749997  1.255647E-15
4649.12482905388  9.016693E-16
4650.6004306078  9.870964E-16
4652.07603216172  9.692400E-16
4653.55163371563  8.930268E-16
4655.02723526955  1.013144E-15
4656.50283682347  1.402571E-15
4657.97843837738  1.374201E-15
4659.4540399313  1.373231E-15
4660.92964148522  1.426236E-15
4662.40524303914  1.220508E-15
4663.88084459305  1.165036E-15
4665.35644614697  1.216834E-15
4666.83204770089  8.632894E-16
4668.3076492548  1.306748E-15
4669.78325080872  1.119773E-15
4671.25885236264  1.294570E-15
4672.73445391655  1.087389E-15
4674.21005547047  1.460197E-15
4675.68565702439  1.302457E-15
4677.1612585783  1.277766E-15
4678.63686013222  1.314953E-15
4680.11246168614  1.183913E-15
4681.58806324005  1.098687E-15
4683.06366479397  1.121436E-15
4684.53926634789  1.143910E-15
4686.01486790181  1.167721E-15
4687.49046945572  1.058863E-15
4688.96607100964  1.275602E-15
4690.44167256356  1.058068E-15
4691.91727411747  1.330259E-15
4693.39287567139  9.354365E-16
4694.86847722531  1.302046E-15
4696.34407877923  1.376324E-15
4697.81968033314  1.142679E-15
4699.29528188706  1.329651E-15
4700.77088344098  1.315241E-15
4702.24648499489  9.539463E-16
4703.72208654881  1.175600E-15
4705.19768810273  1.371452E-15
4706.67328965664  1.314310E-15
4708.14889121056  1.263639E-15
4709.62449276448  1.335416E-15
4711.1000943184  1.096305E-15
4712.57569587231  1.276438E-15
4714.05129742623  1.280180E-15
4715.52689898015  1.165911E-15
4717.00250053406  9.551541E-16
4718.47810208798  1.315933E-15
4719.9537036419  1.146234E-15
4721.42930519581  1.060893E-15
4722.90490674973  1.138876E-15
4724.38050830365  1.140837E-15
4725.85610985756  1.230725E-15
4727.33171141148  1.424837E-15
4728.8073129654  1.128962E-15
4730.28291451931  9.413352E-16
4731.75851607323  1.124143E-15
4733.23411762715  1.002781E-15
4734.70971918107  1.154837E-15
4736.18532073498  1.118744E-15
4737.6609222889  1.304108E-15
4739.13652384282  1.109475E-15
4740.61212539673  1.189514E-15
4742.08772695065  1.152177E-15
4743.56332850457  1.352218E-15
4745.03893005848  1.344244E-15
4746.5145316124  1.279552E-15
4747.99013316632  1.042705E-15
4749.46573472023  9.756555E-16
4750.94133627415  1.270351E-15
4752.41693782807  1.133486E-15
4753.89253938199  1.226488E-15
4755.3681409359  1.044322E-15
4756.84374248982  1.183699E-15
4758.31934404374  9.301749E-16
4759.79494559765  1.013072E-15
4761.27054715157  9.809444E-16
4762.74614870549  9.587365E-16
4764.2217502594  1.041479E-15
4765.69735181332  7.904076E-16
4767.17295336724  9.296913E-16
4768.64855492116  1.069621E-15
4770.12415647507  1.060358E-15
4771.59975802899  9.721431E-16
4773.07535958291  9.827570E-16
4774.55096113682  8.731313E-16
4776.02656269074  7.840313E-16
4777.50216424466  1.016483E-15
4778.97776579857  8.696190E-16
4780.45336735249  9.400528E-16
4781.92896890641  1.110080E-15
4783.40457046032  1.101832E-15
4784.88017201424  9.452975E-16
4786.35577356816  8.927131E-16
4787.83137512207  1.056738E-15
4789.30697667599  9.120266E-16
4790.78257822991  9.069255E-16
4792.25817978383  9.567978E-16
4793.73378133774  9.941187E-16
4795.20938289166  1.024235E-15
4796.68498444558  1.106132E-15
4798.16058599949  1.141315E-15
4799.63618755341  9.175236E-16
4801.11178910733  1.260712E-15
4802.58739066124  8.900849E-16
4804.06299221516  1.010101E-15
4805.53859376908  1.108847E-15
4807.014195323  9.145200E-16
4808.48979687691  9.905726E-16
4809.96539843083  1.263280E-15
4811.44099998475  1.181272E-15
4812.91660153866  8.092578E-16
4814.39220309258  1.132288E-15
4815.8678046465  1.029787E-15
4817.34340620041  9.484794E-16
4818.81900775433  9.799081E-16
4820.29460930825  9.894702E-16
4821.77021086216  1.005468E-15
4823.24581241608  9.386668E-16
4824.72141397  1.144485E-15
4826.19701552392  1.125484E-15
4827.67261707783  7.963573E-16
4829.14821863175  9.424510E-16
4830.62382018567  1.013490E-15
4832.09942173958  8.740531E-16
4833.5750232935  1.270601E-15
4835.05062484742  6.906054E-16
4836.52622640133  9.885909E-16
4838.00182795525  7.920985E-16
4839.47742950917  1.071149E-15
4840.95303106308  8.115490E-16
4842.428632617  1.017324E-15
4843.90423417092  1.067546E-15
4845.37983572484  8.693451E-16
4846.85543727875  7.802731E-16
4848.33103883267  9.600440E-16
4849.80664038659  1.075272E-15
4851.2822419405  8.914753E-16
4852.75784349442  8.911592E-16
4854.23344504834  8.845521E-16
4855.70904660225  9.619311E-16
4857.18464815617  6.286412E-16
4858.66024971009  8.041513E-16
4860.13585126401  8.064866E-16
4861.61145281792  9.026427E-16
4863.08705437184  1.214414E-15
4864.56265592576  8.489199E-16
4866.03825747967  1.048910E-15
4867.51385903359  8.605611E-16
4868.98946058751  8.731221E-16
4870.46506214142  9.972512E-16
4871.94066369534  9.878931E-16
4873.41626524926  8.422150E-16
4874.89186680317  7.752247E-16
4876.36746835709  7.812022E-16
4877.84306991101  9.824932E-16
4879.31867146492  9.103146E-16
4880.79427301884  9.823149E-16
4882.26987457276  5.276752E-16
4883.74547612668  9.447030E-16
4885.22107768059  8.618201E-16
4886.69667923451  9.883713E-16
4888.17228078843  8.884550E-16
4889.64788234234  7.966128E-16
4891.12348389626  6.464723E-16
4892.59908545018  6.868075E-16
4894.07468700409  9.742502E-16
4895.55028855801  1.095697E-15
4897.02589011193  1.073015E-15
4898.50149166584  7.714351E-16
4899.97709321976  1.097655E-15
4901.45269477368  1.090793E-15
4902.9282963276  8.681071E-16
4904.40389788151  8.665497E-16
4905.87949943543  8.113219E-16
4907.35510098935  8.459279E-16
4908.83070254326  8.797534E-16
4910.30630409718  9.988849E-16
4911.7819056511  1.116906E-15
4913.25750720501  1.081541E-15
4914.73310875893  9.265177E-16
4916.20871031285  9.345900E-16
4917.68431186676  8.810463E-16
4919.15991342068  9.789284E-16
4920.6355149746  9.120101E-16
4922.11111652852  1.172003E-15
4923.58671808243  9.115408E-16
4925.06231963635  9.855165E-16
4926.53792119027  1.231269E-15
4928.01352274418  9.472286E-16
4929.4891242981  6.741903E-16
4930.96472585202  9.326593E-16
4932.44032740593  1.167168E-15
4933.91592895985  9.609004E-16
4935.39153051377  9.167788E-16
4936.86713206768  1.016263E-15
4938.3427336216  6.870258E-16
4939.81833517552  7.163596E-16
4941.29393672943  7.795163E-16
4942.76953828335  7.808638E-16
4944.24513983727  8.640727E-16
4945.72074139119  7.900380E-16
4947.1963429451  7.675062E-16
4948.67194449902  7.007618E-16
4950.14754605294  8.582842E-16
4951.62314760685  7.666806E-16
4953.09874916077  5.482415E-16
4954.57435071469  8.310133E-16
4956.0499522686  7.887386E-16
4957.52555382252  6.590745E-16
4959.00115537644  7.591006E-16
4960.47675693036  7.909027E-16
4961.95235848427  5.520199E-16
4963.42796003819  6.883568E-16
4964.90356159211  7.561792E-16
4966.37916314602  5.571275E-16
4967.85476469994  5.999157E-16
4969.33036625386  5.981240E-16
4970.80596780778  5.618520E-16
4972.28156936169  7.471647E-16
4973.75717091561  7.891264E-16
4975.23277246953  6.319847E-16
4976.70837402344  5.311361E-16
4978.18397557736  3.782310E-16
4979.65957713128  4.994870E-16
4981.13517868519  1.055372E-15
4982.61078023911  6.047566E-16
4984.08638179303  6.272727E-16
4985.56198334694  6.643247E-16
4987.03758490086  5.279901E-16
4988.51318645478  6.399945E-16
4989.98878800869  4.295455E-16
4991.46438956261  6.129320E-16
4992.93999111653  9.969641E-16
4994.41559267045  6.231759E-16
4995.89119422436  7.355259E-16
4997.36679577828  6.891615E-16
4998.8423973322  3.691178E-16
5000.31799888611  4.816284E-16
5001.79360044003  7.807290E-16
5003.26920199395  7.561871E-16
5004.74480354786  9.368832E-16
5006.22040510178  6.362247E-16
5007.6960066557  5.602849E-16
5009.17160820962  8.003786E-16
5010.64720976353  8.117685E-16
5012.12281131745  8.737254E-16
5013.59841287137  8.808294E-16
5015.07401442528  9.341102E-16
5016.5496159792  7.724953E-16
5018.02521753312  7.332000E-16
5019.50081908703  7.034652E-16
5020.97642064095  7.992574E-16
5022.45202219487  8.839849E-16
5023.92762374878  6.894228E-16
5025.4032253027  7.906996E-16
5026.87882685662  6.891717E-16
5028.35442841054  5.855901E-16
5029.83002996445  7.738476E-16
5031.30563151837  6.473999E-16
5032.78123307229  6.011940E-16
5034.2568346262  6.852075E-16
5035.73243618012  6.414259E-16
5037.20803773404  6.965113E-16
5038.68363928795  8.800996E-16
5040.15924084187  8.829966E-16
5041.63484239579  6.667750E-16
5043.1104439497  7.876023E-16
5044.58604550362  6.967098E-16
5046.06164705754  6.707759E-16
5047.53724861146  6.689531E-16
5049.01285016537  5.718657E-16
5050.48845171929  8.801642E-16
5051.96405327321  8.611104E-16
5053.43965482712  8.764866E-16
5054.91525638104  6.424813E-16
5056.39085793496  7.451876E-16
5057.86645948887  7.628802E-16
5059.34206104279  8.229007E-16
5060.81766259671  7.877771E-16
5062.29326415062  9.266676E-16
5063.76886570454  7.838954E-16
5065.24446725846  8.144347E-16
5066.72006881237  6.940718E-16
5068.19567036629  4.468176E-16
5069.67127192021  5.760769E-16
5071.14687347413  1.032246E-15
5072.62247502804  7.942289E-16
5074.09807658196  6.604785E-16
5075.57367813588  9.153241E-16
5077.04927968979  5.778482E-16
5078.52488124371  6.215932E-16
5080.00048279763  7.225789E-16
5081.47608435155  6.102506E-16
5082.95168590546  5.894023E-16
5084.42728745938  5.961025E-16
5085.9028890133  5.102295E-16
5087.37849056721  5.749849E-16
5088.85409212113  7.596994E-16
5090.32969367505  7.088729E-16
5091.80529522896  6.755100E-16
5093.28089678288  5.290868E-16
5094.7564983368  7.426821E-16
5096.23209989071  7.124059E-16
5097.70770144463  7.004761E-16
5099.18330299855  6.560751E-16
5100.65890455246  5.500452E-16
5102.13450610638  6.293560E-16
5103.6101076603  6.242419E-16
5105.08570921422  6.598529E-16
5106.56131076813  6.072085E-16
5108.03691232205  7.182848E-16
5109.51251387597  7.769237E-16
5110.98811542988  7.733994E-16
5112.4637169838  5.618055E-16
5113.93931853772  6.153698E-16
5115.41492009163  7.547226E-16
5116.89052164555  4.953004E-16
5118.36612319947  6.429505E-16
5119.84172475338  7.239420E-16
5121.3173263073  6.424975E-16
5122.79292786122  6.317302E-16
5124.26852941513  7.750149E-16
5125.74413096905  7.496936E-16
5127.21973252297  5.182996E-16
5128.69533407689  8.375506E-16
5130.1709356308  9.411633E-16
5131.64653718472  5.175931E-16
5133.12213873864  8.470914E-16
5134.59774029255  7.620590E-16
5136.07334184647  7.077702E-16
5137.54894340039  9.296698E-16
5139.02454495431  7.117776E-16
5140.50014650822  7.423455E-16
5141.97574806214  8.026424E-16
5143.45134961606  5.393893E-16
5144.92695116997  6.129569E-16
5146.40255272389  7.381150E-16
5147.87815427781  6.344837E-16
5149.35375583172  6.690686E-16
5150.82935738564  6.924361E-16
5152.30495893956  6.566101E-16
5153.78056049347  6.870015E-16
5155.25616204739  8.708785E-16
5156.73176360131  8.359808E-16
5158.20736515522  7.159349E-16
5159.68296670914  8.254223E-16
5161.15856826306  6.702151E-16
5162.63416981698  7.083856E-16
5164.10977137089  9.319304E-16
5165.58537292481  6.495307E-16
5167.06097447873  6.384112E-16
5168.53657603264  6.603350E-16
5170.01217758656  6.822589E-16
5171.48777914048  7.041827E-16
5172.96338069439  7.261067E-16
5174.43898224831  7.480305E-16
5175.91458380223  7.699544E-16
5177.39018535614  7.918782E-16
5178.86578691006  8.034203E-16
5180.34138846398  9.038880E-16
5181.8169900179  6.085831E-16
5183.29259157181  7.534451E-16
5184.76819312573  9.818787E-16
5186.24379467965  6.603570E-16
5187.71939623356  6.830239E-16
5189.19499778748  9.063049E-16
5190.6705993414  7.252389E-16
5192.14620089531  7.082048E-16
5193.62180244923  8.166496E-16
5195.09740400315  9.004771E-16
5196.57300555707  7.549884E-16
5198.04860711098  7.869262E-16
5199.5242086649  9.736953E-16
5200.99981021882  7.631056E-16
5202.47541177273  7.765150E-16
5203.95101332665  9.726442E-16
5205.42661488057  9.255314E-16
5206.90221643448  7.696436E-16
5208.3778179884  7.457953E-16
5209.85341954232  6.741719E-16
5211.32902109623  8.407524E-16
5212.80462265015  6.251908E-16
5214.28022420407  9.529878E-16
5215.75582575799  9.172444E-16
5217.2314273119  7.500248E-16
5218.70702886582  1.108047E-15
5220.18263041974  8.979805E-16
5221.65823197365  7.662682E-16
5223.13383352757  8.157379E-16
5224.60943508149  6.975499E-16
5226.0850366354  7.223445E-16
5227.56063818932  8.244005E-16
5229.03623974324  8.511217E-16
5230.51184129715  8.534422E-16
5231.98744285107  7.487579E-16
5233.46304440499  5.470776E-16
5234.93864595891  6.855070E-16
5236.41424751282  7.225290E-16
5237.88984906674  7.864457E-16
5239.36545062066  8.435442E-16
5240.84105217457  6.733576E-16
5242.31665372849  8.163264E-16
5243.79225528241  7.927927E-16
5245.26785683633  8.075537E-16
5246.74345839024  8.764895E-16
5248.21905994416  6.789782E-16
5249.69466149808  6.636243E-16
5251.17026305199  6.848730E-16
5252.64586460591  8.196659E-16
5254.12146615983  7.583741E-16
5255.59706771374  6.519167E-16
5257.07266926766  6.145538E-16
5258.54827082158  7.079982E-16
5260.02387237549  8.614697E-16
5261.49947392941  8.843392E-16
5262.97507548333  7.723232E-16
5264.45067703725  8.401555E-16
5265.92627859116  9.904041E-16
5267.40188014508  8.274885E-16
5268.877481699  8.092917E-16
5270.35308325291  7.301094E-16
5271.82868480683  7.594470E-16
5273.30428636075  7.028615E-16
5274.77988791466  7.830791E-16
5276.25548946858  6.857792E-16
5277.7310910225  6.333513E-16
5279.20669257641  8.288775E-16
5280.68229413033  6.285460E-16
5282.15789568425  6.671927E-16
5283.63349723816  7.852020E-16
5285.10909879208  7.433413E-16
5286.584700346  6.559456E-16
5288.06030189992  5.253230E-16
5289.53590345383  8.137853E-16
5291.01150500775  6.338210E-16
5292.48710656167  6.883567E-16
5293.96270811558  8.704727E-16
5295.4383096695  8.334317E-16
5296.91391122342  8.692082E-16
5298.38951277733  8.090336E-16
5299.86511433125  6.481804E-16
5301.34071588517  7.918528E-16
5302.81631743909  7.181161E-16
5304.291918993  6.302230E-16
5305.76752054692  8.898591E-16
5307.24312210083  8.152215E-16
5308.71872365475  7.611973E-16
5310.19432520867  8.058317E-16
5311.66992676259  8.729644E-16
5313.1455283165  8.896705E-16
5314.62112987042  9.209586E-16
5316.09673142434  7.344470E-16
5317.57233297825  7.365704E-16
5319.04793453217  7.446215E-16
5320.52353608609  7.851665E-16
5321.99913764  6.237903E-16
5323.47473919392  7.117357E-16
5324.95034074784  8.255837E-16
5326.42594230176  7.001489E-16
5327.90154385567  7.493326E-16
5329.37714540959  8.002842E-16
5330.85274696351  7.429108E-16
5332.32834851742  5.375213E-16
5333.80395007134  7.373763E-16
5335.27955162526  7.368137E-16
5336.75515317917  8.140623E-16
5338.23075473309  9.319267E-16
5339.70635628701  9.805744E-16
5341.18195784093  8.325285E-16
5342.65755939484  8.006582E-16
5344.13316094876  6.723785E-16
5345.60876250268  6.723699E-16
5347.08436405659  7.973318E-16
5348.55996561051  6.408006E-16
5350.03556716443  7.429900E-16
5351.51116871834  7.860580E-16
5352.98677027226  7.905159E-16
5354.46237182618  7.350717E-16
5355.93797338009  8.265425E-16
5357.41357493401  8.659073E-16
5358.88917648793  9.066130E-16
5360.36477804184  7.626183E-16
5361.84037959576  6.414577E-16
5363.31598114968  6.763263E-16
5364.79158270359  7.196945E-16
5366.26718425751  5.524457E-16
5367.74278581143  8.136154E-16
5369.21838736535  7.992009E-16
5370.69398891926  8.085266E-16
5372.16959047318  6.537796E-16
5373.6451920271  5.080282E-16
5375.12079358101  6.289664E-16
5376.59639513493  7.364523E-16
5378.07199668885  6.134338E-16
5379.54759824276  5.214923E-16
5381.02319979668  5.380737E-16
5382.4988013506  6.460873E-16
5383.97440290452  6.226975E-16
5385.45000445843  7.760049E-16
5386.92560601235  6.743795E-16
5388.40120756627  6.868542E-16
5389.87680912018  8.203795E-16
5391.3524106741  6.033827E-16
5392.82801222802  7.058605E-16
5394.30361378193  6.899094E-16
5395.77921533585  6.260761E-16
5397.25481688977  6.074931E-16
5398.73041844368  5.525634E-16
5400.2060199976  8.780321E-16
5401.68162155152  7.354276E-16
5403.15722310544  6.776842E-16
5404.63282465935  8.010208E-16
5406.10842621327  6.109847E-16
5407.58402776719  6.120597E-16
5409.0596293211  6.348600E-16
5410.53523087502  6.676686E-16
5412.01083242894  6.019786E-16
5413.48643398285  6.363681E-16
5414.96203553677  8.081587E-16
5416.43763709069  7.467603E-16
5417.9132386446  5.624630E-16
5419.38884019852  5.933985E-16
5420.86444175244  4.786228E-16
5422.34004330636  5.938603E-16
5423.81564486027  7.226208E-16
5425.29124641419  7.421441E-16
5426.76684796811  7.871918E-16
5428.24244952202  4.873568E-16
5429.71805107594  6.657801E-16
5431.19365262986  8.222418E-16
5432.66925418377  5.761720E-16
5434.14485573769  6.063093E-16
5435.62045729161  7.058650E-16
5437.09605884552  8.508170E-16
5438.57166039944  6.121305E-16
5440.04726195336  7.382929E-16
5441.52286350728  6.643536E-16
5442.99846506119  6.377333E-16
5444.47406661511  7.355219E-16
5445.94966816903  5.921208E-16
5447.42526972294  7.560652E-16
5448.90087127686  6.741300E-16
5450.37647283078  5.731926E-16
5451.85207438469  4.911278E-16
5453.32767593861  5.198557E-16
5454.80327749253  4.589892E-16
5456.27887904645  7.437305E-16
5457.75448060036  5.269002E-16
5459.23008215428  4.234112E-16
5460.7056837082  7.285719E-16
5462.18128526211  5.817017E-16
5463.65688681603  6.380504E-16
5465.13248836995  6.699134E-16
5466.60808992386  6.716846E-16
5468.08369147778  7.609357E-16
5469.5592930317  6.025129E-16
5471.03489458561  9.092505E-16
5472.51049613953  7.130616E-16
5473.98609769345  6.268375E-16
5475.46169924736  7.207260E-16
5476.93730080128  8.207105E-16
5478.4129023552  7.426516E-16
5479.88850390912  7.702993E-16
5481.36410546303  7.305726E-16
5482.83970701695  6.975628E-16
5484.31530857087  8.322654E-16
5485.79091012478  8.310367E-16
5487.2665116787  7.036457E-16
5488.74211323262  8.414969E-16
5490.21771478653  5.694866E-16
5491.69331634045  6.325988E-16
5493.16891789437  7.017207E-16
5494.64451944828  6.867574E-16
5496.1201210022  6.709489E-16
5497.59572255612  7.537149E-16
5499.07132411004  7.437339E-16
5500.54692566395  6.339919E-16
5502.02252721787  6.351914E-16
5503.49812877179  5.990931E-16
5504.9737303257  5.455461E-16
5506.44933187962  7.215192E-16
5507.92493343354  9.512607E-16
5509.40053498745  5.985694E-16
5510.87613654137  7.113502E-16
5512.35173809529  8.618410E-16
5513.82733964921  4.867173E-16
5515.30294120312  5.915849E-16
5516.77854275704  6.008854E-16
5518.25414431096  7.474951E-16
5519.72974586487  6.703389E-16
5521.20534741879  6.618044E-16
5522.68094897271  7.250110E-16
5524.15655052663  7.312997E-16
5525.63215208054  7.926009E-16
5527.10775363446  5.390718E-16
5528.58335518838  7.167902E-16
5530.05895674229  7.121228E-16
5531.53455829621  6.675612E-16
5533.01015985013  7.509115E-16
5534.48576140404  6.693226E-16
5535.96136295796  6.795457E-16
5537.43696451188  7.262535E-16
5538.9125660658  5.396185E-16
5540.38816761971  6.027511E-16
5541.86376917363  7.001310E-16
5543.33937072755  5.079379E-16
5544.81497228146  6.291289E-16
5546.29057383538  5.840228E-16
5547.7661753893  6.031881E-16
5549.24177694321  5.984088E-16
5550.71737849713  6.388539E-16
5552.19298005105  7.705223E-16
5553.66858160496  6.324470E-16
5555.14418315888  5.850595E-16
5556.6197847128  5.415275E-16
5558.09538626671  6.791287E-16
5559.57098782063  6.116062E-16
5561.04658937455  6.716217E-16
5562.52219092846  6.954849E-16
5563.99779248238  5.840513E-16
5565.4733940363  5.388140E-16
5566.94899559022  6.636084E-16
5568.42459714413  6.326466E-16
5569.90019869805  6.108431E-16
5571.37580025197  6.128956E-16
5572.85140180588  5.330569E-16
5574.3270033598  5.923877E-16
5575.80260491372  6.610969E-16
5577.27820646763  5.802042E-16
5578.75380802155  1.382323E-16
5580.22940957547  5.885463E-16
5581.70501112939  4.767661E-16
5583.1806126833  6.961625E-16
5584.65621423722  6.966207E-16
5586.13181579114  4.835704E-16
5587.60741734505  7.113035E-16
5589.08301889897  5.461785E-16
5590.55862045289  5.249761E-16
5592.0342220068  5.704486E-16
5593.50982356072  5.833465E-16
5594.98542511464  6.110811E-16
5596.46102666856  6.156313E-16
5597.93662822247  5.489380E-16
5599.41222977639  6.636532E-16
5600.8878313303  7.308728E-16
5602.36343288422  6.450042E-16
5603.83903443814  4.984891E-16
5605.31463599206  6.760253E-16
5606.79023754597  6.118614E-16
5608.26583909989  4.803738E-16
5609.74144065381  5.033210E-16
5611.21704220772  4.388245E-16
5612.69264376164  5.623738E-16
5614.16824531556  6.543009E-16
5615.64384686947  6.205551E-16
5617.11944842339  7.671208E-16
5618.59504997731  5.837461E-16
5620.07065153123  6.972677E-16
5621.54625308514  5.695780E-16
5623.02185463906  6.026669E-16
5624.49745619298  6.313102E-16
5625.97305774689  5.553172E-16
5627.44865930081  5.647186E-16
5628.92426085473  6.522745E-16
5630.39986240864  6.109867E-16
5631.87546396256  5.756227E-16
5633.35106551648  6.606859E-16
5634.8266670704  6.533313E-16
5636.30226862431  5.800327E-16
5637.77787017823  6.239612E-16
5639.25347173215  6.011803E-16
5640.72907328606  5.174370E-16
5642.20467483998  6.004534E-16
5643.6802763939  6.244993E-16
5645.15587794781  5.569587E-16
5646.63147950173  7.586986E-16
5648.10708105565  7.031697E-16
5649.58268260956  5.802043E-16
5651.05828416348  7.241508E-16
5652.5338857174  7.458206E-16
5654.00948727131  7.299401E-16
5655.48508882523  6.377658E-16
5656.96069037915  7.295492E-16
5658.43629193306  7.950052E-16
5659.91189348698  7.819516E-16
5661.3874950409  6.940019E-16
5662.86309659482  8.408595E-16
5664.33869814873  6.573227E-16
5665.81429970265  7.986380E-16
5667.28990125657  7.680419E-16
5668.76550281048  7.856441E-16
5670.2411043644  6.795514E-16
5671.71670591832  8.197952E-16
5673.19230747223  8.856848E-16
5674.66790902615  7.524833E-16
5676.14351058007  5.772505E-16
5677.61911213399  7.045004E-16
5679.0947136879  7.362045E-16
5680.57031524182  8.027676E-16
5682.04591679574  5.540479E-16
5683.52151834965  7.631304E-16
5684.99711990357  8.441691E-16
5686.47272145749  5.554064E-16
5687.9483230114  7.342678E-16
5689.42392456532  7.516583E-16
5690.89952611924  8.583482E-16
5692.37512767316  7.842995E-16
5693.85072922707  7.919247E-16
5695.32633078099  5.827348E-16
5696.80193233491  6.844203E-16
5698.27753388882  7.913706E-16
5699.75313544274  7.062948E-16
5701.22873699666  5.669555E-16
5702.70433855057  7.143538E-16
5704.17994010449  7.411033E-16
5705.65554165841  8.792495E-16
5707.13114321232  4.763922E-16
5708.60674476624  7.414370E-16
5710.08234632016  7.568506E-16
5711.55794787407  8.824476E-16
5713.03354942799  7.533009E-16
5714.50915098191  6.848655E-16
5715.98475253583  4.911273E-16
5717.46035408974  7.615374E-16
5718.93595564366  8.393923E-16
5720.41155719758  7.260744E-16
5721.88715875149  6.504685E-16
5723.36276030541  9.326055E-16
5724.83836185933  7.295971E-16
5726.31396341324  8.420221E-16
5727.78956496716  7.587448E-16
5729.26516652108  7.834144E-16
5730.740768075  8.171679E-16
5732.21636962891  9.058897E-16
5733.69197118283  6.468214E-16
5735.16757273675  8.601747E-16
5736.64317429066  7.838086E-16
5738.11877584458  7.696897E-16
5739.5943773985  7.891477E-16
5741.06997895241  8.271882E-16
5742.54558050633  8.350776E-16
5744.02118206025  8.477485E-16
5745.49678361417  8.061192E-16
5746.97238516808  6.869976E-16
5748.447986722  8.040314E-16
5749.92358827592  7.988020E-16
5751.39918982983  6.812946E-16
5752.87479138375  7.123544E-16
5754.35039293767  7.641177E-16
5755.82599449158  7.296791E-16
5757.3015960455  7.544287E-16
5758.77719759942  7.611462E-16
5760.25279915333  7.847573E-16
5761.72840070725  7.265266E-16
5763.20400226117  6.132470E-16
5764.67960381508  8.197004E-16
5766.155205369  7.612530E-16
5767.63080692292  6.874753E-16
5769.10640847683  8.415018E-16
5770.58201003075  8.453784E-16
5772.05761158467  8.509255E-16
5773.53321313859  5.754129E-16
5775.0088146925  8.181995E-16
5776.48441624642  6.546278E-16
5777.96001780034  8.545194E-16
5779.43561935425  4.275458E-16
5780.91122090817  6.908676E-16
5782.38682246209  7.052174E-16
5783.862424016  7.332705E-16
5785.33802556992  1.002303E-15
5786.81362712384  8.630740E-16
5788.28922867776  7.906037E-16
5789.76483023167  7.937502E-16
5791.24043178559  8.195879E-16
5792.71603333951  7.734115E-16
5794.19163489342  9.161584E-16
5795.66723644734  9.749118E-16
5797.14283800126  8.253442E-16
5798.61843955517  8.279344E-16
5800.09404110909  5.456182E-16
5801.56964266301  6.134196E-16
5803.04524421693  7.778212E-16
5804.52084577084  6.401989E-16
5805.99644732476  5.929185E-16
5807.47204887868  8.584699E-16
5808.94765043259  7.813485E-16
5810.42325198651  8.272615E-16
5811.89885354043  7.203846E-16
5813.37445509434  6.889256E-16
5814.85005664826  8.738567E-16
5816.32565820218  4.935556E-16
5817.80125975609  6.798547E-16
5819.27686131001  7.650905E-16
5820.75246286393  8.189556E-16
5822.22806441785  6.378396E-16
5823.70366597176  7.228177E-16
5825.17926752568  7.777019E-16
5826.6548690796  6.877539E-16
5828.13047063351  5.990014E-16
5829.60607218743  8.090484E-16
5831.08167374135  6.440776E-16
5832.55727529526  7.682285E-16
5834.03287684918  7.405350E-16
5835.5084784031  6.046490E-16
5836.98407995701  9.156341E-16
5838.45968151093  9.104833E-16
5839.93528306485  7.535183E-16
5841.41088461877  6.455998E-16
5842.88648617268  7.577870E-16
5844.3620877266  7.955479E-16
5845.83768928052  9.965995E-16
5847.31329083443  5.682982E-16
5848.78889238835  8.279322E-16
5850.26449394227  6.426931E-16
5851.74009549618  8.254503E-16
5853.2156970501  7.507904E-16
5854.69129860402  6.262713E-16
5856.16690015794  6.041664E-16
5857.64250171185  8.313837E-16
5859.11810326577  6.864102E-16
5860.59370481969  9.269524E-16
5862.0693063736  5.751078E-16
5863.54490792752  6.793090E-16
5865.02050948144  7.570768E-16
5866.49611103535  6.245051E-16
5867.97171258927  5.828026E-16
5869.44731414319  6.567610E-16
5870.9229156971  5.788875E-16
5872.39851725102  5.803645E-16
5873.87411880494  7.255398E-16
5875.34972035885  6.541216E-16
5876.82532191277  5.809274E-16
5878.30092346669  5.897433E-16
5879.7765250206  7.309567E-16
5881.25212657452  5.859660E-16
5882.72772812844  6.561101E-16
5884.20332968236  5.701391E-16
5885.67893123627  4.887981E-16
5887.15453279019  6.800919E-16
5888.63013434411  7.240012E-16
5890.10573589802  4.556895E-16
5891.58133745194  5.774038E-16
5893.05693900586  6.262459E-16
5894.53254055977  7.753308E-16
5896.00814211369  6.981274E-16
5897.48374366761  8.889518E-16
5898.95934522153  3.925743E-16
5900.43494677544  4.103258E-16
5901.91054832936  5.853482E-16
5903.38614988328  6.780930E-16
5904.86175143719  4.463130E-16
5906.33735299111  5.831810E-16
5907.81295454503  5.536790E-16
5909.28855609894  5.276843E-16
5910.76415765286  6.335404E-16
5912.23975920678  7.189348E-16
5913.7153607607  6.256282E-16
5915.19096231461  6.318422E-16
5916.66656386853  5.295785E-16
5918.14216542245  9.074774E-16
5919.61776697636  6.663793E-16
5921.09336853028  5.899291E-16
5922.5689700842  6.963979E-16
5924.04457163811  6.910441E-16
5925.52017319203  5.368393E-16
5926.99577474595  5.921942E-16
5928.47137629986  5.257735E-16
5929.94697785378  6.145801E-16
5931.4225794077  7.560600E-16
5932.89818096161  6.632427E-16
5934.37378251553  5.918767E-16
5935.84938406945  8.556131E-16
5937.32498562337  6.800992E-16
5938.80058717728  5.286259E-16
5940.2761887312  6.031434E-16
5941.75179028512  5.587983E-16
5943.22739183903  7.359565E-16
5944.70299339295  5.655302E-16
5946.17859494687  4.183341E-16
5947.65419650078  7.058277E-16
5949.1297980547  6.509313E-16
5950.60539960862  6.835939E-16
5952.08100116254  5.745612E-16
5953.55660271645  5.277649E-16
5955.03220427037  4.961654E-16
5956.50780582429  5.352793E-16
5957.9834073782  5.352260E-16
5959.45900893212  7.034854E-16
5960.93461048604  5.604623E-16
5962.41021203995  6.228884E-16
5963.88581359387  7.015939E-16
5965.36141514779  8.173867E-16
5966.83701670171  5.983594E-16
5968.31261825562  5.586538E-16
5969.78821980954  5.919478E-16
5971.26382136346  5.966757E-16
5972.73942291737  7.255824E-16
5974.21502447129  8.411208E-16
5975.69062602521  7.314323E-16
5977.16622757912  5.275027E-16
5978.64182913304  5.133577E-16
5980.11743068696  5.651681E-16
5981.59303224087  6.074597E-16
5983.06863379479  5.184640E-16
5984.54423534871  6.037477E-16
5986.01983690262  6.850268E-16
5987.49543845654  7.387309E-16
5988.97104001046  5.471184E-16
5990.44664156437  6.296504E-16
5991.92224311829  6.903319E-16
5993.39784467221  7.154628E-16
5994.87344622613  6.309288E-16
5996.34904778004  5.186337E-16
5997.82464933396  5.683022E-16
5999.30025088788  7.570079E-16
6000.77585244179  7.000454E-16
6002.25145399571  5.587733E-16
6003.72705554963  7.147235E-16
6005.20265710354  6.690037E-16
6006.67825865746  5.578747E-16
6008.15386021138  6.029924E-16
6009.6294617653  7.450270E-16
6011.10506331921  4.776321E-16
6012.58066487313  4.907392E-16
6014.05626642705  6.062310E-16
6015.53186798096  6.694859E-16
6017.00746953488  6.146941E-16
6018.4830710888  6.897785E-16
6019.95867264271  7.487503E-16
6021.43427419663  7.738514E-16
6022.90987575055  6.115227E-16
6024.38547730447  6.344401E-16
6025.86107885838  8.945802E-16
6027.3366804123  6.417629E-16
6028.81228196622  6.497315E-16
6030.28788352013  5.396664E-16
6031.76348507405  4.065209E-16
6033.23908662797  8.302810E-16
6034.71468818188  7.046703E-16
6036.1902897358  6.827785E-16
6037.66589128972  5.916397E-16
6039.14149284363  5.768341E-16
6040.61709439755  8.080349E-16
6042.09269595147  7.301788E-16
6043.56829750538  7.281044E-16
6045.0438990593  6.574206E-16
6046.51950061322  5.565234E-16
6047.99510216714  6.872220E-16
6049.47070372105  6.037814E-16
6050.94630527497  8.003478E-16
6052.42190682889  6.858137E-16
6053.8975083828  6.868808E-16
6055.37310993672  9.252961E-16
6056.84871149064  7.872035E-16
6058.32431304455  9.175517E-16
6059.79991459847  5.751976E-16
6061.27551615239  5.521927E-16
6062.75111770631  6.836193E-16
6064.22671926022  6.979108E-16
6065.70232081414  6.057177E-16
6067.17792236806  6.086381E-16
6068.65352392197  4.659078E-16
6070.12912547589  6.603210E-16
6071.60472702981  8.848588E-16
6073.08032858372  6.216628E-16
6074.55593013764  4.603712E-16
6076.03153169156  6.992301E-16
6077.50713324548  7.070001E-16
6078.98273479939  7.699826E-16
6080.45833635331  6.199288E-16
6081.93393790723  6.286530E-16
6083.40953946114  7.764857E-16
6084.88514101506  7.533068E-16
6086.36074256898  6.386476E-16
6087.83634412289  6.220906E-16
6089.31194567681  6.262473E-16
6090.78754723073  4.968348E-16
6092.26314878464  6.871559E-16
6093.73875033856  6.654318E-16
6095.21435189248  4.930107E-16
6096.68995344639  8.088447E-16
6098.16555500031  6.467350E-16
6099.64115655423  7.224906E-16
6101.11675810814  6.266761E-16
6102.59235966206  4.418580E-16
6104.06796121598  7.988095E-16
6105.5435627699  8.333950E-16
6107.01916432381  6.808015E-16
6108.49476587773  6.980838E-16
6109.97036743165  7.290807E-16
6111.44596898556  7.663982E-16
6112.92157053948  6.905632E-16
6114.3971720934  8.144782E-16
6115.87277364731  5.629894E-16
6117.34837520123  7.262409E-16
6118.82397675515  7.769653E-16
6120.29957830907  5.408207E-16
6121.77517986298  8.075085E-16
6123.2507814169  6.849689E-16
6124.72638297082  7.664008E-16
6126.20198452473  7.235334E-16
6127.67758607865  6.825529E-16
6129.15318763257  6.566572E-16
6130.62878918648  5.260252E-16
6132.1043907404  5.579710E-16
6133.57999229432  6.428934E-16
6135.05559384823  6.946548E-16
6136.53119540215  6.405655E-16
6138.00679695607  7.312995E-16
6139.48239850999  5.309760E-16
6140.9580000639  9.529498E-16
6142.43360161782  5.522635E-16
6143.90920317174  6.756247E-16
6145.38480472565  5.651024E-16
6146.86040627957  6.230295E-16
6148.33600783349  6.787520E-16
6149.8116093874  6.422400E-16
6151.28721094132  5.456307E-16
6152.76281249524  6.251227E-16
6154.23841404915  6.921411E-16
6155.71401560307  7.569064E-16
6157.18961715699  7.122061E-16
6158.66521871091  6.373467E-16
6160.14082026482  5.918199E-16
6161.61642181874  5.236140E-16
6163.09202337266  7.246497E-16
6164.56762492657  6.337810E-16
6166.04322648049  7.360118E-16
6167.51882803441  5.733453E-16
6168.99442958832  5.158481E-16
6170.47003114224  5.996893E-16
6171.94563269616  6.167163E-16
6173.42123425008  5.223178E-16
6174.89683580399  6.406965E-16
6176.37243735791  8.322017E-16
6177.84803891183  5.858658E-16
6179.32364046574  7.302091E-16
6180.79924201966  5.466961E-16
6182.27484357358  7.347014E-16
6183.75044512749  7.176716E-16
6185.22604668141  6.365516E-16
6186.70164823533  6.936819E-16
6188.17724978924  8.178198E-16
6189.65285134316  8.165271E-16
6191.12845289708  7.005137E-16
6192.60405445099  4.757450E-16
6194.07965600491  8.176139E-16
6195.55525755883  4.311159E-16
6197.03085911275  6.895419E-16
6198.50646066666  5.013899E-16
6199.98206222058  6.286383E-16
6201.4576637745  5.749095E-16
6202.93326532841  6.870772E-16
6204.40886688233  7.086547E-16
6205.88446843625  6.742266E-16
6207.36006999016  4.352388E-16
6208.83567154408  5.170738E-16
6210.311273098  5.767257E-16
6211.78687465191  3.958223E-16
6213.26247620583  6.725834E-16
6214.73807775975  5.826750E-16
6216.21367931367  5.492726E-16
6217.68928086758  4.517860E-16
6219.1648824215  6.808248E-16
6220.64048397542  7.320689E-16
6222.11608552933  3.661253E-16
6223.59168708325  5.569345E-16
6225.06728863717  4.602305E-16
6226.54289019108  4.839925E-16
6228.018491745  3.991264E-16
6229.49409329892  6.846328E-16
6230.96969485284  2.989466E-16
6232.44529640675  5.834990E-16
6233.92089796067  5.648566E-16
6235.39649951459  3.690801E-16
6236.8721010685  4.422326E-16
6238.34770262242  4.106852E-16
6239.82330417634  2.932402E-16
6241.29890573025  4.686819E-16
6242.77450728417  4.902269E-16
6244.25010883809  4.311290E-16
6245.725710392  4.650959E-16
6247.20131194592  4.626047E-16
6248.67691349984  4.850800E-16
6250.15251505375  5.571663E-16
6251.62811660767  4.164689E-16
6253.10371816159  2.794333E-16
6254.57931971551  2.973637E-16
6256.05492126942  3.331907E-16
6257.53052282334  5.219297E-16
6259.00612437726  4.323649E-16
6260.48172593117  5.054429E-16
6261.95732748509  4.625368E-16
6263.43292903901  2.892227E-16
6264.90853059292  3.770688E-16
6266.38413214684  3.796586E-16
6267.85973370076  4.043770E-16
6269.33533525468  2.279470E-16
6270.81093680859  4.187116E-16
6272.28653836251  3.857345E-16
6273.76213991643  2.757461E-16
6275.23774147034  4.591031E-16
6276.71334302426  4.010357E-16
6278.18894457818  3.595242E-16
6279.66454613209  4.568537E-16
6281.14014768601  4.681870E-16
6282.61574923993  5.076827E-16
6284.09135079385  4.014738E-16
6285.56695234776  2.543728E-16
6287.04255390168  3.431288E-16
6288.5181554556  4.787195E-16
6289.99375700951  3.383542E-16
6291.46935856343  4.782689E-16
6292.94496011735  5.265314E-16
6294.42056167126  3.477484E-16
6295.89616322518  5.161425E-16
6297.3717647791  4.378031E-17
6298.84736633301  3.371877E-16
6300.32296788693  9.969833E-17
6301.79856944085  8.393262E-16
6303.27417099476  5.195143E-16
6304.74977254868  2.703321E-16
6306.2253741026  3.154164E-16
6307.70097565651  4.383423E-16
6309.17657721043  3.800211E-16
6310.65217876435  4.557399E-16
6312.12778031827  4.019765E-16
6313.60338187218  4.793070E-16
6315.0789834261  3.374553E-16
6316.55458498002  4.310386E-16
6318.03018653393  4.724752E-16
6319.50578808785  3.539290E-16
6320.98138964177  5.032523E-16
6322.45699119568  5.357968E-16
6323.9325927496  2.875187E-16
6325.40819430352  3.839702E-16
6326.88379585744  4.693503E-16
6328.35939741135  3.662692E-16
6329.83499896527  3.838683E-16
6331.31060051919  4.567973E-16
6332.7862020731  7.163212E-16
6334.26180362702  4.439915E-16
6335.73740518094  6.155246E-16
6337.21300673485  4.411546E-16
6338.68860828877  4.081322E-16
6340.16420984269  5.578209E-16
6341.63981139661  2.977572E-16
6343.11541295052  4.106774E-16
6344.59101450444  2.892267E-16
6346.06661605836  2.941672E-16
6347.54221761227  4.627303E-16
6349.01781916619  2.993404E-16
6350.49342072011  4.358392E-16
6351.96902227402  5.366153E-16
6353.44462382794  5.491738E-16
6354.92022538186  5.644888E-16
6356.39582693578  5.842201E-16
6357.87142848969  5.151955E-16
6359.34703004361  5.060779E-16
6360.82263159753  4.928377E-16
6362.29823315144  5.148932E-16
6363.77383470536  4.405904E-16
6365.24943625928  4.604009E-16
6366.72503781319  4.849975E-16
6368.20063936711  4.340188E-16
6369.67624092103  5.293872E-16
6371.15184247494  3.118457E-16
6372.62744402886  4.148975E-16
6374.10304558278  5.382803E-16
6375.57864713669  4.134693E-16
6377.05424869061  4.595508E-16
6378.52985024453  5.697644E-16
6380.00545179845  6.735892E-16
6381.48105335236  5.133496E-16
6382.95665490628  6.261122E-16
6384.4322564602  6.096294E-16
6385.90785801411  4.866618E-16
6387.38345956803  4.846604E-16
6388.85906112195  4.217888E-16
6390.33466267586  5.215629E-16
6391.81026422978  6.508158E-16
6393.2858657837  3.509993E-16
6394.76146733762  4.225975E-16
6396.23706889153  6.029958E-16
6397.71267044545  6.711170E-16
6399.18827199937  6.510897E-16
6400.66387355328  6.317767E-16
6402.1394751072  5.100599E-16
6403.61507666112  6.332078E-16
6405.09067821503  5.144666E-16
6406.56627976895  5.414618E-16
6408.04188132287  4.774318E-16
6409.51748287679  4.761128E-16
6410.9930844307  5.417640E-16
6412.46868598462  6.040712E-16
6413.94428753853  5.710143E-16
6415.41988909245  5.173592E-16
6416.89549064637  5.807510E-16
6418.37109220029  6.741762E-16
6419.8466937542  5.515550E-16
6421.32229530812  7.287592E-16
6422.79789686204  6.397633E-16
6424.27349841595  6.402776E-16
6425.74909996987  5.060353E-16
6427.22470152379  4.085718E-16
6428.7003030777  5.686054E-16
6430.17590463162  5.313084E-16
6431.65150618554  6.868430E-16
6433.12710773945  7.944357E-16
6434.60270929337  4.791518E-16
6436.07831084729  4.568459E-16
6437.5539124012  5.785131E-16
6439.02951395512  4.209327E-16
6440.50511550904  6.271844E-16
6441.98071706296  8.961436E-16
6443.45631861687  6.686518E-16
6444.93192017079  5.949700E-16
6446.40752172471  4.907075E-16
6447.88312327862  6.373444E-16
6449.35872483254  5.663398E-16
6450.83432638646  7.566236E-16
6452.30992794037  7.361291E-16
6453.78552949429  8.488231E-16
6455.26113104821  7.726880E-16
6456.73673260212  5.771247E-16
6458.21233415604  6.106393E-16
6459.68793570996  6.680123E-16
6461.16353726388  5.326254E-16
6462.63913881779  5.863855E-16
6464.11474037171  5.983827E-16
6465.59034192563  6.388753E-16
6467.06594347954  5.107056E-16
6468.54154503346  5.944066E-16
6470.01714658738  5.512945E-16
6471.49274814129  6.101588E-16
6472.96834969521  5.623188E-16
6474.44395124913  7.236415E-16
6475.91955280305  6.566412E-16
6477.39515435696  4.515676E-16
6478.87075591088  5.877517E-16
6480.3463574648  6.362971E-16
6481.82195901871  6.622848E-16
6483.29756057263  6.862613E-16
6484.77316212655  6.565560E-16
6486.24876368046  6.397361E-16
6487.72436523438  7.408596E-16
6489.1999667883  7.270894E-16
6490.67556834221  5.034617E-16
6492.15116989613  5.618520E-16
6493.62677145005  6.204831E-16
6495.10237300397  7.141737E-16
6496.57797455788  6.822067E-16
6498.0535761118  4.308364E-16
6499.52917766572  6.575865E-16
6501.00477921963  5.894468E-16
6502.48038077355  6.218250E-16
6503.95598232747  4.886010E-16
6505.43158388138  5.835659E-16
6506.9071854353  5.966756E-16
6508.38278698922  6.221569E-16
6509.85838854313  5.677035E-16
6511.33399009705  7.120210E-16
6512.80959165097  4.854699E-16
6514.28519320488  5.688568E-16
6515.7607947588  6.541928E-16
6517.23639631272  6.157649E-16
6518.71199786664  6.221893E-16
6520.18759942055  9.609713E-16
6521.66320097447  6.911926E-16
6523.13880252839  6.033102E-16
6524.6144040823  6.410534E-16
6526.09000563622  6.481755E-16
6527.56560719014  6.857929E-16
6529.04120874405  5.881355E-16
6530.51681029797  6.198782E-16
6531.99241185189  6.334739E-16
6533.46801340581  7.146663E-16
6534.94361495972  5.724761E-16
6536.41921651364  4.867250E-16
6537.89481806756  5.906899E-16
6539.37041962147  6.171085E-16
6540.84602117539  5.157148E-16
6542.32162272931  5.423487E-16
6543.79722428322  5.937209E-16
6545.27282583714  6.965032E-16
6546.74842739106  7.530379E-16
6548.22402894498  7.541018E-16
6549.69963049889  5.171147E-16
6551.17523205281  6.578103E-16
6552.65083360673  7.214217E-16
6554.12643516064  7.601537E-16
6555.60203671456  7.278320E-16
6557.07763826848  6.133863E-16
6558.55323982239  6.623912E-16
6560.02884137631  6.218857E-16
6561.50444293023  6.447055E-16
6562.98004448414  6.247893E-16
6564.45564603806  7.061826E-16
6565.93124759198  4.592873E-16
6567.40684914589  6.479437E-16
6568.88245069981  4.197409E-16
6570.35805225373  4.461272E-16
6571.83365380765  6.083805E-16
6573.30925536156  5.390132E-16
6574.78485691548  5.619376E-16
6576.2604584694  7.762801E-16
6577.73606002331  6.187954E-16
6579.21166157723  7.135432E-16
6580.68726313115  4.323946E-16
6582.16286468506  6.639309E-16
6583.63846623898  5.683607E-16
6585.1140677929  6.262738E-16
6586.58966934682  7.282220E-16
6588.06527090073  7.243300E-16
6589.54087245465  2.805993E-16
6591.01647400857  5.988916E-16
6592.49207556248  6.108155E-16
6593.9676771164  8.324890E-16
6595.44327867032  6.023346E-16
6596.91888022423  5.443498E-16
6598.39448177815  7.017202E-16
6599.87008333207  7.149235E-16
6601.34568488598  8.214954E-16
6602.8212864399  5.282869E-16
6604.29688799382  7.030360E-16
6605.77248954774  6.298637E-16
6607.24809110165  5.838212E-16
6608.72369265557  6.053424E-16
6610.19929420949  5.483445E-16
6611.6748957634  7.214732E-16
6613.15049731732  6.663828E-16
6614.62609887124  6.303414E-16
6616.10170042515  7.035248E-16
6617.57730197907  5.932265E-16
6619.05290353299  5.538962E-16
6620.52850508691  6.296871E-16
6622.00410664082  6.479056E-16
6623.47970819474  5.702108E-16
6624.95530974866  5.277635E-16
6626.43091130257  7.641076E-16
6627.90651285649  8.174828E-16
6629.38211441041  5.930135E-16
6630.85771596432  6.208285E-16
6632.33331751824  6.327175E-16
6633.80891907216  6.127652E-16
6635.28452062608  6.867409E-16
6636.76012217999  7.430683E-16
6638.23572373391  5.556795E-16
6639.71132528783  6.447332E-16
6641.18692684174  5.996206E-16
6642.66252839566  7.279946E-16
6644.13812994958  6.219178E-16
6645.61373150349  4.394176E-16
6647.08933305741  6.349444E-16
6648.56493461133  4.897376E-16
6650.04053616524  6.768804E-16
6651.51613771916  4.852821E-16
6652.99173927308  5.221382E-16
6654.46734082699  6.399443E-16
6655.94294238091  5.439175E-16
6657.41854393483  4.483797E-16
6658.89414548875  7.003923E-16
6660.36974704266  6.368230E-16
6661.84534859658  4.764037E-16
6663.3209501505  5.618228E-16
6664.79655170441  6.367951E-16
6666.27215325833  6.750030E-16
6667.74775481225  7.696567E-16
6669.22335636616  7.138803E-16
6670.69895792008  5.374044E-16
6672.174559474  5.154255E-16
6673.65016102791  7.272681E-16
6675.12576258183  8.510893E-16
6676.60136413575  5.855891E-16
6678.07696568966  5.665554E-16
6679.55256724358  6.365754E-16
6681.0281687975  4.696371E-16
6682.50377035142  5.321979E-16
6683.97937190533  6.362217E-16
6685.45497345925  4.307630E-16
6686.93057501317  3.700714E-16
6688.40617656708  6.701254E-16
6689.881778121  4.901524E-16
6691.35737967492  6.546106E-16
6692.83298122883  4.364244E-16
6694.30858278275  5.532563E-16
6695.78418433667  6.402020E-16
6697.25978589059  4.448344E-16
6698.7353874445  4.571512E-16
6700.21098899842  4.325167E-16
6701.68659055234  4.594467E-16
6703.16219210625  5.514323E-16
6704.63779366017  6.567187E-16
6706.11339521409  5.863383E-16
6707.588996768  5.038772E-16
6709.06459832192  4.233265E-16
6710.54019987584  6.026089E-16
6712.01580142976  6.020660E-16
6713.49140298367  6.346595E-16
6714.96700453759  5.264411E-16
6716.44260609151  4.963161E-16
6717.91820764542  5.286620E-16
6719.39380919934  5.108044E-16
6720.86941075326  7.063281E-16
6722.34501230717  5.847458E-16
6723.82061386109  6.809886E-16
6725.29621541501  6.609480E-16
6726.77181696892  5.179798E-16
6728.24741852284  5.803229E-16
6729.72302007676  4.511604E-16
6731.19862163067  5.060170E-16
6732.67422318459  5.215358E-16
6734.14982473851  5.434676E-16
6735.62542629242  5.571949E-16
6737.10102784634  4.487465E-16
6738.57662940026  5.612686E-16
6740.05223095418  7.471976E-16
6741.52783250809  5.468799E-16
6743.00343406201  3.319347E-16
6744.47903561593  5.147062E-16
6745.95463716984  6.127969E-16
6747.43023872376  6.033165E-16
6748.90584027768  5.371758E-16
6750.38144183159  6.328463E-16
6751.85704338551  8.676422E-16
6753.33264493943  9.287980E-16
6754.80824649335  7.630330E-16
6756.28384804726  5.695017E-16
6757.75944960118  4.917118E-16
6759.2350511551  6.137748E-16
6760.71065270901  5.829081E-16
6762.18625426293  5.384016E-16
6763.66185581685  5.866319E-16
6765.13745737076  6.688373E-16
6766.61305892468  5.804961E-16
6768.0886604786  4.966674E-16
6769.56426203252  6.905154E-16
6771.03986358643  4.712356E-16
6772.51546514035  5.680309E-16
6773.99106669427  8.055562E-16
6775.46666824818  7.153739E-16
6776.9422698021  6.557148E-16
6778.41787135602  4.233916E-16
6779.89347290993  2.433038E-16
6781.36907446385  4.338787E-16
6782.84467601777  7.042424E-16
6784.32027757168  6.646742E-16
6785.7958791256  4.059701E-16
6787.27148067952  5.573751E-16
6788.74708223343  5.756067E-16
6790.22268378735  5.082798E-16
6791.69828534127  5.966058E-16
6793.17388689519  3.859644E-16
6794.6494884491  4.083966E-16
6796.12509000302  5.961060E-16
6797.60069155694  4.214092E-16
6799.07629311085  6.707896E-16
6800.55189466477  4.266239E-16
6802.02749621869  4.894508E-16
6803.5030977726  6.036716E-16
6804.97869932652  6.214718E-16
6806.45430088044  7.388028E-16
6807.92990243436  5.849065E-16
6809.40550398827  5.939840E-16
6810.88110554219  5.838231E-16
6812.35670709611  4.704204E-16
6813.83230865002  5.000699E-16
6815.30791020394  5.377601E-16
6816.78351175786  4.155533E-16
6818.25911331177  5.621129E-16
6819.73471486569  4.893797E-16
6821.21031641961  6.149713E-16
6822.68591797352  5.128215E-16
6824.16151952744  4.516107E-16
6825.63712108136  5.449286E-16
6827.11272263528  5.912502E-16
6828.58832418919  5.105625E-16
6830.06392574311  5.638097E-16
6831.53952729703  5.448872E-16
6833.01512885094  4.304884E-16
6834.49073040486  4.771392E-16
6835.96633195878  5.428693E-16
6837.44193351269  6.256722E-16
6838.91753506661  4.859864E-16
6840.39313662053  4.216278E-16
6841.86873817444  4.919177E-16
6843.34433972836  6.441121E-16
6844.81994128228  4.977772E-16
6846.29554283619  5.000958E-16
6847.77114439011  6.637024E-16
6849.24674594403  4.409987E-16
6850.72234749795  5.335424E-16
6852.19794905186  7.123775E-16
6853.67355060578  6.019148E-16
6855.1491521597  4.049028E-16
6856.62475371361  5.046089E-16
6858.10035526753  5.807488E-16
6859.57595682145  4.490844E-16
6861.05155837536  6.145847E-16
6862.52715992928  4.358150E-16
6864.0027614832  6.195061E-16
6865.47836303712  4.156151E-16
6866.95396459103  4.744589E-16
6868.42956614495  4.358521E-16
6869.90516769887  2.776768E-16
6871.38076925278  2.948459E-16
6872.8563708067  3.169926E-16
6874.33197236062  3.055379E-16
6875.80757391453  5.354622E-16
6877.28317546845  5.354296E-16
6878.75877702237  4.619320E-16
6880.23437857629  3.025223E-16
6881.7099801302  4.448414E-16
6883.18558168412  6.457183E-16
6884.66118323804  5.544832E-16
6886.13678479195  4.344146E-16
6887.61238634587  5.360941E-16
6889.08798789979  4.255545E-16
6890.5635894537  4.431661E-16
6892.03919100762  4.481173E-16
6893.51479256154  4.741942E-16
6894.99039411545  4.872185E-16
6896.46599566937  4.045053E-16
6897.94159722329  4.346623E-16
6899.4171987772  6.049763E-16
6900.89280033112  5.887560E-16
6902.36840188504  2.303934E-16
6903.84400343896  4.435635E-16
6905.31960499287  5.897345E-16
6906.79520654679  5.153730E-16
6908.27080810071  5.444753E-16
6909.74640965462  5.557842E-16
6911.22201120854  4.533773E-16
6912.69761276246  5.983363E-16
6914.17321431637  6.001868E-16
6915.64881587029  5.491288E-16
6917.12441742421  6.368004E-16
6918.60001897813  4.332689E-16
6920.07562053204  4.712405E-16
6921.55122208596  5.858904E-16
6923.02682363988  5.741950E-16
6924.50242519379  6.447064E-16
6925.97802674771  4.426692E-16
6927.45362830163  3.992976E-16
6928.92922985554  4.900449E-16
6930.40483140946  4.921669E-16
6931.88043296338  4.549450E-16
6933.35603451729  5.023841E-16
6934.83163607121  3.995751E-16
6936.30723762513  4.799818E-16
6937.78283917905  3.769801E-16
6939.25844073296  5.953392E-16
6940.73404228688  5.573645E-16
6942.2096438408  6.708014E-16
6943.68524539471  3.896870E-16
6945.16084694863  4.093437E-16
6946.63644850255  4.526184E-16
6948.11205005646  5.749967E-16
6949.58765161038  5.026748E-16
6951.0632531643  4.476746E-16
6952.53885471821  4.419623E-16
6954.01445627213  3.243286E-16
6955.49005782605  5.429059E-16
6956.96565937996  4.730396E-16
6958.44126093388  3.813562E-16
6959.9168624878  4.791158E-16
6961.39246404172  5.126658E-16
6962.86806559563  5.110810E-16
6964.34366714955  5.425580E-16
6965.81926870347  4.441348E-16
6967.29487025738  4.705851E-16
6968.7704718113  4.959944E-16
6970.24607336522  4.304342E-16
6971.72167491913  7.824122E-16
6973.19727647305  4.431391E-16
6974.67287802697  4.055477E-16
6976.14847958089  5.119211E-16
6977.6240811348  4.496597E-16
6979.09968268872  6.255440E-16
6980.57528424264  5.334075E-16
6982.05088579655  4.866750E-16
6983.52648735047  4.445189E-16
6985.00208890439  6.098195E-16
6986.4776904583  5.397175E-16
6987.95329201222  4.792286E-16
6989.42889356614  4.329273E-16
6990.90449512005  5.632336E-16
6992.38009667397  4.255111E-16
6993.85569822789  5.672221E-16
6995.33129978181  4.342992E-16
6996.80690133572  5.439533E-16
6998.28250288964  2.936133E-16
6999.75810444356  5.089127E-16
7001.23370599747  4.883363E-16
7002.70930755139  3.284973E-16
7004.18490910531  2.949342E-16
7005.66051065922  7.059845E-16
7007.13611221314  3.941105E-16
7008.61171376706  5.499934E-16
7010.08731532097  6.259224E-16
7011.56291687489  4.424992E-16
7013.03851842881  4.918770E-16
7014.51411998273  6.518881E-16
7015.98972153664  5.330186E-16
7017.46532309056  4.948287E-16
7018.94092464448  6.274784E-16
7020.41652619839  4.701508E-16
7021.89212775231  4.788110E-16
7023.36772930623  4.035992E-16
7024.84333086014  3.555345E-16
7026.31893241406  4.853133E-16
7027.79453396798  4.498165E-16
7029.2701355219  1.404664E-16
7030.74573707581  3.825913E-16
7032.22133862973  5.675226E-16
7033.69694018365  2.696381E-16
7035.17254173756  3.566048E-16
7036.64814329148  5.282929E-16
7038.1237448454  6.646904E-16
7039.59934639931  4.501716E-16
7041.07494795323  5.312956E-16
7042.55054950715  4.117587E-16
7044.02615106106  5.744889E-16
7045.50175261498  4.270676E-16
7046.9773541689  4.818776E-16
7048.45295572281  4.731635E-16
7049.92855727673  3.925686E-16
7051.40415883065  3.594978E-16
7052.87976038457  2.455322E-16
7054.35536193848  3.837625E-16
7055.8309634924  5.778811E-16
7057.30656504632  5.216847E-16
7058.78216660023  4.254182E-16
7060.25776815415  5.179849E-16
7061.73336970807  5.757098E-16
7063.20897126198  3.551566E-16
7064.6845728159  6.345917E-16
7066.16017436982  5.584623E-16
7067.63577592373  5.352519E-16
7069.11137747765  4.885524E-16
7070.58697903157  4.759833E-16
7072.06258058549  5.524881E-16
7073.5381821394  3.935963E-16
7075.01378369332  4.402177E-16
7076.48938524724  4.034735E-16
7077.96498680115  3.306109E-16
7079.44058835507  3.566565E-16
7080.91618990899  4.439011E-16
7082.3917914629  6.431003E-16
7083.86739301682  3.589724E-16
7085.34299457074  6.018631E-16
7086.81859612466  7.909971E-16
7088.29419767857  5.929102E-16
7089.76979923249  3.667842E-16
7091.24540078641  4.421926E-16
7092.72100234032  5.568213E-16
7094.19660389424  3.248700E-16
7095.67220544816  5.488992E-16
7097.14780700207  5.725761E-16
7098.62340855599  4.997455E-16
7100.09901010991  4.838946E-16
7101.57461166382  4.490629E-16
7103.05021321774  5.114094E-16
7104.52581477166  5.087331E-16
7106.00141632557  5.065598E-16
7107.47701787949  4.211652E-16
7108.95261943341  5.066054E-16
7110.42822098733  4.147903E-16
7111.90382254124  4.951205E-16
7113.37942409516  5.216756E-16
7114.85502564908  4.065185E-16
7116.33062720299  6.481563E-16
7117.80622875691  4.084332E-16
7119.28183031083  4.906536E-16
7120.75743186474  4.594947E-16
7122.23303341866  4.558003E-16
7123.70863497258  4.992116E-16
7125.1842365265  4.080607E-16
7126.65983808041  4.774426E-16
7128.13543963433  4.925194E-16
7129.61104118825  6.610219E-16
7131.08664274216  5.522455E-16
7132.56224429608  5.712750E-16
7134.03784585  6.320168E-16
7135.51344740391  6.710818E-16
7136.98904895783  5.682355E-16
7138.46465051175  4.834499E-16
7139.94025206567  5.904756E-16
7141.41585361958  5.515900E-16
7142.8914551735  4.537287E-16
7144.36705672742  7.058826E-16
7145.84265828133  4.805779E-16
7147.31825983525  4.837146E-16
7148.79386138917  4.306258E-16
7150.26946294308  5.468842E-16
7151.745064497  4.509815E-16
7153.22066605092  4.556024E-16
7154.69626760484  5.716321E-16
7156.17186915875  6.065718E-16
7157.64747071267  6.388959E-16
7159.12307226659  5.022794E-16
7160.5986738205  4.929111E-16
7162.07427537442  3.377950E-16
7163.54987692834  5.588461E-16
7165.02547848225  5.531427E-16
7166.50108003617  5.695285E-16
7167.97668159009  3.773695E-16
7169.452283144  6.296167E-16
7170.92788469792  2.520763E-16
7172.40348625184  5.016263E-16
7173.87908780575  3.543295E-16
7175.35468935967  3.306328E-16
7176.83029091359  5.287596E-16
7178.3058924675  4.313592E-16
7179.78149402142  4.753750E-16
7181.25709557534  3.625674E-16
7182.73269712926  6.047575E-16
7184.20829868317  3.665035E-16
7185.68390023709  4.258983E-16
7187.15950179101  6.064817E-16
7188.63510334492  3.285108E-16
7190.11070489884  4.318788E-16
7191.58630645276  4.803310E-16
7193.06190800667  4.635826E-16
7194.53750956059  4.425525E-16
7196.01311111451  3.446064E-16
7197.48871266843  5.098670E-16
7198.96431422234  3.454644E-16
7200.43991577626  3.288029E-16
7201.91551733018  3.478585E-16
7203.39111888409  3.981727E-16
7204.86672043801  3.714237E-16
7206.34232199193  5.547973E-16
7207.81792354584  4.040106E-16
7209.29352509976  4.861646E-16
7210.76912665368  5.059412E-16
7212.24472820759  5.284115E-16
7213.72032976151  3.448381E-16
7215.19593131543  2.363780E-16
7216.67153286935  3.744535E-16
7218.14713442326  6.114416E-16
7219.62273597718  4.465227E-16
7221.0983375311  4.113859E-16
7222.57393908501  3.823829E-16
7224.04954063893  4.457713E-16
7225.52514219285  3.367211E-16
7227.00074374676  5.964947E-16
7228.47634530068  5.743547E-16
7229.9519468546  7.106794E-16
7231.42754840851  1.192227E-15
7232.90314996243  7.055492E-16
7234.37875151635  1.226199E-15
7235.85435307026  7.612335E-16
7237.32995462418  8.691556E-16
7238.8055561781  6.142749E-16
7240.28115773202  2.528761E-16
7241.75675928593  4.624140E-16
7243.23236083985  4.311789E-16
7244.70796239377  3.202561E-16
7246.18356394768  5.421723E-16
7247.6591655016  4.191983E-16
7249.13476705552  3.503846E-16
7250.61036860943  4.808077E-16
7252.08597016335  2.410938E-16
7253.56157171727  3.971921E-16
7255.03717327119  3.962085E-16
7256.5127748251  3.095368E-16
7257.98837637902  3.652481E-16
7259.46397793294  4.982335E-16
7260.93957948685  5.155169E-16
7262.41518104077  5.004837E-16
7263.89078259469  3.635190E-16
7265.3663841486  5.115247E-16
7266.84198570252  2.931791E-16
7268.31758725644  3.859090E-16
7269.79318881035  5.139085E-16
7271.26879036427  5.091037E-16
7272.74439191819  4.413219E-16
7274.2199934721  4.112251E-16
7275.69559502602  4.787484E-16
7277.17119657994  2.130085E-16
7278.64679813386  5.947557E-16
7280.12239968777  3.189874E-16
7281.59800124169  5.235192E-16
7283.07360279561  3.285292E-16
7284.54920434952  4.918367E-16
7286.02480590344  5.165869E-16
7287.50040745736  2.227028E-16
7288.97600901127  2.837741E-16
7290.45161056519  3.445999E-16
7291.92721211911  4.934463E-16
7293.40281367302  3.272107E-16
7294.87841522694  3.446503E-16
7296.35401678086  4.030610E-16
7297.82961833478  4.622829E-16
7299.30521988869  3.589385E-16
7300.78082144261  3.442902E-16
7302.25642299653  3.318842E-16
7303.73202455044  3.921123E-16
7305.20762610436  4.054760E-16
7306.68322765828  5.774705E-16
7308.15882921219  4.088289E-16
7309.63443076611  3.820236E-16
7311.11003232003  4.287999E-16
7312.58563387395  4.283151E-16
7314.06123542786  4.585864E-16
7315.53683698178  3.685306E-16
7317.0124385357  2.277625E-16
7318.48804008961  6.490595E-16
7319.96364164353  3.178562E-16
7321.43924319745  6.239235E-16
7322.91484475136  4.774640E-16
7324.39044630528  2.397614E-16
7325.8660478592  3.648930E-16
7327.34164941311  2.595547E-16
7328.81725096703  1.355661E-16
7330.29285252095  3.388328E-16
7331.76845407487  3.230491E-16
7333.24405562878  4.054653E-16
7334.7196571827  3.065301E-16
7336.19525873662  3.404736E-16
7337.67086029053  4.392026E-16
7339.14646184445  2.879760E-16
7340.62206339837  2.491789E-16
7342.09766495228  3.941238E-16
7343.5732665062  5.678702E-16
7345.04886806012  3.779369E-16
7346.52446961403  2.938118E-16
7348.00007116795  4.392394E-16
7349.47567272187  3.940453E-16
7350.95127427578  4.192088E-16
7352.4268758297  5.605528E-16
7353.90247738362  5.658030E-16
7355.37807893754  3.630446E-16
7356.85368049145  4.305169E-16
7358.32928204537  1.668879E-16
7359.80488359929  2.123237E-16
7361.2804851532  2.498178E-16
7362.75608670712  3.633647E-16
7364.23168826104  3.750293E-16
7365.70728981496  4.134137E-16
7367.18289136887  2.533592E-16
7368.65849292279  1.641102E-16
7370.13409447671  4.700641E-16
7371.60969603062  3.440819E-16
7373.08529758454  2.265834E-16
7374.56089913846  5.717981E-16
7376.03650069237  3.892870E-16
7377.51210224629  4.554725E-16
7378.98770380021  5.601685E-16
7380.46330535412  4.636627E-16
7381.93890690804  3.611760E-16
7383.41450846196  3.401231E-16
7384.89011001587  5.113611E-16
7386.36571156979  2.797032E-16
7387.84131312371  4.529805E-16
7389.31691467763  6.552650E-16
7390.79251623154  5.942065E-16
7392.26811778546  3.438447E-16
7393.74371933938  3.393035E-16
7395.21932089329  4.725263E-16
7396.69492244721  3.663912E-16
7398.17052400113  2.973478E-16
7399.64612555504  3.445873E-16
7401.12172710896  4.300774E-16
7402.59732866288  4.496372E-16
7404.07293021679  4.219552E-16
7405.54853177071  3.950540E-16
7407.02413332463  3.678453E-16
7408.49973487854  4.671565E-16
7409.97533643246  5.809780E-16
7411.45093798638  4.728800E-16
7412.9265395403  5.325148E-16
7414.40214109421  5.199027E-16
7415.87774264813  4.832646E-16
7417.35334420205  3.402622E-16
7418.82894575596  5.154442E-16
7420.30454730988  5.155370E-16
