#OBJECT = ATLAS20bevi
#MJD-OBS = 59160.564479
#DATE-OBS = 2020-11-07T13:32:51
#EXPTIME = 2020.000000
#AIRMASS = 1.299000
#
#TELESCOPE = UH88
#INSTRUMENT = SNIFS
#FLUXCAL = RELATIVE
#WL FL ERR
#[Ang] [erg/s/cm2/A] [erg/s/cm2/A]
3301.060000 1.695068e-16 4.062126e-33
3303.440000 2.250370e-16 3.775793e-33
3305.820000 2.746119e-16 3.687986e-33
3308.200000 1.413742e-16 3.491356e-33
3310.580000 1.240558e-16 3.384708e-33
3312.960000 1.545019e-16 3.288556e-33
3315.340000 9.107153e-17 3.158759e-33
3317.720000 2.464173e-16 3.264983e-33
3320.100000 2.053535e-16 3.132325e-33
3322.480000 2.349664e-16 3.240749e-33
3324.860000 2.250386e-16 3.114064e-33
3327.240000 1.402068e-16 2.877759e-33
3329.620000 2.842974e-16 3.173243e-33
3332.000000 1.700079e-16 3.025945e-33
3334.380000 1.726725e-16 2.875570e-33
3336.760000 2.809567e-16 2.981811e-33
3339.140000 2.063758e-16 2.838256e-33
3341.520000 1.639350e-16 2.729075e-33
3343.900000 2.307886e-16 2.715060e-33
3346.280000 1.820089e-16 2.605484e-33
3348.660000 1.398126e-16 2.475130e-33
3351.040000 1.939956e-16 2.528568e-33
3353.420000 1.652975e-16 2.434995e-33
3355.800000 2.385610e-16 2.422268e-33
3358.180000 2.120355e-16 2.327631e-33
3360.560000 2.123506e-16 2.236168e-33
3362.940000 2.440365e-16 2.256883e-33
3365.320000 1.944309e-16 2.251281e-33
3367.700000 1.901962e-16 2.303192e-33
3370.080000 1.746493e-16 2.324215e-33
3372.460000 1.289681e-16 2.251270e-33
3374.840000 1.412747e-16 2.226671e-33
3377.220000 1.522246e-16 2.191219e-33
3379.600000 1.913002e-16 2.151525e-33
3381.980000 1.862480e-16 2.102982e-33
3384.360000 1.679815e-16 2.048085e-33
3386.740000 1.485328e-16 2.040132e-33
3389.120000 8.238454e-17 1.924021e-33
3391.500000 9.308396e-17 1.863705e-33
3393.880000 1.622254e-16 1.864482e-33
3396.260000 1.687687e-16 2.024787e-33
3398.640000 1.634326e-16 2.001630e-33
3401.020000 1.850109e-16 1.989560e-33
3403.400000 1.957669e-16 1.921170e-33
3405.780000 2.205256e-16 1.861126e-33
3408.160000 2.644857e-16 1.866274e-33
3410.540000 2.478780e-16 1.821809e-33
3412.920000 1.902812e-16 1.712922e-33
3415.300000 1.586680e-16 1.662830e-33
3417.680000 2.099931e-16 1.724639e-33
3420.060000 2.404474e-16 1.697790e-33
3422.440000 2.638288e-16 1.693629e-33
3424.820000 3.092870e-16 1.680943e-33
3427.200000 2.634898e-16 1.638030e-33
3429.580000 2.020653e-16 1.557828e-33
3431.960000 1.687312e-16 1.536893e-33
3434.340000 1.810401e-16 1.521324e-33
3436.720000 2.222706e-16 1.501398e-33
3439.100000 2.527045e-16 1.434896e-33
3441.480000 2.336414e-16 1.366651e-33
3443.860000 2.603830e-16 1.363814e-33
3446.240000 3.258107e-16 1.413283e-33
3448.620000 2.829777e-16 1.459824e-33
3451.000000 3.157139e-16 1.449741e-33
3453.380000 3.032401e-16 1.443682e-33
3455.760000 2.855283e-16 1.387630e-33
3458.140000 3.383196e-16 1.350188e-33
3460.520000 3.209175e-16 1.317655e-33
3462.900000 3.083594e-16 1.303873e-33
3465.280000 2.941102e-16 1.305099e-33
3467.660000 3.219119e-16 1.296701e-33
3470.040000 2.965961e-16 1.279264e-33
3472.420000 2.661892e-16 1.234331e-33
3474.800000 2.598589e-16 1.194933e-33
3477.180000 1.796421e-16 1.182753e-33
3479.560000 2.285262e-16 1.192606e-33
3481.940000 2.694956e-16 1.205025e-33
3484.320000 2.543122e-16 1.203093e-33
3486.700000 2.234730e-16 1.151044e-33
3489.080000 2.036162e-16 1.117613e-33
3491.460000 2.317234e-16 1.092544e-33
3493.840000 2.351322e-16 1.062800e-33
3496.220000 2.124353e-16 1.044576e-33
3498.600000 2.171457e-16 1.058859e-33
3500.980000 2.663834e-16 1.098230e-33
3503.360000 2.876537e-16 1.092520e-33
3505.740000 3.021826e-16 1.097412e-33
3508.120000 2.736883e-16 1.081824e-33
3510.500000 2.768864e-16 1.058499e-33
3512.880000 2.639301e-16 1.038171e-33
3515.260000 2.567599e-16 1.018234e-33
3517.640000 2.641057e-16 1.023259e-33
3520.020000 2.802535e-16 1.013391e-33
3522.400000 2.664740e-16 9.894453e-34
3524.780000 2.752497e-16 9.882229e-34
3527.160000 3.026075e-16 9.897839e-34
3529.540000 2.871789e-16 9.883200e-34
3531.920000 2.774079e-16 9.816961e-34
3534.300000 2.589730e-16 9.917856e-34
3536.680000 2.157996e-16 9.737372e-34
3539.060000 2.402834e-16 9.978550e-34
3541.440000 2.845119e-16 1.021331e-33
3543.820000 2.580262e-16 1.023175e-33
3546.200000 2.633181e-16 1.034691e-33
3548.580000 2.985660e-16 1.040110e-33
3550.960000 3.349231e-16 1.017690e-33
3553.340000 3.013736e-16 9.924230e-34
3555.720000 2.441092e-16 9.514149e-34
3558.100000 2.683386e-16 9.261849e-34
3560.480000 2.973038e-16 9.329436e-34
3562.860000 3.061138e-16 9.330832e-34
3565.240000 3.169760e-16 8.944991e-34
3567.620000 3.324433e-16 8.776158e-34
3570.000000 3.559587e-16 8.785028e-34
3572.380000 3.693212e-16 8.619958e-34
3574.760000 3.400281e-16 8.498779e-34
3577.140000 2.882748e-16 8.317512e-34
3579.520000 3.175863e-16 8.178716e-34
3581.900000 3.152202e-16 7.931267e-34
3584.280000 3.121696e-16 7.809841e-34
3586.660000 3.345122e-16 7.842713e-34
3589.040000 2.852457e-16 7.816846e-34
3591.420000 2.780737e-16 7.857283e-34
3593.800000 3.004116e-16 7.903985e-34
3596.180000 2.827601e-16 7.837176e-34
3598.560000 2.891747e-16 7.685208e-34
3600.940000 3.145012e-16 7.557763e-34
3603.320000 3.144758e-16 7.378268e-34
3605.700000 3.180368e-16 7.227349e-34
3608.080000 2.948777e-16 7.023592e-34
3610.460000 2.777310e-16 7.154143e-34
3612.840000 2.919116e-16 7.156066e-34
3615.220000 3.035804e-16 7.316942e-34
3617.600000 3.066679e-16 7.296262e-34
3619.980000 3.013336e-16 7.407695e-34
3622.360000 2.967485e-16 7.443165e-34
3624.740000 2.915458e-16 7.428217e-34
3627.120000 3.155439e-16 7.431282e-34
3629.500000 3.479765e-16 8.102871e-34
3631.880000 3.429987e-16 7.946357e-34
3634.260000 3.694415e-16 7.895245e-34
3636.640000 3.524782e-16 7.884197e-34
3639.020000 3.262869e-16 7.742956e-34
3641.400000 3.363947e-16 7.679523e-34
3643.780000 3.294884e-16 7.428909e-34
3646.160000 3.227028e-16 7.153610e-34
3648.540000 3.137042e-16 7.129792e-34
3650.920000 3.246713e-16 7.206943e-34
3653.300000 3.414843e-16 7.161724e-34
3655.680000 3.527053e-16 7.172126e-34
3658.060000 3.677560e-16 7.241441e-34
3660.440000 3.485550e-16 7.122881e-34
3662.820000 3.230837e-16 6.951975e-34
3665.200000 3.115170e-16 6.772903e-34
3667.580000 3.514851e-16 6.802747e-34
3669.960000 3.848846e-16 6.852029e-34
3672.340000 3.609054e-16 6.697641e-34
3674.720000 3.590426e-16 6.534445e-34
3677.100000 3.417294e-16 6.260681e-34
3679.480000 3.056045e-16 6.098496e-34
3681.860000 3.151122e-16 6.200727e-34
3684.240000 3.414093e-16 6.175498e-34
3686.620000 3.343352e-16 6.057571e-34
3689.000000 3.486374e-16 6.053311e-34
3691.380000 3.528632e-16 6.195912e-34
3693.760000 3.486465e-16 6.190506e-34
3696.140000 3.548720e-16 6.062932e-34
3698.520000 3.594291e-16 6.039404e-34
3700.900000 3.401507e-16 6.120818e-34
3703.280000 3.721696e-16 6.093404e-34
3705.660000 3.641378e-16 5.905351e-34
3708.040000 3.467650e-16 5.808490e-34
3710.420000 3.246155e-16 5.777293e-34
3712.800000 3.134324e-16 6.010383e-34
3715.180000 3.455808e-16 6.090301e-34
3717.560000 3.374614e-16 5.856249e-34
3719.940000 3.488891e-16 5.666002e-34
3722.320000 3.514558e-16 5.668568e-34
3724.700000 3.577371e-16 5.785916e-34
3727.080000 3.805782e-16 5.890788e-34
3729.460000 3.367790e-16 5.703826e-34
3731.840000 3.206062e-16 5.459781e-34
3734.220000 3.063627e-16 5.300722e-34
3736.600000 3.029350e-16 5.375108e-34
3738.980000 3.061726e-16 5.564545e-34
3741.360000 3.308025e-16 5.646193e-34
3743.740000 3.390661e-16 5.480723e-34
3746.120000 3.364760e-16 5.294446e-34
3748.500000 3.453137e-16 5.256705e-34
3750.880000 3.569374e-16 5.404262e-34
3753.260000 3.495409e-16 5.506285e-34
3755.640000 3.672592e-16 5.497360e-34
3758.020000 3.648366e-16 5.424804e-34
3760.400000 3.583615e-16 5.320032e-34
3762.780000 3.784321e-16 5.294195e-34
3765.160000 3.655550e-16 5.200023e-34
3767.540000 3.485141e-16 5.269783e-34
3769.920000 3.371174e-16 5.201863e-34
3772.300000 3.635745e-16 5.262086e-34
3774.680000 3.583950e-16 5.262848e-34
3777.060000 3.094752e-16 5.264384e-34
3779.440000 3.074603e-16 5.239337e-34
3781.820000 3.148638e-16 5.190512e-34
3784.200000 3.192296e-16 5.142038e-34
3786.580000 3.237248e-16 4.986967e-34
3788.960000 3.014010e-16 4.707246e-34
3791.340000 2.785670e-16 4.512475e-34
3793.720000 2.845697e-16 4.434959e-34
3796.100000 2.766892e-16 4.329342e-34
3798.480000 2.613827e-16 4.301789e-34
3800.860000 2.512541e-16 4.298802e-34
3803.240000 2.349624e-16 4.295197e-34
3805.620000 2.497464e-16 4.301488e-34
3808.000000 2.278085e-16 4.149365e-34
3810.380000 1.987225e-16 4.054493e-34
3812.760000 2.145906e-16 4.040877e-34
3815.140000 2.178300e-16 3.921485e-34
3817.520000 1.785190e-16 3.868593e-34
3819.900000 1.588024e-16 3.736467e-34
3822.280000 1.775051e-16 3.771801e-34
3824.660000 1.898473e-16 3.786191e-34
3827.040000 1.948608e-16 3.815196e-34
3829.420000 1.871588e-16 3.800569e-34
3831.800000 1.845762e-16 3.784070e-34
3834.180000 1.799814e-16 3.716817e-34
3836.560000 1.774493e-16 3.709960e-34
3838.940000 1.781267e-16 3.750287e-34
3841.320000 1.642206e-16 3.757329e-34
3843.700000 1.757158e-16 3.861710e-34
3846.080000 1.710135e-16 3.923532e-34
3848.460000 1.681064e-16 3.864261e-34
3850.840000 1.651235e-16 3.737479e-34
3853.220000 1.603157e-16 3.680186e-34
3855.600000 1.817683e-16 3.638069e-34
3857.980000 1.839672e-16 3.634024e-34
3860.360000 1.914506e-16 3.666625e-34
3862.740000 2.107443e-16 3.685512e-34
3865.120000 1.879551e-16 3.653233e-34
3867.500000 1.681267e-16 3.503959e-34
3869.880000 1.860910e-16 3.413530e-34
3872.260000 2.036801e-16 3.419127e-34
3874.640000 1.831872e-16 3.360112e-34
3877.020000 1.660983e-16 3.264010e-34
3879.400000 1.869072e-16 3.348103e-34
3881.780000 1.912142e-16 3.398907e-34
3884.160000 2.075578e-16 3.379309e-34
3886.540000 2.330017e-16 3.402743e-34
3888.920000 2.142302e-16 3.402009e-34
3891.300000 1.832160e-16 3.385674e-34
3893.680000 1.576319e-16 3.341099e-34
3896.060000 1.471860e-16 3.309609e-34
3898.440000 1.643935e-16 3.348565e-34
3900.820000 1.689262e-16 3.321648e-34
3903.200000 1.751737e-16 3.277103e-34
3905.580000 1.836281e-16 3.302010e-34
3907.960000 1.736679e-16 3.328430e-34
3910.340000 1.586442e-16 3.317102e-34
3912.720000 1.422992e-16 3.259495e-34
3915.100000 1.600337e-16 3.303731e-34
3917.480000 1.873359e-16 3.290936e-34
3919.860000 1.571595e-16 3.190677e-34
3922.240000 1.557600e-16 3.141361e-34
3924.620000 1.821976e-16 3.103849e-34
3927.000000 1.879788e-16 2.981151e-34
3929.380000 1.814179e-16 2.932221e-34
3931.760000 2.004056e-16 2.906303e-34
3934.140000 1.947291e-16 2.911211e-34
3936.520000 1.923019e-16 3.007319e-34
3938.900000 2.067496e-16 3.106978e-34
3941.280000 2.229539e-16 3.249224e-34
3943.660000 2.208731e-16 3.312375e-34
3946.040000 2.042188e-16 3.359284e-34
3948.420000 2.225192e-16 3.480434e-34
3950.800000 2.638165e-16 3.591445e-34
3953.180000 2.430370e-16 3.517922e-34
3955.560000 2.332778e-16 3.497336e-34
3957.940000 2.326664e-16 3.500633e-34
3960.320000 2.649917e-16 3.538462e-34
3962.700000 2.729314e-16 3.437654e-34
3965.080000 2.590924e-16 3.334273e-34
3967.460000 2.548060e-16 3.304159e-34
3969.840000 2.654888e-16 3.389708e-34
3972.220000 2.996531e-16 3.681553e-34
3974.600000 3.254941e-16 3.961048e-34
3976.980000 3.337478e-16 4.103294e-34
3979.360000 3.610804e-16 4.228794e-34
3981.740000 3.718196e-16 4.236250e-34
3984.120000 3.994957e-16 4.315950e-34
3986.500000 4.093906e-16 4.320140e-34
3988.880000 3.797886e-16 4.179451e-34
3991.260000 3.881280e-16 4.097547e-34
3993.640000 4.066438e-16 4.222757e-34
3996.020000 4.184922e-16 4.170268e-34
3998.400000 4.160799e-16 4.132889e-34
4000.780000 4.162478e-16 4.094480e-34
4003.160000 4.210316e-16 4.001994e-34
4005.540000 4.461978e-16 4.019774e-34
4007.920000 4.403636e-16 4.006701e-34
4010.300000 4.191019e-16 4.003964e-34
4012.680000 4.205534e-16 3.960409e-34
4015.060000 4.052910e-16 3.889253e-34
4017.440000 3.824797e-16 3.805665e-34
4019.820000 4.388715e-16 3.895701e-34
4022.200000 4.712545e-16 3.980748e-34
4024.580000 4.669155e-16 3.929700e-34
4026.960000 4.562207e-16 3.909500e-34
4029.340000 4.320643e-16 3.867160e-34
4031.720000 4.576090e-16 3.887090e-34
4034.100000 4.573168e-16 3.880841e-34
4036.480000 4.582389e-16 3.860717e-34
4038.860000 4.460508e-16 3.849775e-34
4041.240000 4.439707e-16 3.795916e-34
4043.620000 4.628703e-16 3.780044e-34
4046.000000 4.785451e-16 3.774235e-34
4048.380000 4.776225e-16 3.822731e-34
4050.760000 4.436686e-16 3.770099e-34
4053.140000 4.509751e-16 3.713691e-34
4055.520000 4.467626e-16 3.662141e-34
4057.900000 4.567551e-16 3.642966e-34
4060.280000 4.772791e-16 3.748637e-34
4062.660000 4.452021e-16 3.700565e-34
4065.040000 4.355208e-16 3.722069e-34
4067.420000 4.361347e-16 3.761677e-34
4069.800000 4.443935e-16 3.826397e-34
4072.180000 4.330071e-16 3.813038e-34
4074.560000 4.163501e-16 3.806614e-34
4076.940000 3.859391e-16 3.705001e-34
4079.320000 4.255792e-16 3.842140e-34
4081.700000 4.338878e-16 3.950256e-34
4084.080000 4.418049e-16 3.959675e-34
4086.460000 4.643886e-16 4.044256e-34
4088.840000 4.448934e-16 4.023932e-34
4091.220000 4.092315e-16 3.864442e-34
4093.600000 3.963150e-16 3.818581e-34
4095.980000 3.927523e-16 3.704502e-34
4098.360000 4.256132e-16 3.724434e-34
4100.740000 4.404353e-16 3.712862e-34
4103.120000 4.319338e-16 3.667862e-34
4105.500000 4.035479e-16 3.626018e-34
4107.880000 3.546382e-16 3.529194e-34
4110.260000 3.792407e-16 3.574116e-34
4112.640000 3.681989e-16 3.538318e-34
4115.020000 3.303185e-16 3.457803e-34
4117.400000 3.628639e-16 3.487012e-34
4119.780000 3.699624e-16 3.464797e-34
4122.160000 3.600780e-16 3.436846e-34
4124.540000 3.501046e-16 3.386220e-34
4126.920000 3.492893e-16 3.287719e-34
4129.300000 3.345264e-16 3.222607e-34
4131.680000 3.603637e-16 3.272229e-34
4134.060000 3.568420e-16 3.243118e-34
4136.440000 3.714951e-16 3.270304e-34
4138.820000 3.681277e-16 3.250699e-34
4141.200000 3.741661e-16 3.256016e-34
4143.580000 3.610104e-16 3.165383e-34
4145.960000 3.745577e-16 3.150328e-34
4148.340000 3.692626e-16 3.175565e-34
4150.720000 3.926290e-16 3.213416e-34
4153.100000 3.946783e-16 3.159067e-34
4155.480000 3.926773e-16 3.138423e-34
4157.860000 3.879217e-16 3.124531e-34
4160.240000 4.095280e-16 3.186683e-34
4162.620000 3.942897e-16 3.221771e-34
4165.000000 3.947233e-16 3.218021e-34
4167.380000 3.929610e-16 3.164485e-34
4169.760000 3.889835e-16 3.149457e-34
4172.140000 4.028439e-16 3.180728e-34
4174.520000 4.080773e-16 3.147621e-34
4176.900000 4.292573e-16 3.193128e-34
4179.280000 4.310186e-16 3.181613e-34
4181.660000 4.151606e-16 3.112972e-34
4184.040000 4.341069e-16 3.123915e-34
4186.420000 4.268733e-16 3.089449e-34
4188.800000 4.280047e-16 3.098680e-34
4191.180000 4.311860e-16 3.116755e-34
4193.560000 4.475563e-16 3.150307e-34
4195.940000 4.618906e-16 3.195095e-34
4198.320000 4.793611e-16 3.229546e-34
4200.700000 4.825314e-16 3.233220e-34
4203.080000 4.736067e-16 3.194536e-34
4205.460000 4.893205e-16 3.241402e-34
4207.840000 4.797794e-16 3.224257e-34
4210.220000 4.845359e-16 3.216447e-34
4212.600000 4.885812e-16 3.258570e-34
4214.980000 5.010318e-16 3.286115e-34
4217.360000 4.814339e-16 3.242247e-34
4219.740000 4.731802e-16 3.269932e-34
4222.120000 4.793854e-16 3.230407e-34
4224.500000 4.758394e-16 3.153926e-34
4226.880000 4.521794e-16 3.052071e-34
4229.260000 4.594879e-16 3.139655e-34
4231.640000 4.889420e-16 3.256203e-34
4234.020000 5.125307e-16 3.283012e-34
4236.400000 4.816260e-16 3.168394e-34
4238.780000 4.614650e-16 3.100808e-34
4241.160000 4.669095e-16 3.115994e-34
4243.540000 4.612915e-16 3.139200e-34
4245.920000 4.609123e-16 3.117443e-34
4248.300000 4.556840e-16 3.052473e-34
4250.680000 4.717764e-16 3.036838e-34
4253.060000 5.060210e-16 3.107564e-34
4255.440000 4.779911e-16 3.043014e-34
4257.820000 4.646325e-16 3.008389e-34
4260.200000 4.600996e-16 2.971101e-34
4262.580000 4.540683e-16 2.975496e-34
4264.960000 4.147463e-16 2.897979e-34
4267.340000 4.301763e-16 2.902176e-34
4269.720000 4.384694e-16 2.858865e-34
4272.100000 4.784038e-16 2.894323e-34
4274.480000 4.681505e-16 2.853516e-34
4276.860000 4.693370e-16 2.893359e-34
4279.240000 4.302391e-16 2.819248e-34
4281.620000 4.357419e-16 2.817707e-34
4284.000000 4.391423e-16 2.812667e-34
4286.380000 4.062724e-16 2.746438e-34
4288.760000 4.022690e-16 2.689730e-34
4291.140000 4.320110e-16 2.739129e-34
4293.520000 4.270854e-16 2.720225e-34
4295.900000 4.376894e-16 2.702168e-34
4298.280000 4.073036e-16 2.560071e-34
4300.660000 4.137808e-16 2.564271e-34
4303.040000 3.941057e-16 2.525150e-34
4305.420000 4.227845e-16 2.638392e-34
4307.800000 4.364069e-16 2.651449e-34
4310.180000 4.337713e-16 2.680791e-34
4312.560000 4.251707e-16 2.702943e-34
4314.940000 4.238067e-16 2.773694e-34
4317.320000 4.226643e-16 2.827677e-34
4319.700000 4.035511e-16 2.793842e-34
4322.080000 4.139138e-16 2.729211e-34
4324.460000 4.300007e-16 2.701437e-34
4326.840000 4.337882e-16 2.696871e-34
4329.220000 3.906848e-16 2.672982e-34
4331.600000 3.918762e-16 2.728687e-34
4333.980000 3.938182e-16 2.691698e-34
4336.360000 4.138141e-16 2.695704e-34
4338.740000 4.124920e-16 2.670658e-34
4341.120000 3.854143e-16 2.649179e-34
4343.500000 3.957578e-16 2.680076e-34
4345.880000 4.202884e-16 2.795998e-34
4348.260000 4.336197e-16 2.855278e-34
4350.640000 4.150114e-16 2.796734e-34
4353.020000 3.699532e-16 2.644308e-34
4355.400000 3.577018e-16 2.641573e-34
4357.780000 3.659925e-16 2.653164e-34
4360.160000 3.945207e-16 2.725215e-34
4362.540000 4.018807e-16 2.770935e-34
4364.920000 3.648099e-16 2.704146e-34
4367.300000 3.543778e-16 2.644362e-34
4369.680000 3.769675e-16 2.644883e-34
4372.060000 3.695764e-16 2.621769e-34
4374.440000 3.602749e-16 2.594190e-34
4376.820000 3.622491e-16 2.584367e-34
4379.200000 3.469576e-16 2.529039e-34
4381.580000 3.445978e-16 2.460780e-34
4383.960000 3.455823e-16 2.424834e-34
4386.340000 3.578500e-16 2.450398e-34
4388.720000 3.505917e-16 2.465293e-34
4391.100000 3.084933e-16 2.410936e-34
4393.480000 3.051875e-16 2.403798e-34
4395.860000 3.343754e-16 2.466243e-34
4398.240000 3.329030e-16 2.456405e-34
4400.620000 3.230439e-16 2.421725e-34
4403.000000 3.133643e-16 2.397740e-34
4405.380000 3.122876e-16 2.389640e-34
4407.760000 3.151354e-16 2.412032e-34
4410.140000 3.095945e-16 2.427368e-34
4412.520000 2.868053e-16 2.349753e-34
4414.900000 2.893507e-16 2.309696e-34
4417.280000 2.754943e-16 2.319469e-34
4419.660000 2.538397e-16 2.304205e-34
4422.040000 2.481086e-16 2.303342e-34
4424.420000 2.584142e-16 2.302586e-34
4426.800000 2.719113e-16 2.310919e-34
4429.180000 2.505660e-16 2.247421e-34
4431.560000 2.278046e-16 2.217636e-34
4433.940000 2.376574e-16 2.203007e-34
4436.320000 2.059365e-16 2.138808e-34
4438.700000 2.117592e-16 2.144003e-34
4441.080000 2.274520e-16 2.186049e-34
4443.460000 2.286044e-16 2.195204e-34
4445.840000 2.445908e-16 2.202057e-34
4448.220000 2.406834e-16 2.202246e-34
4450.600000 2.364489e-16 2.173846e-34
4452.980000 2.370561e-16 2.129799e-34
4455.360000 2.428077e-16 2.110203e-34
4457.740000 2.411493e-16 2.104876e-34
4460.120000 2.523184e-16 2.145969e-34
4462.500000 2.501769e-16 2.145172e-34
4464.880000 2.466070e-16 2.131804e-34
4467.260000 2.556027e-16 2.163086e-34
4469.640000 2.593310e-16 2.159375e-34
4472.020000 2.466649e-16 2.144559e-34
4474.400000 2.442994e-16 2.161016e-34
4476.780000 2.566415e-16 2.178643e-34
4479.160000 2.648854e-16 2.196732e-34
4481.540000 2.695123e-16 2.180683e-34
4483.920000 2.499008e-16 2.147911e-34
4486.300000 2.466526e-16 2.148640e-34
4488.680000 2.575806e-16 2.183809e-34
4491.060000 2.680365e-16 2.207081e-34
4493.440000 2.736197e-16 2.227379e-34
4495.820000 2.866626e-16 2.292262e-34
4498.200000 2.944689e-16 2.318132e-34
4500.580000 2.839519e-16 2.277981e-34
4502.960000 2.773883e-16 2.271513e-34
4505.340000 2.980689e-16 2.344217e-34
4507.720000 2.909461e-16 2.356841e-34
4510.100000 2.954354e-16 2.330045e-34
4512.480000 2.970836e-16 2.306764e-34
4514.860000 2.987398e-16 2.285552e-34
4517.240000 3.027204e-16 2.322040e-34
4519.620000 3.050841e-16 2.363596e-34
4522.000000 3.028849e-16 2.338247e-34
4524.380000 3.107503e-16 2.328306e-34
4526.760000 3.158779e-16 2.309791e-34
4529.140000 3.077982e-16 2.271399e-34
4531.520000 2.969193e-16 2.258805e-34
4533.900000 3.123689e-16 2.300318e-34
4536.280000 3.014668e-16 2.299342e-34
4538.660000 2.890730e-16 2.290079e-34
4541.040000 2.987628e-16 2.310639e-34
4543.420000 3.086340e-16 2.285493e-34
4545.800000 2.990750e-16 2.234696e-34
4548.180000 3.104673e-16 2.251637e-34
4550.560000 3.029530e-16 2.243894e-34
4552.940000 2.848992e-16 2.211466e-34
4555.320000 2.941655e-16 2.230794e-34
4557.700000 2.920010e-16 2.234823e-34
4560.080000 2.754054e-16 2.208477e-34
4562.460000 2.814889e-16 2.209338e-34
4564.840000 2.998243e-16 2.268837e-34
4567.220000 2.846272e-16 2.219895e-34
4569.600000 2.778211e-16 2.216722e-34
4571.980000 2.748492e-16 2.239650e-34
4574.360000 3.041862e-16 2.303416e-34
4576.740000 3.128451e-16 2.314138e-34
4579.120000 2.877612e-16 2.269256e-34
4581.500000 2.833800e-16 2.250421e-34
4583.880000 2.863394e-16 2.243133e-34
4586.260000 3.152549e-16 2.265692e-34
4588.640000 3.104208e-16 2.258881e-34
4591.020000 2.954584e-16 2.245816e-34
4593.400000 3.093382e-16 2.285858e-34
4595.780000 3.184583e-16 2.299819e-34
4598.160000 3.266935e-16 2.309328e-34
4600.540000 3.242787e-16 2.281299e-34
4602.920000 3.163288e-16 2.277291e-34
4605.300000 3.180027e-16 2.288608e-34
4607.680000 3.173749e-16 2.310248e-34
4610.060000 3.165763e-16 2.321461e-34
4612.440000 3.434545e-16 2.379480e-34
4614.820000 3.454596e-16 2.360093e-34
4617.200000 3.443845e-16 2.339582e-34
4619.580000 3.238727e-16 2.295149e-34
4621.960000 3.398136e-16 2.342479e-34
4624.340000 3.510341e-16 2.339865e-34
4626.720000 3.275348e-16 2.297807e-34
4629.100000 3.397121e-16 2.311840e-34
4631.480000 3.369583e-16 2.287525e-34
4633.860000 3.525394e-16 2.304965e-34
4636.240000 3.510661e-16 2.288672e-34
4638.620000 3.536451e-16 2.270485e-34
4641.000000 3.545023e-16 2.250762e-34
4643.380000 3.515653e-16 2.240363e-34
4645.760000 3.708139e-16 2.254385e-34
4648.140000 3.442658e-16 2.178703e-34
4650.520000 3.301211e-16 2.189532e-34
4652.900000 3.618681e-16 2.252120e-34
4655.280000 3.578927e-16 2.230861e-34
4657.660000 3.442331e-16 2.209150e-34
4660.040000 3.581202e-16 2.238024e-34
4662.420000 3.486166e-16 2.195015e-34
4664.800000 3.573059e-16 2.179800e-34
4667.180000 3.552459e-16 2.155503e-34
4669.560000 3.567624e-16 2.190004e-34
4671.940000 3.644334e-16 2.214873e-34
4674.320000 3.861756e-16 2.296772e-34
4676.700000 3.741830e-16 2.301134e-34
4679.080000 3.462343e-16 2.243351e-34
4681.460000 3.508613e-16 2.237802e-34
4683.840000 3.645307e-16 2.266760e-34
4686.220000 3.700463e-16 2.302922e-34
4688.600000 3.442675e-16 2.233074e-34
4690.980000 3.790854e-16 2.296879e-34
4693.360000 3.799745e-16 2.301477e-34
4695.740000 3.638938e-16 2.290960e-34
4698.120000 3.566047e-16 2.268120e-34
4700.500000 3.498572e-16 2.246090e-34
4702.880000 3.737580e-16 2.301638e-34
4705.260000 3.808214e-16 2.308366e-34
4707.640000 3.715555e-16 2.299560e-34
4710.020000 3.482628e-16 2.241228e-34
4712.400000 3.725282e-16 2.285834e-34
4714.780000 3.797393e-16 2.313419e-34
4717.160000 3.659799e-16 2.288785e-34
4719.540000 3.584793e-16 2.288623e-34
4721.920000 3.613369e-16 2.308794e-34
4724.300000 3.567013e-16 2.281807e-34
4726.680000 3.556994e-16 2.257775e-34
4729.060000 3.645894e-16 2.265722e-34
4731.440000 3.659687e-16 2.249012e-34
4733.820000 3.519726e-16 2.215726e-34
4736.200000 3.561083e-16 2.214600e-34
4738.580000 3.501129e-16 2.218483e-34
4740.960000 3.293509e-16 2.212732e-34
4743.340000 3.453147e-16 2.250594e-34
4745.720000 3.699388e-16 2.312311e-34
4748.100000 3.717885e-16 2.309652e-34
4750.480000 3.824167e-16 2.341955e-34
4752.860000 3.381983e-16 2.249634e-34
4755.240000 3.361838e-16 2.263431e-34
4757.620000 3.680891e-16 2.335251e-34
4760.000000 3.607295e-16 2.305638e-34
4762.380000 3.500390e-16 2.273544e-34
4764.760000 3.586466e-16 2.292914e-34
4767.140000 3.333681e-16 2.289858e-34
4769.520000 3.374560e-16 2.307338e-34
4771.900000 3.388936e-16 2.319201e-34
4774.280000 3.310976e-16 2.299636e-34
4776.660000 3.348922e-16 2.300791e-34
4779.040000 3.427082e-16 2.290371e-34
4781.420000 3.173487e-16 2.248082e-34
4783.800000 3.158694e-16 2.225465e-34
4786.180000 3.077136e-16 2.207586e-34
4788.560000 3.088700e-16 2.220735e-34
4790.940000 3.081770e-16 2.213806e-34
4793.320000 3.044290e-16 2.215007e-34
4795.700000 3.104536e-16 2.230012e-34
4798.080000 2.942410e-16 2.187720e-34
4800.460000 2.934871e-16 2.181982e-34
4802.840000 2.919851e-16 2.173072e-34
4805.220000 2.865376e-16 2.159572e-34
4807.600000 2.813564e-16 2.125567e-34
4809.980000 2.756672e-16 2.120962e-34
4812.360000 2.612074e-16 2.101553e-34
4814.740000 2.611776e-16 2.084631e-34
4817.120000 2.819305e-16 2.151823e-34
4819.500000 2.871774e-16 2.201847e-34
4821.880000 2.750486e-16 2.172262e-34
4824.260000 2.600684e-16 2.126964e-34
4826.640000 2.584508e-16 2.107484e-34
4829.020000 2.737320e-16 2.124439e-34
4831.400000 2.927587e-16 2.163763e-34
4833.780000 2.873166e-16 2.169285e-34
4836.160000 2.697727e-16 2.141632e-34
4838.540000 3.026124e-16 2.182169e-34
4840.920000 2.888488e-16 2.155135e-34
4843.300000 2.596231e-16 2.094116e-34
4845.680000 2.652510e-16 2.098811e-34
4848.060000 2.791767e-16 2.125190e-34
4850.440000 2.881097e-16 2.149215e-34
4852.820000 2.877893e-16 2.139799e-34
4855.200000 2.959473e-16 2.147004e-34
4857.580000 3.057787e-16 2.198518e-34
4859.960000 3.117214e-16 2.188339e-34
4862.340000 2.939388e-16 2.144821e-34
4864.720000 2.851982e-16 2.181427e-34
4867.100000 2.837144e-16 2.189289e-34
4869.480000 2.770264e-16 2.199577e-34
4871.860000 2.894368e-16 2.232638e-34
4874.240000 2.748763e-16 2.228515e-34
4876.620000 2.805867e-16 2.272186e-34
4879.000000 3.082903e-16 2.366184e-34
4881.380000 3.084829e-16 2.413780e-34
4883.760000 2.850539e-16 2.358498e-34
4886.140000 2.544568e-16 2.279948e-34
4888.520000 2.647016e-16 2.297630e-34
4890.900000 2.806264e-16 2.343265e-34
4893.280000 2.801123e-16 2.392135e-34
4895.660000 2.830926e-16 2.412290e-34
4898.040000 3.006435e-16 2.467610e-34
4900.420000 2.948344e-16 2.444472e-34
4902.800000 2.582176e-16 2.357896e-34
4905.180000 2.301634e-16 2.325056e-34
4907.560000 2.387351e-16 2.371051e-34
4909.940000 2.510818e-16 2.391311e-34
4912.320000 2.586461e-16 2.407455e-34
4914.700000 2.442429e-16 2.394199e-34
4917.080000 2.345814e-16 2.366702e-34
4919.460000 2.451626e-16 2.342939e-34
4921.840000 2.627605e-16 2.376758e-34
4924.220000 2.728829e-16 2.448380e-34
4926.600000 2.612406e-16 2.463390e-34
4928.980000 2.493017e-16 2.467747e-34
5271.070000 3.040955e-16 2.659262e-34
5274.000000 2.791066e-16 2.531712e-34
5276.930000 2.726038e-16 2.489842e-34
5279.860000 2.730093e-16 2.483313e-34
5282.790000 2.917044e-16 2.486197e-34
5285.720000 3.139577e-16 2.506018e-34
5288.650000 2.956871e-16 2.408458e-34
5291.580000 3.071122e-16 2.422445e-34
5294.510000 3.025189e-16 2.390363e-34
5297.440000 2.921162e-16 2.319047e-34
5300.370000 3.021087e-16 2.304743e-34
5303.300000 3.056962e-16 2.254378e-34
5306.230000 3.055024e-16 2.213882e-34
5309.160000 2.938845e-16 2.157763e-34
5312.090000 2.717546e-16 2.089191e-34
5315.020000 2.587415e-16 2.014047e-34
5317.950000 2.855869e-16 2.040815e-34
5320.880000 2.657375e-16 1.922408e-34
5323.810000 2.540289e-16 1.868064e-34
5326.740000 2.538717e-16 1.857829e-34
5329.670000 2.704979e-16 1.889390e-34
5332.600000 2.824093e-16 1.931650e-34
5335.530000 2.810982e-16 1.904960e-34
5338.460000 2.741177e-16 1.861773e-34
5341.390000 2.548567e-16 1.793120e-34
5344.320000 2.931901e-16 1.878235e-34
5347.250000 2.820413e-16 1.847699e-34
5350.180000 2.659290e-16 1.775935e-34
5353.110000 2.638281e-16 1.740011e-34
5356.040000 2.854588e-16 1.792281e-34
5358.970000 2.839389e-16 1.751707e-34
5361.900000 2.674031e-16 1.692164e-34
5364.830000 2.789897e-16 1.693203e-34
5367.760000 2.852135e-16 1.698876e-34
5370.690000 2.796363e-16 1.654451e-34
5373.620000 2.797666e-16 1.662922e-34
5376.550000 2.859903e-16 1.661655e-34
5379.480000 2.951284e-16 1.654372e-34
5382.410000 2.796907e-16 1.595774e-34
5385.340000 2.627080e-16 1.549647e-34
5388.270000 2.888717e-16 1.588508e-34
5391.200000 2.918975e-16 1.570942e-34
5394.130000 2.712597e-16 1.517368e-34
5397.060000 2.668568e-16 1.483686e-34
5399.990000 2.813326e-16 1.495474e-34
5402.920000 2.721420e-16 1.466930e-34
5405.850000 2.439747e-16 1.385536e-34
5408.780000 2.376038e-16 1.360611e-34
5411.710000 2.420945e-16 1.362847e-34
5414.640000 2.316189e-16 1.355794e-34
5417.570000 2.240342e-16 1.319316e-34
5420.500000 2.287625e-16 1.323257e-34
5423.430000 2.075578e-16 1.293612e-34
5426.360000 2.041071e-16 1.294990e-34
5429.290000 1.967749e-16 1.248425e-34
5432.220000 2.184194e-16 1.278008e-34
5435.150000 2.092637e-16 1.280316e-34
5438.080000 2.049448e-16 1.283349e-34
5441.010000 1.961350e-16 1.261951e-34
5443.940000 2.086078e-16 1.268925e-34
5446.870000 2.080259e-16 1.258463e-34
5449.800000 2.013288e-16 1.224752e-34
5452.730000 1.907329e-16 1.187689e-34
5455.660000 2.134641e-16 1.227595e-34
5458.590000 2.170928e-16 1.198238e-34
5461.520000 2.004885e-16 1.170806e-34
5464.450000 1.996270e-16 1.169571e-34
5467.380000 2.073538e-16 1.184791e-34
5470.310000 1.981833e-16 1.157867e-34
5473.240000 1.938700e-16 1.146179e-34
5476.170000 2.190170e-16 1.172109e-34
5479.100000 2.196030e-16 1.157699e-34
5482.030000 1.994346e-16 1.107092e-34
5484.960000 2.048650e-16 1.125262e-34
5487.890000 1.980653e-16 1.117508e-34
5490.820000 2.127791e-16 1.145052e-34
5493.750000 2.239681e-16 1.146690e-34
5496.680000 2.070773e-16 1.093892e-34
5499.610000 1.918604e-16 1.065937e-34
5502.540000 2.053557e-16 1.084860e-34
5505.470000 2.204069e-16 1.109240e-34
5508.400000 2.089318e-16 1.087276e-34
5511.330000 2.032690e-16 1.072771e-34
5514.260000 2.133210e-16 1.086599e-34
5517.190000 2.309332e-16 1.103632e-34
5520.120000 2.144050e-16 1.079842e-34
5523.050000 2.048375e-16 1.052457e-34
5525.980000 2.224782e-16 1.078999e-34
5528.910000 2.291529e-16 1.087909e-34
5531.840000 2.259430e-16 1.076011e-34
5534.770000 2.368549e-16 1.092874e-34
5537.700000 2.394452e-16 1.098475e-34
5540.630000 2.272611e-16 1.078694e-34
5543.560000 2.294718e-16 1.085917e-34
5546.490000 2.193624e-16 1.062404e-34
5549.420000 2.281694e-16 1.073010e-34
5552.350000 2.184790e-16 1.051446e-34
5555.280000 2.287761e-16 1.052767e-34
5558.210000 2.199308e-16 1.048750e-34
5561.140000 2.106391e-16 1.031643e-34
5564.070000 2.007269e-16 1.039210e-34
5567.000000 2.111477e-16 1.105846e-34
5569.930000 1.945482e-16 1.300473e-34
5572.860000 2.138689e-16 1.888333e-34
5575.790000 2.652560e-16 2.799917e-34
5578.720000 2.779886e-16 3.098370e-34
5581.650000 2.115074e-16 2.380027e-34
5584.580000 1.950975e-16 1.548221e-34
5587.510000 2.246348e-16 1.169726e-34
5590.440000 2.337812e-16 1.047468e-34
5593.370000 2.174231e-16 9.930379e-35
5596.300000 2.045208e-16 9.472804e-35
5599.230000 1.957557e-16 9.214629e-35
5602.160000 2.035784e-16 9.356087e-35
5605.090000 2.111312e-16 9.451174e-35
5608.020000 1.944165e-16 9.233146e-35
5610.950000 1.968077e-16 9.234795e-35
5613.880000 2.109190e-16 9.388353e-35
5616.810000 2.001198e-16 9.131630e-35
5619.740000 1.857494e-16 8.792531e-35
5622.670000 1.813161e-16 8.790761e-35
5625.600000 1.829121e-16 8.679081e-35
5628.530000 1.957609e-16 8.759452e-35
5631.460000 1.934917e-16 8.727059e-35
5634.390000 1.831764e-16 8.523041e-35
5637.320000 1.895482e-16 8.542873e-35
5640.250000 1.669621e-16 8.229099e-35
5643.180000 1.904990e-16 8.430051e-35
5646.110000 1.974399e-16 8.566629e-35
5649.040000 1.961284e-16 8.542750e-35
5651.970000 1.875116e-16 8.434231e-35
5654.900000 1.838301e-16 8.244320e-35
5657.830000 1.911620e-16 8.248913e-35
5660.760000 1.987030e-16 8.317079e-35
5663.690000 2.021487e-16 8.440627e-35
5666.620000 2.219890e-16 8.651133e-35
5669.550000 2.230137e-16 8.732655e-35
5672.480000 2.182917e-16 8.627886e-35
5675.410000 2.087798e-16 8.431490e-35
5678.340000 2.064985e-16 8.378052e-35
5681.270000 2.218466e-16 8.571278e-35
5684.200000 2.237484e-16 8.567658e-35
5687.130000 2.311135e-16 8.700613e-35
5690.060000 2.406231e-16 8.818300e-35
5692.990000 2.475133e-16 8.838912e-35
5695.920000 2.479714e-16 8.872647e-35
5698.850000 2.400132e-16 8.739609e-35
5701.780000 2.444914e-16 8.766832e-35
5704.710000 2.609880e-16 8.871645e-35
5707.640000 2.672214e-16 8.860614e-35
5710.570000 2.539059e-16 8.687694e-35
5713.500000 2.520754e-16 8.775536e-35
5716.430000 2.600458e-16 8.898576e-35
5719.360000 2.744567e-16 9.042536e-35
5722.290000 2.760392e-16 9.029958e-35
5725.220000 2.685255e-16 8.861371e-35
5728.150000 2.711660e-16 9.004039e-35
5731.080000 2.703117e-16 8.847839e-35
5734.010000 2.644493e-16 8.704210e-35
5736.940000 2.545917e-16 8.431017e-35
5739.870000 2.619068e-16 8.538367e-35
5742.800000 2.490799e-16 8.319245e-35
5745.730000 2.526744e-16 8.328438e-35
5748.660000 2.496344e-16 8.159652e-35
5751.590000 2.472474e-16 8.081696e-35
5754.520000 2.629641e-16 8.255835e-35
5757.450000 2.664158e-16 8.334186e-35
5760.380000 2.626519e-16 8.297021e-35
5763.310000 2.540366e-16 8.193553e-35
5766.240000 2.592670e-16 8.312434e-35
5769.170000 2.715011e-16 8.340383e-35
5772.100000 2.637106e-16 8.053758e-35
5775.030000 2.711883e-16 8.074115e-35
5777.960000 2.765522e-16 8.110265e-35
5780.890000 2.796174e-16 8.210381e-35
5783.820000 2.612005e-16 7.986397e-35
5786.750000 2.596275e-16 7.998589e-35
5789.680000 2.668265e-16 8.079116e-35
5792.610000 2.813553e-16 8.216951e-35
5795.540000 2.794298e-16 8.138799e-35
5798.470000 2.768909e-16 8.051956e-35
5801.400000 2.724742e-16 8.115795e-35
5804.330000 2.631091e-16 8.008858e-35
5807.260000 2.581704e-16 7.948457e-35
5810.190000 2.607582e-16 7.987696e-35
5813.120000 2.639044e-16 8.041192e-35
5816.050000 2.672449e-16 8.074862e-35
5818.980000 2.654050e-16 7.982739e-35
5821.910000 2.707465e-16 7.933555e-35
5824.840000 2.689267e-16 7.894710e-35
5827.770000 2.736572e-16 7.935706e-35
5830.700000 2.660697e-16 7.883855e-35
5833.630000 2.686778e-16 7.862692e-35
5836.560000 2.656350e-16 7.796078e-35
5839.490000 2.727516e-16 7.827597e-35
5842.420000 2.707708e-16 7.752103e-35
5845.350000 2.596043e-16 7.626278e-35
5848.280000 2.799729e-16 7.853144e-35
5851.210000 2.811635e-16 7.820928e-35
5854.140000 2.696808e-16 7.635287e-35
5857.070000 2.741364e-16 7.756055e-35
5860.000000 2.802964e-16 7.825029e-35
5862.930000 2.733558e-16 7.775175e-35
5865.860000 2.806500e-16 8.093244e-35
5868.790000 2.844855e-16 8.179122e-35
5871.720000 2.698111e-16 7.946800e-35
5874.650000 2.670364e-16 7.802845e-35
5877.580000 2.510501e-16 7.641319e-35
5880.510000 2.532295e-16 7.877493e-35
5883.440000 2.478496e-16 8.451741e-35
5886.370000 2.610936e-16 1.007823e-34
5889.300000 2.734962e-16 1.183871e-34
5892.230000 2.482393e-16 1.196139e-34
5895.160000 2.608402e-16 1.141350e-34
5898.090000 2.470703e-16 9.972698e-35
5901.020000 2.281309e-16 8.332812e-35
5903.950000 2.412573e-16 7.668367e-35
5906.880000 2.442109e-16 7.478785e-35
5909.810000 2.470326e-16 7.465825e-35
5912.740000 2.447522e-16 7.422849e-35
5915.670000 2.401479e-16 7.353911e-35
5918.600000 2.438760e-16 7.274858e-35
5921.530000 2.425642e-16 7.247910e-35
5924.460000 2.208381e-16 6.879078e-35
5927.390000 2.222580e-16 6.947845e-35
5930.320000 2.259807e-16 7.065377e-35
5933.250000 2.261386e-16 7.071745e-35
5936.180000 2.278611e-16 6.962912e-35
5939.110000 2.337905e-16 6.927996e-35
5942.040000 2.143276e-16 6.690020e-35
5944.970000 2.218431e-16 6.817588e-35
5947.900000 2.162127e-16 6.740637e-35
5950.830000 2.183654e-16 6.827756e-35
5953.760000 2.197165e-16 6.815841e-35
5956.690000 2.231257e-16 6.792583e-35
5959.620000 2.256789e-16 6.708355e-35
5962.550000 2.151894e-16 6.621969e-35
5965.480000 2.151727e-16 6.624102e-35
5968.410000 2.182354e-16 6.652214e-35
5971.340000 2.260880e-16 6.741291e-35
5974.270000 2.360771e-16 6.786862e-35
5977.200000 2.282599e-16 6.651227e-35
5980.130000 2.078709e-16 6.371406e-35
5983.060000 2.072215e-16 6.325846e-35
5985.990000 2.220138e-16 6.443775e-35
5988.920000 2.268051e-16 6.531240e-35
5991.850000 2.272648e-16 6.363193e-35
5994.780000 2.287999e-16 6.428616e-35
5997.710000 2.401796e-16 6.571891e-35
6000.640000 2.457080e-16 6.659226e-35
6003.570000 2.508957e-16 6.695039e-35
6006.500000 2.459797e-16 6.610939e-35
6009.430000 2.354459e-16 6.374166e-35
6012.360000 2.380897e-16 6.330647e-35
6015.290000 2.551858e-16 6.495289e-35
6018.220000 2.493835e-16 6.390581e-35
6021.150000 2.515203e-16 6.359458e-35
6024.080000 2.508677e-16 6.368844e-35
6027.010000 2.439350e-16 6.271501e-35
6029.940000 2.451886e-16 6.302942e-35
6032.870000 2.477421e-16 6.350403e-35
6035.800000 2.476690e-16 6.379091e-35
6038.730000 2.539249e-16 6.386308e-35
6041.660000 2.463323e-16 6.254676e-35
6044.590000 2.482637e-16 6.256666e-35
6047.520000 2.611474e-16 6.393696e-35
6050.450000 2.569308e-16 6.291219e-35
6053.380000 2.460174e-16 6.119494e-35
6056.310000 2.504566e-16 6.195149e-35
6059.240000 2.549922e-16 6.248456e-35
6062.170000 2.550246e-16 6.299393e-35
6065.100000 2.629944e-16 6.352574e-35
6068.030000 2.666314e-16 6.386062e-35
6070.960000 2.656979e-16 6.426064e-35
6073.890000 2.650053e-16 6.325368e-35
6076.820000 2.723432e-16 6.340060e-35
6079.750000 2.677130e-16 6.306415e-35
6082.680000 2.655193e-16 6.222682e-35
6085.610000 2.698943e-16 6.244555e-35
6088.540000 2.689468e-16 6.211549e-35
6091.470000 2.690961e-16 6.135935e-35
6094.400000 2.712184e-16 6.167029e-35
6097.330000 2.592804e-16 6.069692e-35
6100.260000 2.688197e-16 6.166430e-35
6103.190000 2.638712e-16 6.096502e-35
6106.120000 2.708135e-16 6.131440e-35
6109.050000 2.677588e-16 6.070699e-35
6111.980000 2.611929e-16 6.055964e-35
6114.910000 2.654770e-16 6.041146e-35
6117.840000 2.621493e-16 6.017871e-35
6120.770000 2.541775e-16 5.885655e-35
6123.700000 2.664338e-16 5.968766e-35
6126.630000 2.593798e-16 5.931646e-35
6129.560000 2.684467e-16 5.974266e-35
6132.490000 2.661943e-16 5.967954e-35
6135.420000 2.675864e-16 5.992216e-35
6138.350000 2.723789e-16 6.104550e-35
6141.280000 2.717403e-16 6.032409e-35
6144.210000 2.621597e-16 5.945215e-35
6147.140000 2.687557e-16 5.970154e-35
6150.070000 2.766904e-16 6.039908e-35
6153.000000 2.778178e-16 6.012914e-35
6155.930000 2.655112e-16 5.827839e-35
6158.860000 2.771480e-16 5.948275e-35
6161.790000 2.798441e-16 5.931852e-35
6164.720000 2.676951e-16 5.818637e-35
6167.650000 2.825188e-16 5.992924e-35
6170.580000 2.630987e-16 5.821752e-35
6173.510000 2.630711e-16 5.881191e-35
6176.440000 2.657207e-16 5.903556e-35
6179.370000 2.656057e-16 5.868840e-35
6182.300000 2.693116e-16 5.909855e-35
6185.230000 2.715319e-16 5.908679e-35
6188.160000 2.611420e-16 5.753228e-35
6191.090000 2.579688e-16 5.710860e-35
6194.020000 2.542844e-16 5.701180e-35
6196.950000 2.632391e-16 5.789742e-35
6199.880000 2.645594e-16 5.883669e-35
6202.810000 2.588836e-16 5.858876e-35
6205.740000 2.527420e-16 5.749153e-35
6208.670000 2.516531e-16 5.712472e-35
6211.600000 2.491701e-16 5.629623e-35
6214.530000 2.366531e-16 5.498808e-35
6217.460000 2.453100e-16 5.559633e-35
6220.390000 2.399901e-16 5.533207e-35
6223.320000 2.356177e-16 5.482547e-35
6226.250000 2.411280e-16 5.489801e-35
6229.180000 2.286823e-16 5.356975e-35
6232.110000 2.224207e-16 5.442324e-35
6235.040000 2.086293e-16 5.532623e-35
6237.970000 2.117882e-16 5.565944e-35
6240.900000 1.936831e-16 5.221939e-35
6243.830000 1.816395e-16 4.909580e-35
6246.760000 1.825944e-16 4.774622e-35
6249.690000 1.688454e-16 4.617404e-35
6252.620000 1.684896e-16 4.636392e-35
6255.550000 1.595642e-16 4.644981e-35
6258.480000 1.507208e-16 4.683650e-35
6261.410000 1.449826e-16 4.573101e-35
6264.340000 1.401652e-16 4.396925e-35
6267.270000 1.375841e-16 4.310220e-35
6270.200000 1.349270e-16 4.191432e-35
6273.130000 1.335734e-16 4.133535e-35
6276.060000 1.210104e-16 4.011353e-35
6278.990000 1.105230e-16 3.929651e-35
6281.920000 1.081421e-16 3.903803e-35
6284.850000 1.117355e-16 4.048566e-35
6287.780000 1.092846e-16 4.143560e-35
6290.710000 1.012308e-16 4.114038e-35
6293.640000 8.799515e-17 4.243193e-35
6296.570000 1.083150e-16 5.268459e-35
6299.500000 1.137837e-16 6.287722e-35
6302.430000 1.090149e-16 6.250916e-35
6305.360000 9.705074e-17 5.290798e-35
6308.290000 8.968593e-17 4.338699e-35
6311.220000 9.968173e-17 3.962299e-35
6314.150000 9.578920e-17 3.740653e-35
6317.080000 1.008150e-16 3.749140e-35
6320.010000 9.775124e-17 3.780642e-35
6322.940000 9.550697e-17 3.812749e-35
6325.870000 9.578652e-17 3.875229e-35
6328.800000 1.010276e-16 3.995976e-35
6331.730000 8.822546e-17 3.857041e-35
6334.660000 1.060872e-16 3.864472e-35
6337.590000 9.415139e-17 3.639632e-35
6340.520000 1.028725e-16 3.681223e-35
6343.450000 1.117056e-16 3.749912e-35
6346.380000 1.077408e-16 3.796887e-35
6349.310000 9.367286e-17 3.657094e-35
6352.240000 1.055406e-16 3.828529e-35
6355.170000 1.176701e-16 4.068812e-35
6358.100000 1.151238e-16 4.189375e-35
6361.030000 1.194564e-16 4.448892e-35
6363.960000 1.112110e-16 4.505653e-35
6366.890000 1.074517e-16 4.295507e-35
6369.820000 1.196448e-16 4.068497e-35
6372.750000 1.258120e-16 3.919603e-35
6375.680000 1.284537e-16 3.897425e-35
6378.610000 1.289174e-16 3.907606e-35
6381.540000 1.391860e-16 4.029537e-35
6384.470000 1.395620e-16 4.062703e-35
6387.400000 1.443248e-16 4.084693e-35
6390.330000 1.479895e-16 4.043036e-35
6393.260000 1.585970e-16 4.078335e-35
6396.190000 1.596264e-16 4.084807e-35
6399.120000 1.528281e-16 3.980546e-35
6402.050000 1.694325e-16 4.132068e-35
6404.980000 1.696609e-16 4.129219e-35
6407.910000 1.744165e-16 4.171116e-35
6410.840000 1.835105e-16 4.252228e-35
6413.770000 1.822189e-16 4.261176e-35
6416.700000 1.847409e-16 4.279058e-35
6419.630000 1.951125e-16 4.368616e-35
6422.560000 1.872021e-16 4.269620e-35
6425.490000 1.895664e-16 4.278374e-35
6428.420000 1.863731e-16 4.197629e-35
6431.350000 1.997449e-16 4.302785e-35
6434.280000 1.968530e-16 4.303701e-35
6437.210000 2.030201e-16 4.346205e-35
6440.140000 2.054786e-16 4.371563e-35
6443.070000 2.048522e-16 4.390970e-35
6446.000000 2.024989e-16 4.364944e-35
6448.930000 2.119209e-16 4.474861e-35
6451.860000 2.213146e-16 4.580609e-35
6454.790000 2.240204e-16 4.601280e-35
6457.720000 2.270562e-16 4.672051e-35
6460.650000 2.300339e-16 4.766083e-35
6463.580000 2.203052e-16 4.783565e-35
6466.510000 2.245119e-16 4.941461e-35
6469.440000 2.306273e-16 4.965186e-35
6472.370000 2.375299e-16 4.907262e-35
6475.300000 2.348276e-16 4.793341e-35
6478.230000 2.332884e-16 4.728478e-35
6481.160000 2.403080e-16 4.713295e-35
6484.090000 2.402617e-16 4.673302e-35
6487.020000 2.521561e-16 4.793666e-35
6489.950000 2.464856e-16 4.750677e-35
6492.880000 2.544121e-16 4.892187e-35
6495.810000 2.456274e-16 4.967459e-35
6498.740000 2.479229e-16 5.181227e-35
6501.670000 2.488605e-16 5.178935e-35
6504.600000 2.555578e-16 5.129679e-35
6507.530000 2.552489e-16 4.985104e-35
6510.460000 2.527879e-16 4.866679e-35
6513.390000 2.459910e-16 4.716717e-35
6516.320000 2.470547e-16 4.715839e-35
6519.250000 2.436426e-16 4.712463e-35
6522.180000 2.532476e-16 4.820391e-35
6525.110000 2.464294e-16 4.738889e-35
6528.040000 2.473522e-16 4.798720e-35
6530.970000 2.676303e-16 5.074951e-35
6533.900000 2.567603e-16 5.057880e-35
6536.830000 2.453831e-16 4.892207e-35
6539.760000 2.452480e-16 4.820748e-35
6542.690000 2.545440e-16 4.865090e-35
6545.620000 2.499370e-16 4.803568e-35
6548.550000 2.531906e-16 4.824884e-35
6551.480000 2.478676e-16 4.895788e-35
6554.410000 2.427996e-16 4.919982e-35
6557.340000 2.509568e-16 4.905741e-35
6560.270000 2.513620e-16 4.784472e-35
6563.200000 2.542921e-16 4.747755e-35
6566.130000 2.597230e-16 4.801291e-35
6569.060000 2.576082e-16 4.803263e-35
6571.990000 2.482624e-16 4.717283e-35
6574.920000 2.463425e-16 4.742767e-35
6577.850000 2.508207e-16 4.858924e-35
6580.780000 2.578735e-16 4.896229e-35
6583.710000 2.542368e-16 4.716489e-35
6586.640000 2.546809e-16 4.667995e-35
6589.570000 2.575350e-16 4.692447e-35
6592.500000 2.576479e-16 4.688208e-35
6595.430000 2.544941e-16 4.689901e-35
6598.360000 2.446487e-16 4.637596e-35
6601.290000 2.505657e-16 4.730078e-35
6604.220000 2.512371e-16 4.738451e-35
6607.150000 2.509588e-16 4.734730e-35
6610.080000 2.545834e-16 4.686924e-35
6613.010000 2.550654e-16 4.599463e-35
6615.940000 2.557796e-16 4.572354e-35
6618.870000 2.601939e-16 4.606270e-35
6621.800000 2.609068e-16 4.623274e-35
6624.730000 2.555514e-16 4.606008e-35
6627.660000 2.510853e-16 4.580763e-35
6630.590000 2.462699e-16 4.582460e-35
6633.520000 2.440777e-16 4.577005e-35
6636.450000 2.500873e-16 4.607726e-35
6639.380000 2.419089e-16 4.487272e-35
6642.310000 2.372517e-16 4.426472e-35
6645.240000 2.436574e-16 4.424646e-35
6648.170000 2.494964e-16 4.475665e-35
6651.100000 2.487181e-16 4.475633e-35
6654.030000 2.414728e-16 4.416407e-35
6656.960000 2.351757e-16 4.361331e-35
6659.890000 2.364536e-16 4.376619e-35
6662.820000 2.362696e-16 4.373411e-35
6665.750000 2.349903e-16 4.364284e-35
6668.680000 2.393155e-16 4.377853e-35
6671.610000 2.324193e-16 4.292325e-35
6674.540000 2.252203e-16 4.189508e-35
6677.470000 2.282214e-16 4.192141e-35
6680.400000 2.268784e-16 4.193670e-35
6683.330000 2.229255e-16 4.174094e-35
6686.260000 2.278482e-16 4.209769e-35
6689.190000 2.306956e-16 4.192816e-35
6692.120000 2.326675e-16 4.182075e-35
6695.050000 2.234229e-16 4.122092e-35
6697.980000 2.242136e-16 4.136132e-35
6700.910000 2.219672e-16 4.101846e-35
6703.840000 2.162560e-16 4.050415e-35
6706.770000 2.145412e-16 4.018889e-35
6709.700000 2.169503e-16 4.046380e-35
6712.630000 2.206004e-16 4.061065e-35
6715.560000 2.193658e-16 4.047423e-35
6718.490000 2.113127e-16 3.982431e-35
6721.420000 2.115768e-16 3.951839e-35
6724.350000 2.200494e-16 4.003784e-35
6727.280000 2.208330e-16 4.012949e-35
6730.210000 2.214516e-16 4.004597e-35
6733.140000 2.179365e-16 3.960573e-35
6736.070000 2.125060e-16 3.925959e-35
6739.000000 2.174961e-16 3.997927e-35
6741.930000 2.141647e-16 3.942515e-35
6744.860000 2.144818e-16 3.973192e-35
6747.790000 2.145089e-16 3.993917e-35
6750.720000 2.146438e-16 3.981081e-35
6753.650000 2.077261e-16 3.897151e-35
6756.580000 2.018192e-16 3.834868e-35
6759.510000 2.055286e-16 3.833228e-35
6762.440000 1.952709e-16 3.765526e-35
6765.370000 2.034542e-16 3.813046e-35
6768.300000 2.182161e-16 3.894609e-35
6771.230000 2.156814e-16 3.881235e-35
6774.160000 2.037429e-16 3.778616e-35
6777.090000 2.044473e-16 3.827309e-35
6780.020000 1.948974e-16 3.750449e-35
6782.950000 1.932326e-16 3.717039e-35
6785.880000 1.944951e-16 3.705348e-35
6788.810000 1.947465e-16 3.713680e-35
6791.740000 2.012712e-16 3.762890e-35
6794.670000 2.022399e-16 3.748204e-35
6797.600000 1.914506e-16 3.671930e-35
6800.530000 1.938812e-16 3.657315e-35
6803.460000 1.993096e-16 3.695585e-35
6806.390000 1.962058e-16 3.671438e-35
6809.320000 1.953836e-16 3.661355e-35
6812.250000 1.922366e-16 3.629378e-35
6815.180000 1.847297e-16 3.562987e-35
6818.110000 1.827276e-16 3.574879e-35
6821.040000 1.807600e-16 3.633078e-35
6823.970000 1.872678e-16 3.867943e-35
6826.900000 1.939703e-16 4.286197e-35
6829.830000 1.878932e-16 4.551345e-35
6832.760000 1.810548e-16 4.582252e-35
6835.690000 1.836743e-16 4.422718e-35
6838.620000 1.803309e-16 4.066246e-35
6841.550000 1.845439e-16 3.830233e-35
6844.480000 1.860740e-16 3.709299e-35
6847.410000 1.855297e-16 3.614077e-35
6850.340000 1.832639e-16 3.571333e-35
6853.270000 1.769557e-16 3.524872e-35
6856.200000 1.828550e-16 3.684557e-35
6859.130000 1.876173e-16 3.968512e-35
6862.060000 1.847669e-16 4.343564e-35
6864.990000 1.680235e-16 4.343739e-35
6867.920000 1.541535e-16 3.869771e-35
6870.850000 1.564085e-16 3.468647e-35
6873.780000 1.549361e-16 3.293303e-35
6876.710000 1.594509e-16 3.292895e-35
6879.640000 1.648737e-16 3.499993e-35
6882.570000 1.634610e-16 3.579742e-35
6885.500000 1.713628e-16 3.787119e-35
6888.430000 1.759670e-16 3.921948e-35
6891.360000 1.674984e-16 3.831315e-35
6894.290000 1.657911e-16 3.786156e-35
6897.220000 1.718751e-16 3.896993e-35
6900.150000 1.831675e-16 4.055024e-35
6903.080000 1.842362e-16 4.037210e-35
6906.010000 1.740196e-16 3.881992e-35
6908.940000 1.749121e-16 3.928145e-35
6911.870000 1.809808e-16 4.146729e-35
6914.800000 1.746636e-16 4.150698e-35
6917.730000 1.765985e-16 4.147031e-35
6920.660000 1.863222e-16 4.381113e-35
6923.590000 1.855969e-16 4.533447e-35
6926.520000 1.841998e-16 4.385569e-35
6929.450000 1.851399e-16 4.132378e-35
6932.380000 1.804293e-16 3.949315e-35
6935.310000 1.776363e-16 3.948718e-35
6938.240000 1.749294e-16 4.070147e-35
6941.170000 1.740768e-16 4.141200e-35
6944.100000 1.716014e-16 4.200867e-35
6947.030000 1.755627e-16 4.430879e-35
6949.960000 1.791770e-16 4.550431e-35
6952.890000 1.698283e-16 4.266140e-35
6955.820000 1.633944e-16 3.894227e-35
6958.750000 1.698300e-16 3.821173e-35
6961.680000 1.750317e-16 3.855871e-35
6964.610000 1.706785e-16 3.880945e-35
6967.540000 1.774051e-16 4.043510e-35
6970.470000 1.819522e-16 4.160737e-35
6973.400000 1.714955e-16 4.156611e-35
6976.330000 1.702490e-16 4.246623e-35
6979.260000 1.737861e-16 4.294426e-35
6982.190000 1.790904e-16 4.148138e-35
6985.120000 1.787891e-16 3.940349e-35
6988.050000 1.763693e-16 3.826297e-35
6990.980000 1.672517e-16 3.724311e-35
6993.910000 1.611348e-16 3.640383e-35
6996.840000 1.672252e-16 3.709844e-35
6999.770000 1.785444e-16 3.871118e-35
7002.700000 1.868608e-16 3.992301e-35
7005.630000 1.784703e-16 3.978371e-35
7008.560000 1.671548e-16 3.912250e-35
7011.490000 1.584783e-16 3.888247e-35
7014.420000 1.645936e-16 3.874122e-35
7017.350000 1.677968e-16 3.759265e-35
7020.280000 1.674680e-16 3.673820e-35
7023.210000 1.658761e-16 3.638608e-35
7026.140000 1.597466e-16 3.649459e-35
7029.070000 1.534609e-16 3.639306e-35
7032.000000 1.586180e-16 3.718061e-35
7034.930000 1.643700e-16 3.757384e-35
7037.860000 1.653172e-16 3.747881e-35
7040.790000 1.665361e-16 3.812782e-35
7043.720000 1.659923e-16 3.898079e-35
7046.650000 1.650024e-16 3.996653e-35
7049.580000 1.623520e-16 4.001116e-35
7052.510000 1.613139e-16 3.908565e-35
7055.440000 1.617593e-16 3.789343e-35
7058.370000 1.602606e-16 3.731925e-35
7061.300000 1.579026e-16 3.695441e-35
7064.230000 1.564938e-16 3.687529e-35
7067.160000 1.611585e-16 3.721788e-35
7070.090000 1.624232e-16 3.730526e-35
7073.020000 1.574347e-16 3.677049e-35
7075.950000 1.533841e-16 3.628391e-35
7078.880000 1.597531e-16 3.690887e-35
7081.810000 1.666561e-16 3.768520e-35
7084.740000 1.657712e-16 3.783927e-35
7087.670000 1.609348e-16 3.754964e-35
7090.600000 1.609885e-16 3.738280e-35
7093.530000 1.681755e-16 3.708521e-35
7096.460000 1.630357e-16 3.635876e-35
7099.390000 1.629941e-16 3.607879e-35
7102.320000 1.647781e-16 3.585177e-35
7105.250000 1.588742e-16 3.534971e-35
7108.180000 1.510156e-16 3.469569e-35
7111.110000 1.472221e-16 3.419776e-35
7114.040000 1.511628e-16 3.474265e-35
7116.970000 1.572831e-16 3.507923e-35
7119.900000 1.505674e-16 3.464356e-35
7122.830000 1.516367e-16 3.500859e-35
7125.760000 1.579385e-16 3.576940e-35
7128.690000 1.524169e-16 3.548712e-35
7131.620000 1.515370e-16 3.517547e-35
7134.550000 1.529019e-16 3.530033e-35
7137.480000 1.530596e-16 3.526255e-35
7140.410000 1.539721e-16 3.542612e-35
7143.340000 1.531950e-16 3.615305e-35
7146.270000 1.471576e-16 3.558452e-35
7149.200000 1.404911e-16 3.479052e-35
7152.130000 1.458674e-16 3.486141e-35
7155.060000 1.487181e-16 3.455553e-35
7157.990000 1.471526e-16 3.422961e-35
7160.920000 1.457022e-16 3.412932e-35
7163.850000 1.416987e-16 3.372758e-35
7166.780000 1.363775e-16 3.282228e-35
7169.710000 1.345974e-16 3.230674e-35
7172.640000 1.244157e-16 3.113218e-35
7175.570000 1.256930e-16 3.103886e-35
7178.500000 1.292333e-16 3.156878e-35
7181.430000 1.294543e-16 3.098885e-35
7184.360000 1.218181e-16 3.001361e-35
7187.290000 1.276253e-16 3.006653e-35
7190.220000 1.224977e-16 2.956582e-35
7193.150000 1.211694e-16 2.931659e-35
7196.080000 1.230393e-16 2.888926e-35
7199.010000 1.230747e-16 2.932671e-35
7201.940000 1.273272e-16 2.977710e-35
7204.870000 1.317653e-16 3.004763e-35
7207.800000 1.362770e-16 3.058841e-35
7210.730000 1.418459e-16 3.148471e-35
7213.660000 1.379499e-16 3.145383e-35
7216.590000 1.342931e-16 3.138375e-35
7219.520000 1.376731e-16 3.201992e-35
7222.450000 1.361462e-16 3.257919e-35
7225.380000 1.387402e-16 3.289174e-35
7228.310000 1.430560e-16 3.348220e-35
7231.240000 1.421910e-16 3.465705e-35
7234.170000 1.349674e-16 3.743466e-35
7237.100000 1.314108e-16 4.530931e-35
7240.030000 1.306113e-16 5.638802e-35
7242.960000 1.341683e-16 6.175763e-35
7245.890000 1.376002e-16 5.849386e-35
7248.820000 1.379106e-16 4.967909e-35
7251.750000 1.370929e-16 4.185389e-35
7254.680000 1.323078e-16 3.813055e-35
7257.610000 1.370907e-16 3.620372e-35
7260.540000 1.343164e-16 3.401399e-35
7263.470000 1.247275e-16 3.257855e-35
7266.400000 1.251448e-16 3.353608e-35
7269.330000 1.288979e-16 3.656206e-35
7272.260000 1.289968e-16 4.364617e-35
7275.190000 1.305378e-16 5.379817e-35
7278.120000 1.273382e-16 5.669587e-35
7281.050000 1.279227e-16 5.127598e-35
7283.980000 1.319737e-16 4.629255e-35
7286.910000 1.329563e-16 4.294820e-35
7289.840000 1.335473e-16 3.803063e-35
7292.770000 1.295527e-16 3.558486e-35
7295.700000 1.270259e-16 3.552863e-35
7298.630000 1.301599e-16 3.705198e-35
7301.560000 1.345382e-16 3.859983e-35
7304.490000 1.354991e-16 3.960430e-35
7307.420000 1.303869e-16 3.896027e-35
7310.350000 1.409820e-16 4.049668e-35
7313.280000 1.505751e-16 4.692888e-35
7316.210000 1.430182e-16 5.260516e-35
7319.140000 1.358121e-16 5.005841e-35
7322.070000 1.373231e-16 4.222983e-35
7325.000000 1.370659e-16 3.916982e-35
7327.930000 1.369359e-16 4.261953e-35
7330.860000 1.368856e-16 4.401064e-35
7333.790000 1.383779e-16 4.443511e-35
7336.720000 1.473360e-16 4.888292e-35
7339.650000 1.509588e-16 5.853861e-35
7342.580000 1.386976e-16 6.054795e-35
7345.510000 1.354062e-16 5.066377e-35
7348.440000 1.323636e-16 4.112342e-35
7351.370000 1.328467e-16 3.849496e-35
7354.300000 1.419351e-16 4.062542e-35
7357.230000 1.425910e-16 4.428080e-35
7360.160000 1.307100e-16 4.561745e-35
7363.090000 1.341214e-16 4.534984e-35
7366.020000 1.461505e-16 4.927723e-35
7368.950000 1.544133e-16 5.617646e-35
7371.880000 1.497050e-16 5.446328e-35
7374.810000 1.374074e-16 4.482731e-35
7377.740000 1.427069e-16 3.856954e-35
7380.670000 1.443675e-16 3.652059e-35
7383.600000 1.405496e-16 3.600047e-35
7386.530000 1.410954e-16 3.696651e-35
7389.460000 1.428637e-16 3.973882e-35
7392.390000 1.375089e-16 4.200950e-35
7395.320000 1.345464e-16 4.237395e-35
7398.250000 1.343446e-16 4.364436e-35
7401.180000 1.375637e-16 4.725970e-35
7404.110000 1.420752e-16 4.699768e-35
7407.040000 1.389896e-16 4.052426e-35
7409.970000 1.373211e-16 3.586844e-35
7412.900000 1.391813e-16 3.442646e-35
7415.830000 1.374289e-16 3.413074e-35
7418.760000 1.368617e-16 3.392328e-35
7421.690000 1.364698e-16 3.386948e-35
7424.620000 1.355502e-16 3.442853e-35
7427.550000 1.352552e-16 3.574002e-35
7430.480000 1.283959e-16 3.677728e-35
7433.410000 1.291670e-16 3.758001e-35
7436.340000 1.343955e-16 3.950555e-35
7439.270000 1.338557e-16 4.100307e-35
7442.200000 1.416489e-16 3.932830e-35
7445.130000 1.456587e-16 3.665849e-35
7448.060000 1.357331e-16 3.407780e-35
7450.990000 1.362841e-16 3.382331e-35
7453.920000 1.352281e-16 3.405176e-35
7456.850000 1.359891e-16 3.479478e-35
7459.780000 1.371281e-16 3.555682e-35
7462.710000 1.343908e-16 3.773328e-35
7465.640000 1.348201e-16 3.959410e-35
7468.570000 1.374529e-16 4.176889e-35
7471.500000 1.402672e-16 4.366578e-35
7474.430000 1.364942e-16 4.417952e-35
7477.360000 1.332442e-16 4.411695e-35
7480.290000 1.320358e-16 4.496814e-35
7483.220000 1.374469e-16 4.530803e-35
7486.150000 1.431557e-16 4.235847e-35
7489.080000 1.372704e-16 3.839304e-35
7492.010000 1.340075e-16 3.689313e-35
7494.940000 1.311281e-16 3.657201e-35
7497.870000 1.329794e-16 3.528315e-35
7500.800000 1.347487e-16 3.498816e-35
7503.730000 1.304939e-16 3.443334e-35
7506.660000 1.302692e-16 3.396208e-35
7509.590000 1.310323e-16 3.397417e-35
7512.520000 1.196778e-16 3.393733e-35
7515.450000 1.221806e-16 3.542923e-35
7518.380000 1.340648e-16 3.960686e-35
7521.310000 1.418357e-16 4.679007e-35
7524.240000 1.346901e-16 5.147492e-35
7527.170000 1.282937e-16 4.902865e-35
7530.100000 1.270546e-16 4.363313e-35
7533.030000 1.320914e-16 3.948412e-35
7535.960000 1.269075e-16 3.591743e-35
7538.890000 1.157064e-16 3.415988e-35
7541.820000 1.175106e-16 3.364981e-35
7544.750000 1.174708e-16 3.298412e-35
7547.680000 1.256284e-16 3.344299e-35
7550.610000 1.225990e-16 3.371839e-35
7553.540000 1.259082e-16 3.498846e-35
7556.470000 1.271646e-16 3.627223e-35
7559.400000 1.293081e-16 3.686840e-35
7562.330000 1.185881e-16 3.528914e-35
7565.260000 1.135588e-16 3.521455e-35
7568.190000 1.123058e-16 3.828531e-35
7571.120000 1.203882e-16 4.344364e-35
7574.050000 1.195998e-16 4.343441e-35
7576.980000 1.189392e-16 3.821070e-35
7579.910000 1.171677e-16 3.417692e-35
7582.840000 1.098120e-16 3.320403e-35
7585.770000 1.160739e-16 3.408959e-35
7588.700000 1.079586e-16 3.295654e-35
7591.630000 9.516958e-17 2.887290e-35
7594.560000 9.054109e-17 2.757183e-35
7597.490000 7.202367e-17 2.615841e-35
7600.420000 5.471884e-17 2.346662e-35
7603.350000 4.939943e-17 2.005722e-35
7606.280000 4.238709e-17 1.754525e-35
7609.210000 5.027337e-17 1.803230e-35
7612.140000 5.692249e-17 1.951160e-35
7615.070000 6.618005e-17 2.238636e-35
7618.000000 7.906050e-17 2.585530e-35
7620.930000 8.281491e-17 2.698005e-35
7623.860000 7.561697e-17 2.554526e-35
7626.790000 7.069160e-17 2.544657e-35
7629.720000 6.476598e-17 2.571830e-35
7632.650000 6.386632e-17 2.414357e-35
7635.580000 6.779175e-17 2.237128e-35
7638.510000 7.117306e-17 2.201627e-35
7641.440000 6.949777e-17 2.215646e-35
7644.370000 7.201927e-17 2.348909e-35
7647.300000 7.812215e-17 2.469894e-35
7650.230000 7.671232e-17 2.555951e-35
7653.160000 7.668938e-17 2.710821e-35
7656.090000 8.209899e-17 2.819850e-35
7659.020000 8.660964e-17 2.910011e-35
7661.950000 8.675457e-17 3.039274e-35
7664.880000 8.350650e-17 3.010418e-35
7667.810000 8.197010e-17 2.871261e-35
7670.740000 9.150485e-17 2.821884e-35
7673.670000 8.732021e-17 2.751591e-35
7676.600000 8.332048e-17 2.796796e-35
7679.530000 8.299672e-17 2.859053e-35
7682.460000 8.072102e-17 2.936348e-35
7685.390000 8.852711e-17 3.159181e-35
7688.320000 9.095310e-17 3.279760e-35
7691.250000 9.205084e-17 3.346028e-35
7694.180000 9.451891e-17 3.403225e-35
7697.110000 8.011817e-17 3.340174e-35
7700.040000 7.325737e-17 3.408895e-35
7702.970000 7.946507e-17 3.469812e-35
7705.900000 7.815128e-17 3.739687e-35
7708.830000 8.449746e-17 4.795145e-35
7711.760000 9.860129e-17 6.756642e-35
7714.690000 1.067631e-16 8.373930e-35
7717.620000 1.015395e-16 8.160944e-35
7720.550000 9.089876e-17 6.517963e-35
7723.480000 8.984322e-17 5.201798e-35
7726.410000 8.907611e-17 4.669063e-35
7729.340000 8.405089e-17 4.202023e-35
7732.270000 8.339979e-17 3.799538e-35
7735.200000 7.736923e-17 3.710661e-35
7738.130000 7.716829e-17 3.709582e-35
7741.060000 7.660387e-17 3.776197e-35
7743.990000 7.349764e-17 4.233735e-35
7746.920000 6.423580e-17 5.619258e-35
7749.850000 8.274478e-17 7.688822e-35
7752.780000 8.288827e-17 7.874132e-35
7755.710000 8.166362e-17 6.307788e-35
7758.640000 8.474549e-17 5.427757e-35
7761.570000 9.818890e-17 5.236310e-35
7764.500000 9.311601e-17 4.482068e-35
7767.430000 9.706262e-17 3.954440e-35
7770.360000 1.041883e-16 4.038527e-35
7773.290000 1.032242e-16 4.280364e-35
7776.220000 9.951964e-17 4.421410e-35
7779.150000 9.541586e-17 4.566422e-35
7782.080000 9.573675e-17 4.605907e-35
7785.010000 9.612946e-17 4.362641e-35
7787.940000 8.910038e-17 4.418565e-35
7790.870000 1.020632e-16 5.524593e-35
7793.800000 1.233207e-16 6.835887e-35
7796.730000 1.165163e-16 6.463068e-35
7799.660000 8.531260e-17 4.741658e-35
7802.590000 8.424596e-17 3.966244e-35
7805.520000 9.454266e-17 4.382458e-35
7808.450000 1.058399e-16 5.050934e-35
7811.380000 8.717920e-17 4.841530e-35
7814.310000 7.924928e-17 4.479923e-35
7817.240000 8.611863e-17 5.228664e-35
7820.170000 1.118852e-16 7.018709e-35
7823.100000 1.345403e-16 7.663324e-35
7826.030000 1.058711e-16 5.927125e-35
7828.960000 9.824118e-17 4.331058e-35
7831.890000 9.783010e-17 3.811303e-35
7834.820000 1.005534e-16 3.834936e-35
7837.750000 9.621983e-17 4.232619e-35
7840.680000 9.675094e-17 4.867118e-35
7843.610000 9.312608e-17 4.993796e-35
7846.540000 9.452912e-17 5.058318e-35
7849.470000 9.367630e-17 6.231751e-35
7852.400000 1.147196e-16 8.366080e-35
7855.330000 1.249332e-16 8.909133e-35
7858.260000 1.144489e-16 7.572748e-35
7861.190000 9.488283e-17 6.307335e-35
7864.120000 1.080347e-16 5.738812e-35
7867.050000 1.079598e-16 5.658247e-35
7869.980000 1.272676e-16 6.216883e-35
7872.910000 1.150670e-16 5.933819e-35
7875.840000 1.082258e-16 5.359614e-35
7878.770000 1.089791e-16 5.449529e-35
7881.700000 1.032733e-16 5.576604e-35
7884.630000 1.138980e-16 5.579237e-35
7887.560000 1.218150e-16 5.935066e-35
7890.490000 1.271499e-16 6.426187e-35
7893.420000 1.142002e-16 5.625876e-35
7896.350000 1.135542e-16 4.520570e-35
7899.280000 1.174700e-16 3.996340e-35
7902.210000 1.030231e-16 3.779589e-35
7905.140000 9.573027e-17 3.997465e-35
7908.070000 1.001302e-16 5.013976e-35
7911.000000 1.217059e-16 7.248232e-35
7913.930000 1.537964e-16 9.498572e-35
7916.860000 1.378108e-16 9.061281e-35
7919.790000 1.198109e-16 7.645940e-35
7922.720000 1.251163e-16 6.764494e-35
7925.650000 1.260687e-16 5.884193e-35
7928.580000 1.144009e-16 5.456272e-35
7931.510000 1.284601e-16 5.844490e-35
7934.440000 1.253264e-16 5.427007e-35
7937.370000 1.139393e-16 4.557328e-35
7940.300000 1.148032e-16 4.214859e-35
7943.230000 1.192815e-16 4.342598e-35
7946.160000 1.251463e-16 4.815300e-35
7949.090000 1.282849e-16 5.227476e-35
7952.020000 1.332399e-16 5.114552e-35
7954.950000 1.249691e-16 4.570641e-35
7957.880000 1.172940e-16 4.657394e-35
7960.810000 1.286328e-16 5.939000e-35
7963.740000 1.422740e-16 7.870708e-35
7966.670000 1.476071e-16 8.249040e-35
7969.600000 1.191925e-16 6.427815e-35
7972.530000 1.129665e-16 5.104543e-35
7975.460000 1.227581e-16 5.307942e-35
7978.390000 1.443050e-16 6.254607e-35
7981.320000 1.405956e-16 6.214083e-35
7984.250000 1.203992e-16 5.279103e-35
7987.180000 1.089371e-16 5.087460e-35
7990.110000 1.236136e-16 6.727117e-35
7993.040000 1.631424e-16 8.920874e-35
7995.970000 1.700218e-16 8.582507e-35
7998.900000 1.295252e-16 6.104795e-35
8001.830000 1.232034e-16 4.618263e-35
8004.760000 1.281730e-16 4.331902e-35
8007.690000 1.327548e-16 4.413566e-35
8010.620000 1.266147e-16 4.783713e-35
8013.550000 1.335450e-16 5.443129e-35
8016.480000 1.345239e-16 5.610672e-35
8019.410000 1.357053e-16 5.552062e-35
8022.340000 1.279381e-16 6.229741e-35
8025.270000 1.568719e-16 7.815941e-35
8028.200000 1.476374e-16 7.703740e-35
8031.130000 1.211489e-16 5.842975e-35
8034.060000 1.158940e-16 4.563802e-35
8036.990000 1.229895e-16 4.223570e-35
8039.920000 1.283821e-16 4.149684e-35
8042.850000 1.307175e-16 4.184995e-35
8045.780000 1.324527e-16 4.316903e-35
8048.710000 1.331122e-16 4.648888e-35
8051.640000 1.348714e-16 5.050134e-35
8054.570000 1.289606e-16 5.051605e-35
8057.500000 1.263809e-16 4.987895e-35
8060.430000 1.330804e-16 5.556143e-35
8063.360000 1.313128e-16 5.887026e-35
8066.290000 1.241336e-16 5.167400e-35
8069.220000 1.189936e-16 4.324578e-35
8072.150000 1.338821e-16 4.212254e-35
8075.080000 1.446365e-16 4.309929e-35
8078.010000 1.373545e-16 4.232314e-35
8080.940000 1.296103e-16 4.101873e-35
8083.870000 1.324014e-16 4.133908e-35
8086.800000 1.291796e-16 4.191452e-35
8089.730000 1.249020e-16 4.222672e-35
8092.660000 1.319837e-16 4.488715e-35
8095.590000 1.289215e-16 4.571894e-35
8098.520000 1.352022e-16 4.726609e-35
8101.450000 1.431151e-16 4.999845e-35
8104.380000 1.376961e-16 4.997053e-35
8107.310000 1.292998e-16 4.511073e-35
8110.240000 1.267113e-16 4.192028e-35
8113.170000 1.278169e-16 4.097752e-35
8116.100000 1.242882e-16 3.967551e-35
8119.030000 1.206780e-16 3.945477e-35
8121.960000 1.095103e-16 3.822457e-35
8124.890000 1.152987e-16 3.884912e-35
8127.820000 1.186316e-16 3.864338e-35
8130.750000 1.121044e-16 3.819643e-35
8133.680000 1.107476e-16 3.846073e-35
8136.610000 1.152199e-16 3.975121e-35
8139.540000 1.213254e-16 4.126099e-35
8142.470000 1.190812e-16 4.104068e-35
8145.400000 1.187529e-16 4.112170e-35
8148.330000 1.163987e-16 4.099913e-35
8151.260000 1.181887e-16 4.018807e-35
8154.190000 1.105221e-16 3.769398e-35
8157.120000 1.179337e-16 3.726501e-35
8160.050000 1.120683e-16 3.616329e-35
8162.980000 1.125784e-16 3.629436e-35
8165.910000 1.109001e-16 3.638507e-35
8168.840000 1.097206e-16 3.597897e-35
8171.770000 1.145023e-16 3.687920e-35
8174.700000 1.163352e-16 3.752215e-35
8177.630000 1.058776e-16 3.595655e-35
8180.560000 1.123441e-16 3.621899e-35
8183.490000 1.072868e-16 3.646324e-35
8186.420000 1.051084e-16 3.734432e-35
8189.350000 1.026946e-16 3.779821e-35
8192.280000 1.155305e-16 3.908126e-35
8195.210000 1.157141e-16 3.897773e-35
8198.140000 1.134269e-16 3.890456e-35
8201.070000 1.072022e-16 3.818560e-35
8204.000000 1.135613e-16 3.941846e-35
8206.930000 1.263318e-16 4.069278e-35
8209.860000 1.143154e-16 3.925946e-35
8212.790000 1.149904e-16 3.904336e-35
8215.720000 1.081427e-16 3.847641e-35
8218.650000 1.073540e-16 3.780730e-35
8221.580000 1.059557e-16 3.661375e-35
8224.510000 9.322144e-17 3.448317e-35
8227.440000 9.176639e-17 3.407492e-35
8230.370000 1.020268e-16 3.502054e-35
8233.300000 1.087577e-16 3.655221e-35
8236.230000 1.144202e-16 3.828045e-35
8239.160000 1.152023e-16 3.951635e-35
8242.090000 1.236274e-16 4.128070e-35
8245.020000 1.155535e-16 4.061155e-35
8247.950000 1.120239e-16 4.090003e-35
8250.880000 1.204206e-16 4.245794e-35
8253.810000 1.197813e-16 4.106761e-35
8256.740000 1.179931e-16 4.031390e-35
8259.670000 1.079933e-16 3.909072e-35
8262.600000 9.992880e-17 3.863609e-35
8265.530000 1.013486e-16 3.914464e-35
8268.460000 1.041400e-16 4.025951e-35
8271.390000 1.077538e-16 4.280487e-35
8274.320000 9.691643e-17 4.789138e-35
8277.250000 1.043332e-16 6.194364e-35
8280.180000 1.230379e-16 8.092340e-35
8283.110000 1.090139e-16 8.882904e-35
8286.040000 1.067823e-16 9.281979e-35
8288.970000 1.305430e-16 9.700167e-35
8291.900000 1.119638e-16 8.608403e-35
8294.830000 9.504471e-17 8.255295e-35
8297.760000 1.441428e-16 1.012968e-34
8300.690000 1.391529e-16 9.598846e-35
8303.620000 9.003808e-17 6.810253e-35
8306.550000 9.553973e-17 5.479077e-35
8309.480000 1.223730e-16 5.890757e-35
8312.410000 1.110704e-16 5.714940e-35
8315.340000 9.618052e-17 4.961814e-35
8318.270000 9.885740e-17 4.442277e-35
8321.200000 1.062229e-16 4.278495e-35
8324.130000 1.045108e-16 4.154788e-35
8327.060000 1.022374e-16 4.118080e-35
8329.990000 9.099635e-17 4.023748e-35
8332.920000 9.500699e-17 4.290734e-35
8335.850000 7.745617e-17 4.701843e-35
8338.780000 7.326450e-17 6.550034e-35
8341.710000 1.237881e-16 1.171537e-34
8344.640000 1.777063e-16 1.652261e-34
8347.570000 1.303889e-16 1.476500e-34
8350.500000 9.895056e-17 1.063207e-34
8353.430000 1.399549e-16 9.335440e-35
8356.360000 1.266290e-16 7.651904e-35
8359.290000 9.075965e-17 5.717001e-35
8362.220000 1.026611e-16 5.777263e-35
8365.150000 1.229785e-16 6.449106e-35
8368.080000 1.117382e-16 5.846003e-35
8371.010000 9.521000e-17 4.862033e-35
8373.940000 9.214320e-17 4.611921e-35
8376.870000 9.644984e-17 5.085865e-35
8379.800000 1.211848e-16 6.502188e-35
8382.730000 1.254639e-16 7.451507e-35
8385.660000 1.044528e-16 6.536859e-35
8388.590000 9.057144e-17 5.251708e-35
8391.520000 8.192947e-17 5.105500e-35
8394.450000 8.326892e-17 6.966927e-35
8397.380000 1.509985e-16 1.157005e-34
8400.310000 1.736639e-16 1.382405e-34
8403.240000 9.114351e-17 9.969098e-35
8406.170000 7.655629e-17 6.216295e-35
8409.100000 9.154590e-17 5.428175e-35
8412.030000 9.799104e-17 6.580029e-35
8414.960000 1.151645e-16 8.168730e-35
8417.890000 1.025805e-16 7.631227e-35
8420.820000 7.296456e-17 6.177185e-35
8423.750000 6.737445e-17 6.385479e-35
8426.680000 1.067975e-16 9.922869e-35
8429.610000 1.674482e-16 1.477221e-34
8432.540000 1.262075e-16 1.390407e-34
8435.470000 7.251583e-17 8.481645e-35
8438.400000 7.957265e-17 5.289069e-35
8441.330000 8.803174e-17 4.557464e-35
8444.260000 7.929920e-17 4.555323e-35
8447.190000 8.017512e-17 5.180818e-35
8450.120000 9.678552e-17 6.742390e-35
8453.050000 1.024774e-16 7.604160e-35
8455.980000 6.929194e-17 6.624808e-35
8458.910000 5.242394e-17 5.888569e-35
8461.840000 8.317117e-17 8.039928e-35
8464.770000 1.369783e-16 1.161355e-34
8467.700000 1.104227e-16 1.102482e-34
8470.630000 5.769121e-17 7.022877e-35
8473.560000 6.354086e-17 4.767530e-35
8476.490000 7.762263e-17 4.277797e-35
8479.420000 7.733629e-17 4.055483e-35
8482.350000 7.367536e-17 3.896389e-35
8485.280000 7.445775e-17 4.099268e-35
8488.210000 6.112712e-17 4.337616e-35
8491.140000 7.644054e-17 5.405556e-35
8494.070000 8.944050e-17 6.310546e-35
8497.000000 7.863497e-17 5.970328e-35
8499.930000 7.793712e-17 5.932532e-35
8502.860000 1.166201e-16 7.724272e-35
8505.790000 9.936871e-17 8.406170e-35
8508.720000 5.275498e-17 6.582577e-35
8511.650000 4.471668e-17 4.520387e-35
8514.580000 6.236498e-17 3.978456e-35
8517.510000 7.314252e-17 4.043065e-35
8520.440000 7.584758e-17 4.049890e-35
8523.370000 7.405945e-17 4.071456e-35
8526.300000 7.085360e-17 4.046652e-35
8529.230000 6.669007e-17 3.955376e-35
8532.160000 7.363539e-17 4.174646e-35
8535.090000 8.832187e-17 4.720486e-35
8538.020000 9.394718e-17 5.272124e-35
8540.950000 8.555033e-17 5.337205e-35
8543.880000 6.536469e-17 5.094575e-35
8546.810000 7.868067e-17 5.845488e-35
8549.740000 7.898314e-17 6.347804e-35
8552.670000 8.416516e-17 5.825100e-35
8555.600000 6.861272e-17 4.690733e-35
8558.530000 7.416779e-17 4.371099e-35
8561.460000 7.924951e-17 4.297594e-35
8564.390000 8.085591e-17 4.336963e-35
8567.320000 7.618603e-17 4.214007e-35
8570.250000 8.010383e-17 4.272132e-35
8573.180000 7.384916e-17 4.254706e-35
8576.110000 7.169025e-17 4.336060e-35
8579.040000 7.397593e-17 4.315251e-35
8581.970000 6.465936e-17 4.165601e-35
8584.900000 6.878467e-17 4.408485e-35
8587.830000 7.249546e-17 4.717086e-35
8590.760000 6.731666e-17 4.773361e-35
8593.690000 7.183056e-17 4.933609e-35
8596.620000 8.692308e-17 5.230878e-35
8599.550000 8.239596e-17 5.021765e-35
8602.480000 6.996463e-17 4.511779e-35
8605.410000 6.385245e-17 4.300148e-35
8608.340000 6.626181e-17 4.552976e-35
8611.270000 7.485595e-17 5.151899e-35
8614.200000 7.674160e-17 6.042799e-35
8617.130000 7.767986e-17 7.066642e-35
8620.060000 1.020336e-16 8.683682e-35
8622.990000 1.030530e-16 1.024967e-34
8625.920000 9.215771e-17 1.116596e-34
8628.850000 7.575959e-17 1.149827e-34
8631.780000 7.155623e-17 1.133065e-34
8634.710000 9.121400e-17 1.057660e-34
8637.640000 8.377999e-17 9.039164e-35
8640.570000 8.547998e-17 7.750973e-35
8643.500000 7.843994e-17 6.949262e-35
8646.430000 8.594412e-17 7.360795e-35
8649.360000 9.017948e-17 8.858938e-35
8652.290000 7.826555e-17 1.028739e-34
8655.220000 8.613162e-17 1.120141e-34
8658.150000 1.109711e-16 1.178378e-34
8661.080000 1.239094e-16 1.193086e-34
8664.010000 1.283697e-16 1.171157e-34
8666.940000 1.227158e-16 1.111096e-34
8669.870000 1.135012e-16 1.032674e-34
8672.800000 9.496145e-17 9.286710e-35
8675.730000 1.006489e-16 8.497129e-35
8678.660000 1.087226e-16 7.845350e-35
8681.590000 1.017205e-16 7.239118e-35
8684.520000 1.082402e-16 6.760712e-35
8687.450000 1.165940e-16 6.420183e-35
8690.380000 1.075610e-16 5.991265e-35
8693.310000 9.293575e-17 5.577136e-35
8696.240000 1.031301e-16 5.507459e-35
8699.170000 1.066638e-16 5.452876e-35
8702.100000 9.899365e-17 5.296260e-35
8705.030000 1.009829e-16 5.281898e-35
8707.960000 1.214619e-16 5.523883e-35
8710.890000 1.090681e-16 5.266018e-35
8713.820000 1.188428e-16 5.134069e-35
8716.750000 1.093477e-16 4.875764e-35
8719.680000 1.040946e-16 4.699334e-35
8722.610000 1.123844e-16 4.798275e-35
8725.540000 1.112223e-16 4.843874e-35
8728.470000 1.072685e-16 4.889648e-35
8731.400000 9.858723e-17 4.901519e-35
8734.330000 1.090733e-16 5.027005e-35
8737.260000 1.139039e-16 5.094960e-35
8740.190000 1.080834e-16 4.996241e-35
8743.120000 1.042517e-16 4.872381e-35
8746.050000 9.687522e-17 4.759822e-35
8748.980000 9.049560e-17 4.836058e-35
8751.910000 9.887788e-17 5.450705e-35
8754.840000 9.370141e-17 7.013752e-35
8757.770000 1.092256e-16 1.080998e-34
8760.700000 1.229433e-16 1.483293e-34
8763.630000 1.073732e-16 1.666366e-34
8766.560000 1.460244e-16 1.780677e-34
8769.490000 1.427559e-16 1.655866e-34
8772.420000 1.155542e-16 1.373501e-34
8775.350000 2.015991e-16 1.539002e-34
8778.280000 1.958171e-16 1.719583e-34
8781.210000 1.211429e-16 1.335196e-34
8784.140000 9.731423e-17 8.172841e-35
8787.070000 1.224324e-16 6.950195e-35
8790.000000 1.399336e-16 8.017428e-35
8792.930000 1.409776e-16 8.392755e-35
8795.860000 1.091042e-16 6.558927e-35
8798.790000 1.134148e-16 5.280757e-35
8801.720000 1.226773e-16 5.131770e-35
8804.650000 1.120087e-16 4.940902e-35
8807.580000 1.037318e-16 5.013880e-35
8810.510000 1.138418e-16 5.298437e-35
8813.440000 1.089496e-16 5.337894e-35
8816.370000 1.137931e-16 5.729715e-35
8819.300000 9.523081e-17 6.993740e-35
8822.230000 1.263931e-16 1.253749e-34
8825.160000 2.119359e-16 2.366482e-34
8828.090000 1.827649e-16 2.858388e-34
8831.020000 8.501867e-17 2.156637e-34
8833.950000 1.436401e-16 1.598932e-34
8836.880000 1.722279e-16 1.499661e-34
8839.810000 1.157019e-16 1.153468e-34
8842.740000 1.122968e-16 7.757238e-35
8845.670000 1.299099e-16 7.100768e-35
8848.600000 1.432215e-16 7.920122e-35
8851.530000 1.229886e-16 7.692318e-35
8854.460000 1.009613e-16 6.257980e-35
8857.390000 8.853392e-17 5.273884e-35
8860.320000 9.886334e-17 5.642218e-35
8863.250000 1.230137e-16 7.413185e-35
8866.180000 1.587084e-16 1.024686e-34
8869.110000 1.474803e-16 1.074073e-34
8872.040000 1.040853e-16 7.955607e-35
8874.970000 9.715070e-17 5.929868e-35
8877.900000 9.871403e-17 5.996341e-35
8880.830000 1.255611e-16 9.324143e-35
8883.760000 1.950909e-16 1.697893e-34
8886.690000 1.922040e-16 2.098787e-34
8889.620000 1.156420e-16 1.590978e-34
8892.550000 1.052722e-16 9.005651e-35
8895.480000 1.050372e-16 6.695954e-35
8898.410000 1.164315e-16 7.917117e-35
8901.340000 1.449518e-16 1.089432e-34
8904.270000 1.469229e-16 1.240614e-34
8907.200000 9.941645e-17 9.928746e-35
8910.130000 7.836028e-17 7.277267e-35
8913.060000 8.192593e-17 8.095652e-35
8915.990000 1.428039e-16 1.428671e-34
8918.920000 2.371456e-16 2.309451e-34
8921.850000 1.491425e-16 2.201757e-34
8924.780000 4.923022e-17 1.305195e-34
8927.710000 1.045689e-16 7.687645e-35
8930.640000 1.156741e-16 6.326865e-35
8933.570000 1.121861e-16 6.037985e-35
8936.500000 9.945271e-17 6.356650e-35
8939.430000 1.271815e-16 8.257774e-35
8942.360000 1.566952e-16 1.110325e-34
8945.290000 1.371064e-16 1.124047e-34
8948.220000 8.773252e-17 8.270849e-35
8951.150000 7.804215e-17 7.090485e-35
8954.080000 1.209930e-16 1.091971e-34
8957.010000 1.853031e-16 1.836470e-34
8959.940000 1.286974e-16 1.918255e-34
8962.870000 7.175489e-17 1.201653e-34
8965.800000 9.834369e-17 7.020296e-35
8968.730000 9.767957e-17 5.485054e-35
8971.660000 1.026603e-16 5.308461e-35
8974.590000 9.602265e-17 5.188277e-35
8977.520000 8.799774e-17 5.020498e-35
8980.450000 9.053282e-17 5.352616e-35
8983.380000 9.570351e-17 6.147433e-35
8986.310000 1.027027e-16 7.713152e-35
8989.240000 8.600868e-17 8.464848e-35
8992.170000 7.978217e-17 7.468544e-35
8995.100000 8.596752e-17 6.765340e-35
8998.030000 1.180848e-16 9.172777e-35
9000.960000 1.450501e-16 1.298231e-34
9003.890000 1.266132e-16 1.245170e-34
9006.820000 9.547205e-17 8.283459e-35
9009.750000 1.007140e-16 5.902531e-35
9012.680000 1.014187e-16 5.320828e-35
9015.610000 8.909593e-17 4.980342e-35
9018.540000 8.059679e-17 4.886501e-35
9021.470000 8.921157e-17 4.986446e-35
9024.400000 9.040361e-17 5.090783e-35
9027.330000 8.952754e-17 5.230579e-35
9030.260000 9.974526e-17 5.616160e-35
9033.190000 1.151573e-16 6.362652e-35
9036.120000 1.160530e-16 7.429631e-35
9039.050000 9.607409e-17 7.767013e-35
9041.980000 7.840203e-17 7.038282e-35
9044.910000 8.735770e-17 7.034396e-35
9047.840000 1.192573e-16 9.150969e-35
9050.770000 1.175275e-16 1.011241e-34
9053.700000 1.011836e-16 8.185434e-35
9056.630000 9.631604e-17 6.262315e-35
9059.560000 9.658670e-17 5.581429e-35
9062.490000 8.670435e-17 5.282875e-35
9065.420000 8.231117e-17 5.219114e-35
9068.350000 8.972653e-17 5.206427e-35
9071.280000 8.532554e-17 4.919024e-35
9074.210000 8.408733e-17 4.704547e-35
9077.140000 8.688461e-17 4.783202e-35
9080.070000 9.219495e-17 4.951861e-35
9083.000000 9.272388e-17 5.207050e-35
9085.930000 7.612032e-17 5.203283e-35
9088.860000 9.125765e-17 5.603456e-35
9091.790000 9.618350e-17 6.093964e-35
9094.720000 8.616468e-17 6.174119e-35
9097.650000 7.691245e-17 5.874213e-35
9100.580000 8.656144e-17 6.551252e-35
9103.510000 8.763830e-17 7.279531e-35
9106.440000 8.932917e-17 6.864115e-35
9109.370000 7.822740e-17 5.862728e-35
9112.300000 7.308574e-17 5.370197e-35
9115.230000 7.488912e-17 5.148319e-35
9118.160000 6.587071e-17 4.846912e-35
9121.090000 6.686199e-17 4.737639e-35
9124.020000 7.570612e-17 4.879536e-35
9126.950000 7.541459e-17 4.975905e-35
9129.880000 6.550900e-17 4.933366e-35
9132.810000 6.294620e-17 5.038743e-35
9135.740000 6.082175e-17 5.054102e-35
9138.670000 6.060822e-17 5.014387e-35
9141.600000 6.377465e-17 4.989076e-35
9144.530000 7.207271e-17 4.998178e-35
9147.460000 6.911977e-17 5.070559e-35
9150.390000 6.546949e-17 5.390967e-35
9153.320000 6.492312e-17 5.814835e-35
9156.250000 5.635004e-17 5.936838e-35
9159.180000 7.208620e-17 6.506683e-35
9162.110000 6.048028e-17 6.491767e-35
9165.040000 4.666640e-17 5.642752e-35
9167.970000 5.036692e-17 5.028148e-35
9170.900000 3.963623e-17 4.656693e-35
9173.830000 4.686684e-17 4.584172e-35
9176.760000 5.750880e-17 4.709150e-35
9179.690000 6.486637e-17 4.888115e-35
9182.620000 6.741309e-17 5.132874e-35
9185.550000 7.388275e-17 5.261155e-35
9188.480000 6.926601e-17 5.276733e-35
9191.410000 6.497373e-17 5.160449e-35
9194.340000 6.194811e-17 5.095747e-35
9197.270000 6.404852e-17 5.130885e-35
9200.200000 6.400884e-17 5.152419e-35
9203.130000 6.450021e-17 5.061695e-35
9206.060000 5.585473e-17 5.101107e-35
9208.990000 5.414327e-17 5.436407e-35
9211.920000 5.722805e-17 5.906980e-35
9214.850000 5.869150e-17 6.468783e-35
9217.780000 6.099630e-17 6.750086e-35
9220.710000 5.861493e-17 6.574565e-35
9223.640000 6.694939e-17 6.755520e-35
9226.570000 7.588572e-17 6.826995e-35
9229.500000 7.412532e-17 6.320338e-35
9232.430000 7.071733e-17 5.971753e-35
9235.360000 5.952693e-17 5.746311e-35
9238.290000 6.007270e-17 5.665764e-35
9241.220000 6.755393e-17 5.478338e-35
9244.150000 6.511966e-17 5.391956e-35
9247.080000 6.176313e-17 5.537941e-35
9250.010000 7.072334e-17 5.787587e-35
9252.940000 7.936651e-17 6.023459e-35
9255.870000 8.180519e-17 6.036258e-35
9258.800000 6.978489e-17 5.932521e-35
9261.730000 6.234550e-17 5.810946e-35
9264.660000 5.995278e-17 5.711366e-35
9267.590000 6.441913e-17 5.638186e-35
9270.520000 6.233725e-17 5.320181e-35
9273.450000 6.301559e-17 5.118343e-35
9276.380000 5.481926e-17 5.058825e-35
9279.310000 5.225652e-17 5.351377e-35
9282.240000 5.978556e-17 5.711609e-35
9285.170000 5.761716e-17 6.092118e-35
9288.100000 6.001836e-17 6.320299e-35
9291.030000 6.152344e-17 6.375682e-35
9293.960000 4.869649e-17 6.153738e-35
9296.890000 3.001928e-17 6.075024e-35
9299.820000 1.237744e-17 6.864554e-35
9302.750000 4.179047e-17 1.156777e-34
9305.680000 1.066136e-16 2.153549e-34
9308.610000 1.495809e-16 3.027166e-34
9311.540000 1.717076e-16 3.457800e-34
9314.470000 1.063261e-16 3.254138e-34
9317.400000 2.055684e-17 2.313901e-34
9320.330000 6.838469e-17 1.841173e-34
9323.260000 6.900924e-17 2.016206e-34
9326.190000 2.804330e-17 1.812178e-34
9329.120000 3.334882e-17 1.179473e-34
9332.050000 5.431679e-17 8.405455e-35
9334.980000 4.868690e-17 7.983286e-35
9337.910000 3.754913e-17 8.374954e-35
9340.840000 7.186939e-18 6.102728e-35
9343.770000 1.806398e-17 4.828159e-35
9346.700000 3.698719e-17 4.798770e-35
9349.630000 3.560832e-17 5.146282e-35
9352.560000 2.402460e-17 4.894494e-35
9355.490000 1.521112e-17 4.347141e-35
9358.420000 1.890928e-17 4.254641e-35
9361.350000 2.432949e-17 4.803483e-35
9364.280000 2.511762e-17 5.476779e-35
9367.210000 -4.251873e-18 6.615943e-35
9370.140000 3.143060e-17 1.208217e-34
9373.070000 1.073183e-16 2.593862e-34
9376.000000 6.517971e-17 3.838497e-34
9378.930000 1.680719e-17 3.290569e-34
9381.860000 2.518316e-17 1.807881e-34
9384.790000 5.783831e-17 9.741575e-35
9387.720000 5.712957e-17 7.353715e-35
9390.650000 5.263353e-17 6.649636e-35
9393.580000 4.932500e-17 6.930486e-35
9396.510000 5.298361e-17 7.914031e-35
9399.440000 6.183606e-17 9.921598e-35
9402.370000 6.354276e-17 1.120530e-34
9405.300000 5.988168e-17 1.048074e-34
9408.230000 5.125635e-17 8.288703e-35
9411.160000 4.442644e-17 7.445454e-35
9414.090000 5.930483e-17 9.383354e-35
9417.020000 9.102201e-17 1.404533e-34
9419.950000 6.909883e-17 1.771332e-34
9422.880000 3.325352e-17 1.569890e-34
9425.810000 2.324558e-17 1.030374e-34
9428.740000 3.746890e-18 7.064779e-35
9431.670000 1.733944e-17 7.846759e-35
9434.600000 4.856506e-17 1.317130e-34
9437.530000 1.125077e-16 2.585357e-34
9440.460000 1.230532e-16 3.488828e-34
9443.390000 8.266382e-17 2.778969e-34
9446.320000 8.424817e-17 1.597219e-34
9449.250000 6.455592e-17 1.118497e-34
9452.180000 4.172419e-17 1.088702e-34
9455.110000 4.346317e-17 1.467670e-34
9458.040000 4.265694e-17 2.025822e-34
9460.970000 1.645609e-17 1.955475e-34
9463.900000 2.151369e-17 1.330701e-34
9466.830000 3.261762e-17 8.870102e-35
9469.760000 2.551196e-17 9.355236e-35
9472.690000 6.229454e-17 1.557206e-34
9475.620000 1.299253e-16 2.640691e-34
9478.550000 8.125052e-17 2.839629e-34
9481.480000 3.879016e-17 1.918982e-34
9484.410000 5.062400e-17 1.080053e-34
9487.340000 5.122447e-17 8.347020e-35
9490.270000 4.532921e-17 8.711023e-35
9493.200000 3.102804e-17 8.637008e-35
9496.130000 3.750511e-17 9.744150e-35
9499.060000 6.349293e-17 1.426632e-34
9501.990000 8.890963e-17 2.171942e-34
9504.920000 8.590862e-17 2.283422e-34
9507.850000 7.769447e-17 1.626321e-34
9510.780000 5.699529e-17 1.039346e-34
9513.710000 5.660475e-17 1.012115e-34
9516.640000 6.710902e-17 1.289529e-34
9519.570000 5.746259e-17 1.578682e-34
9522.500000 4.424753e-17 1.504486e-34
9525.430000 2.417166e-17 1.094572e-34
9528.360000 3.983127e-17 9.304617e-35
9531.290000 6.424206e-17 9.941219e-35
9534.220000 7.704919e-17 1.045590e-34
9537.150000 6.882812e-17 1.033991e-34
9540.080000 5.272101e-17 9.509346e-35
9543.010000 4.772649e-17 8.722250e-35
9545.940000 4.605226e-17 9.352888e-35
9548.870000 3.163088e-17 1.211515e-34
9551.800000 4.148160e-17 1.710550e-34
9554.730000 2.478142e-17 1.783200e-34
9557.660000 2.152271e-17 1.410992e-34
9560.590000 4.253383e-17 1.306021e-34
9563.520000 7.884839e-17 1.880660e-34
9566.450000 1.289729e-16 2.842965e-34
9569.380000 1.199192e-16 3.024184e-34
9572.310000 1.011666e-16 2.190023e-34
9575.240000 8.291083e-17 1.366402e-34
9578.170000 8.101676e-17 1.141950e-34
9581.100000 7.201820e-17 1.070893e-34
9584.030000 7.819101e-17 1.063942e-34
9586.960000 6.302616e-17 1.013356e-34
9589.890000 4.913913e-17 9.632680e-35
9592.820000 3.813006e-17 9.352953e-35
9595.750000 5.065007e-17 9.918648e-35
9598.680000 5.975978e-17 1.065986e-34
9601.610000 6.836783e-17 1.181748e-34
9604.540000 9.061443e-17 1.505550e-34
9607.470000 8.105798e-17 1.792011e-34
9610.400000 6.547121e-17 1.734158e-34
9613.330000 6.062519e-17 1.467014e-34
9616.260000 5.446341e-17 1.388561e-34
9619.190000 5.718703e-17 1.624975e-34
9622.120000 5.233926e-17 1.755597e-34
9625.050000 6.147391e-17 1.589603e-34
9627.980000 7.663842e-17 1.399568e-34
9630.910000 8.391198e-17 1.366189e-34
9633.840000 8.502764e-17 1.294778e-34
9636.770000 7.660622e-17 1.210551e-34
9639.700000 6.757581e-17 1.157950e-34
9642.630000 5.141958e-17 1.081816e-34
9645.560000 4.457819e-17 1.069715e-34
9648.490000 6.460595e-17 1.155408e-34
9651.420000 7.983107e-17 1.225504e-34
9654.350000 7.685184e-17 1.293458e-34
9657.280000 7.359836e-17 1.376388e-34
9660.210000 5.618482e-17 1.397715e-34
9663.140000 5.582282e-17 1.468186e-34
9666.070000 7.669099e-17 1.741327e-34
9669.000000 7.954441e-17 2.006579e-34
9671.930000 4.631820e-17 1.926836e-34
9674.860000 3.800164e-17 1.793384e-34
9677.790000 5.417451e-17 2.028451e-34
9680.720000 7.795698e-17 2.568243e-34
9683.650000 7.709740e-17 2.673340e-34
9686.580000 7.573326e-17 2.272049e-34
9689.510000 9.833665e-17 1.992231e-34
9692.440000 9.826845e-17 1.969917e-34
9695.370000 1.030741e-16 2.224026e-34
9698.300000 9.756759e-17 2.732655e-34
9701.230000 5.747466e-17 2.613955e-34
