5171.3467 8.21763704506e-17
5173.3467 8.94074245469e-17
5175.3467 1.20527785606e-16
5177.3467 1.28843200693e-16
5179.3467 8.76529678502e-17
5181.3467 4.36513433197e-17
5183.3467 1.20619159285e-16
5185.3467 1.35605183825e-16
5187.3467 1.40295933173e-16
5189.3467 1.44240420025e-16
5191.3467 1.21989830647e-16
5193.3467 1.14831886082e-16
5195.3467 1.48215360358e-16
5197.3467 1.66582383081e-16
5199.3467 1.22720859786e-16
5201.3467 1.53972180079e-16
5203.3467 1.77319293311e-16
5205.3467 1.79238246453e-16
5207.3467 1.40082719099e-16
5209.3467 1.32742000705e-16
5211.3467 1.84766618742e-16
5213.3467 1.24548426013e-16
5215.3467 1.69323712571e-16
5217.3467 1.83091372861e-16
5219.3467 2.06971508045e-16
5221.3467 1.88238990605e-16
5223.3467 1.46022286178e-16
5225.3467 1.33046588459e-16
5227.3467 1.39899958505e-16
5229.3467 1.3944306364e-16
5231.3467 1.12151450321e-16
5233.3467 1.0234353671e-16
5235.3467 1.58769536464e-16
5237.3467 1.88543591593e-16
5239.3467 1.42915435502e-16
5241.3467 2.13824878091e-16
5243.3467 1.56530801915e-16
5245.3467 1.44347027062e-16
5247.3467 1.72841771273e-16
5249.3467 1.62653116353e-16
5251.3467 1.39534437319e-16
5253.3467 1.49525111522e-16
5255.3467 1.26193244883e-16
5257.3467 1.20436398692e-16
5259.3467 1.23086367737e-16
5261.3467 1.75659267553e-16
5263.3467 1.64663429939e-16
5265.3467 1.30716453761e-16
5267.3467 1.29117334966e-16
5269.3467 1.19248487923e-16
5271.3467 1.41270629867e-16
5273.3467 1.48398120951e-16
5275.3467 1.30609833489e-16
5277.3467 1.26741500193e-16
5279.3467 1.23451875689e-16
5281.3467 1.25858163943e-16
5283.3467 1.47301583861e-16
5285.3467 1.28934574373e-16
5287.3467 1.41636137819e-16
5289.3467 1.4903777641e-16
5291.3467 1.37036775385e-16
5293.3467 1.55342864676e-16
5295.3467 1.55571298874e-16
5297.3467 1.27685730171e-16
5299.3467 1.2007089074e-16
5301.3467 1.19979517061e-16
5303.3467 8.28251579836e-17
5305.3467 1.1636702742e-16
5307.3467 1.17603682288e-16
5309.3467 1.05541761066e-16
5311.3467 1.12029609925e-16
5313.3467 1.18060577154e-16
5315.3467 9.49418981196e-17
5317.3467 1.09288273818e-16
5319.3467 1.25096694558e-16
5321.3467 1.01435841646e-16
5323.3467 1.03878684666e-16
5325.3467 1.17649369128e-16
5327.3467 1.31219022231e-16
5329.3467 1.59363491849e-16
5331.3467 9.50332784162e-17
5333.3467 1.08740005273e-16
5335.3467 1.12516971507e-16
5337.3467 1.06729678452e-16
5339.3467 1.03394373726e-16
5341.3467 1.06668758254e-16
5343.3467 1.0453661089e-16
5345.3467 1.27838037283e-16
5347.3467 1.3514828896e-16
5349.3467 9.93280530962e-17
5351.3467 1.29665603511e-16
5353.3467 1.41773211573e-16
5355.3467 1.33092288534e-16
5357.3467 1.33320722732e-16
5359.3467 1.45017122768e-16
5361.3467 1.08191730111e-16
5363.3467 1.13491668202e-16
5365.3467 1.22142137759e-16
5367.3467 1.19933830221e-16
5369.3467 1.16370071445e-16
5371.3467 1.29178241929e-16
5373.3467 1.48855015817e-16
5375.3467 1.53149777262e-16
5377.3467 1.05907275635e-16
5379.3467 1.33777617597e-16
5381.3467 1.13918096351e-16
5383.3467 1.30396619414e-16
5385.3467 1.51870492814e-16
5387.3467 1.29878817585e-16
5389.3467 9.57643009369e-17
5391.3467 1.41087869274e-16
5393.3467 1.70694383933e-16
5395.3467 1.44499413583e-16
5397.3467 1.22582330194e-16
5399.3467 1.33311034792e-16
5401.3467 1.40804708807e-16
5403.3467 1.18000755452e-16
5405.3467 1.20486280992e-16
5407.3467 1.03568769869e-16
5409.3467 1.33266194986e-16
5411.3467 1.389158121e-16
5413.3467 1.27134986702e-16
5415.3467 1.14300796424e-16
5417.3467 1.28033159263e-16
5419.3467 1.58964777559e-16
5421.3467 1.46753288847e-16
5423.3467 1.54519694235e-16
5425.3467 1.47351558805e-16
5427.3467 1.49394086113e-16
5429.3467 1.36606151776e-16
5431.3467 1.33865642849e-16
5433.3467 1.50454200786e-16
5435.3467 1.49784647711e-16
5437.3467 1.60560428813e-16
5439.3467 1.6478287482e-16
5441.3467 1.52444714977e-16
5443.3467 1.45556285708e-16
5445.3467 1.49390340639e-16
5447.3467 1.56325171432e-16
5449.3467 1.62986794395e-16
5451.3467 1.79052428601e-16
5453.3467 1.12092316833e-16
5455.3467 1.46618438554e-16
5457.3467 1.34527519688e-16
5459.3467 1.3886769004e-16
5461.3467 1.60024230487e-16
5463.3467 1.74714931696e-16
5465.3467 1.80779118498e-16
5467.3467 1.54792584428e-16
5469.3467 1.69929672e-16
5471.3467 1.50448774481e-16
5473.3467 1.43286555047e-16
5475.3467 1.38298073618e-16
5477.3467 1.34791992491e-16
5479.3467 1.45044929271e-16
5481.3467 1.56331021253e-16
5483.3467 1.50381541241e-16
5485.3467 1.19919457131e-16
5487.3467 1.30457354323e-16
5489.3467 1.51673875291e-16
5491.3467 1.64535541199e-16
5493.3467 1.65642547087e-16
5495.3467 1.73690246823e-16
5497.3467 1.56744148339e-16
5499.3467 1.53685049145e-16
5501.3467 1.57617677535e-16
5503.3467 1.55400780554e-16
5505.3467 1.46500436277e-16
5507.3467 1.50643168543e-16
5509.3467 1.64154548427e-16
5511.3467 1.69057466293e-16
5513.3467 1.60820335579e-16
5515.3467 1.50834558284e-16
5517.3467 1.46261189174e-16
5519.3467 1.40726106796e-16
5521.3467 1.54324956067e-16
5523.3467 1.46218718413e-16
5525.3467 1.37794803699e-16
5527.3467 1.69474775603e-16
5529.3467 1.6699627779e-16
5531.3467 1.45786850724e-16
5533.3467 1.54182363364e-16
5535.3467 1.41427330963e-16
5537.3467 1.33769928126e-16
5539.3467 1.42825120614e-16
5541.3467 1.45006362802e-16
5543.3467 1.33981156968e-16
5545.3467 1.30497085462e-16
5547.3467 1.4411002989e-16
5549.3467 1.44447413701e-16
5551.3467 1.32571747083e-16
5553.3467 1.39405158915e-16
5555.3467 1.49800304586e-16
5557.3467 1.35383353837e-16
5559.3467 1.43051159297e-16
5561.3467 1.28564804786e-16
5563.3467 1.38246047266e-16
5565.3467 1.49723621634e-16
5567.3467 1.48250829862e-16
5569.3467 1.11602890608e-16
5571.3467 7.79492194401e-17
5573.3467 6.63440739694e-17
5575.3467 8.59170730865e-17
5577.3467 1.80169095958e-16
5579.3467 2.43904328302e-16
5581.3467 2.0173099461e-16
5583.3467 1.13937776632e-16
5585.3467 1.04201344662e-16
5587.3467 1.07631364877e-16
5589.3467 1.34211311701e-16
5591.3467 1.29430538633e-16
5593.3467 1.51520999079e-16
5595.3467 1.35224945441e-16
5597.3467 1.31991198642e-16
5599.3467 1.53151166925e-16
5601.3467 1.57237770023e-16
5603.3467 1.3162877442e-16
5605.3467 1.44862128973e-16
5607.3467 1.4061338524e-16
5609.3467 1.40689843198e-16
5611.3467 1.47688611744e-16
5613.3467 1.5123020208e-16
5615.3467 1.53820190605e-16
5617.3467 1.56646620436e-16
5619.3467 1.52370811353e-16
5621.3467 1.5760026042e-16
5623.3467 1.57536971177e-16
5625.3467 1.48586268144e-16
5627.3467 1.48907439215e-16
5629.3467 1.51489380927e-16
5631.3467 1.35343582994e-16
5633.3467 1.34516005334e-16
5635.3467 1.64363064115e-16
5637.3467 1.63702034309e-16
5639.3467 1.4910500965e-16
5641.3467 1.50517251801e-16
5643.3467 1.27701519394e-16
5645.3467 1.36576783555e-16
5647.3467 1.48972091652e-16
5649.3467 1.30481666816e-16
5651.3467 1.3244534065e-16
5653.3467 1.4726030424e-16
5655.3467 1.37032884328e-16
5657.3467 1.33546059965e-16
5659.3467 1.49293818588e-16
5661.3467 1.58568154381e-16
5663.3467 1.54399931717e-16
5665.3467 1.61386021238e-16
5667.3467 1.55793949425e-16
5669.3467 1.57091193619e-16
5671.3467 1.22449729833e-16
5673.3467 1.47144618068e-16
5675.3467 1.64211604036e-16
5677.3467 1.58450972667e-16
5679.3467 1.34254007456e-16
5681.3467 1.1387914607e-16
5683.3467 1.49579255456e-16
5685.3467 1.66942239735e-16
5687.3467 1.45943432705e-16
5689.3467 1.39340837351e-16
5691.3467 1.57829250484e-16
5693.3467 1.51836532086e-16
5695.3467 1.27640969774e-16
5697.3467 1.3286454255e-16
5699.3467 1.63958433829e-16
5701.3467 1.47261138038e-16
5703.3467 1.48656876282e-16
5705.3467 1.5381235555e-16
5707.3467 1.49806789682e-16
5709.3467 1.47480069585e-16
5711.3467 1.60493208807e-16
5713.3467 1.73054204489e-16
5715.3467 1.3746010657e-16
5717.3467 1.42330678366e-16
5719.3467 1.44705202885e-16
5721.3467 1.4914168353e-16
5723.3467 1.53359762023e-16
5725.3467 1.48590013618e-16
5727.3467 1.45477419e-16
5729.3467 1.52745967539e-16
5731.3467 1.645624742e-16
5733.3467 1.51389206046e-16
5735.3467 1.57735573934e-16
5737.3467 1.42367021373e-16
5739.3467 1.37830220264e-16
5741.3467 1.52695741132e-16
5743.3467 1.58687546322e-16
5745.3467 1.6027728158e-16
5747.3467 1.54154953907e-16
5749.3467 1.55799746307e-16
5751.3467 1.56774456236e-16
5753.3467 1.45519704473e-16
5755.3467 1.42093032685e-16
5757.3467 1.4705790307e-16
5759.3467 1.40356840136e-16
5761.3467 1.43829211999e-16
5763.3467 1.43372317133e-16
5765.3467 1.40905121916e-16
5767.3467 1.45656764992e-16
5769.3467 1.45839525585e-16
5771.3467 1.43646451405e-16
5773.3467 1.39077555688e-16
5775.3467 1.29939724548e-16
5777.3467 1.51322211034e-16
5779.3467 1.2811215832e-16
5781.3467 1.56439388531e-16
5783.3467 1.49007309694e-16
5785.3467 1.50088613425e-16
5787.3467 1.431438697e-16
5789.3467 1.35879304863e-16
5791.3467 1.44834362174e-16
5793.3467 1.45382643954e-16
5795.3467 1.36884468273e-16
5797.3467 1.41087869274e-16
5799.3467 1.42869735428e-16
5801.3467 1.40539587494e-16
5803.3467 1.44057659432e-16
5805.3467 1.42671754711e-16
5807.3467 1.28843200693e-16
5809.3467 1.30031111462e-16
5811.3467 1.48580881544e-16
5813.3467 1.3657988052e-16
5815.3467 1.35879304863e-16
5817.3467 1.37112915706e-16
5819.3467 1.34874154687e-16
5821.3467 1.37524110498e-16
5823.3467 1.39168929367e-16
5825.3467 1.38255152871e-16
5827.3467 1.4044822705e-16
5829.3467 1.4617459329e-16
5831.3467 1.29071634891e-16
5833.3467 1.18197637673e-16
5835.3467 1.33229349052e-16
5837.3467 1.3670170768e-16
5839.3467 1.31767290776e-16
5841.3467 1.22903620379e-16
5843.3467 1.44011959357e-16
5845.3467 1.47910772604e-16
5847.3467 1.39488750479e-16
5849.3467 1.28934574373e-16
5851.3467 1.24761640088e-16
5853.3467 1.16781279471e-16
5855.3467 1.15410608109e-16
5857.3467 1.35056902046e-16
5859.3467 1.44560241137e-16
5861.3467 1.49190070287e-16
5863.3467 1.47621404973e-16
5865.3467 1.32498319914e-16
5867.3467 1.27381142417e-16
5869.3467 1.39625824233e-16
5871.3467 1.31310409145e-16
5873.3467 1.23817396875e-16
5875.3467 1.29574216597e-16
5877.3467 1.39199382849e-16
5879.3467 1.41224943028e-16
5881.3467 1.35925004937e-16
5883.3467 1.37645964128e-16
5885.3467 1.46113659857e-16
5887.3467 1.26741500193e-16
5889.3467 1.36518960322e-16
5891.3467 1.10293430611e-16
5893.3467 1.22050750845e-16
5895.3467 1.33092275299e-16
5897.3467 1.30944887959e-16
5899.3467 1.27868503999e-16
5901.3467 1.36336199729e-16
5903.3467 1.52875656224e-16
5905.3467 1.22629472871e-16
5907.3467 1.36974081712e-16
5909.3467 1.4885526728e-16
5911.3467 1.5063688197e-16
5913.3467 1.37478436893e-16
5915.3467 1.34295419426e-16
5917.3467 1.46661928402e-16
5919.3467 1.28203545234e-16
5921.3467 1.41362003547e-16
5923.3467 1.3691493499e-16
5925.3467 1.32087111888e-16
5927.3467 1.24776860211e-16
5929.3467 1.20482085531e-16
5931.3467 1.3262016031e-16
5933.3467 1.56073880579e-16
5935.3467 1.44834362174e-16
5937.3467 1.36427586643e-16
5939.3467 1.32711533989e-16
5941.3467 1.31675917097e-16
5943.3467 1.38437900229e-16
5945.3467 1.35970691777e-16
5947.3467 1.31279942429e-16
5949.3467 1.38712034501e-16
5951.3467 1.14862326329e-16
5953.3467 1.31675917097e-16
5955.3467 1.3868158102e-16
5957.3467 1.39214616207e-16
5959.3467 1.31036274873e-16
5961.3467 1.18197637673e-16
5963.3467 1.15928409937e-16
5965.3467 1.26650126514e-16
5967.3467 1.1422269734e-16
5969.3467 1.26650126514e-16
5971.3467 1.13187080448e-16
5973.3467 1.12258070593e-16
5975.3467 1.17283861176e-16
5977.3467 1.10906344976e-16
5979.3467 1.05127528867e-16
5981.3467 1.11024446515e-16
5983.3467 9.43022558955e-17
5985.3467 1.02434917007e-16
5987.3467 1.01764794832e-16
5989.3467 9.57368914802e-17
5991.3467 9.38636384126e-17
5993.3467 8.67666008105e-17
5995.3467 6.49333207434e-17
5997.3467 1.0645554418e-16
5999.3467 9.15609065536e-17
6001.3467 9.50332784162e-17
6003.3467 9.1250224133e-17
6005.3467 7.86263296372e-17
6007.3467 7.5862143493e-17
6009.3467 7.85517047111e-17
6011.3467 6.79944845799e-17
6013.3467 7.21247760494e-17
6015.3467 9.41194953023e-17
6017.3467 9.26574502609e-17
6019.3467 9.91757592192e-17
6021.3467 9.61023994318e-17
6023.3467 8.65396820074e-17
6025.3467 8.19966604995e-17
6027.3467 7.93710635038e-17
6029.3467 9.75004868682e-17
6031.3467 1.0234353671e-16
6033.3467 9.99677019377e-17
6035.3467 8.92825467442e-17
6037.3467 9.56546498749e-17
6039.3467 1.14770965885e-16
6041.3467 1.19857676666e-16
6043.3467 1.1522786075e-16
6045.3467 1.22081217561e-16
6047.3467 9.82315160064e-17
6049.3467 1.20439680945e-16
6051.3467 1.23832206717e-16
6053.3467 1.2541651567e-16
6055.3467 1.22035530722e-16
6057.3467 1.25736336782e-16
6059.3467 1.42732674909e-16
6061.3467 1.25553576189e-16
6063.3467 1.2226396492e-16
6065.3467 1.32863827866e-16
6067.3467 1.39854258431e-16
6069.3467 1.4044822705e-16
6071.3467 1.3619913921e-16
6073.3467 1.43555077726e-16
6075.3467 1.64572043025e-16
6077.3467 1.33229349052e-16
6079.3467 1.42001645771e-16
6081.3467 1.69536926646e-16
6083.3467 1.71836607863e-16
6085.3467 1.60003147308e-16
6087.3467 1.5922643133e-16
6089.3467 1.6356689285e-16
6091.3467 1.73070218706e-16
6093.3467 1.70877144526e-16
6095.3467 1.69049578298e-16
6097.3467 1.70328875982e-16
6099.3467 1.73070218706e-16
6101.3467 1.75217606046e-16
6103.3467 1.73252979299e-16
6105.3467 1.69415099485e-16
6107.3467 1.65759967029e-16
6109.3467 1.8010633611e-16
6111.3467 1.812028732e-16
6113.3467 1.7249149668e-16
6115.3467 1.80745978334e-16
6117.3467 1.85771782153e-16
6119.3467 1.79466680651e-16
6121.3467 1.82025276017e-16
6123.3467 1.85589021559e-16
6125.3467 1.69232338892e-16
6127.3467 1.91163093922e-16
6129.3467 1.87995323048e-16
6131.3467 1.791011727e-16
6133.3467 1.81294246879e-16
6135.3467 1.9783369014e-16
6137.3467 2.11905924949e-16
6139.3467 1.83670094887e-16
6141.3467 1.80197723024e-16
6143.3467 1.88421751198e-16
6145.3467 1.88726338952e-16
6147.3467 1.85177826768e-16
6149.3467 1.71196965638e-16
6151.3467 1.60185907901e-16
6153.3467 1.58723849625e-16
6155.3467 1.92533765284e-16
6157.3467 1.89883796239e-16
6159.3467 1.88238990605e-16
6161.3467 1.77273619707e-16
6163.3467 1.64709116779e-16
6165.3467 1.66582383081e-16
6167.3467 1.73770781128e-16
6169.3467 1.70237502302e-16
6171.3467 1.59820386715e-16
6173.3467 1.8065461789e-16
6175.3467 1.62416476523e-16
6177.3467 1.6288103439e-16
6179.3467 1.64983251051e-16
6181.3467 1.73481413497e-16
6183.3467 1.83304573701e-16
6185.3467 1.88238990605e-16
6187.3467 1.69506473164e-16
6189.3467 1.7425814271e-16
6191.3467 1.7151678675e-16
6193.3467 1.65988414462e-16
6195.3467 1.6676513044e-16
6197.3467 1.75034858688e-16
6199.3467 1.80928738928e-16
6201.3467 1.86045916425e-16
6203.3467 1.71334026157e-16
6205.3467 1.87325214108e-16
6207.3467 1.67892121011e-16
6209.3467 1.64115161394e-16
6211.3467 1.64434995741e-16
6213.3467 1.53560985288e-16
6215.3467 1.50377981056e-16
6217.3467 1.54520461859e-16
6219.3467 1.61282444991e-16
6221.3467 1.43737838319e-16
6223.3467 1.56835363199e-16
6225.3467 1.61510879189e-16
6227.3467 1.48809315742e-16
6229.3467 1.51515930116e-16
6231.3467 1.61375552441e-16
6233.3467 1.50499821451e-16
6235.3467 1.43006809181e-16
6237.3467 1.38620660822e-16
6239.3467 1.52631975433e-16
6241.3467 1.57718686214e-16
6243.3467 1.6141950551e-16
6245.3467 1.56713536038e-16
6247.3467 1.36062065456e-16
6249.3467 1.66125488216e-16
6251.3467 1.43555077726e-16
6253.3467 1.52053253407e-16
6255.3467 1.47728012011e-16
6257.3467 1.40174079543e-16
6259.3467 1.43555077726e-16
6261.3467 1.54185394154e-16
6263.3467 1.57901446807e-16
6265.3467 1.43555077726e-16
6267.3467 1.44286106864e-16
6269.3467 1.31127648552e-16
6271.3467 1.4318955654e-16
6273.3467 1.4396476374e-16
6275.3467 1.35417830725e-16
6277.3467 1.35611642452e-16
6279.3467 1.44395268235e-16
6281.3467 1.3780065352e-16
6283.3467 1.32174819503e-16
6285.3467 1.28726389556e-16
6287.3467 1.20868319321e-16
6289.3467 1.38670873994e-16
6291.3467 1.44204540239e-16
6293.3467 1.29629763429e-16
6295.3467 1.29498221859e-16
6297.3467 1.31427140873e-16
6299.3467 3.86862942632e-17
6301.3467 1.04513291014e-16
6303.3467 1.51112583614e-16
6305.3467 1.56335600525e-16
6307.3467 1.49449460892e-16
6309.3467 1.15205996712e-16
6311.3467 3.79016340429e-17
6313.3467 1.06577874266e-16
6315.3467 1.24625135435e-16
6317.3467 1.10494051688e-16
6319.3467 1.1325821798e-16
6321.3467 1.20026765618e-16
6323.3467 1.14999400083e-16
6325.3467 1.20771453162e-16
6327.3467 1.36610347236e-16
6329.3467 1.27838037283e-16
6331.3467 1.30031111462e-16
6333.3467 1.26315058809e-16
6335.3467 1.21944143808e-16
6337.3467 1.18608845699e-16
6339.3467 1.17755976165e-16
6341.3467 1.17695055967e-16
6343.3467 1.21624322696e-16
6345.3467 1.45199883361e-16
6347.3467 1.21807070054e-16
6349.3467 1.20466865408e-16
6351.3467 1.19111427404e-16
6353.3467 1.21989830647e-16
6355.3467 1.20954213755e-16
6357.3467 1.11755488888e-16
6359.3467 1.265587396e-16
6361.3467 9.90539188237e-17
6363.3467 9.2383309371e-17
6365.3467 1.14862326329e-16
6367.3467 1.44605927976e-16
6369.3467 1.43418017207e-16
6371.3467 1.13948563067e-16
6373.3467 9.43936361921e-17
6375.3467 9.60384352094e-17
6377.3467 1.06821058749e-16
6379.3467 1.11298594022e-16
6381.3467 1.17329548016e-16
6383.3467 1.11252907182e-16
6385.3467 1.01612500955e-16
6387.3467 1.06150949808e-16
6389.3467 1.16324384605e-16
6391.3467 1.14496818377e-16
6393.3467 1.01886641845e-16
6395.3467 1.20162264419e-16
6397.3467 1.25188068238e-16
6399.3467 1.18106263994e-16
6401.3467 1.14633892131e-16
6403.3467 1.1522786075e-16
6405.3467 1.17420921695e-16
6407.3467 1.04079722642e-16
6409.3467 1.10567571501e-16
6411.3467 1.13918096351e-16
6413.3467 1.1737524809e-16
6415.3467 1.15958876654e-16
6417.3467 1.08283110408e-16
6419.3467 1.05084872818e-16
6421.3467 1.07643461566e-16
6423.3467 1.20710546199e-16
6425.3467 1.07277946997e-16
6427.3467 1.14466364896e-16
6429.3467 1.15319221195e-16
6431.3467 1.17512295374e-16
6433.3467 1.15441074825e-16
6435.3467 1.01429753597e-16
6437.3467 1.17146787423e-16
6439.3467 1.16141624012e-16
6441.3467 1.15501981788e-16
6443.3467 1.22081217561e-16
6445.3467 1.21578635856e-16
6447.3467 1.19476935356e-16
6449.3467 1.22416258797e-16
6451.3467 1.24913933965e-16
6453.3467 1.30396619414e-16
6455.3467 1.27472516096e-16
6457.3467 1.3185867769e-16
6459.3467 1.29239175361e-16
6461.3467 1.27518216171e-16
6463.3467 1.25096694558e-16
6465.3467 1.23238661614e-16
6467.3467 1.23543262603e-16
6469.3467 1.23177754651e-16
6471.3467 1.22081217561e-16
6473.3467 1.28843200693e-16
6475.3467 1.17192474262e-16
6477.3467 1.15684742381e-16
6479.3467 1.27838037283e-16
6481.3467 1.23969703987e-16
6483.3467 1.1897435365e-16
6485.3467 1.26375992241e-16
6487.3467 1.26832873872e-16
6489.3467 1.22203044722e-16
6491.3467 1.16324384605e-16
6493.3467 1.08511551223e-16
6495.3467 1.0733737827e-16
6497.3467 1.13797155928e-16
6499.3467 1.27015634465e-16
6501.3467 1.32772454187e-16
6503.3467 1.08374490704e-16
6505.3467 1.19583542393e-16
6507.3467 1.28569053186e-16
6509.3467 1.28888887533e-16
6511.3467 1.23939237271e-16
6513.3467 1.20162264419e-16
6515.3467 1.21441562102e-16
6517.3467 1.16689892557e-16
6519.3467 1.09927916042e-16
6521.3467 1.07978516036e-16
6523.3467 1.10202050315e-16
6525.3467 1.11161520268e-16
6527.3467 1.14862326329e-16
6529.3467 1.26741500193e-16
6531.3467 1.1367441556e-16
6533.3467 1.18426085106e-16
6535.3467 1.28173091753e-16
6537.3467 1.2971129035e-16
6539.3467 1.21989830647e-16
6541.3467 1.09242586979e-16
6543.3467 1.03896955431e-16
6545.3467 1.09927916042e-16
6547.3467 1.16598518878e-16
6549.3467 1.14131310426e-16
6551.3467 1.10598024983e-16
6553.3467 1.0883138557e-16
6555.3467 1.14176997265e-16
6557.3467 1.20788512935e-16
6559.3467 1.2226699571e-16
6561.3467 1.06090036228e-16
6563.3467 1.10476191205e-16
6565.3467 1.11938236246e-16
6567.3467 1.13765802474e-16
6569.3467 1.18928666811e-16
6571.3467 1.179235034e-16
6573.3467 1.07217033417e-16
6575.3467 9.63125760993e-17
6577.3467 1.16324384605e-16
6579.3467 9.78660014373e-17
6581.3467 1.14770965885e-16
6583.3467 1.18608845699e-16
6585.3467 1.12166683679e-16
6587.3467 1.05587454523e-16
6589.3467 1.10993999651e-16
6591.3467 1.18243337747e-16
6593.3467 1.06364163883e-16
6595.3467 1.04627977952e-16
6597.3467 1.08344030605e-16
6599.3467 1.1312616025e-16
6601.3467 1.13217520694e-16
6603.3467 1.06866745588e-16
6605.3467 1.02252149796e-16
6607.3467 1.00059075617e-16
6609.3467 1.08465864383e-16
6611.3467 1.09562408091e-16
6613.3467 1.02617664365e-16
6615.3467 1.01566820733e-16
6617.3467 1.0106423241e-16
6619.3467 9.39331679062e-17
6621.3467 8.59480096414e-17
6623.3467 8.40953103578e-17
6625.3467 9.12959109726e-17
6627.3467 9.39367413264e-17
6629.3467 9.66171704706e-17
6631.3467 9.15060810226e-17
6633.3467 9.34707143868e-17
6635.3467 9.7506581535e-17
6637.3467 8.87464609154e-17
6639.3467 1.00059075617e-16
6641.3467 8.50730576941e-17
6643.3467 7.79973481169e-17
6645.3467 8.16349377263e-17
6647.3467 9.35666607204e-17
6649.3467 9.35849314858e-17
6651.3467 8.62914351794e-17
6653.3467 8.37389344801e-17
6655.3467 9.12410854416e-17
6657.3467 1.00241829593e-16
6659.3467 9.82924295867e-17
6661.3467 9.61755023456e-17
6663.3467 8.9207921818e-17
6665.3467 8.90251678422e-17
6667.3467 9.64953300751e-17
6669.3467 1.00150455913e-16
6671.3467 9.03181702537e-17
6673.3467 1.00607350779e-16
6675.3467 1.00485510384e-16
6677.3467 1.01338366682e-16
6679.3467 9.69979051629e-17
6681.3467 9.64953300751e-17
6683.3467 1.05998655931e-16
6685.3467 1.08283110408e-16
6687.3467 1.09379647497e-16
6689.3467 1.09471027794e-16
6691.3467 1.09714701968e-16
6693.3467 1.09105513225e-16
6695.3467 1.0746070759e-16
6697.3467 1.09166433423e-16
6699.3467 1.14405457933e-16
6701.3467 1.14131310426e-16
6703.3467 1.05084872818e-16
6705.3467 1.11115833429e-16
6707.3467 1.14999400083e-16
6709.3467 1.23040680898e-16
6711.3467 1.25644949868e-16
6713.3467 1.17908270042e-16
6715.3467 1.11572728294e-16
6717.3467 1.18791593057e-16
6719.3467 1.24913933965e-16
6721.3467 1.23330048528e-16
6723.3467 1.2756390301e-16
6725.3467 1.23497575763e-16
6727.3467 1.18151950833e-16
6729.3467 1.25644949868e-16
6731.3467 1.21076054151e-16
6733.3467 1.33503483325e-16
6735.3467 1.29848350869e-16
6737.3467 1.33320722732e-16
6739.3467 1.33457796485e-16
6741.3467 1.26695813353e-16
6743.3467 1.22203044722e-16
6745.3467 1.23543262603e-16
6747.3467 1.2811215832e-16
6749.3467 1.12577891705e-16
6751.3467 1.25492655991e-16
6753.3467 1.23817396875e-16
6755.3467 1.16689892557e-16
6757.3467 1.28614740026e-16
6759.3467 1.32589693594e-16
6761.3467 1.18700219378e-16
6763.3467 1.25370828831e-16
6765.3467 1.3085351428e-16
6767.3467 1.20497332125e-16
6769.3467 1.23406188849e-16
6771.3467 1.30716440526e-16
6773.3467 1.24213371543e-16
6775.3467 1.12760639063e-16
6777.3467 1.23543262603e-16
6779.3467 1.25188068238e-16
6781.3467 1.20345025013e-16
6783.3467 1.3185867769e-16
6785.3467 1.372956763e-16
6787.3467 1.38163765956e-16
6789.3467 1.358183979e-16
6791.3467 1.28751813779e-16
6793.3467 1.24000157469e-16
6795.3467 1.33960378191e-16
6797.3467 1.25188068238e-16
6799.3467 1.20025203901e-16
6801.3467 1.16095963642e-16
6803.3467 1.14451144773e-16
6805.3467 1.18456565057e-16
6807.3467 1.23451875689e-16
6809.3467 1.00333209889e-16
6811.3467 1.10567571501e-16
6813.3467 1.14649112254e-16
6815.3467 1.12212370519e-16
6817.3467 1.02983172317e-16
6819.3467 1.01246993003e-16
6821.3467 1.07277946997e-16
6823.3467 1.11298594022e-16
6825.3467 1.13765802474e-16
6827.3467 9.17622092275e-17
6829.3467 8.92254977517e-17
6831.3467 9.37539873506e-17
6833.3467 8.86276645445e-17
6835.3467 8.49146691504e-17
6837.3467 8.46344468287e-17
6839.3467 8.46709949769e-17
6841.3467 1.13765802474e-16
6843.3467 1.10537104785e-16
6845.3467 1.01749568091e-16
6847.3467 9.8642717415e-17
6849.3467 9.55188400532e-17
6851.3467 8.29192249628e-17
6853.3467 9.48704826542e-17
6855.3467 1.03603537924e-16
6857.3467 9.10179915217e-17
6859.3467 1.03431272599e-16
6861.3467 1.09478790057e-16
6863.3467 1.08099734392e-16
6865.3467 1.05349299298e-16
6867.3467 1.05344389154e-16
6869.3467 1.01760069976e-16
6871.3467 1.08895263766e-16
6873.3467 1.1422505315e-16
6875.3467 1.08108502507e-16
6877.3467 1.16812725569e-16
6879.3467 1.23558707719e-16
6881.3467 1.18832753564e-16
6883.3467 1.29134606497e-16
6885.3467 1.24878954151e-16
6887.3467 1.21665787605e-16
6889.3467 1.09869530326e-16
6891.3467 1.1157623554e-16
6893.3467 1.18110830031e-16
6895.3467 1.28226521003e-16
6897.3467 1.44199021289e-16
6899.3467 1.32998664923e-16
6901.3467 1.22306210688e-16
6903.3467 1.41842390342e-16
6905.3467 1.42281312227e-16
6907.3467 1.44515533679e-16
6909.3467 1.39215582354e-16
6911.3467 1.34569222826e-16
6913.3467 1.43382031542e-16
6915.3467 1.38538723619e-16
6917.3467 1.30262139699e-16
6919.3467 1.38116160058e-16
6921.3467 1.36663683842e-16
6923.3467 1.36907854324e-16
6925.3467 1.41063609721e-16
6927.3467 1.42475613644e-16
6929.3467 1.42849671335e-16
6931.3467 1.35632368289e-16
6933.3467 1.29217748075e-16
6935.3467 1.37344526278e-16
6937.3467 1.47936898276e-16
6939.3467 1.5008681348e-16
6941.3467 1.47697148248e-16
6943.3467 1.50863145646e-16
6945.3467 1.6009958995e-16
6947.3467 1.3544068738e-16
6949.3467 1.40482055428e-16
6951.3467 1.51362074522e-16
6953.3467 1.53796817789e-16
6955.3467 1.78769982817e-16
6957.3467 2.55586315543e-16
6959.3467 3.4779445453e-16
6961.3467 3.72705084704e-16
6963.3467 3.01369319845e-16
6965.3467 1.97744751681e-16
6967.3467 1.55103326406e-16
6969.3467 1.63675432181e-16
6971.3467 1.61555374888e-16
6973.3467 1.58060331659e-16
6975.3467 1.5506855835e-16
6977.3467 1.46402564267e-16
6979.3467 1.41753862164e-16
6981.3467 1.438836471e-16
6983.3467 1.57055922638e-16
6985.3467 1.60772345868e-16
6987.3467 1.48053894702e-16
6989.3467 1.38963510642e-16
6991.3467 1.54842532902e-16
6993.3467 1.38911060774e-16
6995.3467 1.46652002235e-16
6997.3467 1.46104183676e-16
6999.3467 1.45264601972e-16
7001.3467 1.47846133402e-16
7003.3467 1.46222252128e-16
7005.3467 1.2866349736e-16
7007.3467 1.41474804512e-16
7009.3467 1.33338470719e-16
7011.3467 1.23241626229e-16
7013.3467 1.24094416354e-16
7015.3467 1.3047150242e-16
7017.3467 1.33092526762e-16
7019.3467 1.38264430528e-16
7021.3467 1.22064700419e-16
7023.3467 1.46687868786e-16
7025.3467 1.41148246841e-16
7027.3467 1.32041954444e-16
7029.3467 1.30099006447e-16
7031.3467 1.36430643902e-16
7033.3467 1.34665572824e-16
7035.3467 1.3989880707e-16
7037.3467 1.25865668126e-16
7039.3467 1.25357832169e-16
7041.3467 1.29194785541e-16
7043.3467 1.3077664604e-16
7045.3467 1.30329650872e-16
7047.3467 1.31082080827e-16
7049.3467 1.35213523731e-16
7051.3467 1.31277043988e-16
7053.3467 1.16692698353e-16
7055.3467 1.22536286012e-16
7057.3467 1.23863202829e-16
7059.3467 1.22766546625e-16
7061.3467 1.25157244179e-16
7063.3467 1.29293239886e-16
7065.3467 1.48123986679e-16
7067.3467 1.17420921695e-16
7069.3467 1.03805575134e-16
7071.3467 1.18487005303e-16
7073.3467 1.29208708645e-16
7075.3467 1.25736336782e-16
7077.3467 1.17573215572e-16
7079.3467 1.14953713243e-16
7081.3467 1.021607695e-16
7083.3467 1.31767290776e-16
7085.3467 1.18365164908e-16
7087.3467 1.21258814744e-16
7089.3467 1.28888887533e-16
7091.3467 1.24776860211e-16
7093.3467 1.20314571531e-16
7095.3467 1.15684742381e-16
7097.3467 1.26650126514e-16
7099.3467 1.1075031886e-16
7101.3467 1.15075553638e-16
7103.3467 1.21213127904e-16
7105.3467 1.20207964494e-16
7107.3467 1.18091030635e-16
7109.3467 1.23817396875e-16
7111.3467 1.14405457933e-16
7113.3467 1.17329548016e-16
7115.3467 1.20558239087e-16
7117.3467 1.21715696375e-16
7119.3467 1.18700219378e-16
7121.3467 1.04673671409e-16
7123.3467 9.2901117817e-17
7125.3467 9.22919290743e-17
7127.3467 9.704359862e-17
7129.3467 1.01886641845e-16
7131.3467 9.42291529817e-17
7133.3467 1.07611486072e-16
7135.3467 1.23223441491e-16
7137.3467 1.17786442881e-16
7139.3467 1.10110676636e-16
7141.3467 1.03440067183e-16
7143.3467 1.16689892557e-16
7145.3467 1.17725509449e-16
7147.3467 1.17512295374e-16
7149.3467 1.15319221195e-16
7151.3467 1.11909595945e-16
7153.3467 1.05502929899e-16
7155.3467 9.64959653498e-17
7157.3467 1.0426247e-16
7159.3467 1.12864082962e-16
7161.3467 1.1618803877e-16
7163.3467 1.13614435039e-16
7165.3467 1.10223451132e-16
7167.3467 1.07553226087e-16
7169.3467 1.00746495793e-16
7171.3467 9.95160613232e-17
7173.3467 1.0673890317e-16
7175.3467 1.16542773522e-16
7177.3467 1.09279280711e-16
7179.3467 5.16640136116e-17
7181.3467 -1.00217025755e-18
7183.3467 1.14868429267e-17
7185.3467 5.38701605536e-17
7187.3467 4.9916005615e-17
7189.3467 2.24058941918e-17
7191.3467 1.32981401664e-17
7193.3467 1.09778671153e-17
7195.3467 -3.30871086968e-17
7197.3467 -2.19206667357e-17
7199.3467 9.31506616642e-17
7201.3467 1.06479287572e-16
7203.3467 9.42751111365e-17
7205.3467 9.52817171501e-17
7207.3467 9.6717828425e-17
7209.3467 1.05301203709e-16
7211.3467 1.082585266e-16
7213.3467 1.27592265379e-16
7215.3467 1.78386104839e-16
7217.3467 9.84010417098e-17
7219.3467 9.12686140124e-17
7221.3467 9.66344287669e-17
7223.3467 9.49287161694e-17
7225.3467 8.8481921938e-17
7227.3467 8.76600882209e-17
7229.3467 8.70189703067e-17
7231.3467 1.0660293453e-16
7233.3467 9.72023842104e-17
7235.3467 9.95075777589e-17
7237.3467 9.26328796879e-17
7239.3467 7.74126505378e-17
7241.3467 9.006310084e-17
7243.3467 1.21657740792e-16
7245.3467 9.07990599746e-17
7247.3467 1.07998255874e-16
7249.3467 7.73880998173e-17
7251.3467 9.28827742597e-17
7253.3467 8.52018662591e-17
7255.3467 8.27095909258e-17
7257.3467 9.83643082732e-17
7259.3467 1.02206026205e-16
7261.3467 9.65868625729e-17
7263.3467 1.05395707439e-16
7265.3467 1.13736354844e-16
7267.3467 1.11958578272e-16
7269.3467 1.02253737983e-16
7271.3467 1.10398992092e-16
7273.3467 1.25865813709e-16
7275.3467 9.95008412e-17
7277.3467 1.34886502839e-16
7279.3467 1.40609401538e-16
7281.3467 1.24328965071e-16
7283.3467 9.64538850177e-17
7285.3467 9.97420933887e-17
7287.3467 1.17368114485e-16
7289.3467 1.17068767747e-16
7291.3467 1.20382850328e-16
7293.3467 1.02671007589e-16
7295.3467 1.16408862907e-16
7297.3467 1.27730397924e-16
7299.3467 1.26931672325e-16
7301.3467 1.2118426261e-16
7303.3467 1.19021271335e-16
7305.3467 1.13600631049e-16
7307.3467 1.10838324259e-16
7309.3467 1.27953736689e-16
7311.3467 9.63546961361e-17
7313.3467 7.65717850492e-17
7315.3467 9.01121361067e-17
7317.3467 1.20043759216e-16
7319.3467 1.4912842217e-16
7321.3467 1.35399328349e-16
7323.3467 1.47254983814e-16
7325.3467 1.13228293895e-16
7327.3467 1.12407743962e-16
7329.3467 1.26242955129e-16
7331.3467 1.26809501057e-16
7333.3467 1.31035096968e-16
7335.3467 1.27107008145e-16
7337.3467 1.26101844734e-16
7339.3467 1.16233010926e-16
7341.3467 1.25782023622e-16
7343.3467 1.43098182861e-16
7345.3467 1.43555090961e-16
7347.3467 1.33777617597e-16
7349.3467 1.1897435365e-16
7351.3467 1.24274278506e-16
7353.3467 1.47941226085e-16
7355.3467 1.43433237331e-16
7357.3467 1.40539587494e-16
7359.3467 1.40128392703e-16
7361.3467 1.40082719099e-16
7363.3467 1.39534437319e-16
7365.3467 1.43737838319e-16
7367.3467 1.11207207108e-16
7369.3467 1.14070390228e-16
7371.3467 1.44423167383e-16
7373.3467 1.56941970236e-16
7375.3467 1.45094480699e-16
7377.3467 1.42075284698e-16
7379.3467 1.1897435365e-16
7381.3467 1.32224185642e-16
7383.3467 1.44651614816e-16
7385.3467 1.46418260846e-16
7387.3467 1.4204733261e-16
7389.3467 1.33412096411e-16
7391.3467 1.32041425049e-16
7393.3467 1.36062065456e-16
7395.3467 1.18608845699e-16
7397.3467 1.22629472871e-16
7399.3467 1.21715696375e-16
7401.3467 1.25599263029e-16
7403.3467 1.34508646736e-16
7405.3467 1.36001158493e-16
7407.3467 1.29848350869e-16
7409.3467 1.53149777262e-16
7411.3467 1.15867489739e-16
7413.3467 1.11402434967e-16
7415.3467 1.23544877259e-16
7417.3467 1.27061321305e-16
7419.3467 1.23726023196e-16
7421.3467 1.19949050345e-16
7423.3467 1.11115833429e-16
7425.3467 1.32863827866e-16
7427.3467 1.12120996839e-16
7429.3467 1.19309408121e-16
7431.3467 1.28386305828e-16
7433.3467 1.29254395485e-16
7435.3467 1.24061064431e-16
7437.3467 1.22903620379e-16
7439.3467 1.11938236246e-16
7441.3467 1.32772454187e-16
7443.3467 1.13826709437e-16
7445.3467 1.14999400083e-16
7447.3467 1.2112174099e-16
7449.3467 1.19248487923e-16
7451.3467 1.19949050345e-16
7453.3467 1.16050263568e-16
7455.3467 1.07917615691e-16
7457.3467 1.15867489739e-16
7459.3467 1.16233010926e-16
7461.3467 1.13537355041e-16
7463.3467 1.19248487923e-16
7465.3467 1.26985167749e-16
7467.3467 1.25279441917e-16
7469.3467 1.06821071984e-16
7471.3467 1.07003819342e-16
7473.3467 1.10354344192e-16
7475.3467 1.14908026403e-16
7477.3467 1.14953713243e-16
7479.3467 1.12456038075e-16
7481.3467 1.1312616025e-16
7483.3467 1.11024446515e-16
7485.3467 1.2226396492e-16
7487.3467 1.19705382789e-16
7489.3467 1.14039923512e-16
7491.3467 1.0531332025e-16
7493.3467 1.12852012743e-16
7495.3467 1.22477178994e-16
7497.3467 1.14862326329e-16
7499.3467 1.13765802474e-16
7501.3467 1.21807070054e-16
7503.3467 1.22233511438e-16
7505.3467 1.15364908034e-16
7507.3467 1.08465864383e-16
7509.3467 1.09471027794e-16
7511.3467 1.11115833429e-16
7513.3467 1.01429753597e-16
7515.3467 1.14862326329e-16
7517.3467 1.13522121683e-16
7519.3467 1.0855724468e-16
7521.3467 1.09288273818e-16
7523.3467 1.14816652724e-16
7525.3467 1.16446225001e-16
7527.3467 1.18700219378e-16
7529.3467 1.18060577154e-16
7531.3467 1.2007089074e-16
7533.3467 1.2470071989e-16
7535.3467 1.28020797876e-16
7537.3467 1.19476948591e-16
7539.3467 1.06120496327e-16
7541.3467 9.85056436614e-17
7543.3467 1.15045086922e-16
7545.3467 1.13217520694e-16
7547.3467 1.22172591241e-16
7549.3467 1.19751069628e-16
7551.3467 1.18608845699e-16
7553.3467 1.21106520867e-16
7555.3467 1.14588205291e-16
7557.3467 1.25370828831e-16
7559.3467 1.17877816561e-16
7561.3467 1.26650126514e-16
7563.3467 9.23223957907e-17
7565.3467 3.34380086388e-17
7567.3467 3.80069142825e-17
7569.3467 9.15609065536e-17
7571.3467 1.06090036228e-16
7573.3467 1.39534437319e-16
7575.3467 1.25005320879e-16
7577.3467 1.27442062615e-16
7579.3467 1.16872295808e-16
7581.3467 1.08845268969e-16
7583.3467 1.14421167747e-16
7585.3467 1.18941041433e-16
7587.3467 1.36535239236e-16
7589.3467 1.17949642308e-16
7591.3467 1.13718540683e-16
7593.3467 1.11666841596e-16
7595.3467 1.10199873175e-16
7597.3467 1.11686482172e-16
7599.3467 1.22247249254e-16
7601.3467 1.29308923231e-16
7603.3467 1.04686171762e-16
7605.3467 1.0499782033e-16
7607.3467 1.18326916076e-16
7609.3467 9.50998234421e-17
7611.3467 1.11096219322e-16
7613.3467 1.34976857432e-16
7615.3467 1.05056834703e-16
7617.3467 1.27987816531e-16
7619.3467 1.96925961988e-16
7621.3467 1.21445876677e-16
7623.3467 1.15090588473e-16
7625.3467 1.18776015592e-16
7627.3467 1.10731862806e-16
7629.3467 1.14713724986e-16
7631.3467 1.03110789742e-16
7633.3467 1.31315756041e-16
7635.3467 1.1834027008e-16
7637.3467 1.19234233947e-16
7639.3467 1.33328465142e-16
7641.3467 1.32705300356e-16
7643.3467 1.24027461046e-16
7645.3467 1.3364153646e-16
7647.3467 1.19174478419e-16
7649.3467 1.45646018261e-16
7651.3467 1.28194902851e-16
7653.3467 1.27905932267e-16
7655.3467 1.26904104049e-16
7657.3467 1.22703323557e-16
7659.3467 1.32947856181e-16
7661.3467 1.04596452444e-16
7663.3467 1.16129090571e-16
7665.3467 1.13711142379e-16
7667.3467 1.19363499115e-16
7669.3467 1.20444564619e-16
7671.3467 1.17750880733e-16
7673.3467 1.25184455113e-16
7675.3467 1.22838372372e-16
7677.3467 1.18412386995e-16
7679.3467 1.04693199489e-16
7681.3467 1.16775747287e-16
7683.3467 1.14398046395e-16
7685.3467 1.0978382118e-16
7687.3467 1.10880596497e-16
7689.3467 1.05528810726e-16
7691.3467 9.99334103382e-17
7693.3467 1.14852029585e-16
7695.3467 1.08290647677e-16
7697.3467 1.04706804955e-16
7699.3467 1.03687394186e-16
7701.3467 1.06127729194e-16
7703.3467 1.10636326754e-16
7705.3467 1.07027205392e-16
7707.3467 1.04049785321e-16
7709.3467 1.04530986062e-16
7711.3467 8.87090723517e-17
7713.3467 9.65147919805e-17
7715.3467 1.09866446597e-16
7717.3467 1.18185064527e-16
7719.3467 1.46612628438e-16
7721.3467 1.01784038362e-16
7723.3467 1.14850732565e-16
7725.3467 9.25778159289e-17
7727.3467 8.74996217996e-17
7729.3467 1.08543116435e-16
7731.3467 1.18057572834e-16
7733.3467 1.0982942861e-16
7735.3467 8.99768755329e-17
7737.3467 1.0688160837e-16
7739.3467 1.04050208838e-16
7741.3467 1.03375990464e-16
7743.3467 1.0587154805e-16
7745.3467 1.1038783508e-16
7747.3467 1.11933643739e-16
7749.3467 9.57643009369e-17
7751.3467 8.98612886228e-17
7753.3467 1.32863827866e-16
7755.3467 1.29208708645e-16
7757.3467 1.18243337747e-16
7759.3467 9.47774149092e-17
7761.3467 8.78387724681e-17
7763.3467 1.02617664365e-16
7765.3467 1.1522786075e-16
7767.3467 1.11207207108e-16
7769.3467 9.54779905659e-17
7771.3467 9.05009242295e-17
7773.3467 1.05359013707e-16
7775.3467 1.12852012743e-16
7777.3467 1.03896955431e-16
7779.3467 1.09471027794e-16
7781.3467 9.61298221234e-17
7783.3467 1.01246993003e-16
7785.3467 1.03805575134e-16
7787.3467 9.45855288594e-17
7789.3467 8.76362190972e-17
7791.3467 8.78265897521e-17
7793.3467 8.36658381837e-17
7795.3467 1.03348686886e-16
7797.3467 1.28843213928e-16
7799.3467 1.1148134138e-16
7801.3467 9.39595847462e-17
7803.3467 6.7546735023e-17
7805.3467 2.1869838555e-18
7807.3467 -9.33884727816e-17
7809.3467 3.60669573704e-17
7811.3467 9.52160390095e-17
7813.3467 1.14405457933e-16
7815.3467 1.1522786075e-16
7817.3467 9.9556500529e-17
7819.3467 8.60690824133e-17
7821.3467 7.28923533357e-17
7823.3467 1.13857176153e-16
7825.3467 1.02983172317e-16
7827.3467 1.11649450951e-16
7829.3467 9.32816142813e-17
7831.3467 8.10844060153e-17
7833.3467 9.01354096604e-17
7835.3467 9.64039497784e-17
7837.3467 1.05541761066e-16
7839.3467 8.62426976977e-17
7841.3467 9.64039497784e-17
7843.3467 1.05846355437e-16
7845.3467 1.01292693078e-16
7847.3467 8.7764147542e-17
7849.3467 8.56396036218e-17
7851.3467 8.98978235361e-17
7853.3467 6.02821701858e-17
7855.3467 1.2007089074e-16
7857.3467 9.48139696748e-17
7859.3467 9.3772258116e-17
7861.3467 8.96054118809e-17
7863.3467 7.8644071007e-17
7865.3467 8.79285447257e-17
7867.3467 8.98978235361e-17
7869.3467 7.56885282086e-17
7871.3467 9.02633447227e-17
7873.3467 9.00440293638e-17
7875.3467 8.83489642351e-17
7877.3467 8.37389344801e-17
7879.3467 7.91121559721e-17
7881.3467 7.59078303326e-17
7883.3467 9.2383309371e-17
7885.3467 7.6136271148e-17
7887.3467 7.71109810772e-17
7889.3467 7.25131340382e-17
7891.3467 7.47153402918e-17
7893.3467 8.60112128577e-17
7895.3467 9.40281150056e-17
7897.3467 7.72876403862e-17
7899.3467 8.20667127712e-17
7901.3467 8.31023362807e-17
7903.3467 8.46572902485e-17
7905.3467 8.6585368847e-17
7907.3467 8.95642976957e-17
7909.3467 8.86672699522e-17
7911.3467 8.26972229213e-17
7913.3467 5.50279222436e-17
7915.3467 1.1577611606e-16
7917.3467 1.18334698191e-16
7919.3467 1.13308907608e-16
7921.3467 7.40117338453e-17
7923.3467 5.18357760114e-17
7925.3467 7.34680313374e-17
7927.3467 9.16522868503e-17
7929.3467 7.35959663996e-17
7931.3467 8.46588122608e-17
7933.3467 9.49418981196e-17
7935.3467 9.18624569003e-17
7937.3467 8.43481232227e-17
7939.3467 8.49816840149e-17
7941.3467 7.13389213802e-17
7943.3467 7.41168188703e-17
7945.3467 7.70348341387e-17
7947.3467 8.47166818165e-17
7949.3467 8.48034960761e-17
7951.3467 8.50136661261e-17
7953.3467 9.03516677597e-17
7955.3467 8.83352595067e-17
7957.3467 8.1710343511e-17
7959.3467 8.82712952843e-17
7961.3467 8.80458984935e-17
7963.3467 6.69664777495e-17
7965.3467 6.84193907169e-17
7967.3467 9.67755523968e-17
7969.3467 1.08648624977e-16
7971.3467 9.32057121883e-17
7973.3467 3.58567873203e-17
7975.3467 5.83845516861e-17
7977.3467 7.63327497045e-17
7979.3467 9.03044589078e-17
7981.3467 8.83352595067e-17
7983.3467 6.98220508078e-17
7985.3467 7.55880092206e-17
7987.3467 9.11862532931e-17
7989.3467 6.56917527209e-17
7991.3467 6.42175249634e-17
7993.3467 7.38746667091e-17
7995.3467 9.09760898606e-17
7997.3467 1.05328546991e-16
7999.3467 1.20619159285e-16
8001.3467 8.08788020022e-17
8003.3467 5.64442837541e-17
8005.3467 7.66875969524e-17
8007.3467 9.06928168967e-17
8009.3467 9.01673917716e-17
8011.3467 7.9958930839e-17
8013.3467 6.8359999149e-17
8015.3467 7.68307455205e-17
8017.3467 7.24171810872e-17
8019.3467 8.29926852187e-17
8021.3467 8.55893507453e-17
8023.3467 8.02345871237e-17
8025.3467 8.2889122206e-17
8027.3467 8.58314962891e-17
8029.3467 8.10798333609e-17
8031.3467 9.21091750985e-17
8033.3467 8.4387722013e-17
8035.3467 8.27611871437e-17
8037.3467 8.07326094095e-17
8039.3467 7.93619380473e-17
8041.3467 8.25723451186e-17
8043.3467 8.93038681517e-17
8045.3467 8.92216331639e-17
8047.3467 8.55482233252e-17
8049.3467 8.13509169912e-17
8051.3467 7.59032642956e-17
8053.3467 8.44791023096e-17
8055.3467 8.81524989134e-17
8057.3467 7.16496104183e-17
8059.3467 8.59411605859e-17
8061.3467 7.04708317233e-17
8063.3467 8.47651810701e-17
8065.3467 9.59865015018e-17
8067.3467 9.57323188257e-17
8069.3467 9.30823563979e-17
8071.3467 9.45459300691e-17
8073.3467 9.13781525778e-17
8075.3467 8.42689388771e-17
8077.3467 9.20178014193e-17
8079.3467 8.74245204174e-17
8081.3467 9.00348972898e-17
8083.3467 9.55358535041e-17
8085.3467 9.52160390095e-17
8087.3467 9.33884727816e-17
8089.3467 8.97973111655e-17
8091.3467 8.10250078299e-17
8093.3467 8.61787334753e-17
8095.3467 8.60964984875e-17
8097.3467 8.33597151826e-17
8099.3467 7.01919858301e-17
8101.3467 3.98846705213e-17
8103.3467 2.76144776283e-18
8105.3467 3.13518425904e-17
8107.3467 -1.1696381838e-17
8109.3467 3.06478419923e-18
8111.3467 2.61573667192e-17
8113.3467 6.13032551688e-17
8115.3467 8.56335751295e-17
8117.3467 9.38864950673e-17
8119.3467 8.58031736249e-17
8121.3467 9.10881165853e-17
8123.3467 8.9394977133e-17
8125.3467 8.57998913722e-17
8127.3467 8.75066164388e-17
8129.3467 8.8857058272e-17
8131.3467 8.40828827962e-17
8133.3467 7.37700779924e-17
8135.3467 1.03132739807e-16
8137.3467 1.80992398748e-16
8139.3467 2.73633675973e-16
8141.3467 3.11346282702e-16
8143.3467 3.13864511655e-16
8145.3467 3.21567958673e-16
8147.3467 3.29500448693e-16
8149.3467 2.7994648018e-16
8151.3467 3.22785012669e-16
8153.3467 3.07124458735e-16
8155.3467 2.06551353233e-16
8157.3467 1.06412868278e-16
8159.3467 9.0015415532e-17
8161.3467 8.68033739518e-17
8163.3467 7.65109707306e-17
8165.3467 9.1983734813e-17
8167.3467 9.19642861424e-17
8169.3467 9.27533701247e-17
8171.3467 9.67210643555e-17
8173.3467 9.28534722137e-17
8175.3467 8.82706203049e-17
8177.3467 9.90798128856e-17
8179.3467 7.23686619812e-17
8181.3467 -3.20412777786e-17
8183.3467 -1.27580780804e-17
8185.3467 -9.95358094332e-18
8187.3467 -2.00394057327e-18
8189.3467 -3.53740877283e-17
8191.3467 -1.30644403021e-16
8193.3467 6.73401574184e-18
8195.3467 2.56142945229e-17
8197.3467 3.43379414406e-17
8199.3467 -7.8736460464e-18
8201.3467 -6.34605686761e-17
8203.3467 -1.24961076643e-16
8205.3467 -2.25790687544e-16
8207.3467 9.17058683016e-17
8209.3467 8.45978920631e-17
8211.3467 8.54196066661e-17
8213.3467 8.43185101568e-17
8215.3467 8.16507335673e-17
8217.3467 8.45362902685e-17
8219.3467 8.77537250663e-17
8221.3467 8.25700554827e-17
8223.3467 8.37087721662e-17
8225.3467 9.31822202589e-17
8227.3467 7.92496598596e-17
8229.3467 7.94379857241e-17
8231.3467 9.09139454355e-17
8233.3467 9.77442272162e-17
8235.3467 9.08546398943e-17
8237.3467 9.55298183943e-17
8239.3467 1.03119531387e-16
8241.3467 8.60659258921e-17
8243.3467 8.40480750361e-17
8245.3467 8.49619044721e-17
8247.3467 8.49801487677e-17
8249.3467 9.16227664286e-17
8251.3467 9.72720526703e-17
8253.3467 8.22992762548e-17
8255.3467 7.9359688116e-17
8257.3467 8.9880002757e-17
8259.3467 9.14746415419e-17
8261.3467 8.72644047206e-17
8263.3467 8.97784779174e-17
8265.3467 9.16371990759e-17
8267.3467 9.74444172576e-17
8269.3467 9.02164535081e-17
8271.3467 9.10656106552e-17
8273.3467 9.36400084797e-17
8275.3467 8.72663105447e-17
8277.3467 7.38070099524e-17
8279.3467 6.64668805118e-17
8281.3467 6.99773887094e-17
8283.3467 9.4576390168e-17
8285.3467 7.89141686381e-17
8287.3467 6.78330453941e-17
8289.3467 8.23636970809e-17
8291.3467 8.43191917536e-17
8293.3467 6.83295324326e-17
8295.3467 7.25816642976e-17
8297.3467 4.5707350363e-17
8299.3467 7.55880092206e-17
8301.3467 9.70801467682e-17
8303.3467 1.03622827776e-16
8305.3467 9.85513371184e-17
8307.3467 8.472887115e-17
8309.3467 5.88201119095e-17
8311.3467 7.75526359673e-17
8313.3467 8.23591310439e-17
8315.3467 7.67576492242e-17
8317.3467 8.3604917986e-17
8319.3467 8.09656096444e-17
8321.3467 7.06764291189e-17
8323.3467 6.98372709311e-17
8325.3467 7.66114433965e-17
8327.3467 7.32578679048e-17
8329.3467 8.37023929494e-17
8331.3467 9.24746896676e-17
8333.3467 9.93737399358e-17
8335.3467 9.47088912672e-17
8337.3467 8.41257770741e-17
8339.3467 7.73150564604e-17
8341.3467 7.500318591e-17
8343.3467 2.87841184591e-17
8345.3467 5.54308683897e-17
8347.3467 8.81181543744e-17
8349.3467 1.05998655931e-16
8351.3467 6.45952156311e-17
8353.3467 3.61827030991e-17
8355.3467 6.28955844654e-17
8357.3467 9.17436671469e-17
8359.3467 1.08191730111e-16
8361.3467 8.01081806912e-17
8363.3467 7.04891024887e-17
8365.3467 7.97868375669e-17
8367.3467 8.87281835325e-17
8369.3467 9.68608512616e-17
8371.3467 9.50332784162e-17
8373.3467 8.0476739285e-17
8375.3467 8.29758107342e-17
8377.3467 8.57699011119e-17
8379.3467 7.71185911388e-17
8381.3467 7.28283824958e-17
8383.3467 7.94137063187e-17
8385.3467 8.09427662246e-17
8387.3467 8.78509551842e-17
8389.3467 7.91791708366e-17
8391.3467 7.19054673079e-17
8393.3467 7.77810834001e-17
8395.3467 8.06640659152e-17
8397.3467 7.01723254013e-17
8399.3467 6.24478282911e-17
8401.3467 1.41544750905e-16
8403.3467 1.19248487923e-16
8405.3467 1.2899549457e-16
8407.3467 8.13311242135e-17
8409.3467 5.08976307741e-17
8411.3467 7.78496136595e-17
8413.3467 8.32424474415e-17
8415.3467 8.4332896482e-17
8417.3467 9.64953300751e-17
8419.3467 9.54901732819e-17
8421.3467 9.3662607054e-17
8423.3467 7.79135844994e-17
8425.3467 6.9753513931e-17
8427.3467 6.88534355454e-17
8429.3467 5.37029377209e-17
8431.3467 7.02423842904e-17
8433.3467 8.81159573827e-17
8435.3467 1.04545742964e-16
8437.3467 8.99937698698e-17
8439.3467 5.3346565152e-17
8441.3467 5.72438431517e-17
8443.3467 7.42021045002e-17
8445.3467 7.25633935323e-17
8447.3467 8.93952484483e-17
8449.3467 7.21064986665e-17
8451.3467 7.46041738349e-17
8453.3467 9.75507463622e-17
8455.3467 1.00127612494e-16
8457.3467 8.66264896496e-17
8459.3467 9.78660014373e-17
8461.3467 5.40410395245e-17
8463.3467 6.11959532998e-17
8465.3467 5.81378268705e-17
8467.3467 7.51813738489e-17
8469.3467 8.46892723597e-17
8471.3467 8.3314028343e-17
8473.3467 7.6477420285e-17
8475.3467 4.74252622202e-17
8477.3467 9.86884042546e-17
8479.3467 8.72844092565e-17
8481.3467 7.90542864164e-17
8483.3467 7.4738190329e-17
8485.3467 8.09153567679e-17
8487.3467 8.31845778859e-17
8489.3467 7.49666377619e-17
8491.3467 7.39797517341e-17
8493.3467 8.00381284195e-17
8495.3467 9.47865536006e-17
8497.3467 9.44850098713e-17
8499.3467 8.11712136575e-17
8501.3467 7.11607334414e-17
8503.3467 7.04312395504e-17
8505.3467 7.77171191777e-17
8507.3467 7.46194005756e-17
8509.3467 6.02181993459e-17
8511.3467 8.29409037123e-17
8513.3467 7.81465979692e-17
8515.3467 7.10282323421e-17
8517.3467 7.74886783623e-17
8519.3467 7.23349460994e-17
8521.3467 7.81100432036e-17
8523.3467 7.90603810832e-17
8525.3467 7.49179068976e-17
8527.3467 7.7205398781e-17
8529.3467 8.00381284195e-17
8531.3467 7.27735635823e-17
8533.3467 6.9660611622e-17
8535.3467 7.49118056134e-17
8537.3467 8.02391531607e-17
8539.3467 8.54202948804e-17
8541.3467 7.42904407721e-17
8543.3467 7.85121059208e-17
8545.3467 8.16829340542e-17
8547.3467 7.75069491277e-17
8549.3467 8.23865405007e-17
8551.3467 8.34465294423e-17
8553.3467 8.12534486453e-17
8555.3467 8.45918040137e-17
8557.3467 7.93847682322e-17
8559.3467 7.59398190612e-17
8561.3467 7.33172594728e-17
8563.3467 6.64136431676e-17
8565.3467 6.47140053845e-17
8567.3467 6.41840142224e-17
8569.3467 8.00746765677e-17
8571.3467 7.53900218866e-17
8573.3467 7.71460005956e-17
8575.3467 8.06046677298e-17
8577.3467 7.68581682122e-17
8579.3467 7.06444470077e-17
8581.3467 5.67641114836e-17
8583.3467 8.42049680372e-17
8585.3467 7.39578479915e-17
8587.3467 7.71297812381e-17
8589.3467 8.22129252163e-17
8591.3467 7.15856461959e-17
8593.3467 6.66695000572e-17
8595.3467 7.51311143549e-17
8597.3467 7.4573713736e-17
8599.3467 8.86002550877e-17
8601.3467 7.2535977458e-17
8603.3467 7.83521953648e-17
8605.3467 8.5242113559e-17
8607.3467 7.33583802754e-17
8609.3467 6.35078172327e-17
8611.3467 7.61728259136e-17
8613.3467 7.58895529498e-17
8615.3467 7.89324526383e-17
8617.3467 8.55908661401e-17
8619.3467 8.74306150841e-17
8621.3467 7.26364898286e-17
8623.3467 6.09949153237e-17
8625.3467 6.43210813586e-17
8627.3467 7.35137247944e-17
8629.3467 9.24746896676e-17
8631.3467 8.5499492461e-17
8633.3467 7.98370904435e-17
8635.3467 7.44320739454e-17
8637.3467 7.23227633833e-17
8639.3467 7.45645684271e-17
8641.3467 5.94232126028e-17
8643.3467 7.50854275153e-17
8645.3467 5.97704497891e-17
8647.3467 6.59658869933e-17
8649.3467 6.59978691045e-17
8651.3467 6.9854032919e-17
8653.3467 8.21611437099e-17
8655.3467 9.29315779159e-17
8657.3467 8.58589255982e-17
8659.3467 7.05073931064e-17
8661.3467 6.79000602586e-17
8663.3467 5.8066245969e-17
8665.3467 6.62080391546e-17
8667.3467 7.03794514267e-17
8669.3467 6.29717247864e-17
8671.3467 7.31573489167e-17
8673.3467 7.05256572543e-17
8675.3467 6.94748136215e-17
8677.3467 5.85642550199e-17
8679.3467 5.12402953059e-17
8681.3467 6.18401681783e-17
8683.3467 7.13175999727e-17
8685.3467 6.53353834606e-17
8687.3467 6.76198313194e-17
8689.3467 6.13056043618e-17
8691.3467 5.86862145294e-17
8693.3467 6.17011886005e-17
8695.3467 5.77281474741e-17
8697.3467 5.92358859726e-17
8699.3467 6.62278385497e-17
8701.3467 6.08304387307e-17
8703.3467 4.97645422274e-17
8705.3467 7.46468166498e-17
8707.3467 5.89724124039e-17
8709.3467 5.75636642637e-17
8711.3467 6.34941058869e-17
8713.3467 6.58440532153e-17
8715.3467 7.15399527388e-17
8717.3467 6.43028105933e-17
8719.3467 5.72027289665e-17
8721.3467 5.46075854522e-17
8723.3467 6.02364767287e-17
8725.3467 6.60983880926e-17
8727.3467 6.28773070826e-17
8729.3467 5.81804696854e-17
8731.3467 6.13238751271e-17
8733.3467 6.52622739294e-17
8735.3467 5.69011720024e-17
8737.3467 6.06537728042e-17
8739.3467 6.62537326116e-17
8741.3467 6.37591080854e-17
8743.3467 6.36195792596e-17
8745.3467 6.79716279252e-17
8747.3467 6.38184996533e-17
8749.3467 5.82170178336e-17
8751.3467 6.05654365322e-17
8753.3467 5.58929711846e-17
8755.3467 6.05106110012e-17
8757.3467 6.20183494996e-17
8759.3467 5.58015908879e-17
8761.3467 5.4260348266e-17
8763.3467 8.17651822769e-17
8765.3467 6.61669183519e-17
8767.3467 4.9298511979e-17
8769.3467 5.96379486898e-17
8771.3467 6.36174682947e-17
8773.3467 4.46976242241e-17
8775.3467 3.07091530329e-17
8777.3467 1.09836532437e-17
8779.3467 6.9694122363e-17
8781.3467 5.33831166089e-17
8783.3467 6.18569169313e-17
8785.3467 4.81334413211e-17
8787.3467 4.45879698534e-17
8789.3467 5.89236815396e-17
8791.3467 5.87652863785e-17
8793.3467 8.8737322224e-17
8795.3467 5.63163553093e-17
8797.3467 7.4518888205e-17
8799.3467 5.06691833412e-17
8801.3467 5.29170896692e-17
8803.3467 6.38733251843e-17
8805.3467 6.31453466883e-17
8807.3467 6.81224064072e-17
8809.3467 6.1707667079e-17
8811.3467 7.34863087202e-17
8813.3467 7.5045828725e-17
8815.3467 7.07769481069e-17
8817.3467 6.64227752416e-17
8819.3467 6.07162150142e-17
8821.3467 5.45466619457e-17
8823.3467 5.50096481695e-17
8825.3467 1.08008976135e-17
8827.3467 4.08003429158e-17
8829.3467 7.10221442928e-17
8831.3467 8.529693909e-17
8833.3467 5.4790339428e-17
8835.3467 2.04900264335e-17
8837.3467 1.12303747506e-17
8839.3467 8.34922162819e-17
8841.3467 1.0289179202e-16
8843.3467 5.54208495781e-17
8845.3467 3.74010772757e-17
8847.3467 4.65114791062e-17
8849.3467 7.36233758564e-17
8851.3467 8.37572184804e-17
8853.3467 8.60416663391e-17
8855.3467 6.69984598607e-17
8857.3467 5.73032347196e-17
8859.3467 6.50581985461e-17
8861.3467 7.10602210708e-17
8863.3467 6.1497497029e-17
8865.3467 4.75212085538e-17
8867.3467 5.88536226505e-17
8869.3467 8.60964984875e-17
8871.3467 6.28681683912e-17
8873.3467 8.25692944765e-17
8875.3467 6.86554482114e-17
8877.3467 6.67791511192e-17
8879.3467 6.83782699143e-17
8881.3467 6.45677995569e-17
8883.3467 6.390987995e-17
8885.3467 3.07944386628e-17
8887.3467 1.61556566028e-16
8889.3467 1.18243337747e-16
8891.3467 1.24639799693e-16
8893.3467 5.31089823365e-17
8895.3467 1.93721695906e-17
8897.3467 6.41505100989e-17
8899.3467 7.17227067147e-17
8901.3467 4.3751858999e-17
8903.3467 6.82229253953e-17
8905.3467 5.7190539633e-17
8907.3467 6.1707667079e-17
8909.3467 7.3239590522e-17
8911.3467 5.98481253573e-17
8913.3467 5.39801226355e-17
8915.3467 7.20242636788e-17
8917.3467 5.83997784269e-17
8919.3467 3.05842686128e-17
8921.3467 8.06168504459e-17
8923.3467 9.63993969764e-17
8925.3467 1.12162117642e-16
8927.3467 7.44430655213e-17
8929.3467 1.36956004507e-17
8931.3467 6.43941842725e-17
8933.3467 6.6431913933e-17
8935.3467 6.97763573508e-17
8937.3467 7.05622054025e-17
8939.3467 7.23440847908e-17
8941.3467 6.83188717289e-17
8943.3467 6.49483754305e-17
8945.3467 6.90463671515e-17
8947.3467 6.85878708641e-17
8949.3467 8.85420877471e-17
8951.3467 5.41858854672e-17
8953.3467 6.34557577937e-17
8955.3467 5.0753277831e-17
8957.3467 4.9104971568e-17
8959.3467 8.52910098594e-17
8961.3467 1.11862320918e-16
8963.3467 8.46775594822e-17
8965.3467 7.05718999593e-17
8967.3467 6.33061770692e-17
8969.3467 6.2931543661e-17
8971.3467 6.59532939957e-17
8973.3467 7.00259409026e-17
8975.3467 7.53014209168e-17
8977.3467 7.66092464048e-17
8979.3467 9.24590526453e-17
8981.3467 7.58651279607e-17
8983.3467 8.43933931633e-17
8985.3467 8.5798713467e-17
8987.3467 7.80494671129e-17
8989.3467 7.29761765103e-17
8991.3467 6.79722962871e-17
8993.3467 9.64307636652e-17
8995.3467 9.13622839449e-17
8997.3467 8.22571363657e-17
8999.3467 1.32691165494e-16
9001.3467 2.28511145612e-16
9003.3467 3.03419536624e-16
9005.3467 3.53232458991e-16
9007.3467 4.48152532777e-16
9009.3467 1.66053927167e-16
9011.3467 7.68310234532e-17
9013.3467 6.79030645786e-17
9015.3467 7.87168231963e-17
9017.3467 7.95047623606e-17
9019.3467 8.30398609834e-17
9021.3467 9.35183599901e-17
9023.3467 8.6383602952e-17
9025.3467 1.02835821672e-16
9027.3467 8.04422756319e-17
9029.3467 7.77939808002e-17
9031.3467 8.03967409936e-17
9033.3467 7.91799913997e-17
9035.3467 7.82711184299e-17
9037.3467 7.74784610274e-17
9039.3467 6.79503396049e-17
9041.3467 7.96825400178e-17
9043.3467 6.83363219311e-17
9045.3467 6.77775448837e-17
9047.3467 7.3605045534e-17
9049.3467 9.09548809496e-17
9051.3467 9.39441594822e-17
9053.3467 7.75174576302e-17
9055.3467 7.74968045846e-17
9057.3467 6.00170753431e-17
9059.3467 6.34121355969e-17
9061.3467 7.84186477465e-17
9063.3467 8.25910857226e-17
9065.3467 7.63262976958e-17
9067.3467 6.90106660362e-17
9069.3467 6.11687886884e-17
9071.3467 9.13483806932e-17
9073.3467 7.87443914717e-17
9075.3467 1.03596827835e-16
9077.3467 1.08008208512e-16
9079.3467 8.11894381007e-17
9081.3467 6.54243020678e-17
9083.3467 6.87581046342e-17
9085.3467 6.19521684332e-17
9087.3467 7.51575642821e-17
9089.3467 8.38456341617e-17
9091.3467 8.71860674078e-17
9093.3467 8.87515828177e-17
9095.3467 8.01190068311e-17
9097.3467 6.97394783303e-17
9099.3467 6.87354862075e-17
9101.3467 7.17871870978e-17
9103.3467 8.97222230183e-17
9105.3467 8.41257241345e-17
9107.3467 7.99979406766e-17
9109.3467 8.15709536516e-17
9111.3467 8.47977124293e-17
9113.3467 8.83165850772e-17
9115.3467 8.23455917516e-17
9117.3467 6.7135930661e-17
9119.3467 6.73485028436e-17
9121.3467 6.92231720443e-17
9123.3467 7.90199087901e-17
9125.3467 7.02497958287e-17
9127.3467 6.74295797785e-17
9129.3467 6.68234085907e-17
9131.3467 6.41894206749e-17
9133.3467 7.376586268e-17
9135.3467 7.65196064962e-17
9137.3467 7.59592942016e-17
9139.3467 7.64269291804e-17
9141.3467 9.47416608544e-17
9143.3467 9.64896059852e-17
9145.3467 7.61118593938e-17
9147.3467 6.46828901586e-17
9149.3467 7.06761114815e-17
9151.3467 4.72725249745e-17
9153.3467 6.80989872697e-17
9155.3467 6.52914171567e-17
9157.3467 6.96420960112e-17
9159.3467 1.00520371083e-16
9161.3467 1.09408598819e-16
9163.3467 8.16910735114e-17
9165.3467 6.37243797345e-17
9167.3467 5.91040863225e-17
9169.3467 6.53247955488e-17
9171.3467 6.72732624951e-17
9173.3467 6.36461019788e-17
9175.3467 5.62522322682e-17
9177.3467 6.06242656174e-17
9179.3467 7.8734266781e-17
9181.3467 8.57043420853e-17
9183.3467 6.27785284826e-17
9185.3467 7.21288126908e-17
9187.3467 7.09153387321e-17
9189.3467 6.86840620432e-17
9191.3467 7.50517844254e-17
9193.3467 6.74489887444e-17
9195.3467 5.29231975709e-17
9197.3467 5.69108334719e-17
9199.3467 7.06995637063e-17
9201.3467 8.21995315078e-17
9203.3467 8.05628057733e-17
9205.3467 7.59237916097e-17
9207.3467 6.93059761324e-17
9209.3467 6.23124949255e-17
9211.3467 5.79386748662e-17
9213.3467 6.9951620379e-17
9215.3467 5.52317924861e-17
9217.3467 6.14992837391e-17
9219.3467 6.33275845034e-17
9221.3467 5.90764452551e-17
9223.3467 6.93881317108e-17
9225.3467 7.93191099439e-17
9227.3467 7.74569609489e-17
9229.3467 9.28954929888e-17
9231.3467 6.98848172727e-17
9233.3467 5.99152262486e-17
9235.3467 4.17307755211e-17
9237.3467 5.3349926814e-17
9239.3467 7.11314578651e-17
9241.3467 6.53455677083e-17
9243.3467 5.34770446218e-17
9245.3467 7.02840808108e-17
9247.3467 4.31067805439e-17
9249.3467 5.30927927575e-17
9251.3467 6.71008184984e-17
9253.3467 7.47101786847e-17
9255.3467 7.72611176671e-17
9257.3467 8.3124339285e-17
9259.3467 6.47656346896e-17
9261.3467 6.84066389006e-17
9263.3467 6.51230296538e-17
9265.3467 5.94603629385e-17
9267.3467 5.72717422994e-17
9269.3467 6.55155036934e-17
9271.3467 7.16194811917e-17
9273.3467 7.54444503709e-17
9275.3467 5.16538492162e-17
9277.3467 5.84130199341e-17
9279.3467 8.49856941866e-17
9281.3467 8.38080404572e-17
9283.3467 8.43489437859e-17
9285.3467 7.87100138455e-17
9287.3467 6.66095658588e-17
9289.3467 5.73543941862e-17
9291.3467 5.30012635684e-17
9293.3467 6.32582866204e-17
9295.3467 5.04673711241e-17
9297.3467 4.92805191463e-17
9299.3467 5.64934910744e-17
9301.3467 6.99440434045e-17
9303.3467 6.49658653374e-17
9305.3467 3.9911365294e-17
9307.3467 9.71816319031e-17
9309.3467 1.19431685268e-16
9311.3467 7.55788109721e-17
9313.3467 1.49924103745e-16
9315.3467 1.61313044056e-16
9317.3467 1.34656123113e-16
9319.3467 1.14333221904e-16
9321.3467 -3.24986854963e-17
9323.3467 -4.63123932764e-17
9325.3467 7.92274384797e-17
9327.3467 4.79104400454e-17
9329.3467 1.11700405276e-16
9331.3467 1.00755958739e-16
9333.3467 3.67041048177e-17
9335.3467 7.25386112011e-17
9337.3467 1.39350869397e-16
9339.3467 1.52274434885e-16
9341.3467 1.65312389526e-16
9343.3467 8.68851721882e-17
9345.3467 2.92673937689e-17
9347.3467 7.92005319487e-17
9349.3467 1.44089714335e-16
9351.3467 7.61788544059e-17
9353.3467 6.79354238841e-17
9355.3467 6.40029807823e-17
9357.3467 9.10207311438e-17
9359.3467 1.4242152265e-16
9361.3467 1.69277853678e-16
9363.3467 1.55250035159e-16
9365.3467 8.75573722412e-17
9367.3467 5.14768689611e-17
9369.3467 4.44423364348e-17
9371.3467 1.70469897041e-17
9373.3467 8.96404247818e-17
9375.3467 7.83249248744e-17
9377.3467 1.21294046021e-16
9379.3467 2.21450742185e-16
9381.3467 3.65372664586e-16
9383.3467 3.2699921334e-16
9385.3467 -1.7689193872e-16
9387.3467 1.07225689035e-16
9389.3467 1.41079015133e-16
9391.3467 9.25517034913e-17
9393.3467 1.05468863293e-16
9395.3467 9.63272337397e-17
9397.3467 5.58822112192e-17
9399.3467 4.0315409936e-17
9401.3467 3.02374284732e-17
9403.3467 7.42263111136e-17
9405.3467 6.68894804693e-18
9407.3467 6.11239687341e-17
9409.3467 7.39608920161e-17
9411.3467 5.95879340413e-17
9413.3467 8.45872181244e-17
9415.3467 1.08894443202e-16
9417.3467 7.6335522414e-17
9419.3467 6.49275304791e-17
9421.3467 1.53150214013e-16
9423.3467 1.60496623409e-16
9425.3467 1.06364951359e-16
9427.3467 2.39880640561e-17
9429.3467 2.79678698655e-17
9431.3467 6.87166397244e-17
9433.3467 3.95136237683e-17
9435.3467 1.39333955208e-16
9437.3467 3.35747746813e-17
9439.3467 7.6976845469e-17
9441.3467 1.68280697376e-16
9443.3467 1.38734295586e-16
9445.3467 -3.08726833313e-17
9447.3467 -4.71776275059e-17
9449.3467 -5.6712965252e-17
9451.3467 8.6985300747e-17
9453.3467 7.5647586077e-17
9455.3467 7.82342261746e-17
9457.3467 6.7875569095e-17
9459.3467 6.50457048101e-17
9461.3467 1.15734796734e-16
9463.3467 1.5976145175e-16
9465.3467 1.80993933995e-16
9467.3467 -1.99549530737e-17
9469.3467 7.88516933408e-17
9471.3467 5.99508281022e-17
9473.3467 5.29182080174e-17
9475.3467 -4.04043020734e-17
9477.3467 -1.99910641397e-16
9479.3467 -1.73144506142e-16
9481.3467 5.42847897987e-17
9483.3467 2.60306406641e-16
9485.3467 2.08005219113e-17
9487.3467 9.00996556056e-17
9489.3467 9.90216587798e-17
9491.3467 6.24823051791e-17
9493.3467 3.94864029087e-17
9495.3467 4.99487255713e-17
9497.3467 6.65584527144e-17
9499.3467 2.09813402845e-17
9501.3467 -5.18778464174e-17
9503.3467 1.82378187663e-17
9505.3467 6.08777203745e-17
9507.3467 1.3049672812e-16
9509.3467 8.89536067931e-17
9511.3467 4.37235197912e-17
9513.3467 7.5456752201e-17
9515.3467 6.24655498086e-17
9517.3467 5.64589413946e-17
9519.3467 8.64666783553e-17
9521.3467 7.963513926e-17
9523.3467 3.46909887435e-17
9525.3467 5.08554247105e-17
9527.3467 4.9975790921e-17
9529.3467 7.83019259446e-18
9531.3467 9.29951120043e-17
9533.3467 2.69727252665e-17
9535.3467 9.31916567353e-17
9537.3467 1.27093852664e-16
9539.3467 1.01136819163e-16
9541.3467 7.64007638032e-17
9543.3467 9.26373332284e-17
9545.3467 1.11909000375e-16
9547.3467 8.70696136125e-17
9549.3467 7.01587066997e-17
9551.3467 4.80150552318e-17
9553.3467 4.60041096796e-17
9555.3467 8.93310129106e-17
9557.3467 6.94391191238e-17
9559.3467 4.56758645602e-17
9561.3467 1.35840314878e-16
9563.3467 6.03881287135e-17
9565.3467 7.36961809852e-17
9567.3467 1.41562869469e-16
9569.3467 1.92273567351e-16
9571.3467 1.41773211573e-16
9573.3467 6.66209743338e-17
9575.3467 4.40358731167e-17
9577.3467 5.01580882931e-17
9579.3467 6.44359271149e-17
9581.3467 6.83269450117e-17
9583.3467 6.56794575082e-17
9585.3467 9.41100058863e-17
9587.3467 1.00341475078e-16
9589.3467 8.56326288349e-17
9591.3467 7.90109752395e-17
9593.3467 4.71207571844e-17
9595.3467 5.6414935386e-17
9597.3467 7.10694656413e-17
9599.3467 7.96776232562e-17
9601.3467 8.32612476025e-17
9603.3467 8.37629888923e-17
9605.3467 7.22551463313e-17
9607.3467 6.40496536212e-17
9609.3467 7.57790019153e-17
9611.3467 1.32341909987e-16
9613.3467 8.40857415324e-17
9615.3467 7.75082858515e-17
9617.3467 7.06532349745e-17
9619.3467 5.55407841495e-17
9621.3467 4.94326939093e-17
9623.3467 5.55119585595e-17
9625.3467 5.36296429012e-17
9627.3467 1.18584665555e-16
9629.3467 3.65655520651e-17
9631.3467 2.65544547723e-17
9633.3467 7.97057143098e-17
9635.3467 7.90142442573e-17
9637.3467 6.52415679443e-17
9639.3467 7.73636549758e-17
9641.3467 7.89257160794e-17
9643.3467 9.73514620091e-17
9645.3467 1.01246132735e-16
9647.3467 5.44060644027e-17
9649.3467 5.69003911439e-17
9651.3467 7.50667597032e-17
9653.3467 1.02122752279e-16
9655.3467 1.03587477385e-16
9657.3467 9.31580599676e-17
9659.3467 7.29606718369e-17
9661.3467 9.40584692254e-17
9663.3467 6.75920512857e-17
9665.3467 6.51204687026e-17
9667.3467 7.53596544319e-17
9669.3467 7.76790423998e-17
9671.3467 8.37483974263e-17
9673.3467 1.14024875442e-16
9675.3467 1.39749027822e-16
9677.3467 2.26161089096e-17
9679.3467 6.66162362432e-17
9681.3467 2.17568849745e-17
9683.3467 1.11939432349e-17
9685.3467 6.21853738089e-17
9687.3467 1.07814138705e-16
9689.3467 1.20744771624e-16
9691.3467 6.37590551458e-17
9693.3467 4.59112239142e-17
9695.3467 7.73387072085e-17
9697.3467 4.11461871299e-17
9699.3467 5.71591464744e-17
9701.3467 8.33727383142e-17
9703.3467 1.05649215136e-16
9705.3467 1.64028433162e-16
9707.3467 1.07216027565e-16
9709.3467 7.51221013949e-17
9711.3467 4.66310331745e-17
9713.3467 1.19690136196e-16
9715.3467 1.04897248402e-16
9717.3467 6.59520432986e-17
9719.3467 9.4116398338e-17
9721.3467 1.23430514577e-16
9723.3467 9.78758945174e-17
9725.3467 1.04795286811e-16
9727.3467 7.12207338143e-17
9729.3467 6.19824697134e-17
9731.3467 9.01196998462e-17
9733.3467 9.51305482388e-17
9735.3467 5.75516668361e-17
9737.3467 6.3069841642e-17
9739.3467 1.29387220839e-16
9741.3467 1.1266619489e-16
9743.3467 9.1548492227e-17
9745.3467 6.17267385552e-17
9747.3467 5.20875532463e-17
9749.3467 6.11804420089e-17
9751.3467 7.56856363852e-17
9753.3467 8.05279649259e-17
9755.3467 7.87761088851e-17
9757.3467 6.4532832978e-17
9759.3467 8.1131998679e-17
9761.3467 5.93590366222e-17
9763.3467 6.26734434576e-17
9765.3467 5.8272756572e-17
9767.3467 5.50112694435e-17
9769.3467 7.00937101559e-17
9771.3467 7.52678704712e-17
9773.3467 8.41600422038e-17
9775.3467 9.02445710315e-17
9777.3467 7.30775292963e-17
9779.3467 5.438356509e-17
9781.3467 4.67566091177e-17
9783.3467 7.70897059918e-17
9785.3467 7.90467756164e-17
9787.3467 2.94362213319e-17
9789.3467 1.02709845373e-16
9791.3467 3.27829113722e-17
9793.3467 7.04502183824e-17
9795.3467 1.51156113167e-16
9797.3467 1.26920025622e-16
9799.3467 3.54499699689e-17
9801.3467 7.31309188418e-17
9803.3467 1.67760883844e-16
9805.3467 8.87057967164e-17
9807.3467 1.10565394362e-16
9809.3467 7.08918401853e-17
9811.3467 5.5050424865e-17
9813.3467 8.05931335233e-17
9815.3467 8.78628004106e-17
9817.3467 6.78662782024e-17
9819.3467 6.75535377564e-17
9821.3467 4.04457868354e-17
9823.3467 3.05078536678e-17
9825.3467 4.52428090397e-17
9827.3467 3.93340163875e-17
9829.3467 6.70160357943e-17
9831.3467 1.04468100483e-16
9833.3467 8.59882040017e-17
9835.3467 4.35229814322e-17
9837.3467 5.85713555382e-17
9839.3467 6.05583161615e-17
9841.3467 6.44975156746e-17
9843.3467 4.59842805059e-17
9845.3467 3.20539965077e-17
9847.3467 2.37673276009e-17
9849.3467 -3.44382110337e-18
9851.3467 -5.4506722357e-17
9853.3467 4.36547082904e-17
9855.3467 1.28316028563e-16
9857.3467 1.25279390631e-17
9859.3467 7.52681814911e-17
9861.3467 9.2214266741e-17
9863.3467 5.98938055795e-17
9865.3467 5.43913240442e-17
9867.3467 7.91791708366e-17
9869.3467 2.5247782374e-17
9871.3467 2.41055567903e-17
9873.3467 1.56622149124e-16
9875.3467 2.76753953445e-17
9877.3467 4.13166293495e-17
