3802.17459344009  6.343634E-17
3806.93099341878  1.255621E-16
3811.68739339747  1.948860E-16
3816.44379337616  1.442348E-16
3821.20019335484  2.553385E-16
3825.95659333353  4.425785E-16
3830.71299331222  4.641556E-16
3835.4693932909  2.454537E-16
3840.22579326959  2.057615E-16
3844.98219324828  2.355791E-16
3849.73859322697  2.858678E-16
3854.49499320565  2.045916E-16
3859.25139318434  2.730990E-16
3864.00779316303  1.709549E-16
3868.76419314172  3.757585E-16
3873.5205931204  3.668165E-16
3878.27699309909  5.156027E-16
3883.03339307778  2.581199E-16
3887.78979305646  3.145326E-16
3892.54619303515  2.590807E-16
3897.30259301384  3.662845E-16
3902.05899299253  5.114620E-16
3906.81539297121  4.202061E-16
3911.5717929499  1.662590E-16
3916.32819292859  2.885657E-16
3921.08459290728  3.155340E-16
3925.84099288596  3.369164E-16
3930.59739286465  2.558697E-16
3935.35379284334  4.070173E-16
3940.11019282203  2.819915E-16
3944.86659280071  2.388475E-16
3949.6229927794  3.676095E-16
3954.37939275809  2.949646E-16
3959.13579273677  2.246198E-16
3963.89219271546  3.539624E-16
3968.64859269415  2.750851E-16
3973.40499267284  3.269684E-16
3978.16139265152  4.337136E-16
3982.91779263021  4.187667E-16
3987.6741926089  4.199772E-16
3992.43059258759  5.128846E-16
3997.18699256627  4.332837E-16
4001.94339254496  5.140964E-16
4006.69979252365  5.283176E-16
4011.45619250234  6.448333E-16
4016.21259248102  4.721020E-16
4020.96899245971  3.712726E-16
4025.7253924384  5.655908E-16
4030.48179241708  6.122984E-16
4035.23819239577  4.336744E-16
4039.99459237446  3.084943E-16
4044.75099235315  6.868651E-16
4049.50739233183  6.150113E-16
4054.26379231052  4.804015E-16
4059.02019228921  5.790787E-16
4063.77659226789  6.970212E-16
4068.53299224658  7.628604E-16
4073.28939222527  6.514230E-16
4078.04579220396  6.192424E-16
4082.80219218265  7.357375E-16
4087.55859216133  7.055886E-16
4092.31499214002  7.350826E-16
4097.07139211871  5.247882E-16
4101.82779209739  5.743422E-16
4106.58419207608  6.683413E-16
4111.34059205477  6.557045E-16
4116.09699203346  6.649286E-16
4120.85339201214  6.221004E-16
4125.60979199083  6.189101E-16
4130.36619196952  7.868866E-16
4135.1225919482  5.697687E-16
4139.87899192689  6.274836E-16
4144.63539190558  7.133258E-16
4149.39179188427  7.447535E-16
4154.14819186295  6.338166E-16
4158.90459184164  7.059679E-16
4163.66099182033  6.274743E-16
4168.41739179902  7.905274E-16
4173.1737917777  7.507362E-16
4177.93019175639  6.807744E-16
4182.68659173508  6.913804E-16
4187.44299171377  6.107455E-16
4192.19939169245  7.316826E-16
4196.95579167114  7.245986E-16
4201.71219164983  7.133578E-16
4206.46859162851  7.536560E-16
4211.2249916072  8.041249E-16
4215.98139158589  7.839714E-16
4220.73779156458  7.529507E-16
4225.49419154326  7.767064E-16
4230.25059152195  8.515767E-16
4235.00699150064  6.980332E-16
4239.76339147933  7.745101E-16
4244.51979145801  7.687497E-16
4249.2761914367  6.481059E-16
4254.03259141539  7.340118E-16
4258.78899139408  6.746622E-16
4263.54539137276  7.168807E-16
4268.30179135145  6.938854E-16
4273.05819133014  6.661128E-16
4277.81459130882  7.864397E-16
4282.57099128751  7.989832E-16
4287.3273912662  6.944961E-16
4292.08379124489  7.177717E-16
4296.84019122357  8.199511E-16
4301.59659120226  7.755846E-16
4306.35299118095  6.387825E-16
4311.10939115964  6.611157E-16
4315.86579113832  7.936412E-16
4320.62219111701  7.875851E-16
4325.3785910957  7.356926E-16
4330.13499107439  6.951476E-16
4334.89139105307  6.938722E-16
4339.64779103176  6.088016E-16
4344.40419101045  5.756862E-16
4349.16059098913  5.058437E-16
4353.91699096782  6.525173E-16
4358.67339094651  7.880211E-16
4363.4297909252  4.230071E-16
4368.18619090388  3.352382E-16
4372.94259088257  5.933592E-16
4377.69899086126  4.920187E-16
4382.45539083995  4.217626E-16
4387.21179081863  4.932083E-16
4391.96819079732  5.034996E-16
4396.72459077601  6.161327E-16
4401.4809907547  5.912454E-16
4406.23739073338  5.111141E-16
4410.99379071207  4.918428E-16
4415.75019069076  5.338336E-16
4420.50659066944  5.192167E-16
4425.26299064813  5.553785E-16
4430.01939062682  5.471008E-16
4434.77579060551  5.762541E-16
4439.53219058419  5.945081E-16
4444.28859056288  4.737491E-16
4449.04499054157  5.229870E-16
4453.80139052026  5.151257E-16
4458.55779049894  5.691818E-16
4463.31419047763  6.142754E-16
4468.07059045632  6.809864E-16
4472.826990435  7.531661E-16
4477.58339041369  6.243791E-16
4482.33979039238  6.043084E-16
4487.09619037107  4.849127E-16
4491.85259034975  5.756397E-16
4496.60899032844  6.848379E-16
4501.36539030713  8.862695E-16
4506.12179028582  8.275783E-16
4510.8781902645  8.218313E-16
4515.63459024319  8.462693E-16
4520.39099022188  6.997814E-16
4525.14739020057  6.990466E-16
4529.90379017925  6.779940E-16
4534.66019015794  6.046247E-16
4539.41659013663  6.841035E-16
4544.17299011532  7.112531E-16
4548.929390094  7.331441E-16
4553.68579007269  7.775787E-16
4558.44219005138  7.291339E-16
4563.19859003006  6.675129E-16
4567.95499000875  6.497644E-16
4572.71138998744  7.339611E-16
4577.46778996613  7.217092E-16
4582.22418994481  5.955744E-16
4586.9805899235  7.129773E-16
4591.73698990219  6.557080E-16
4596.49338988087  6.912823E-16
4601.24978985956  7.169293E-16
4606.00618983825  8.459176E-16
4610.76258981694  9.182897E-16
4615.51898979563  8.376897E-16
4620.27538977431  8.331770E-16
4625.031789753  8.272739E-16
4629.78818973169  7.603809E-16
4634.54458971037  8.361666E-16
4639.30098968906  7.962262E-16
4644.05738966775  8.532704E-16
4648.81378964644  7.946412E-16
4653.57018962512  8.006978E-16
4658.32658960381  9.307967E-16
4663.0829895825  8.532820E-16
4667.83938956118  7.457252E-16
4672.59578953987  8.142694E-16
4677.35218951856  7.779050E-16
4682.10858949725  8.269567E-16
4686.86498947593  8.734621E-16
4691.62138945462  8.469181E-16
4696.37778943331  8.159445E-16
4701.134189412  8.283507E-16
4705.89058939068  8.579364E-16
4710.64698936937  8.474225E-16
4715.40338934806  8.950044E-16
4720.15978932674  8.996529E-16
4724.91618930543  8.343020E-16
4729.67258928412  8.879602E-16
4734.42898926281  8.555374E-16
4739.18538924149  9.033529E-16
4743.94178922018  8.916051E-16
4748.69818919887  8.582190E-16
4753.45458917756  8.104142E-16
4758.21098915624  8.777072E-16
4762.96738913493  8.419103E-16
4767.72378911362  7.872240E-16
4772.48018909231  9.042257E-16
4777.23658907099  9.182111E-16
4781.99298904968  9.351010E-16
4786.74938902837  9.170773E-16
4791.50578900705  9.081971E-16
4796.26218898574  9.042023E-16
4801.01858896443  9.086856E-16
4805.77498894312  7.852194E-16
4810.5313889218  7.402065E-16
4815.28778890049  7.573667E-16
4820.04418887918  7.641939E-16
4824.80058885787  8.086974E-16
4829.55698883655  6.886881E-16
4834.31338881524  7.942777E-16
4839.06978879393  7.683143E-16
4843.82618877262  8.176919E-16
4848.5825887513  8.767773E-16
4853.33898872999  7.272982E-16
4858.09538870868  7.366504E-16
4862.85178868737  8.203658E-16
4867.60818866605  7.945080E-16
4872.36458864474  7.678107E-16
4877.12098862343  8.180869E-16
4881.87738860211  8.329708E-16
4886.6337885808  7.991652E-16
4891.39018855949  8.080589E-16
4896.14658853818  7.404280E-16
4900.90298851686  7.780756E-16
4905.65938849555  7.289787E-16
4910.41578847424  7.041943E-16
4915.17218845293  7.848536E-16
4919.92858843161  7.002977E-16
4924.6849884103  7.495147E-16
4929.44138838899  7.929395E-16
4934.19778836767  8.108421E-16
4938.95418834636  8.588023E-16
4943.71058832505  8.246381E-16
4948.46698830374  8.467675E-16
4953.22338828242  8.176490E-16
4957.97978826111  8.308504E-16
4962.7361882398  8.505060E-16
4967.49258821849  8.444751E-16
4972.24898819717  8.574147E-16
4977.00538817586  8.208377E-16
4981.76178815455  8.427737E-16
4986.51818813323  8.584729E-16
4991.27458811192  7.700042E-16
4996.03098809061  7.748088E-16
5000.7873880693  8.126842E-16
5005.54378804798  7.646742E-16
5010.30018802667  7.679510E-16
5015.05658800536  7.477568E-16
5019.81298798405  7.261234E-16
5024.56938796273  7.241614E-16
5029.32578794142  6.888165E-16
5034.08218792011  7.256633E-16
5038.8385878988  7.373432E-16
5043.59498787748  6.751056E-16
5048.35138785617  6.934238E-16
5053.10778783486  7.532360E-16
5057.86418781354  6.948081E-16
5062.62058779223  6.430860E-16
5067.37698777092  6.765012E-16
5072.13338774961  6.967331E-16
5076.8897877283  7.388008E-16
5081.64618770698  7.205770E-16
5086.40258768567  6.650565E-16
5091.15898766436  7.030297E-16
5095.91538764304  7.838594E-16
5100.67178762173  7.395409E-16
5105.42818760042  7.333622E-16
5110.18458757911  7.174759E-16
5114.94098755779  6.632431E-16
5119.69738753648  7.278359E-16
5124.45378751517  6.969192E-16
5129.21018749386  7.012602E-16
5133.96658747254  6.941847E-16
5138.72298745123  6.487489E-16
5143.47938742992  6.668070E-16
5148.2357874086  6.322050E-16
5152.99218738729  6.666289E-16
5157.74858736598  7.190805E-16
5162.50498734467  6.962771E-16
5167.26138732335  6.876300E-16
5172.01778730204  7.523449E-16
5176.77418728073  7.328482E-16
5181.53058725942  6.991279E-16
5186.2869872381  7.405306E-16
5191.04338721679  7.196235E-16
5195.79978719548  7.846872E-16
5200.55618717416  7.667964E-16
5205.31258715285  8.031389E-16
5210.06898713154  8.219117E-16
5214.82538711023  7.486001E-16
5219.58178708891  7.343075E-16
5224.3381870676  7.260958E-16
5229.09458704629  7.749754E-16
5233.85098702498  7.952685E-16
5238.60738700366  7.786836E-16
5243.36378698235  7.910874E-16
5248.12018696104  7.474208E-16
5252.87658693973  8.004911E-16
5257.63298691841  8.510867E-16
5262.3893868971  8.647412E-16
5267.14578687579  8.054412E-16
5271.90218685447  8.157671E-16
5276.65858683316  8.551338E-16
5281.41498681185  8.008839E-16
5286.17138679054  8.621979E-16
5290.92778676922  8.691951E-16
5295.68418674791  8.480956E-16
5300.4405867266  7.942013E-16
5305.19698670529  8.191343E-16
5309.95338668397  8.631067E-16
5314.70978666266  8.594008E-16
5319.46618664135  7.677988E-16
5324.22258662003  8.012230E-16
5328.97898659872  9.062302E-16
5333.73538657741  8.247885E-16
5338.4917865561  8.225579E-16
5343.24818653478  8.511814E-16
5348.00458651347  9.292921E-16
5352.76098649216  8.514397E-16
5357.51738647085  8.392278E-16
5362.27378644953  7.955038E-16
5367.03018642822  7.427128E-16
5371.78658640691  8.030876E-16
5376.5429863856  8.330796E-16
5381.29938636428  8.463112E-16
5386.05578634297  8.938893E-16
5390.81218632166  9.403770E-16
5395.56858630034  9.002541E-16
5400.32498627903  9.059301E-16
5405.08138625772  8.688345E-16
5409.83778623641  7.952529E-16
5414.59418621509  7.923481E-16
5419.35058619378  7.414213E-16
5424.10698617247  7.117651E-16
5428.86338615116  7.040594E-16
5433.61978612984  6.693780E-16
5438.37618610853  6.854884E-16
5443.13258608722  7.176554E-16
5447.8889860659  6.718022E-16
5452.64538604459  7.013407E-16
5457.40178602328  7.952467E-16
5462.15818600197  6.680003E-16
5466.91458598066  6.801607E-16
5471.67098595934  5.678813E-16
5476.42738593803  6.389782E-16
5481.18378591672  6.407842E-16
5485.9401858954  7.296354E-16
5490.69658587409  6.880487E-16
5495.45298585278  6.993742E-16
5500.20938583147  7.612004E-16
5504.96578581015  6.954082E-16
5509.72218578884  7.002337E-16
5514.47858576753  6.898079E-16
5519.23498574621  7.270525E-16
5523.9913857249  7.323657E-16
5528.74778570359  6.333632E-16
5533.50418568228  6.677700E-16
5538.26058566096  7.693535E-16
5543.01698563965  6.767364E-16
5547.77338561834  6.996936E-16
5552.52978559703  7.008097E-16
5557.28618557571  6.350909E-16
5562.0425855544  7.423537E-16
5566.79898553309  7.010003E-16
5571.55538551178  7.008366E-16
5576.31178549046  7.329619E-16
5581.06818546915  6.956585E-16
5585.82458544784  6.986693E-16
5590.58098542653  6.810298E-16
5595.33738540521  6.438611E-16
5600.0937853839  6.463222E-16
5604.85018536259  6.964623E-16
5609.60658534127  7.158930E-16
5614.36298531996  6.894807E-16
5619.11938529865  6.682061E-16
5623.87578527734  6.267979E-16
5628.63218525602  6.630460E-16
5633.38858523471  7.049600E-16
5638.1449852134  6.596114E-16
5642.90138519209  6.448813E-16
5647.65778517077  5.944351E-16
5652.41418514946  5.669413E-16
5657.17058512815  6.224220E-16
5661.92698510683  7.013285E-16
5666.68338508552  6.957498E-16
5671.43978506421  7.110180E-16
5676.1961850429  7.012774E-16
5680.95258502158  6.338191E-16
5685.70898500027  6.727939E-16
5690.46538497896  8.049183E-16
5695.22178495765  7.463405E-16
5699.97818493633  6.775805E-16
5704.73458491502  6.729087E-16
5709.49098489371  7.098082E-16
5714.2473848724  7.136400E-16
5719.00378485108  7.214865E-16
5723.76018482977  7.275922E-16
5728.51658480846  6.989164E-16
5733.27298478714  6.711963E-16
5738.02938476583  6.131336E-16
5742.78578474452  6.350840E-16
5747.54218472321  7.190754E-16
5752.29858470189  7.126953E-16
5757.05498468058  7.495961E-16
5761.81138465927  7.913990E-16
5766.56778463796  7.372751E-16
5771.32418461664  6.718815E-16
5776.08058459533  7.063882E-16
5780.83698457402  6.741762E-16
5785.59338455271  7.564128E-16
5790.34978453139  7.665298E-16
5795.10618451008  7.282379E-16
5799.86258448877  7.446224E-16
5804.61898446746  7.758095E-16
5809.37538444614  7.706559E-16
5814.13178442483  7.713854E-16
5818.88818440352  7.133071E-16
5823.6445843822  7.354402E-16
5828.40098436089  7.532199E-16
5833.15738433958  7.857036E-16
5837.91378431826  8.178086E-16
5842.67018429695  8.592656E-16
5847.42658427564  8.267054E-16
5852.18298425433  7.424828E-16
5856.93938423301  7.324252E-16
5861.6957842117  7.628338E-16
5866.45218419039  7.930030E-16
5871.20858416908  8.131318E-16
5875.96498414776  7.961127E-16
5880.72138412645  7.740587E-16
5885.47778410514  7.685881E-16
5890.23418408383  7.345381E-16
5894.99058406251  7.014811E-16
5899.7469840412  7.592098E-16
5904.50338401989  6.497803E-16
5909.25978399858  6.418971E-16
5914.01618397726  7.572810E-16
5918.77258395595  7.419551E-16
5923.52898393464  7.531348E-16
5928.28538391332  8.126232E-16
5933.04178389201  7.246644E-16
5937.7981838707  7.136015E-16
5942.55458384938  7.611637E-16
5947.31098382807  7.237127E-16
5952.06738380676  7.754689E-16
5956.82378378545  7.730071E-16
5961.58018376414  7.674559E-16
5966.33658374282  8.371921E-16
5971.09298372151  7.905006E-16
5975.8493837002  6.828469E-16
5980.60578367888  7.219099E-16
5985.36218365757  7.630105E-16
5990.11858363626  7.368537E-16
5994.87498361495  7.668796E-16
5999.63138359363  6.959213E-16
6004.38778357232  7.516236E-16
6009.14418355101  7.242322E-16
6013.9005835297  6.962030E-16
6018.65698350838  7.442478E-16
6023.41338348707  7.224045E-16
6028.16978346576  7.050066E-16
6032.92618344445  7.255010E-16
6037.68258342313  6.595191E-16
6042.43898340182  6.469850E-16
6047.19538338051  7.641400E-16
6051.95178335919  7.333735E-16
6056.70818333788  7.104341E-16
6061.46458331657  7.394322E-16
6066.22098329526  7.301510E-16
6070.97738327394  7.118046E-16
6075.73378325263  7.486958E-16
6080.49018323132  7.848484E-16
6085.24658321001  7.612475E-16
6090.00298318869  6.993991E-16
6094.75938316738  6.692715E-16
6099.51578314607  7.516437E-16
6104.27218312476  7.321976E-16
6109.02858310344  7.209299E-16
6113.78498308213  7.384088E-16
6118.54138306082  6.975286E-16
6123.2977830395  6.434455E-16
6128.05418301819  7.100061E-16
6132.81058299688  7.002886E-16
6137.56698297557  6.640918E-16
6142.32338295425  6.771665E-16
6147.07978293294  7.539883E-16
6151.83618291163  7.643768E-16
6156.59258289031  7.424268E-16
6161.348982869  6.928693E-16
6166.10538284769  7.086191E-16
6170.86178282638  7.361081E-16
6175.61818280506  7.350123E-16
6180.37458278375  7.498171E-16
6185.13098276244  7.310300E-16
6189.88738274113  7.280101E-16
6194.64378271981  7.214192E-16
6199.4001826985  7.119255E-16
6204.15658267719  7.011646E-16
6208.91298265588  6.742520E-16
6213.66938263456  6.571711E-16
6218.42578261325  6.585749E-16
6223.18218259194  7.191939E-16
6227.93858257063  7.514981E-16
6232.69498254931  7.170074E-16
6237.451382528  6.877478E-16
6242.20778250669  6.856161E-16
6246.96418248537  6.804476E-16
6251.72058246406  6.837333E-16
6256.47698244275  6.599326E-16
6261.23338242144  6.472218E-16
6265.98978240012  6.582821E-16
6270.74618237881  6.431309E-16
6275.5025823575  6.005820E-16
6280.25898233618  5.811801E-16
6285.01538231487  5.984364E-16
6289.77178229356  5.565620E-16
6294.52818227225  5.462550E-16
6299.28458225094  5.691128E-16
6304.04098222962  5.321366E-16
6308.79738220831  5.793663E-16
6313.553782187  5.437406E-16
6318.31018216568  5.396260E-16
6323.06658214437  5.369587E-16
6327.82298212306  4.986825E-16
6332.57938210175  5.159191E-16
6337.33578208043  4.869061E-16
6342.09218205912  4.932766E-16
6346.84858203781  5.345447E-16
6351.60498201649  5.337233E-16
6356.36138199518  5.032967E-16
6361.11778197387  4.914440E-16
6365.87418195256  5.325614E-16
6370.63058193124  5.112961E-16
6375.38698190993  4.538745E-16
6380.14338188862  5.245545E-16
6384.89978186731  5.326199E-16
6389.65618184599  5.358533E-16
6394.41258182468  5.951199E-16
6399.16898180337  5.581331E-16
6403.92538178206  5.231615E-16
6408.68178176074  5.143953E-16
6413.43818173943  5.258022E-16
6418.19458171812  5.643707E-16
6422.95098169681  5.710754E-16
6427.70738167549  5.506795E-16
6432.46378165418  5.314262E-16
6437.22018163287  5.330793E-16
6441.97658161155  5.830439E-16
6446.73298159024  5.972199E-16
6451.48938156893  5.421029E-16
6456.24578154762  5.417542E-16
6461.0021815263  5.689424E-16
6465.75858150499  5.611490E-16
6470.51498148368  5.563663E-16
6475.27138146237  5.645685E-16
6480.02778144105  6.215198E-16
6484.78418141974  6.013687E-16
6489.54058139843  5.666585E-16
6494.29698137712  5.803441E-16
6499.0533813558  5.835045E-16
6503.80978133449  5.681359E-16
6508.56618131318  5.904760E-16
6513.32258129186  5.842322E-16
6518.07898127055  5.849732E-16
6522.83538124924  5.997192E-16
6527.59178122793  5.770012E-16
6532.34818120661  5.482841E-16
6537.1045811853  5.520003E-16
6541.86098116399  6.025001E-16
6546.61738114268  5.978857E-16
6551.37378112136  6.104255E-16
6556.13018110005  5.894776E-16
6560.88658107874  5.577328E-16
6565.64298105743  5.634347E-16
6570.39938103611  5.973884E-16
6575.1557810148  6.049281E-16
6579.91218099349  5.759992E-16
6584.66858097217  5.904108E-16
6589.42498095086  5.570968E-16
6594.18138092955  5.616827E-16
6598.93778090824  5.613474E-16
6603.69418088692  5.480292E-16
6608.45058086561  5.527298E-16
6613.2069808443  5.411011E-16
6617.96338082299  5.844088E-16
6622.71978080167  5.492591E-16
6627.47618078036  5.420528E-16
6632.23258075905  5.082362E-16
6636.98898073774  5.108934E-16
6641.74538071642  5.469602E-16
6646.50178069511  5.157277E-16
6651.2581806738  5.456777E-16
6656.01458065248  5.461754E-16
6660.77098063117  5.471040E-16
6665.52738060986  5.366063E-16
6670.28378058855  5.258091E-16
6675.04018056723  5.094983E-16
6679.79658054592  5.068926E-16
6684.55298052461  5.083812E-16
6689.30938050329  4.774832E-16
6694.06578048198  4.721692E-16
6698.82218046067  4.746128E-16
6703.57858043936  4.783334E-16
6708.33498041804  4.923114E-16
6713.09138039673  4.708005E-16
6717.84778037542  4.835030E-16
6722.60418035411  5.048626E-16
6727.36058033279  5.122630E-16
6732.11698031148  4.853774E-16
6736.87338029017  4.662846E-16
6741.62978026885  4.905355E-16
6746.38618024754  5.160692E-16
6751.14258022623  4.888613E-16
6755.89898020492  4.628785E-16
6760.65538018361  4.845207E-16
6765.41178016229  4.964555E-16
6770.16818014098  4.778396E-16
6774.92458011967  4.747642E-16
6779.68098009835  4.944802E-16
6784.43738007704  4.758286E-16
6789.19378005573  4.448128E-16
6793.95018003442  4.674177E-16
6798.7065800131  4.814172E-16
6803.46297999179  4.882456E-16
6808.21937997048  4.690562E-16
6812.97577994916  5.487471E-16
6817.73217992785  5.738076E-16
6822.48857990654  5.532441E-16
6827.24497988523  4.975734E-16
6832.00137986391  4.372746E-16
6836.7577798426  4.510615E-16
6841.51417982129  4.541070E-16
6846.27057979998  4.481058E-16
6851.02697977866  4.493508E-16
6855.78337975735  4.926541E-16
6860.53977973604  4.319430E-16
6865.29617971473  3.395850E-16
6870.05257969341  2.639552E-16
6874.8089796721  3.066868E-16
6879.56537965079  3.605516E-16
6884.32177962947  3.740952E-16
6889.07817960816  3.481419E-16
6893.83457958685  3.482031E-16
6898.59097956554  3.739591E-16
6903.34737954422  3.840671E-16
6908.10377952291  3.804469E-16
6912.8601795016  3.946923E-16
6917.61657948029  4.086178E-16
6922.37297945897  3.881753E-16
6927.12937943766  4.369750E-16
6931.88577941635  4.102376E-16
6936.64217939504  3.768172E-16
6941.39857937372  3.985967E-16
6946.15497935241  4.735232E-16
6950.9113793311  4.047125E-16
6955.66777930978  3.866433E-16
6960.42417928847  4.098809E-16
6965.18057926716  3.961763E-16
6969.93697924585  4.273443E-16
6974.69337922454  4.496261E-16
6979.44977920322  4.235409E-16
6984.20617918191  4.259837E-16
6988.9625791606  4.173579E-16
6993.71897913928  3.969513E-16
6998.47537911797  4.054189E-16
7003.23177909666  4.054497E-16
7007.98817907534  3.703653E-16
7012.74457905403  3.804133E-16
7017.50097903272  3.923050E-16
7022.25737901141  4.029828E-16
7027.01377899009  3.701837E-16
7031.77017896878  3.627297E-16
7036.52657894747  3.717420E-16
7041.28297892616  3.766973E-16
7046.03937890484  3.763460E-16
7050.79577888353  3.614727E-16
7055.55217886222  3.569880E-16
7060.30857884091  3.555112E-16
7065.06497881959  3.558560E-16
7069.82137879828  3.580339E-16
7074.57777877697  3.698356E-16
7079.33417875566  3.467766E-16
7084.09057873434  3.500131E-16
7088.84697871303  3.529828E-16
7093.60337869172  3.891148E-16
7098.35977867041  3.375971E-16
7103.11617864909  3.510903E-16
7107.87257862778  3.865684E-16
7112.62897860647  3.655444E-16
7117.38537858515  3.428126E-16
7122.14177856384  3.207000E-16
7126.89817854253  3.303126E-16
7131.65457852121  3.394429E-16
7136.4109784999  3.563268E-16
7141.16737847859  3.665277E-16
7145.92377845728  3.586775E-16
7150.68017843596  3.757856E-16
7155.43657841465  3.613033E-16
7160.19297839334  3.727700E-16
7164.94937837203  3.369031E-16
7169.70577835071  3.069358E-16
7174.4621783294  3.134579E-16
7179.21857830809  3.132459E-16
7183.97497828678  2.999121E-16
7188.73137826546  2.866466E-16
7193.48777824415  2.987890E-16
7198.24417822284  3.179248E-16
7203.00057820153  3.030452E-16
7207.75697818021  3.160186E-16
7212.5133781589  3.253290E-16
7217.26977813759  3.353454E-16
7222.02617811628  3.122647E-16
7226.78257809496  3.368474E-16
7231.53897807365  2.980355E-16
7236.29537805234  2.978847E-16
7241.05177803102  3.026755E-16
7245.80817800971  2.853643E-16
7250.5645779884  3.123664E-16
7255.32097796709  3.275539E-16
7260.07737794577  2.986010E-16
7264.83377792446  2.901246E-16
7269.59017790315  2.924758E-16
7274.34657788183  2.632413E-16
7279.10297786052  2.432056E-16
7283.85937783921  2.725724E-16
7288.6157778179  2.704823E-16
7293.37217779658  2.785480E-16
7298.12857777527  2.975174E-16
7302.88497775396  2.870693E-16
7307.64137773265  3.088574E-16
7312.39777771133  3.027217E-16
7317.15417769002  2.758058E-16
7321.91057766871  2.986441E-16
7326.6669776474  2.953407E-16
7331.42337762608  2.600978E-16
7336.17977760477  2.694673E-16
7340.93617758346  3.082064E-16
7345.69257756214  3.152874E-16
7350.44897754083  3.339652E-16
7355.20537751952  3.170069E-16
7359.96177749821  2.912181E-16
7364.71817747689  3.096561E-16
7369.47457745558  2.956891E-16
7374.23097743427  2.682781E-16
7378.98737741296  2.848340E-16
7383.74377739164  2.889677E-16
7388.50017737033  2.874747E-16
7393.25657734902  2.935409E-16
7398.01297732771  2.872718E-16
7402.76937730639  3.278837E-16
7407.52577728508  2.806333E-16
7412.28217726377  2.861471E-16
7417.03857724245  3.025111E-16
7421.79497722114  3.164904E-16
7426.55137719983  3.034404E-16
7431.30777717852  3.259543E-16
7436.0641771572  3.191508E-16
7440.82057713589  3.008592E-16
7445.57697711458  2.979357E-16
7450.33337709326  2.968325E-16
7455.08977707195  2.940043E-16
7459.84617705064  2.925757E-16
7464.60257702933  3.063423E-16
7469.35897700801  2.888810E-16
7474.1153769867  2.745500E-16
7478.87177696539  3.049132E-16
7483.62817694408  3.114404E-16
7488.38457692276  3.058630E-16
7493.14097690145  2.904567E-16
7497.89737688014  3.020392E-16
7502.65377685883  2.959957E-16
7507.41017683751  2.886961E-16
7512.1665768162  2.770101E-16
7516.92297679489  2.716762E-16
7521.67937677358  2.762189E-16
7526.43577675226  2.766225E-16
7531.19217673095  3.032506E-16
7535.94857670964  2.678901E-16
7540.70497668832  2.715631E-16
7545.46137666701  2.712199E-16
7550.2177766457  2.688086E-16
7554.97417662439  2.666031E-16
7559.73057660307  2.821830E-16
7564.48697658176  2.639352E-16
7569.24337656045  2.623627E-16
7573.99977653914  2.692941E-16
7578.75617651782  2.429329E-16
7583.51257649651  2.249054E-16
7588.2689764752  2.121085E-16
7593.02537645389  1.585091E-16
7597.78177643257  9.445229E-17
7602.53817641126  5.717332E-17
7607.29457638995  5.880676E-17
7612.05097636863  8.569560E-17
7616.80737634732  1.129447E-16
7621.56377632601  1.293136E-16
7626.3201763047  1.086529E-16
7631.07657628338  1.127061E-16
7635.83297626207  1.094248E-16
7640.58937624076  1.229159E-16
7645.34577621945  1.490568E-16
7650.10217619813  1.500078E-16
7654.85857617682  1.653459E-16
7659.61497615551  1.860983E-16
7664.37137613419  2.102025E-16
7669.12777611288  1.987439E-16
7673.88417609157  2.180492E-16
7678.64057607026  2.343398E-16
7683.39697604894  2.136758E-16
7688.15337602763  2.201304E-16
7692.90977600632  2.254073E-16
7697.66617598501  2.532626E-16
7702.42257596369  2.495821E-16
7707.17897594238  2.271797E-16
7711.93537592107  2.349051E-16
7716.69177589976  2.208170E-16
7721.44817587844  1.981614E-16
7726.20457585713  2.093201E-16
7730.96097583582  2.348694E-16
7735.7173758145  2.419483E-16
7740.47377579319  2.165396E-16
7745.23017577188  2.240259E-16
7749.98657575057  2.466682E-16
7754.74297572925  2.473776E-16
7759.49937570794  2.317345E-16
7764.25577568663  2.102128E-16
7769.01217566532  1.946955E-16
7773.768575644  2.015147E-16
7778.52497562269  2.180945E-16
7783.28137560138  2.109825E-16
7788.03777558007  2.124834E-16
7792.79417555875  2.615904E-16
7797.55057553744  2.564492E-16
7802.30697551613  2.310247E-16
7807.06337549482  2.374087E-16
7811.8197754735  2.498873E-16
7816.57617545219  2.749534E-16
7821.33257543088  2.347073E-16
7826.08897540956  2.041387E-16
7830.84537538825  2.189038E-16
7835.60177536694  2.001589E-16
7840.35817534563  2.073832E-16
7845.11457532431  2.601104E-16
7849.870975303  2.485567E-16
7854.62737528169  2.272645E-16
7859.38377526037  2.106683E-16
7864.14017523906  2.189891E-16
7868.89657521775  2.014638E-16
7873.65297519644  2.457733E-16
7878.40937517512  2.488347E-16
7883.16577515381  2.108504E-16
7887.9221751325  2.074870E-16
7892.67857511119  2.285518E-16
7897.43497508987  2.341587E-16
7902.19137506856  2.380516E-16
7906.94777504725  2.311232E-16
7911.70417502593  2.095781E-16
7916.46057500462  2.059893E-16
7921.21697498331  1.870342E-16
7925.973374962  2.128004E-16
7930.72977494069  1.967704E-16
7935.48617491937  2.215742E-16
7940.24257489806  2.032767E-16
7944.99897487675  2.287805E-16
7949.75537485543  2.352496E-16
7954.51177483412  2.353466E-16
7959.26817481281  2.458213E-16
7964.0245747915  2.122624E-16
7968.78097477018  1.879883E-16
7973.53737474887  2.099888E-16
7978.29377472756  2.046813E-16
7983.05017470624  2.112805E-16
7987.80657468493  2.588900E-16
7992.56297466362  2.352021E-16
7997.31937464231  2.287552E-16
8002.075774621  2.538159E-16
8006.83217459968  2.361999E-16
8011.58857457837  2.357081E-16
8016.34497455706  2.560841E-16
8021.10137453574  2.634248E-16
8025.85777451443  2.411026E-16
8030.61417449312  2.325964E-16
8035.37057447181  2.580593E-16
8040.12697445049  2.621307E-16
8044.88337442918  2.637012E-16
8049.63977440787  2.698139E-16
8054.39617438655  2.866912E-16
8059.15257436524  2.894127E-16
8063.90897434393  2.544024E-16
8068.66537432262  2.442491E-16
8073.4217743013  2.514629E-16
8078.17817427999  2.694201E-16
8082.93457425868  2.346978E-16
8087.69097423737  2.301471E-16
8092.44737421605  2.681046E-16
8097.20377419474  2.683697E-16
8101.96017417343  2.642228E-16
8106.71657415212  2.594084E-16
8111.4729741308  2.786881E-16
8116.22937410949  2.435520E-16
8120.98577408818  2.423927E-16
8125.74217406687  2.517723E-16
8130.49857404555  2.389559E-16
8135.25497402424  2.441804E-16
8140.01137400293  2.246938E-16
8144.76777398162  2.217998E-16
8149.5241739603  2.274159E-16
8154.28057393899  2.392489E-16
8159.03697391768  2.224927E-16
8163.79337389636  1.918913E-16
8168.54977387505  2.495679E-16
8173.30617385374  2.546124E-16
8178.06257383242  2.354774E-16
8182.81897381111  2.332923E-16
8187.5753737898  2.086390E-16
8192.33177376849  2.044723E-16
8197.08817374717  2.284724E-16
8201.84457372586  2.518003E-16
8206.60097370455  2.373405E-16
8211.35737368324  2.360577E-16
8216.11377366192  2.386159E-16
8220.87017364061  2.182369E-16
8225.6265736193  2.024841E-16
8230.38297359799  2.009309E-16
8235.13937357667  2.280212E-16
8239.89577355536  2.469226E-16
8244.65217353405  2.649339E-16
