3266.99560547 -1.48854e-17
3269.18041634 -8.32899e-17
3271.3652272 2.32465e-16
3273.55003807 2.81376e-16
3275.73484893 2.2487e-18
3277.9196598 1.31429e-16
3280.10447067 1.6666e-16
3282.28928153 1.02735e-16
3284.4740924 1.97641e-16
3286.65890327 1.70373e-16
3288.84371413 6.03779e-17
3291.028525 1.15262e-17
3293.21333586 1.47138e-18
3295.39814673 9.75664e-17
3297.5829576 1.09352e-16
3299.76776846 4.1213e-17
3301.95257933 1.25491e-16
3304.1373902 1.49225e-16
3306.32220106 1.59396e-16
3308.50701193 5.2461e-17
3310.6918228 -1.8455e-17
3312.87663366 1.02132e-16
3315.06144453 5.9136e-17
3317.24625539 5.84342e-17
3319.43106626 1.29751e-16
3321.61587713 1.07706e-16
3323.80068799 4.6944e-17
3325.98549886 4.57641e-17
3328.17030973 9.98333e-17
3330.35512059 9.91539e-17
3332.53993146 6.90727e-17
3334.72474233 1.79487e-17
3336.90955319 -4.96069e-17
3339.09436406 -4.98689e-17
3341.27917492 3.10741e-17
3343.46398579 3.83081e-17
3345.64879666 7.3624e-17
3347.83360752 5.54605e-17
3350.01841839 1.9157e-16
3352.20322926 9.35233e-17
3354.38804012 8.1067e-18
3356.57285099 8.78711e-17
3358.75766185 2.15859e-16
3360.94247272 1.77316e-17
3363.12728359 -5.88869e-17
3365.31209445 1.17154e-16
3367.49690532 2.27459e-17
3369.68171619 7.20904e-17
3371.86652705 6.53571e-17
3374.05133792 8.23601e-17
3376.23614879 7.69613e-17
3378.42095965 1.50679e-16
3380.60577052 1.19234e-16
3382.79058138 1.21277e-16
3384.97539225 5.72497e-17
3387.16020312 -4.00676e-17
3389.34501398 5.16658e-17
3391.52982485 8.84095e-17
3393.71463572 6.63902e-17
3395.89944658 7.42358e-17
3398.08425745 -2.37423e-17
3400.26906832 3.90517e-17
3402.45387918 -2.34365e-17
3404.63869005 -2.17334e-17
3406.82350091 3.56274e-17
3409.00831178 7.47947e-17
3411.19312265 2.51867e-16
3413.37793351 1.25847e-16
3415.56274438 1.40983e-16
3417.74755525 7.38361e-17
3419.93236611 -6.69145e-17
3422.11717698 4.65407e-17
3424.30198785 8.71364e-17
3426.48679871 2.12362e-17
3428.67160958 1.18036e-16
3430.85642044 1.46657e-16
3433.04123131 3.62275e-17
3435.22604218 -3.39105e-17
3437.41085304 3.87949e-17
3439.59566391 1.13197e-16
3441.78047478 4.81668e-17
3443.96528564 8.81712e-17
3446.15009651 9.75193e-17
3448.33490737 7.63181e-17
3450.51971824 1.24859e-16
3452.70452911 1.13097e-16
3454.88933997 1.20612e-16
3457.07415084 8.75987e-17
3459.25896171 8.12634e-17
3461.44377257 1.24861e-16
3463.62858344 1.70235e-16
3465.81339431 4.32226e-17
3467.99820517 2.60147e-17
3470.18301604 5.10832e-18
3472.3678269 -3.75635e-17
3474.55263777 5.21511e-17
3476.73744864 5.98277e-17
3478.9222595 6.34742e-17
3481.10707037 5.40789e-17
3483.29188124 1.02384e-16
3485.4766921 1.3216e-16
3487.66150297 3.95898e-17
3489.84631384 3.42289e-17
3492.0311247 6.63515e-17
3494.21593557 7.90313e-17
3496.40074643 3.78131e-17
3498.5855573 1.77951e-18
3500.77036817 1.06403e-17
3502.95517903 2.50549e-17
3505.1399899 6.34622e-17
3507.32480077 7.52642e-17
3509.50961163 1.10689e-16
3511.6944225 8.39029e-17
3513.87923336 6.11405e-17
3516.06404423 8.23965e-17
3518.2488551 8.77799e-17
3520.43366596 4.2442e-17
3522.61847683 5.03813e-18
3524.8032877 -4.73576e-18
3526.98809856 5.28914e-17
3529.17290943 4.69568e-17
3531.3577203 1.0442e-16
3533.54253116 1.42727e-16
3535.72734203 7.94893e-17
3537.91215289 1.46554e-16
3540.09696376 1.12897e-16
3542.28177463 1.08312e-16
3544.46658549 1.02604e-16
3546.65139636 9.2621e-18
3548.83620723 2.04348e-17
3551.02101809 3.96047e-17
3553.20582896 6.58206e-17
3555.39063983 9.21985e-17
3557.57545069 1.35366e-16
3559.76026156 1.63182e-16
3561.94507242 9.05206e-17
3564.12988329 7.68312e-17
3566.31469416 6.95745e-17
3568.49950502 1.18611e-16
3570.68431589 1.18301e-16
3572.86912676 5.43527e-18
3575.05393762 1.88167e-17
3577.23874849 5.09179e-17
3579.42355936 9.14213e-17
3581.60837022 1.23865e-16
3583.79318109 1.97607e-16
3585.97799195 7.6078e-17
3588.16280282 9.47115e-17
3590.34761369 6.74898e-17
3592.53242455 9.5099e-17
3594.71723542 1.32063e-16
3596.90204629 9.68886e-17
3599.08685715 4.90243e-17
3601.27166802 8.06816e-17
3603.45647888 4.51841e-17
3605.64128975 5.42838e-17
3607.82610062 1.76581e-16
3610.01091148 1.28766e-16
3612.19572235 6.29843e-17
3614.38053322 9.70178e-17
3616.56534408 3.60354e-17
3618.75015495 9.17331e-17
3620.93496582 1.40052e-16
3623.11977668 1.55498e-16
3625.30458755 1.53795e-16
3627.48939841 1.31326e-16
3629.67420928 5.15451e-17
3631.85902015 1.30934e-16
3634.04383101 1.1462e-16
3636.22864188 8.74838e-17
3638.41345275 1.90235e-16
3640.59826361 7.65148e-17
3642.78307448 9.47676e-17
3644.96788535 1.27298e-16
3647.15269621 1.07843e-16
3649.33750708 1.26721e-16
3651.52231794 1.2931e-16
3653.70712881 4.78736e-17
3655.89193968 4.3485e-17
3658.07675054 1.15695e-16
3660.26156141 5.37006e-17
3662.44637228 1.05873e-16
3664.63118314 9.41543e-17
3666.81599401 9.12309e-17
3669.00080487 1.17853e-16
3671.18561574 1.32781e-16
3673.37042661 9.64606e-17
3675.55523747 7.9288e-17
3677.74004834 1.21791e-16
3679.92485921 7.21242e-17
3682.10967007 1.258e-16
3684.29448094 1.39208e-16
3686.47929181 1.2014e-16
3688.66410267 1.54393e-16
3690.84891354 1.90784e-16
3693.0337244 1.44702e-16
3695.21853527 1.14328e-16
3697.40334614 1.42897e-16
3699.588157 1.87633e-16
3701.77296787 1.02832e-16
3703.95777874 1.05348e-16
3706.1425896 1.87689e-16
3708.32740047 1.66678e-16
3710.51221134 1.28679e-16
3712.6970222 1.17858e-16
3714.88183307 1.30688e-16
3717.06664393 9.80469e-17
3719.2514548 1.58889e-16
3721.43626567 2.0502e-16
3723.62107653 1.54492e-16
3725.8058874 9.85015e-17
3727.99069827 1.66059e-16
3730.17550913 7.55679e-17
3732.36032 1.17752e-16
3734.54513087 1.43455e-16
3736.72994173 1.37946e-16
3738.9147526 1.42101e-16
3741.09956346 1.25562e-16
3743.28437433 1.64615e-16
3745.4691852 1.75395e-16
3747.65399606 1.99211e-16
3749.83880693 1.60995e-16
3752.0236178 1.57307e-16
3754.20842866 1.51896e-16
3756.39323953 1.26582e-16
3758.57805039 1.39521e-16
3760.76286126 1.2973e-16
3762.94767213 6.581e-17
3765.13248299 9.58253e-17
3767.31729386 1.65297e-16
3769.50210473 1.67468e-16
3771.68691559 1.439e-16
3773.87172646 1.66213e-16
3776.05653733 2.13389e-16
3778.24134819 1.95376e-16
3780.42615906 2.12993e-16
3782.61096992 2.4241e-16
3784.79578079 1.7295e-16
3786.98059166 1.7484e-16
3789.16540252 1.95277e-16
3791.35021339 1.51476e-16
3793.53502426 1.58623e-16
3795.71983512 1.4614e-16
3797.90464599 1.89605e-16
3800.08945686 1.76082e-16
3802.27426772 1.46243e-16
3804.45907859 1.71614e-16
3806.64388945 1.82063e-16
3808.82870032 1.66984e-16
3811.01351119 2.18308e-16
3813.19832205 2.11998e-16
3815.38313292 1.666e-16
3817.56794379 2.07987e-16
3819.75275465 2.04274e-16
3821.93756552 2.13645e-16
3824.12237638 2.45284e-16
3826.30718725 2.21811e-16
3828.49199812 2.24481e-16
3830.67680898 2.41576e-16
3832.86161985 2.64887e-16
3835.04643072 2.082e-16
3837.23124158 2.0928e-16
3839.41605245 2.33303e-16
3841.60086332 2.38095e-16
3843.78567418 2.02916e-16
3845.97048505 1.94589e-16
3848.15529591 1.58552e-16
3850.34010678 1.36728e-16
3852.52491765 1.45462e-16
3854.70972851 2.11325e-16
3856.89453938 2.57684e-16
3859.07935025 2.06623e-16
3861.26416111 2.04601e-16
3863.44897198 2.06371e-16
3865.63378285 2.40556e-16
3867.81859371 2.44451e-16
3870.00340458 2.14356e-16
3872.18821544 1.88962e-16
3874.37302631 2.49062e-16
3876.55783718 2.74508e-16
3878.74264804 2.91488e-16
3880.92745891 1.88775e-16
3883.11226978 1.82211e-16
3885.29708064 1.96647e-16
3887.48189151 1.73296e-16
3889.66670238 2.07844e-16
3891.85151324 1.88728e-16
3894.03632411 2.16862e-16
3896.22113497 2.37075e-16
3898.40594584 2.43672e-16
3900.59075671 2.0451e-16
3902.77556757 1.96826e-16
3904.96037844 1.67759e-16
3907.14518931 1.68581e-16
3909.33000017 1.84988e-16
3911.51481104 2.45649e-16
3913.6996219 1.77612e-16
3915.88443277 2.2757e-16
3918.06924364 2.21441e-16
3920.2540545 1.88781e-16
3922.43886537 2.5696e-16
3924.62367624 2.33802e-16
3926.8084871 1.97544e-16
3928.99329797 1.88105e-16
3931.17810884 1.97158e-16
3933.3629197 2.37084e-16
3935.54773057 1.9269e-16
3937.73254143 1.98366e-16
3939.9173523 2.33305e-16
3942.10216317 2.14596e-16
3944.28697403 1.56744e-16
3946.4717849 1.30454e-16
3948.65659577 1.66694e-16
3950.84140663 1.75033e-16
3953.0262175 1.95842e-16
3955.21102837 2.02764e-16
3957.39583923 1.79628e-16
3959.5806501 1.61513e-16
3961.76546096 1.75727e-16
3963.95027183 1.13505e-16
3966.1350827 1.14531e-16
3968.31989356 1.13448e-16
3970.50470443 1.17845e-16
3972.6895153 1.41172e-16
3974.87432616 1.06717e-16
3977.05913703 9.63878e-17
3979.24394789 1.29865e-16
3981.42875876 1.09416e-16
3983.61356963 1.31228e-16
3985.79838049 1.31599e-16
3987.98319136 1.08025e-16
3990.16800223 1.0804e-16
3992.35281309 9.61512e-17
3994.53762396 1.11634e-16
3996.72243483 8.54459e-17
3998.90724569 7.68448e-17
4001.09205656 8.17006e-17
4003.27686742 7.214e-17
4005.46167829 1.07843e-16
4007.64648916 9.77016e-17
4009.83130002 8.91444e-17
4012.01611089 9.2463e-17
4014.20092176 9.2729e-17
4016.38573262 7.07961e-17
4018.57054349 6.63733e-17
4020.75535436 7.84312e-17
4022.94016522 5.36535e-17
4025.12497609 6.93936e-17
4027.30978695 9.39202e-17
4029.49459782 1.16734e-16
4031.67940869 8.24235e-17
4033.86421955 6.26163e-17
4036.04903042 7.52734e-17
4038.23384129 8.27354e-17
4040.41865215 7.78833e-17
4042.60346302 7.42592e-17
4044.78827389 8.65145e-17
4046.97308475 9.9121e-17
4049.15789562 9.78726e-17
4051.34270648 1.05206e-16
4053.52751735 1.25858e-16
4055.71232822 9.06004e-17
4057.89713908 8.80591e-17
4060.08194995 1.25589e-16
4062.26676082 1.11668e-16
4064.45157168 9.07055e-17
4066.63638255 1.08116e-16
4068.82119341 1.52138e-16
4071.00600428 1.18377e-16
4073.19081515 1.11238e-16
4075.37562601 1.41843e-16
4077.56043688 1.07745e-16
4079.74524775 1.2584e-16
4081.93005861 1.28127e-16
4084.11486948 8.69565e-17
4086.29968035 1.19235e-16
4088.48449121 1.12525e-16
4090.66930208 9.58292e-17
4092.85411294 1.48539e-16
4095.03892381 1.27807e-16
4097.22373468 1.001e-16
4099.40854554 1.29161e-16
4101.59335641 1.04759e-16
4103.77816728 1.09318e-16
4105.96297814 1.25822e-16
4108.14778901 1.30699e-16
4110.33259988 1.23352e-16
4112.51741074 1.19312e-16
4114.70222161 1.5631e-16
4116.88703247 1.26809e-16
4119.07184334 1.38493e-16
4121.25665421 1.11254e-16
4123.44146507 1.0714e-16
4125.62627594 1.67134e-16
4127.81108681 1.58913e-16
4129.99589767 1.12395e-16
4132.18070854 1.42645e-16
4134.3655194 1.646e-16
4136.55033027 1.54602e-16
4138.73514114 1.50457e-16
4140.919952 1.38051e-16
4143.10476287 1.15516e-16
4145.28957374 1.80844e-16
4147.4743846 1.54111e-16
4149.65919547 1.19477e-16
4151.84400634 1.14578e-16
4154.0288172 1.43228e-16
4156.21362807 1.73618e-16
4158.39843893 1.5481e-16
4160.5832498 1.83005e-16
4162.76806067 1.89483e-16
4164.95287153 1.79634e-16
4167.1376824 1.59314e-16
4169.32249327 1.91737e-16
4171.50730413 2.06886e-16
4173.692115 1.76156e-16
4175.87692587 2.32662e-16
4178.06173673 2.29099e-16
4180.2465476 2.2277e-16
4182.43135846 2.13819e-16
4184.61616933 2.10603e-16
4186.8009802 2.50839e-16
4188.98579106 2.17503e-16
4191.17060193 2.09009e-16
4193.3554128 2.20472e-16
4195.54022366 2.59026e-16
4197.72503453 2.66926e-16
4199.9098454 2.46844e-16
4202.09465626 2.50406e-16
4204.27946713 2.61562e-16
4206.46427799 2.50614e-16
4208.64908886 2.48802e-16
4210.83389973 2.74399e-16
4213.01871059 2.92549e-16
4215.20352146 3.04307e-16
4217.38833233 2.55959e-16
4219.57314319 2.81526e-16
4221.75795406 2.72774e-16
4223.94276492 2.80968e-16
4226.12757579 3.03182e-16
4228.31238666 3.06097e-16
4230.49719752 2.92372e-16
4232.68200839 2.81633e-16
4234.86681926 3.05725e-16
4237.05163012 2.77283e-16
4239.23644099 2.6489e-16
4241.42125186 2.81239e-16
4243.60606272 2.90557e-16
4245.79087359 2.79178e-16
4247.97568445 3.08723e-16
4250.16049532 3.18216e-16
4252.34530619 3.13185e-16
4254.53011705 2.44278e-16
4256.71492792 2.71045e-16
4258.89973879 3.11855e-16
4261.08454965 3.03787e-16
4263.26936052 3.01119e-16
4265.45417139 3.08293e-16
4267.63898225 2.85315e-16
4269.82379312 2.94304e-16
4272.00860398 3.26264e-16
4274.19341485 3.25901e-16
4276.37822572 3.27357e-16
4278.56303658 2.88687e-16
4280.74784745 2.96493e-16
4282.93265832 3.17063e-16
4285.11746918 2.96508e-16
4287.30228005 2.95503e-16
4289.48709091 2.87365e-16
4291.67190178 2.78052e-16
4293.85671265 3.05733e-16
4296.04152351 2.64525e-16
4298.22633438 2.50675e-16
4300.41114525 3.17876e-16
4302.59595611 3.02099e-16
4304.78076698 2.70103e-16
4306.96557785 3.02377e-16
4309.15038871 3.04e-16
4311.33519958 2.82114e-16
4313.52001044 2.66516e-16
4315.70482131 2.47591e-16
4317.88963218 2.3243e-16
4320.07444304 2.49271e-16
4322.25925391 2.64939e-16
4324.44406478 2.64713e-16
4326.62887564 2.78503e-16
4328.81368651 2.68437e-16
4330.99849738 2.70143e-16
4333.18330824 2.85138e-16
4335.36811911 2.723e-16
4337.55292997 2.63313e-16
4339.73774084 2.71648e-16
4341.92255171 2.46636e-16
4344.10736257 2.52858e-16
4346.29217344 2.90903e-16
4348.47698431 2.5852e-16
4350.66179517 2.69519e-16
4352.84660604 2.54257e-16
4355.03141691 2.59077e-16
4357.21622777 2.72143e-16
4359.40103864 3.08546e-16
4361.5858495 2.67318e-16
4363.77066037 3.00819e-16
4365.95547124 3.38344e-16
4368.1402821 3.13921e-16
4370.32509297 3.11711e-16
4372.50990384 3.10394e-16
4374.6947147 2.95582e-16
4376.87952557 2.79234e-16
4379.06433643 2.761e-16
4381.2491473 2.78498e-16
4383.43395817 2.80027e-16
4385.61876903 2.89625e-16
4387.8035799 2.88546e-16
4389.98839077 3.22638e-16
4392.17320163 3.2019e-16
4394.3580125 3.02749e-16
4396.54282337 3.11191e-16
4398.72763423 3.03627e-16
4400.9124451 3.43523e-16
4403.09725596 2.90432e-16
4405.28206683 3.17555e-16
4407.4668777 3.0528e-16
4409.65168856 2.90096e-16
4411.83649943 3.53221e-16
4414.0213103 3.27573e-16
4416.20612116 3.32165e-16
4418.39093203 3.23405e-16
4420.5757429 3.24087e-16
4422.76055376 3.26275e-16
4424.94536463 3.29223e-16
4427.13017549 2.89467e-16
4429.31498636 2.90645e-16
4431.49979723 3.23288e-16
4433.68460809 2.97706e-16
4435.86941896 3.12023e-16
4438.05422983 2.98212e-16
4440.23904069 3.0477e-16
4442.42385156 2.67985e-16
4444.60866242 3.07946e-16
4446.79347329 3.19999e-16
4448.97828416 3.12004e-16
4451.16309502 2.83891e-16
4453.34790589 2.59415e-16
4455.53271676 2.81065e-16
4457.71752762 3.12263e-16
4459.90233849 3.18235e-16
4462.08714936 3.12994e-16
4464.27196022 2.99585e-16
4466.45677109 2.95047e-16
4468.64158195 2.80264e-16
4470.82639282 3.09264e-16
4473.01120369 3.16044e-16
4475.19601455 2.65097e-16
4477.38082542 3.06654e-16
4479.56563629 2.74851e-16
4481.75044715 2.78211e-16
4483.93525802 3.00654e-16
4486.12006889 3.11996e-16
4488.30487975 2.91828e-16
4490.48969062 2.9928e-16
4492.67450148 2.78522e-16
4494.85931235 2.73398e-16
4497.04412322 2.7801e-16
4499.22893408 3.05134e-16
4501.41374495 2.90146e-16
4503.59855582 2.59252e-16
4505.78336668 2.58023e-16
4507.96817755 2.53508e-16
4510.15298842 2.86065e-16
4512.33779928 2.77959e-16
4514.52261015 3.04827e-16
4516.70742101 2.72934e-16
4518.89223188 2.55652e-16
4521.07704275 2.47159e-16
4523.26185361 2.83627e-16
4525.44666448 3.13237e-16
4527.63147535 2.7325e-16
4529.81628621 2.54941e-16
4532.00109708 2.57182e-16
4534.18590794 2.7528e-16
4536.37071881 2.77029e-16
4538.55552968 2.50907e-16
4540.74034054 2.53698e-16
4542.92515141 2.60581e-16
4545.10996228 2.36356e-16
4547.29477314 2.45163e-16
4549.47958401 2.62933e-16
4551.66439488 2.56741e-16
4553.84920574 2.51586e-16
4556.03401661 2.46645e-16
4558.21882747 2.45564e-16
4560.40363834 2.50007e-16
4562.58844921 2.59362e-16
4564.77326007 2.48481e-16
4566.95807094 2.50735e-16
4569.14288181 2.39539e-16
4571.32769267 2.37274e-16
4573.51250354 2.33713e-16
4575.69731441 2.10172e-16
4577.88212527 2.02578e-16
4580.06693614 2.11729e-16
4582.251747 2.37057e-16
4584.43655787 2.3249e-16
4586.62136874 2.34851e-16
4588.8061796 2.21375e-16
4590.99099047 1.96094e-16
4593.17580134 2.12177e-16
4595.3606122 1.97191e-16
4597.54542307 1.82228e-16
4599.73023393 1.79172e-16
4601.9150448 2.32685e-16
4604.09985567 2.29582e-16
4606.28466653 1.8762e-16
4608.4694774 2.08292e-16
4610.65428827 2.02759e-16
4612.83909913 1.86828e-16
4615.02391 1.95343e-16
4617.20872087 2.03546e-16
4619.39353173 2.10221e-16
4621.5783426 1.92855e-16
4623.76315346 1.74736e-16
4625.94796433 1.88426e-16
4628.1327752 1.91864e-16
4630.31758606 1.91238e-16
4632.50239693 1.84834e-16
4634.6872078 1.93474e-16
4636.87201866 1.82642e-16
4639.05682953 2.05791e-16
4641.2416404 1.96488e-16
4643.42645126 1.7652e-16
4645.61126213 1.80309e-16
4647.79607299 1.5762e-16
4649.98088386 1.64932e-16
4652.16569473 1.71059e-16
4654.35050559 1.50715e-16
4656.53531646 1.66153e-16
4658.72012733 1.63365e-16
4660.90493819 1.61452e-16
4663.08974906 1.87057e-16
4665.27455993 1.8826e-16
4667.45937079 1.78105e-16
4669.64418166 1.7929e-16
4671.82899252 1.87064e-16
4674.01380339 1.94567e-16
4676.19861426 1.78518e-16
4678.38342512 1.77612e-16
4680.56823599 1.67299e-16
4682.75304686 1.65693e-16
4684.93785772 1.63003e-16
4687.12266859 1.72074e-16
4689.30747945 1.73223e-16
4691.49229032 1.69354e-16
4693.67710119 2.00938e-16
4695.86191205 1.60082e-16
4698.04672292 1.68995e-16
4700.23153379 1.7159e-16
4702.41634465 1.75766e-16
4704.60115552 1.89521e-16
4706.78596639 2.19428e-16
4708.97077725 2.10094e-16
4711.15558812 1.93065e-16
4713.34039898 1.62225e-16
4715.52520985 1.76671e-16
4717.71002072 1.89222e-16
4719.89483158 1.95803e-16
4722.07964245 1.87748e-16
4724.26445332 1.75968e-16
4726.44926418 1.79131e-16
4728.63407505 1.62843e-16
4730.81888592 2.06428e-16
4733.00369678 2.17203e-16
4735.18850765 1.70996e-16
4737.37331851 1.88072e-16
4739.55812938 1.91685e-16
4741.74294025 2.00396e-16
4743.92775111 2.15104e-16
4746.11256198 2.03797e-16
4748.29737285 1.98671e-16
4750.48218371 2.05577e-16
4752.66699458 2.0449e-16
4754.85180544 1.85153e-16
4757.03661631 2.01933e-16
4759.22142718 2.03127e-16
4761.40623804 2.34357e-16
4763.59104891 2.25939e-16
4765.77585978 1.76468e-16
4767.96067064 2.01305e-16
4770.14548151 2.21332e-16
4772.33029238 1.82988e-16
4774.51510324 1.94587e-16
4776.69991411 2.03197e-16
4778.88472497 1.7924e-16
4781.06953584 1.73835e-16
4783.25434671 1.98803e-16
4785.43915757 1.89492e-16
4787.62396844 2.06624e-16
4789.80877931 1.82446e-16
4791.99359017 1.603e-16
4794.17840104 2.00886e-16
4796.36321191 1.96434e-16
4798.54802277 1.6781e-16
4800.73283364 1.80398e-16
4802.9176445 2.01708e-16
4805.10245537 2.15312e-16
4807.28726624 1.92232e-16
4809.4720771 1.81548e-16
4811.65688797 1.97494e-16
4813.84169884 1.94242e-16
4816.0265097 1.73288e-16
4818.21132057 1.76234e-16
4820.39613144 2.16169e-16
4822.5809423 2.16191e-16
4824.76575317 2.05048e-16
4826.95056403 2.02201e-16
4829.1353749 1.99325e-16
4831.32018577 1.97016e-16
4833.50499663 2.24987e-16
4835.6898075 2.36123e-16
4837.87461837 2.18838e-16
4840.05942923 2.25779e-16
4842.2442401 2.43957e-16
4844.42905096 2.35272e-16
4846.61386183 2.42239e-16
4848.7986727 2.28215e-16
4850.98348356 2.21725e-16
4853.16829443 2.44581e-16
4855.3531053 2.21101e-16
4857.53791616 2.3379e-16
4859.72272703 2.4536e-16
4861.9075379 2.52147e-16
4864.09234876 2.39695e-16
4866.27715963 2.24265e-16
4868.46197049 2.21441e-16
4870.64678136 2.37408e-16
4872.83159223 2.17036e-16
4875.01640309 2.11971e-16
4877.20121396 2.25274e-16
4879.38602483 2.50731e-16
4881.57083569 2.54422e-16
4883.75564656 2.6502e-16
4885.94045743 2.78114e-16
4888.12526829 2.44404e-16
4890.31007916 2.62998e-16
4892.49489002 2.6041e-16
4894.67970089 2.44533e-16
4896.86451176 2.7875e-16
4899.04932262 2.36835e-16
4901.23413349 2.33997e-16
4903.41894436 2.31988e-16
4905.60375522 2.35432e-16
4907.78856609 2.39686e-16
4909.97337695 2.39379e-16
4912.15818782 2.56023e-16
4914.34299869 2.56164e-16
4916.52780955 2.42101e-16
4918.71262042 2.57732e-16
4920.89743129 2.18147e-16
4923.08224215 2.14694e-16
4925.26705302 2.40893e-16
4927.45186389 2.34357e-16
4929.63667475 2.21737e-16
4931.82148562 2.15364e-16
4934.00629648 2.18988e-16
4936.19110735 2.48883e-16
4938.37591822 2.47361e-16
4940.56072908 2.26374e-16
4942.74553995 2.1139e-16
4944.93035082 2.23784e-16
4947.11516168 2.2423e-16
4949.29997255 2.28785e-16
4951.48478342 2.35997e-16
4953.66959428 2.32748e-16
4955.85440515 2.23005e-16
4958.03921601 2.53956e-16
4960.22402688 2.57097e-16
4962.40883775 2.78345e-16
4964.59364861 2.43174e-16
4966.77845948 2.42375e-16
4968.96327035 2.49943e-16
4971.14808121 2.2817e-16
4973.33289208 2.14947e-16
4975.51770295 2.58282e-16
4977.70251381 2.39572e-16
4979.88732468 2.3416e-16
4982.07213554 2.17439e-16
4984.25694641 2.35723e-16
4986.44175728 2.50503e-16
4988.62656814 2.28469e-16
4990.81137901 2.605e-16
4992.99618988 2.63034e-16
4995.18100074 2.52296e-16
4997.36581161 2.2902e-16
4999.55062247 2.38738e-16
5001.73543334 2.61807e-16
5003.92024421 2.63617e-16
5006.10505507 2.25766e-16
5008.28986594 2.35835e-16
5010.47467681 2.49091e-16
5012.65948767 2.23829e-16
5014.84429854 2.22954e-16
5017.02910941 2.2648e-16
5019.21392027 2.07844e-16
5021.39873114 2.12974e-16
5023.583542 2.2386e-16
5025.76835287 2.11767e-16
5027.95316374 1.90772e-16
5030.1379746 2.03767e-16
5032.32278547 1.84774e-16
5034.50759634 1.98905e-16
5036.6924072 2.09221e-16
5038.87721807 1.93717e-16
5041.06202894 1.79246e-16
5043.2468398 1.92796e-16
5045.43165067 1.95128e-16
5047.61646153 2.01346e-16
5049.8012724 2.18865e-16
5051.98608327 1.91841e-16
5054.17089413 1.83232e-16
5056.355705 1.93481e-16
5058.54051587 2.02211e-16
5060.72532673 1.79353e-16
5062.9101376 1.96752e-16
5065.09494846 2.26071e-16
5067.27975933 2.0362e-16
5069.4645702 1.83508e-16
5071.64938106 1.76538e-16
5073.83419193 1.84016e-16
5076.0190028 1.93513e-16
5078.20381366 1.9525e-16
5080.38862453 2.12619e-16
5082.5734354 1.98763e-16
5084.75824626 1.76501e-16
5086.94305713 2.10849e-16
5089.12786799 2.08147e-16
5091.31267886 2.07433e-16
5093.49748973 2.13702e-16
5095.68230059 2.04423e-16
5097.86711146 1.9127e-16
5100.05192233 1.93912e-16
5102.23673319 1.93247e-16
5104.42154406 1.76392e-16
5106.60635493 1.96334e-16
5108.79116579 2.05811e-16
5110.97597666 1.77739e-16
5113.16078752 2.11168e-16
5115.34559839 1.98576e-16
5117.53040926 1.7063e-16
5119.71522012 1.90022e-16
5121.90003099 1.92035e-16
5124.08484186 1.70215e-16
5126.26965272 1.58384e-16
5128.45446359 1.72226e-16
5130.63927446 1.55076e-16
5132.82408532 1.61067e-16
5135.00889619 1.70361e-16
5137.19370705 1.4583e-16
5139.37851792 1.46237e-16
5141.56332879 1.60334e-16
5143.74813965 1.55799e-16
5145.93295052 1.69209e-16
5148.11776139 1.5772e-16
5150.30257225 1.69659e-16
5152.48738312 1.77467e-16
5154.67219398 1.72038e-16
5156.85700485 1.7204e-16
5159.04181572 1.71801e-16
5161.22662658 1.60096e-16
5163.41143745 1.73109e-16
5165.59624832 1.76724e-16
5167.78105918 1.84859e-16
5169.96587005 1.73034e-16
5172.15068092 1.67682e-16
5174.33549178 1.8872e-16
5176.52030265 1.64727e-16
5178.70511351 1.80064e-16
5180.88992438 2.0452e-16
5183.07473525 1.95384e-16
5185.25954611 1.90296e-16
5187.44435698 1.90729e-16
5189.62916785 2.36502e-16
5191.81397871 2.17368e-16
5193.99878958 1.85309e-16
5196.18360045 2.03071e-16
5198.36841131 2.19057e-16
5200.55322218 1.87045e-16
5202.73803304 1.85329e-16
5204.92284391 1.89898e-16
5207.10765478 1.58947e-16
5209.29246564 1.91261e-16
5211.47727651 1.87202e-16
5213.66208738 1.40371e-16
5215.84689824 1.79723e-16
5218.03170911 1.98225e-16
5220.21651997 1.83217e-16
5222.40133084 1.73344e-16
5224.58614171 1.73078e-16
5226.77095257 1.73091e-16
5228.95576344 1.56493e-16
5231.14057431 1.81549e-16
5233.32538517 1.64381e-16
5235.51019604 1.4619e-16
5237.69500691 1.58868e-16
5239.87981777 1.54865e-16
5242.06462864 1.50077e-16
5244.2494395 1.59435e-16
5246.43425037 1.40218e-16
5248.61906124 1.58725e-16
5250.8038721 1.4673e-16
5252.98868297 1.57262e-16
5255.17349384 1.50286e-16
5257.3583047 1.54619e-16
5259.54311557 1.46091e-16
5261.72792644 1.47063e-16
5263.9127373 1.45189e-16
5266.09754817 1.35475e-16
5268.28235903 1.53992e-16
5270.4671699 1.42224e-16
5272.65198077 1.44027e-16
5274.83679163 1.31435e-16
5277.0216025 1.75015e-16
5279.20641337 1.57005e-16
5281.39122423 1.28113e-16
5283.5760351 1.41022e-16
5285.76084597 1.45615e-16
5287.94565683 1.59973e-16
5290.1304677 1.36925e-16
5292.31527856 1.62768e-16
5294.50008943 1.61195e-16
5296.6849003 1.60905e-16
5298.86971116 1.32477e-16
5301.05452203 1.42025e-16
5303.2393329 1.67345e-16
5305.42414376 1.78901e-16
5307.60895463 1.44341e-16
5309.79376549 1.53224e-16
5311.97857636 1.53448e-16
5314.16338723 1.51593e-16
5316.34819809 1.5205e-16
5318.53300896 1.52494e-16
5320.71781983 1.4761e-16
5322.90263069 1.49271e-16
5325.08744156 1.55187e-16
5327.27225243 1.57644e-16
5329.45706329 1.50688e-16
5331.64187416 1.53333e-16
5333.82668502 1.70143e-16
5336.01149589 1.7398e-16
5338.19630676 1.61712e-16
5340.38111762 1.6658e-16
5342.56592849 1.64654e-16
5344.75073936 1.64752e-16
5346.93555022 1.58741e-16
5349.12036109 1.53685e-16
5351.30517196 1.59264e-16
5353.48998282 1.67508e-16
5355.67479369 1.3947e-16
5357.85960455 1.84435e-16
5360.04441542 2.0523e-16
5362.22922629 1.81775e-16
5364.41403715 1.73056e-16
5366.59884802 1.41408e-16
5368.78365889 1.55119e-16
5370.96846975 1.49206e-16
5373.15328062 1.38906e-16
5375.33809148 1.54804e-16
5377.52290235 1.63144e-16
5379.70771322 1.59898e-16
5381.89252408 1.48985e-16
5384.07733495 1.63933e-16
5386.26214582 1.67603e-16
5388.44695668 1.57639e-16
5390.63176755 1.33945e-16
5392.81657842 1.69958e-16
5395.00138928 1.61111e-16
5397.18620015 1.46597e-16
5399.37101101 1.73736e-16
5401.55582188 1.58135e-16
5403.74063275 1.49021e-16
5405.92544361 1.82711e-16
5408.11025448 1.75856e-16
5410.29506535 1.97523e-16
5412.47987621 2.79238e-16
5414.66468708 2.6455e-16
5416.84949795 1.81397e-16
5419.03430881 1.48225e-16
5421.21911968 1.72001e-16
5423.40393054 1.73223e-16
5425.58874141 1.57128e-16
5427.77355228 1.42974e-16
5429.95836314 1.49714e-16
5432.14317401 1.73498e-16
5434.32798488 1.60383e-16
5436.51279574 1.60889e-16
5438.69760661 1.57315e-16
5440.88241748 1.71655e-16
5443.06722834 1.70155e-16
5445.25203921 1.5628e-16
5447.43685007 1.47803e-16
5449.62166094 1.60007e-16
5451.80647181 1.99978e-16
5453.99128267 1.8514e-16
5456.17609354 1.518e-16
5458.36090441 1.70387e-16
5460.54571527 1.84481e-16
5462.73052614 1.75085e-16
5464.915337 1.68521e-16
5467.10014787 1.52843e-16
5469.28495874 1.64024e-16
5471.4697696 1.80644e-16
5473.65458047 1.71424e-16
5475.83939134 1.60057e-16
5478.0242022 1.64855e-16
5480.20901307 1.72779e-16
5482.39382394 1.77703e-16
5484.5786348 1.7428e-16
5486.76344567 1.75878e-16
5488.94825653 1.76944e-16
5491.1330674 1.85948e-16
5493.31787827 2.03462e-16
5495.50268913 1.79678e-16
5497.6875 1.70418e-16
5499.87231087 1.9649e-16
5502.05712173 1.90915e-16
5504.2419326 1.7868e-16
5506.42674347 2.04249e-16
5508.61155433 2.18034e-16
5510.7963652 2.05617e-16
5512.98117606 2.07415e-16
5515.16598693 2.0046e-16
5517.3507978 2.13678e-16
5519.53560866 1.98426e-16
5521.72041953 1.84191e-16
5523.9052304 2.01136e-16
5526.09004126 2.09121e-16
5528.27485213 1.85785e-16
5530.45966299 1.82481e-16
5532.64447386 1.87267e-16
5534.82928473 1.87729e-16
5537.01409559 1.9809e-16
5539.19890646 2.0466e-16
5541.38371733 1.92295e-16
5543.56852819 1.76093e-16
5545.75333906 1.93629e-16
5547.93814993 2.02162e-16
5550.12296079 2.13129e-16
5552.30777166 2.08664e-16
5554.49258252 2.09286e-16
5556.67739339 2.03377e-16
5558.86220426 2.11405e-16
5561.04701512 2.10631e-16
5563.23182599 1.96419e-16
5565.41663686 1.72762e-16
5567.60144772 1.76074e-16
5569.78625859 2.01398e-16
5571.97106946 1.69413e-16
5574.15588032 1.75633e-16
5576.34069119 2.18157e-16
5578.52550205 1.92965e-16
5580.71031292 1.86518e-16
5582.89512379 1.94675e-16
5585.07993465 2.043e-16
5587.26474552 1.90801e-16
5589.44955639 1.81215e-16
5591.63436725 1.67804e-16
5593.81917812 1.66457e-16
5596.00398899 1.94613e-16
5598.18879985 2.14478e-16
5600.37361072 2.13691e-16
5602.55842158 1.93286e-16
5604.74323245 1.80657e-16
5606.92804332 1.84555e-16
5609.11285418 1.88836e-16
5611.29766505 1.77916e-16
5613.48247592 1.76865e-16
5615.66728678 1.82137e-16
5617.85209765 1.94391e-16
5620.03690851 2.03278e-16
5622.22171938 2.02303e-16
5624.40653025 1.97146e-16
5626.59134111 1.80993e-16
5628.77615198 1.73294e-16
5630.96096285 1.91534e-16
5633.14577371 1.81122e-16
5635.33058458 1.82667e-16
5637.51539545 2.09717e-16
5639.70020631 1.97444e-16
5641.88501718 1.66738e-16
5644.06982804 1.79444e-16
5646.25463891 1.81029e-16
5648.43944978 1.96454e-16
5650.62426064 1.87907e-16
5652.80907151 1.76066e-16
5654.99388238 1.72955e-16
5657.17869324 1.91072e-16
5659.36350411 1.74333e-16
5661.54831498 1.66077e-16
5663.73312584 1.62241e-16
5665.91793671 1.61205e-16
5668.10274757 1.60281e-16
5670.28755844 1.71401e-16
5672.47236931 1.69389e-16
5674.65718017 1.73044e-16
5676.84199104 1.47909e-16
5679.02680191 1.43493e-16
5681.21161277 1.58595e-16
5683.39642364 1.27377e-16
5685.5812345 1.3751e-16
5687.76604537 1.44729e-16
5689.95085624 1.18394e-16
5692.1356671 1.29576e-16
5694.32047797 1.59815e-16
5696.50528884 1.42698e-16
5698.6900997 1.42825e-16
5700.87491057 1.25132e-16
5703.05972144 1.14209e-16
5705.2445323 1.44158e-16
5707.42934317 1.36303e-16
5709.61415403 1.31561e-16
5711.7989649 1.20374e-16
5713.98377577 1.29273e-16
5716.16858663 1.39432e-16
5718.3533975 1.4062e-16
5720.53820837 1.21309e-16
5722.72301923 1.25104e-16
5724.9078301 1.33961e-16
5727.09264097 1.5097e-16
5729.27745183 1.32568e-16
5731.4622627 1.16593e-16
5733.64707356 1.29051e-16
5735.83188443 1.43322e-16
5738.0166953 1.24084e-16
5740.20150616 1.40342e-16
5742.38631703 1.21163e-16
5744.5711279 1.21973e-16
5746.75593876 1.30214e-16
5748.94074963 1.46181e-16
5751.1255605 1.36448e-16
5753.31037136 1.22749e-16
5755.49518223 1.07034e-16
5757.67999309 1.3195e-16
5759.86480396 1.46314e-16
5762.04961483 1.63348e-16
5764.23442569 1.51997e-16
5766.41923656 1.28482e-16
5768.60404743 1.21572e-16
5770.78885829 1.47555e-16
5772.97366916 1.23494e-16
5775.15848002 1.43541e-16
5777.34329089 1.45968e-16
5779.52810176 1.73759e-16
5781.71291262 1.52989e-16
5783.89772349 1.47818e-16
5786.08253436 1.44103e-16
5788.26734522 1.36898e-16
5790.45215609 1.6725e-16
5792.63696696 1.54621e-16
5794.82177782 1.49577e-16
5797.00658869 1.37927e-16
5799.19139955 1.20715e-16
5801.37621042 1.27567e-16
5803.56102129 1.46156e-16
5805.74583215 1.57794e-16
5807.93064302 1.51201e-16
5810.11545389 1.57162e-16
5812.30026475 1.35238e-16
5814.48507562 1.66349e-16
5816.66988649 1.4511e-16
5818.85469735 1.63588e-16
5821.03950822 1.69049e-16
5823.22431908 1.51198e-16
5825.40912995 1.70264e-16
5827.59394082 1.63773e-16
5829.77875168 1.64582e-16
5831.96356255 1.64842e-16
5834.14837342 1.46341e-16
5836.33318428 1.60778e-16
5838.51799515 1.46391e-16
5840.70280601 1.48594e-16
5842.88761688 1.74261e-16
5845.07242775 1.86692e-16
5847.25723861 1.65121e-16
5849.44204948 1.52961e-16
5851.62686035 1.49949e-16
5853.81167121 1.55251e-16
5855.99648208 1.53379e-16
5858.18129295 1.57127e-16
5860.36610381 1.5825e-16
5862.55091468 1.49534e-16
5864.73572554 1.24222e-16
5866.92053641 1.41311e-16
5869.10534728 1.499e-16
5871.29015814 1.65243e-16
5873.47496901 1.6248e-16
5875.65977988 1.44065e-16
5877.84459074 1.48788e-16
5880.02940161 1.34485e-16
5882.21421248 1.31863e-16
5884.39902334 1.71882e-16
5886.58383421 1.21028e-16
5888.76864507 1.21448e-16
5890.95345594 1.07349e-16
5893.13826681 1.065e-16
5895.32307767 1.17031e-16
5897.50788854 1.12533e-16
5899.69269941 1.29184e-16
5901.87751027 1.42537e-16
5904.06232114 1.36561e-16
5906.24713201 1.19517e-16
5908.43194287 1.14508e-16
5910.61675374 1.30958e-16
5912.8015646 1.09599e-16
5914.98637547 1.01337e-16
5917.17118634 1.26906e-16
5919.3559972 1.18566e-16
5921.54080807 1.2797e-16
5923.72561894 1.37333e-16
5925.9104298 1.33749e-16
5928.09524067 1.28813e-16
5930.28005153 1.1539e-16
5932.4648624 1.35576e-16
5934.64967327 1.27159e-16
5936.83448413 1.33074e-16
5939.019295 1.32646e-16
5941.20410587 1.4554e-16
5943.38891673 1.31083e-16
5945.5737276 1.45958e-16
5947.75853847 1.21015e-16
5949.94334933 1.3185e-16
5952.1281602 1.38602e-16
5954.31297106 1.47779e-16
5956.49778193 1.65202e-16
5958.6825928 1.62154e-16
5960.86740366 1.56608e-16
5963.05221453 1.54983e-16
5965.2370254 1.55518e-16
5967.42183626 1.42941e-16
5969.60664713 1.6495e-16
5971.791458 1.75187e-16
5973.97626886 1.6947e-16
5976.16107973 1.85409e-16
5978.34589059 1.45837e-16
5980.53070146 1.56245e-16
5982.71551233 1.76532e-16
5984.90032319 1.88725e-16
5987.08513406 1.62993e-16
5989.26994493 1.59901e-16
5991.45475579 1.61083e-16
5993.63956666 1.87304e-16
5995.82437752 1.84272e-16
5998.00918839 1.66201e-16
6000.19399926 1.63727e-16
6002.37881012 1.83723e-16
6004.56362099 1.62261e-16
6006.74843186 1.73384e-16
6008.93324272 1.67759e-16
6011.11805359 1.54749e-16
6013.30286446 1.55705e-16
6015.48767532 1.88527e-16
6017.67248619 1.90566e-16
6019.85729705 1.80573e-16
6022.04210792 1.88777e-16
6024.22691879 1.77366e-16
6026.41172965 1.72664e-16
6028.59654052 1.84699e-16
6030.78135139 1.59594e-16
6032.96616225 1.6228e-16
6035.15097312 1.54993e-16
6037.33578399 1.55058e-16
6039.52059485 1.76651e-16
6041.70540572 1.49115e-16
6043.89021658 1.72661e-16
6046.07502745 1.69678e-16
6048.25983832 1.50662e-16
6050.44464918 1.78746e-16
6052.62946005 1.66792e-16
6054.81427092 1.58401e-16
6056.99908178 1.45939e-16
6059.18389265 1.33532e-16
6061.36870352 1.71954e-16
6063.55351438 1.76206e-16
6065.73832525 1.84303e-16
6067.92313611 1.51678e-16
6070.10794698 1.73682e-16
6072.29275785 1.61813e-16
6074.47756871 1.62598e-16
6076.66237958 1.76635e-16
6078.84719045 1.76291e-16
6081.03200131 1.5079e-16
6083.21681218 1.53166e-16
6085.40162304 1.57667e-16
6087.58643391 1.62995e-16
6089.77124478 1.65787e-16
6091.95605564 1.47724e-16
6094.14086651 1.72816e-16
6096.32567738 1.74572e-16
6098.51048824 1.69762e-16
6100.69529911 1.50019e-16
6102.88010998 1.64215e-16
6105.06492084 1.74138e-16
6107.24973171 1.63722e-16
6109.43454257 1.81833e-16
6111.61935344 1.82973e-16
6113.80416431 1.79304e-16
6115.98897517 1.69981e-16
6118.17378604 1.64874e-16
6120.35859691 1.80621e-16
6122.54340777 1.69323e-16
6124.72821864 1.57357e-16
6126.91302951 1.60712e-16
6129.09784037 1.76996e-16
6131.28265124 1.73792e-16
6133.4674621 1.60746e-16
6135.65227297 1.49739e-16
6137.83708384 1.77528e-16
6140.0218947 1.80076e-16
6142.20670557 1.81798e-16
6144.39151644 1.60482e-16
6146.5763273 1.52824e-16
6148.76113817 1.67736e-16
6150.94594903 1.8077e-16
6153.1307599 1.69334e-16
6155.31557077 1.78139e-16
6157.50038163 1.67559e-16
6159.6851925 1.52533e-16
6161.87000337 1.76102e-16
6164.05481423 1.51782e-16
6166.2396251 1.65637e-16
6168.42443597 1.41468e-16
6170.60924683 1.53138e-16
6172.7940577 1.56336e-16
6174.97886856 1.70904e-16
6177.16367943 1.67545e-16
6179.3484903 1.64505e-16
6181.53330116 1.56122e-16
6183.71811203 1.60806e-16
6185.9029229 1.72369e-16
6188.08773376 1.58742e-16
6190.27254463 1.49296e-16
6192.4573555 1.54977e-16
6194.64216636 1.5964e-16
6196.82697723 1.66976e-16
6199.01178809 1.67446e-16
6201.19659896 1.67668e-16
6203.38140983 1.49718e-16
6205.56622069 1.41923e-16
6207.75103156 1.45036e-16
6209.93584243 1.46374e-16
6212.12065329 1.40155e-16
6214.30546416 1.4207e-16
6216.49027503 1.56137e-16
6218.67508589 1.38412e-16
6220.85989676 1.47615e-16
6223.04470762 1.43448e-16
6225.22951849 1.40942e-16
6227.41432936 1.2969e-16
6229.59914022 1.36427e-16
6231.78395109 1.45503e-16
6233.96876196 1.39134e-16
6236.15357282 1.45703e-16
6238.33838369 1.56645e-16
6240.52319455 1.53578e-16
6242.70800542 1.41428e-16
6244.89281629 1.20964e-16
6247.07762715 1.32007e-16
6249.26243802 1.4125e-16
6251.44724889 1.4144e-16
6253.63205975 1.50627e-16
6255.81687062 1.46954e-16
6258.00168149 1.3765e-16
6260.18649235 1.40585e-16
6262.37130322 1.30213e-16
6264.55611408 1.12936e-16
6266.74092495 1.45294e-16
6268.92573582 1.35228e-16
6271.11054668 1.41738e-16
6273.29535755 1.53819e-16
6275.48016842 1.52204e-16
6277.66497928 1.61022e-16
6279.84979015 1.6395e-16
6282.03460102 1.51837e-16
6284.21941188 1.69517e-16
6286.40422275 1.42793e-16
6288.58903361 1.38175e-16
6290.77384448 1.38787e-16
6292.95865535 1.38656e-16
6295.14346621 1.36849e-16
6297.32827708 1.37223e-16
6299.51308795 1.49869e-16
6301.69789881 1.61301e-16
6303.88270968 1.72177e-16
6306.06752054 1.39141e-16
6308.25233141 1.58986e-16
6310.43714228 1.32327e-16
6312.62195314 1.30188e-16
6314.80676401 1.55515e-16
6316.99157488 1.48017e-16
6319.17638574 1.35813e-16
6321.36119661 1.42699e-16
6323.54600748 1.5498e-16
6325.73081834 1.60578e-16
6327.91562921 1.32211e-16
6330.10044007 1.36474e-16
6332.28525094 1.35343e-16
6334.47006181 1.40234e-16
6336.65487267 1.49931e-16
6338.83968354 1.62361e-16
6341.02449441 1.49942e-16
6343.20930527 1.34939e-16
6345.39411614 1.35239e-16
6347.57892701 1.47671e-16
6349.76373787 1.45536e-16
6351.94854874 1.37134e-16
6354.1333596 1.54877e-16
6356.31817047 1.40968e-16
6358.50298134 1.57701e-16
6360.6877922 1.72641e-16
6362.87260307 1.61451e-16
6365.05741394 1.40218e-16
6367.2422248 1.22568e-16
6369.42703567 1.4033e-16
6371.61184654 1.58117e-16
6373.7966574 1.41423e-16
6375.98146827 1.43474e-16
6378.16627913 1.35393e-16
6380.35109 1.41324e-16
6382.53590087 1.3698e-16
6384.72071173 1.41413e-16
6386.9055226 1.363e-16
6389.09033347 1.53115e-16
6391.27514433 1.74336e-16
6393.4599552 1.5453e-16
6395.64476606 1.6087e-16
6397.82957693 1.62766e-16
6400.0143878 1.40758e-16
6402.19919866 1.4732e-16
6404.38400953 1.4418e-16
6406.5688204 1.50236e-16
6408.75363126 1.6111e-16
6410.93844213 1.45164e-16
6413.123253 1.54161e-16
6415.30806386 1.3612e-16
6417.49287473 1.4601e-16
6419.67768559 1.42442e-16
6421.86249646 1.32908e-16
6424.04730733 1.31394e-16
6426.23211819 1.3369e-16
6428.41692906 1.52626e-16
6430.60173993 1.33961e-16
6432.78655079 1.33369e-16
6434.97136166 1.22176e-16
6437.15617253 1.34749e-16
6439.34098339 1.49455e-16
6441.52579426 1.39988e-16
6443.71060512 1.28268e-16
6445.89541599 1.4366e-16
6448.08022686 1.3838e-16
6450.26503772 1.49573e-16
6452.44984859 1.45447e-16
6454.63465946 1.59855e-16
6456.81947032 1.49923e-16
6459.00428119 1.51779e-16
6461.18909206 1.39607e-16
6463.37390292 1.28766e-16
6465.55871379 1.53169e-16
6467.74352465 1.61504e-16
6469.92833552 1.4526e-16
6472.11314639 1.47842e-16
6474.29795725 1.39828e-16
6476.48276812 1.52491e-16
6478.66757899 1.51768e-16
6480.85238985 1.28328e-16
6483.03720072 1.41459e-16
6485.22201158 1.47432e-16
6487.40682245 1.39766e-16
6489.59163332 1.36619e-16
6491.77644418 1.27879e-16
6493.96125505 1.26659e-16
6496.14606592 1.27665e-16
6498.33087678 1.32747e-16
6500.51568765 1.4866e-16
6502.70049852 1.31323e-16
6504.88530938 1.30393e-16
6507.07012025 1.36511e-16
6509.25493111 1.34346e-16
6511.43974198 1.41133e-16
6513.62455285 1.38553e-16
6515.80936371 1.25949e-16
6517.99417458 1.40427e-16
6520.17898545 1.32276e-16
6522.36379631 1.3216e-16
6524.54860718 1.43082e-16
6526.73341805 1.37844e-16
6528.91822891 1.18039e-16
6531.10303978 1.14898e-16
6533.28785064 1.21493e-16
6535.47266151 1.11356e-16
6537.65747238 1.42836e-16
6539.84228324 1.35304e-16
6542.02709411 1.35638e-16
6544.21190498 1.3338e-16
6546.39671584 1.10061e-16
6548.58152671 1.18117e-16
6550.76633757 1.20394e-16
6552.95114844 1.07101e-16
6555.13595931 1.23643e-16
6557.32077017 1.15099e-16
6559.50558104 1.29504e-16
6561.69039191 1.02595e-16
6563.87520277 1.16296e-16
6566.06001364 1.24436e-16
6568.24482451 1.16395e-16
6570.42963537 1.0757e-16
6572.61444624 1.0282e-16
6574.7992571 8.70939e-17
6576.98406797 9.26634e-17
6579.16887884 9.889e-17
6581.3536897 9.24461e-17
6583.53850057 9.53632e-17
6585.72331144 1.02463e-16
6587.9081223 8.67516e-17
6590.09293317 9.7942e-17
6592.27774404 1.05896e-16
6594.4625549 9.76765e-17
6596.64736577 7.57118e-17
6598.83217663 5.74047e-17
6601.0169875 7.53642e-17
6603.20179837 7.96818e-17
6605.38660923 7.12151e-17
6607.5714201 8.44793e-17
6609.75623097 9.23917e-17
6611.94104183 7.74105e-17
6614.1258527 7.23504e-17
6616.31066357 8.28141e-17
6618.49547443 7.92649e-17
6620.6802853 8.81955e-17
6622.86509616 6.97024e-17
6625.04990703 6.59448e-17
6627.2347179 6.75378e-17
6629.41952876 6.31546e-17
6631.60433963 6.79909e-17
6633.7891505 6.82633e-17
6635.97396136 6.86874e-17
6638.15877223 7.29275e-17
6640.34358309 7.08038e-17
6642.52839396 7.024e-17
6644.71320483 7.04551e-17
6646.89801569 6.73265e-17
6649.08282656 6.69166e-17
6651.26763743 8.23177e-17
6653.45244829 7.23009e-17
6655.63725916 6.73083e-17
6657.82207003 5.44883e-17
6660.00688089 6.35672e-17
6662.19169176 8.16693e-17
6664.37650262 7.28301e-17
6666.56131349 6.84304e-17
6668.74612436 6.9236e-17
6670.93093522 7.07427e-17
6673.11574609 6.94039e-17
6675.30055696 6.87556e-17
6677.48536782 8.83499e-17
6679.67017869 6.66741e-17
6681.85498956 6.86978e-17
6684.03980042 7.73652e-17
6686.22461129 7.46304e-17
6688.40942215 8.77059e-17
6690.59423302 9.01219e-17
6692.77904389 7.59821e-17
6694.96385475 9.19846e-17
6697.14866562 8.87317e-17
6699.33347649 7.7099e-17
6701.51828735 8.39155e-17
6703.70309822 1.02486e-16
6705.88790908 1.16174e-16
6708.07271995 9.64351e-17
6710.25753082 9.0637e-17
6712.44234168 9.99251e-17
6714.62715255 9.40063e-17
6716.81196342 9.33797e-17
6718.99677428 8.97391e-17
6721.18158515 9.47887e-17
6723.36639602 1.05743e-16
6725.55120688 1.09863e-16
6727.73601775 1.10168e-16
6729.92082861 1.07538e-16
6732.10563948 1.07997e-16
6734.29045035 1.13343e-16
6736.47526121 1.06748e-16
6738.66007208 1.06566e-16
6740.84488295 1.11883e-16
6743.02969381 1.00161e-16
6745.21450468 1.06057e-16
6747.39931555 1.30409e-16
6749.58412641 1.2713e-16
6751.76893728 1.16727e-16
6753.95374814 1.37255e-16
6756.13855901 1.3338e-16
6758.32336988 1.18663e-16
6760.50818074 1.20342e-16
6762.69299161 1.2865e-16
6764.87780248 1.34885e-16
6767.06261334 1.22966e-16
6769.24742421 1.23333e-16
6771.43223508 1.31694e-16
6773.61704594 1.10607e-16
6775.80185681 1.01043e-16
6777.98666767 1.28063e-16
6780.17147854 1.25066e-16
6782.35628941 1.18742e-16
6784.54110027 1.14297e-16
6786.72591114 1.25899e-16
6788.91072201 1.41944e-16
6791.09553287 1.26981e-16
6793.28034374 1.14315e-16
6795.4651546 1.21913e-16
6797.64996547 1.17825e-16
6799.83477634 1.11931e-16
6802.0195872 1.26456e-16
6804.20439807 1.18033e-16
6806.38920894 1.22437e-16
6808.5740198 1.29273e-16
6810.75883067 1.21366e-16
6812.94364154 1.24729e-16
6815.1284524 1.18496e-16
6817.31326327 1.21073e-16
6819.49807413 1.30573e-16
6821.682885 1.39371e-16
6823.86769587 1.27204e-16
6826.05250673 1.22472e-16
6828.2373176 1.13124e-16
6830.42212847 1.41416e-16
6832.60693933 1.50743e-16
6834.7917502 1.45075e-16
6836.97656107 1.2499e-16
6839.16137193 1.13878e-16
6841.3461828 1.41921e-16
6843.53099366 1.26199e-16
6845.71580453 1.09367e-16
6847.9006154 1.24627e-16
6850.08542626 1.34145e-16
6852.27023713 1.38025e-16
6854.455048 1.3844e-16
6856.63985886 1.40697e-16
6858.82466973 1.06398e-16
6861.00948059 1.41453e-16
6863.19429146 1.19209e-16
6865.37910233 1.21208e-16
6867.56391319 1.22861e-16
6869.74872406 1.40331e-16
6871.93353493 1.16116e-16
6874.11834579 1.08341e-16
6876.30315666 1.30741e-16
6878.48796753 1.16175e-16
6880.67277839 1.32468e-16
6882.85758926 1.32273e-16
6885.04240012 1.26939e-16
6887.22721099 1.39148e-16
6889.41202186 1.47564e-16
6891.59683272 1.38792e-16
6893.78164359 1.21579e-16
6895.96645446 1.28717e-16
6898.15126532 1.12229e-16
6900.33607619 1.19916e-16
6902.52088706 1.27098e-16
6904.70569792 1.31143e-16
6906.89050879 1.10369e-16
6909.07531965 1.26942e-16
6911.26013052 1.31594e-16
6913.44494139 1.25177e-16
6915.62975225 1.48217e-16
6917.81456312 1.02153e-16
6919.99937399 1.02309e-16
6922.18418485 1.2212e-16
6924.36899572 1.08977e-16
6926.55380659 1.20166e-16
6928.73861745 1.051e-16
6930.92342832 8.25275e-17
6933.10823918 1.04426e-16
6935.29305005 1.24358e-16
6937.47786092 1.12646e-16
6939.66267178 1.22718e-16
6941.84748265 1.09055e-16
6944.03229352 1.17197e-16
6946.21710438 1.21663e-16
6948.40191525 1.30853e-16
6950.58672611 1.14578e-16
6952.77153698 1.05767e-16
6954.95634785 1.22433e-16
6957.14115871 1.06163e-16
6959.32596958 8.00676e-17
6961.51078045 8.88582e-17
6963.69559131 1.14112e-16
6965.88040218 1.13785e-16
6968.06521305 9.97341e-17
6970.25002391 1.09295e-16
6972.43483478 8.721e-17
6974.61964564 8.74853e-17
6976.80445651 1.07948e-16
6978.98926738 1.171e-16
6981.17407824 1.18575e-16
6983.35888911 1.39737e-16
6985.54369998 1.14408e-16
6987.72851084 9.72725e-17
6989.91332171 1.07635e-16
6992.09813258 1.0399e-16
6994.28294344 1.06367e-16
6996.46775431 9.63301e-17
6998.65256517 1.23283e-16
7000.83737604 1.2875e-16
7003.02218691 1.24687e-16
7005.20699777 1.0272e-16
7007.39180864 8.92523e-17
7009.57661951 7.62984e-17
7011.76143037 1.03666e-16
7013.94624124 7.8812e-17
7016.1310521 9.23397e-17
7018.31586297 1.09561e-16
7020.50067384 1.17561e-16
7022.6854847 9.78035e-17
7024.87029557 1.0123e-16
7027.05510644 1.10738e-16
7029.2399173 1.10009e-16
7031.42472817 1.01263e-16
7033.60953904 1.04827e-16
7035.7943499 1.13689e-16
7037.97916077 9.64683e-17
7040.16397163 9.32521e-17
7042.3487825 9.80932e-17
7044.53359337 9.96517e-17
7046.71840423 8.57185e-17
7048.9032151 9.5632e-17
7051.08802597 8.708e-17
7053.27283683 9.21418e-17
7055.4576477 9.89863e-17
7057.64245857 9.81354e-17
7059.82726943 8.99237e-17
7062.0120803 7.95513e-17
7064.19689116 8.79043e-17
7066.38170203 9.18464e-17
7068.5665129 1.09787e-16
7070.75132376 1.1108e-16
7072.93613463 9.69228e-17
7075.1209455 1.0317e-16
7077.30575636 1.09093e-16
7079.49056723 9.47222e-17
7081.6753781 9.48899e-17
7083.86018896 9.43516e-17
7086.04499983 8.33403e-17
7088.22981069 9.97115e-17
7090.41462156 1.12545e-16
7092.59943243 1.28022e-16
7094.78424329 1.53072e-16
7096.96905416 1.4321e-16
7099.15386503 1.25219e-16
7101.33867589 9.84833e-17
7103.52348676 8.02141e-17
7105.70829762 9.20707e-17
7107.89310849 8.61052e-17
7110.07791936 9.65689e-17
7112.26273022 9.9961e-17
7114.44754109 7.4557e-17
7116.63235196 9.62642e-17
7118.81716282 9.15979e-17
7121.00197369 7.78811e-17
7123.18678456 9.85394e-17
7125.37159542 7.96766e-17
7127.55640629 7.59462e-17
7129.74121715 1.04448e-16
7131.92602802 1.02936e-16
7134.11083889 6.66872e-17
7136.29564975 7.52339e-17
7138.48046062 8.84938e-17
7140.66527149 8.89076e-17
7142.85008235 9.72438e-17
7145.03489322 9.22229e-17
7147.21970409 9.37575e-17
7149.40451495 9.72804e-17
7151.58932582 9.37024e-17
7153.77413668 8.43564e-17
7155.95894755 8.87297e-17
7158.14375842 8.72352e-17
7160.32856928 7.01955e-17
7162.51338015 8.66395e-17
7164.69819102 8.81258e-17
7166.88300188 9.58714e-17
7169.06781275 9.21736e-17
7171.25262361 7.4642e-17
7173.43743448 7.37754e-17
7175.62224535 8.8823e-17
7177.80705621 7.24544e-17
7179.99186708 6.64964e-17
7182.17667795 1.0241e-16
7184.36148881 9.54518e-17
7186.54629968 7.44813e-17
7188.73111055 8.04912e-17
7190.91592141 8.77359e-17
7193.10073228 1.03644e-16
7195.28554314 7.87484e-17
7197.47035401 8.69852e-17
7199.65516488 8.20399e-17
7201.83997574 9.63603e-17
7204.02478661 1.13974e-16
7206.20959748 1.00933e-16
7208.39440834 8.63456e-17
7210.57921921 7.31999e-17
7212.76403008 1.06075e-16
7214.94884094 1.02269e-16
7217.13365181 7.4954e-17
7219.31846267 7.49881e-17
7221.50327354 9.7771e-17
7223.68808441 7.9585e-17
7225.87289527 8.3635e-17
7228.05770614 7.36737e-17
7230.24251701 7.92031e-17
7232.42732787 9.86916e-17
7234.61213874 8.5255e-17
7236.79694961 8.67825e-17
7238.98176047 9.14951e-17
7241.16657134 7.90101e-17
7243.3513822 9.36126e-17
7245.53619307 1.03536e-16
7247.72100394 8.96231e-17
7249.9058148 7.76227e-17
7252.09062567 8.40387e-17
7254.27543654 7.21204e-17
7256.4602474 8.525e-17
7258.64505827 1.02947e-16
7260.82986913 9.64328e-17
7263.01468 8.89024e-17
7265.19949087 7.76806e-17
7267.38430173 8.20033e-17
7269.5691126 1.17715e-16
7271.75392347 6.8937e-17
7273.93873433 7.64605e-17
7276.1235452 7.84468e-17
7278.30835607 7.73985e-17
7280.49316693 8.45734e-17
7282.6779778 7.72466e-17
7284.86278866 7.52366e-17
7287.04759953 9.70729e-17
7289.2324104 1.00282e-16
7291.41722126 6.45914e-17
7293.60203213 7.34516e-17
7295.786843 7.78275e-17
7297.97165386 8.40984e-17
7300.15646473 8.71659e-17
7302.3412756 8.32367e-17
7304.52608646 9.10786e-17
7306.71089733 8.70665e-17
7308.89570819 1.04492e-16
7311.08051906 1.10364e-16
7313.26532993 7.08701e-17
7315.45014079 6.53937e-17
7317.63495166 8.76167e-17
7319.81976253 1.06745e-16
7322.00457339 9.32616e-17
7324.18938426 8.12714e-17
7326.37419512 8.35487e-17
7328.55900599 1.03328e-16
7330.74381686 9.78117e-17
7332.92862772 9.43771e-17
7335.11343859 8.84451e-17
7337.29824946 1.00981e-16
7339.48306032 6.20164e-17
7341.66787119 7.67379e-17
7343.85268206 9.62563e-17
7346.03749292 7.45846e-17
7348.22230379 7.58755e-17
7350.40711465 8.57215e-17
7352.59192552 8.21187e-17
7354.77673639 9.45014e-17
7356.96154725 1.01884e-16
7359.14635812 9.85583e-17
7361.33116899 8.90516e-17
7363.51597985 6.58806e-17
7365.70079072 6.06092e-17
7367.88560159 8.48599e-17
7370.07041245 9.38419e-17
7372.25522332 7.35317e-17
7374.44003418 7.31823e-17
7376.62484505 8.56748e-17
7378.80965592 7.44385e-17
7380.99446678 6.98291e-17
7383.17927765 8.51483e-17
7385.36408852 6.60956e-17
7387.54889938 4.58021e-17
7389.73371025 7.96502e-17
7391.91852112 9.73528e-17
7394.10333198 7.94811e-17
7396.28814285 7.97827e-17
7398.47295371 7.08381e-17
7400.65776458 6.72638e-17
7402.84257545 6.82254e-17
7405.02738631 6.37717e-17
7407.21219718 5.98998e-17
7409.39700805 8.74767e-17
7411.58181891 9.33407e-17
7413.76662978 9.18096e-17
7415.95144064 8.64889e-17
7418.13625151 7.39851e-17
7420.32106238 5.94604e-17
7422.50587324 7.77488e-17
7424.69068411 8.44108e-17
7426.87549498 5.60878e-17
7429.06030584 6.01285e-17
7431.24511671 7.93411e-17
7433.42992758 8.64573e-17
7435.61473844 7.73359e-17
7437.79954931 8.53e-17
7439.98436017 1.00058e-16
7442.16917104 7.60039e-17
7444.35398191 8.04239e-17
7446.53879277 7.57891e-17
7448.72360364 7.92295e-17
7450.90841451 7.59155e-17
7453.09322537 7.24193e-17
7455.27803624 9.36326e-17
7457.46284711 6.21158e-17
7459.64765797 9.00008e-17
7461.83246884 6.62252e-17
7464.0172797 1.00373e-16
7466.20209057 8.08895e-17
7468.38690144 4.70131e-17
7470.5717123 4.89024e-17
7472.75652317 6.11548e-17
7474.94133404 6.74881e-17
7477.1261449 8.93598e-17
7479.31095577 9.6893e-17
7481.49576663 8.21316e-17
7483.6805775 6.73344e-17
7485.86538837 5.79083e-17
7488.05019923 3.90653e-17
7490.2350101 5.84301e-17
7492.41982097 6.61824e-17
7494.60463183 5.58517e-17
7496.7894427 7.69372e-17
7498.97425357 7.28564e-17
7501.15906443 7.7279e-17
7503.3438753 8.51372e-17
7505.52868616 5.21085e-17
7507.71349703 6.28516e-17
7509.8983079 8.05573e-17
7512.08311876 8.40275e-17
7514.26792963 6.0549e-17
7516.4527405 3.88408e-17
7518.63755136 4.57744e-17
7520.82236223 7.09244e-17
7523.0071731 5.1649e-17
7525.19198396 6.51141e-17
7527.37679483 8.8059e-17
7529.56160569 8.295e-17
7531.74641656 7.23899e-17
7533.93122743 3.95079e-17
7536.11603829 6.02539e-17
7538.30084916 8.57594e-17
7540.48566003 7.16636e-17
7542.67047089 7.53589e-17
7544.85528176 7.38514e-17
7547.04009263 6.93918e-17
7549.22490349 7.40831e-17
7551.40971436 5.77224e-17
7553.59452522 5.18488e-17
7555.77933609 8.91368e-17
7557.96414696 9.46003e-17
7560.14895782 7.37105e-17
7562.33376869 6.86121e-17
7564.51857956 7.14579e-17
7566.70339042 6.09013e-17
7568.88820129 6.70704e-17
7571.07301215 7.50285e-17
7573.25782302 7.94119e-17
7575.44263389 8.35559e-17
7577.62744475 5.39281e-17
7579.81225562 5.68151e-17
7581.99706649 8.43214e-17
7584.18187735 8.17811e-17
7586.36668822 7.39571e-17
7588.55149909 7.27438e-17
7590.73630995 9.13289e-17
7592.92112082 7.96385e-17
7595.10593168 6.29707e-17
7597.29074255 5.76604e-17
7599.47555342 1.29748e-18
7601.66036428 2.44718e-17
7603.84517515 1.01431e-16
7606.02998602 8.26057e-17
7608.21479688 6.49673e-17
7610.39960775 8.08313e-17
7612.58441862 8.64369e-17
7614.76922948 6.93041e-17
7616.95404035 5.07534e-17
7619.13885121 4.45285e-17
7621.32366208 4.63882e-17
7623.50847295 7.33594e-17
7625.69328381 6.08968e-17
7627.87809468 4.65584e-17
7630.06290555 8.79082e-17
7632.24771641 1.23259e-16
7634.43252728 5.48281e-17
7636.61733814 2.64007e-17
7638.80214901 4.80135e-17
7640.98695988 6.87174e-17
7643.17177074 6.82517e-17
7645.35658161 8.8126e-17
7647.54139248 7.13032e-17
7649.72620334 7.21625e-17
7651.91101421 7.31521e-17
7654.09582508 4.88711e-17
7656.28063594 7.77514e-17
7658.46544681 2.53956e-17
7660.65025767 2.40768e-17
7662.83506854 8.46859e-17
7665.01987941 6.98173e-17
7667.20469027 6.1571e-17
7669.38950114 5.60704e-17
7671.57431201 5.5763e-17
7673.75912287 5.43798e-17
7675.94393374 5.75332e-17
7678.12874461 3.96067e-17
7680.31355547 5.14179e-17
7682.49836634 6.67336e-17
7684.6831772 5.5545e-17
7686.86798807 4.30784e-17
7689.05279894 8.44304e-17
7691.2376098 7.92057e-17
7693.42242067 6.33749e-17
7695.60723154 6.41085e-17
7697.7920424 3.89954e-17
7699.97685327 6.22676e-17
7702.16166414 6.68931e-17
7704.346475 6.6606e-17
7706.53128587 1.38785e-18
7708.71609673 2.65913e-17
7710.9009076 3.27862e-17
7713.08571847 4.99901e-17
7715.27052933 7.09804e-17
7717.4553402 8.97875e-17
7719.64015107 5.20398e-17
7721.82496193 7.31348e-17
7724.0097728 5.18609e-17
7726.19458366 3.62528e-17
7728.37939453 7.59364e-17
