4020.  -0.1204483
4029.19999977395  1.914077
4038.39999954789  3.631018
4047.59999932183  2.42425
4056.79999909578  -0.6455387
4065.99999886972  1.712981
4075.19999864366  1.160747
4084.39999841761  2.599372
4093.59999819155  -0.606567
4102.7999979655  0.9864883
4111.99999773944  0.9411147
4121.19999751338  0.971672
4130.39999728733  -0.9639953
4139.59999706127  0.9759364
4148.79999683522  0.8849347
4157.99999660916  0.6769524
4167.1999963831  -0.002609954
4176.39999615705  0.2426132
4185.59999593099  1.07119
4194.79999570494  1.885946
4203.99999547888  2.099194
4213.19999525282  1.35204
4222.39999502677  -6.566352E-4
4231.59999480071  1.792872
4240.79999457465  1.50756
4249.9999943486  1.682945
4259.19999412254  1.753009
4268.39999389649  2.064245
4277.59999367043  0.906594
4286.79999344437  1.396106
4295.99999321832  2.854814
4305.19999299226  1.722284
4314.39999276621  1.895141
4323.59999254015  2.10254
4332.79999231409  1.420932
4341.99999208804  1.528108
4351.19999186198  0.7562219
4360.39999163592  1.370856
4369.59999140987  1.767441
4378.79999118381  1.674299
4387.99999095776  1.969998
4397.1999907317  2.756292
4406.39999050565  0.6025413
4415.59999027959  1.967312
4424.79999005353  1.910376
4433.99998982748  1.381335
4443.19998960142  1.629558
4452.39998937536  1.48517
4461.59998914931  1.772494
4470.79998892325  1.696055
4479.9999886972  1.938926
4489.19998847114  1.714503
4498.39998824509  1.541196
4507.59998801903  2.309832
4516.79998779297  1.586339
4525.99998756692  1.873531
4535.19998734086  1.589922
4544.3999871148  1.547278
4553.59998688875  1.772237
4562.79998666269  1.772268
4571.99998643664  2.312014
4581.19998621058  1.484423
4590.39998598452  1.416252
4599.59998575847  0.9074951
4608.79998553241  1.845812
4617.99998530636  1.236341
4627.1999850803  1.499712
4636.39998485424  0.9855841
4645.59998462819  0.9819468
4654.79998440213  1.410664
4663.99998417607  1.142083
4673.19998395002  1.097514
4682.39998372396  1.14747
4691.59998349791  1.066114
4700.79998327185  0.643782
4709.9999830458  1.035447
4719.19998281974  0.952154
4728.39998259368  1.082681
4737.59998236763  1.24998
4746.79998214157  1.135721
4755.99998191551  1.104583
4765.19998168946  0.8242974
4774.3999814634  0.8876914
4783.59998123735  1.017522
4792.79998101129  0.7681084
4801.99998078523  0.8158994
4811.19998055918  1.036387
4820.39998033312  1.258371
4829.59998010707  1.286749
4838.79997988101  1.437406
4847.99997965495  1.297477
4857.1999794289  0.9099802
4866.39997920284  1.334969
4875.59997897679  1.163727
4884.79997875073  1.047804
4893.99997852467  1.620388
4903.19997829862  1.468149
4912.39997807256  1.326856
4921.59997784651  1.331267
4930.79997762045  1.49424
4939.99997739439  1.555862
4949.19997716834  1.635424
4958.39997694228  1.670154
4967.59997671622  1.699978
4976.79997649017  1.628302
4985.99997626411  1.353862
4995.19997603806  1.421759
5004.399975812  1.558583
5013.59997558594  1.504397
5022.79997535989  1.442642
5031.99997513383  1.408924
5041.19997490778  1.353453
5050.39997468172  1.65972
5059.59997445566  1.384027
5068.79997422961  1.478282
5077.99997400355  1.211004
5087.1999737775  0.9638386
5096.39997355144  0.9863122
5105.59997332538  1.147163
5114.79997309933  0.9909338
5123.99997287327  1.276918
5133.19997264721  1.055785
5142.39997242116  1.081954
5151.5999721951  1.016316
5160.79997196905  0.8543262
5169.99997174299  0.991778
5179.19997151694  0.8396717
5188.39997129088  0.9570566
5197.59997106482  0.9326294
5206.79997083877  0.965832
5215.99997061271  0.6800197
5225.19997038665  0.9411941
5234.3999701606  0.7718458
5243.59996993454  0.9488493
5252.79996970849  0.9353368
5261.99996948243  0.9319005
5271.19996925637  0.9954478
5280.39996903032  0.6542013
5289.59996880426  0.5827841
5298.79996857821  1.002079
5307.99996835215  0.8578568
5317.19996812609  0.8216905
5326.39996790004  0.8198857
5335.59996767398  0.7857956
5344.79996744792  1.0177
5353.99996722187  0.9291925
5363.19996699581  0.7724079
5372.39996676976  1.255556
5381.5999665437  0.811159
5390.79996631765  0.9039125
5399.99996609159  0.747842
5409.19996586553  1.008333
5418.39996563948  0.7538144
5427.59996541342  1.03383
5436.79996518736  1.02873
5445.99996496131  0.8391212
5455.19996473525  0.4913925
5464.3999645092  0.9421331
5473.59996428314  0.9305163
5482.79996405708  0.911057
5491.99996383103  1.037067
5501.19996360497  0.8525972
5510.39996337892  0.8963318
5519.59996315286  1.092595
5528.7999629268  1.298464
5537.99996270075  1.049054
5547.19996247469  1.128432
5556.39996224864  1.135786
5565.59996202258  1.309774
5574.79996179652  1.508757
5583.99996157047  1.779043
5593.19996134441  1.191086
5602.39996111836  1.16241
5611.5999608923  1.176026
5620.79996066624  1.29732
5629.99996044019  1.486956
5639.19996021413  1.345259
5648.39995998807  0.9334813
5657.59995976202  1.147363
5666.79995953596  0.932554
5675.99995930991  1.194337
5685.19995908385  1.208048
5694.3999588578  1.351219
5703.59995863174  1.240406
5712.79995840568  1.113132
5721.99995817963  1.27416
5731.19995795357  0.9124864
5740.39995772751  1.007209
5749.59995750146  0.9739493
5758.7999572754  0.9773656
5767.99995704935  0.9683536
5777.19995682329  1.001237
5786.39995659723  0.7709634
5795.59995637118  1.146128
5804.79995614512  0.9450847
5813.99995591907  0.7541383
5823.19995569301  0.6949068
5832.39995546695  0.6621868
5841.5999552409  0.7591624
5850.79995501484  0.8009052
5859.99995478878  1.076233
5869.19995456273  0.7682582
5878.39995433667  0.8227081
5887.59995411062  0.6711231
5896.79995388456  1.069246
5905.9999536585  0.8801953
5915.19995343245  0.8266164
5924.39995320639  0.9163442
5933.59995298034  1.039732
5942.79995275428  0.7416782
5951.99995252822  0.8036127
5961.19995230217  0.7294819
5970.39995207611  0.7534416
5979.59995185006  0.7827805
5988.799951624  0.8463448
5997.99995139794  0.8614081
6007.19995117189  0.8340561
6016.39995094583  1.007805
6025.59995071978  0.8571336
6034.79995049372  1.034762
6043.99995026767  0.9570422
6053.19995004161  1.017593
6062.39994981555  1.059963
6071.5999495895  0.8827004
6080.79994936344  0.884617
6089.99994913738  0.9149832
6099.19994891133  0.9783896
6108.39994868527  1.139344
6117.59994845922  0.8895241
6126.79994823316  1.215093
6135.9999480071  1.067688
6145.19994778105  0.9078375
6154.39994755499  0.9350879
6163.59994732893  0.8370816
6172.79994710288  0.839586
6181.99994687682  0.7948363
6191.19994665077  0.9544472
6200.39994642471  1.084116
6209.59994619865  1.058721
6218.7999459726  0.8332981
6227.99994574654  0.8583305
6237.19994552049  0.6809335
6246.39994529443  0.981814
6255.59994506837  0.5016038
6264.79994484232  0.7507906
6273.99994461626  0.5856001
6283.19994439021  0.7005335
6292.39994416415  0.6527908
6301.59994393809  0.7870683
6310.79994371204  0.9668802
6319.99994348598  0.9987595
6329.19994325993  0.8738624
6338.39994303387  0.8658779
6347.59994280781  0.9022415
6356.79994258176  1.044188
6365.9999423557  0.6845619
6375.19994212965  1.058663
6384.39994190359  0.7122355
6393.59994167753  0.8667096
6402.79994145148  0.9372926
6411.99994122542  1.018188
6421.19994099936  0.8167275
6430.39994077331  0.9981684
6439.59994054725  0.9780048
6448.7999403212  0.6641139
6457.99994009514  0.6023591
6467.19993986909  0.6278566
6476.39993964303  0.870894
6485.59993941697  0.8870323
6494.79993919092  0.9240277
6503.99993896486  0.8104824
6513.1999387388  0.6042114
6522.39993851275  0.5036821
6531.59993828669  0.9455789
6540.79993806064  0.932094
6549.99993783458  0.649565
6559.19993760852  1.139493
6568.39993738247  0.5451359
6577.59993715641  0.5646609
6586.79993693035  0.7359126
6595.9999367043  1.050793
6605.19993647824  0.7594172
6614.39993625219  0.3222001
6623.59993602613  0.6044582
6632.79993580007  0.7496748
6641.99993557402  0.6548302
6651.19993534796  0.3728468
6660.39993512191  0.136492
6669.59993489585  0.5297094
6678.79993466979  0.4433134
6687.99993444374  0.6637518
6697.19993421768  0.3845118
6706.39993399163  0.3788981
6715.59993376557  0.7099646
6724.79993353951  0.3434505
6733.99993331346  0.672165
6743.1999330874  0.5922492
6752.39993286135  0.4414659
6761.59993263529  0.2756191
6770.79993240923  0.1958312
6779.99993218318  0.4429173
6789.19993195712  0.6167759
6798.39993173107  0.5242582
6807.59993150501  0.7949818
6816.79993127895  0.7359229
6825.9999310529  0.6774623
6835.19993082684  0.5964435
6844.39993060078  0.7576412
6853.59993037473  0.8237354
6862.79993014867  0.9396779
6871.99992992262  0.5059389
6881.19992969656  0.8940252
6890.3999294705  0.4502887
6899.59992924445  1.075007
6908.79992901839  0.6991847
6917.99992879234  0.739415
6927.19992856628  0.7668279
6936.39992834023  0.6198385
6945.59992811417  0.3893981
6954.79992788811  0.5209509
6963.99992766206  0.8707929
6973.199927436  0.7976645
6982.39992720994  0.6768125
6991.59992698389  0.9721295
7000.79992675783  0.4162793
7009.99992653177  0.1446132
7019.19992630572  1.038889
7028.39992607966  0.4782051
7037.59992585361  1.014786
7046.79992562755  0.6365874
7055.9999254015  0.6370588
7065.19992517544  0.5952634
7074.39992494938  0.7747155
7083.59992472333  0.872942
7092.79992449727  0.4967887
7101.99992427121  0.7854012
7111.19992404516  0.6052316
7120.3999238191  0.6546336
7129.59992359305  0.6708481
7138.79992336699  0.9498665
7147.99992314094  0.7563559
7157.19992291488  0.29567
7166.39992268882  0.4367052
7175.59992246277  0.6372033
7184.79992223671  0.5156528
7193.99992201065  0.6681973
7203.1999217846  0.4053281
7212.39992155854  0.4976113
7221.59992133249  0.5601057
7230.79992110643  0.6448586
7239.99992088037  0.8641458
7249.19992065432  0.7245846
7258.39992042826  0.3224485
7267.5999202022  0.8518047
7276.79991997615  0.3704292
7285.99991975009  0.9053966
7295.19991952404  0.5913719
7304.39991929798  0.6056591
7313.59991907193  0.3762003
7322.79991884587  0.4377935
7331.99991861981  0.6676715
7341.19991839376  0.5719574
7350.3999181677  0.1092164
7359.59991794164  0.4947101
7368.79991771559  0.1136972
7377.99991748953  -1.075948
7387.19991726348  0.09786262
7396.39991703742  0.6573631
7405.59991681136  -0.05795207
7414.79991658531  0.9342892
7423.99991635925  0.1174484
7433.1999161332  0.5933653
7442.39991590714  0.9741372
7451.59991568108  0.1398348
7460.79991545503  0.5181358
7469.99991522897  0.784821
7479.19991500292  0.6860665
7488.39991477686  0.4145417
7497.5999145508  0.3683182
7506.79991432475  -0.1123477
7515.99991409869  0.2796732
7525.19991387264  0.1664708
7534.39991364658  0.4654181
7543.59991342052  0.5951126
7552.79991319447  1.395089
7561.99991296841  0.2223653
7571.19991274235  0.9886382
7580.3999125163  -0.00714708
7589.59991229024  1.057637
7598.79991206419  0.4135288
7607.99991183813  0.2171489
7617.19991161207  0.558373
7626.39991138602  0.3701409
7635.59991115996  0.5580886
7644.79991093391  0.6277763
7653.99991070785  0.3539713
7663.19991048179  -0.1871168
7672.39991025574  -0.1367614
7681.59991002968  -0.07019481
7690.79990980363  0.4294399
7699.99990957757  0.7409442
7709.19990935151  0.3149936
7718.39990912546  -0.1687046
7727.5999088994  0.04413882
7736.79990867335  -0.3271847
7745.99990844729  -0.2176186
7755.19990822123  0.01201174
7764.39990799518  0.04679094
7773.59990776912  0.3829465
7782.79990754307  1.559891
7791.99990731701  1.149695
7801.19990709095  -1.026511
7810.3999068649  0.8147416
7819.59990663884  0.2973367
7828.79990641279  1.106518
7837.99990618673  1.043009
7847.19990596067  0.3714967
7856.39990573462  -0.6792594
7865.59990550856  -0.174607
7874.7999052825  1.675214
7883.99990505645  0.4008095
7893.19990483039  -0.9414169
7902.39990460434  -0.8867696
7911.59990437828  0.938868
7920.79990415222  2.199149
7929.99990392617  0.6467827
7939.19990370011  1.22502
7948.39990347406  1.206769
7957.599903248  -0.3953795
7966.79990302194  -0.6156337
7975.99990279589  3.879203
7985.19990256983  0.486236
7994.39990234378  -0.9727984
