4020.  2.7475
4029.19999977395  3.198573
4038.39999954789  -0.4035671
4047.59999932183  0.9260104
4056.79999909578  2.898782
4065.99999886972  2.804087
4075.19999864366  1.080637
4084.39999841761  0.837481
4093.59999819155  2.070571
4102.7999979655  1.659228
4111.99999773944  2.776031
4121.19999751338  1.92845
4130.39999728733  2.252282
4139.59999706127  1.391168
4148.79999683522  1.514424
4157.99999660916  1.519331
4167.1999963831  1.387571
4176.39999615705  -1.553677
4185.59999593099  1.898184
4194.79999570494  1.567872
4203.99999547888  1.837631
4213.19999525282  1.808473
4222.39999502677  1.930625
4231.59999480071  1.410972
4240.79999457465  1.25053
4249.9999943486  1.424288
4259.19999412254  1.872086
4268.39999389649  1.203201
4277.59999367043  1.44239
4286.79999344437  0.7900534
4295.99999321832  0.7184698
4305.19999299226  0.7353298
4314.39999276621  0.628592
4323.59999254015  0.7240782
4332.79999231409  0.3835693
4341.99999208804  1.381023
4351.19999186198  1.336092
4360.39999163592  1.078273
4369.59999140987  0.8851901
4378.79999118381  0.9664465
4387.99999095776  0.6041673
4397.1999907317  1.153848
4406.39999050565  1.280797
4415.59999027959  0.8662034
4424.79999005353  1.098446
4433.99998982748  1.367586
4443.19998960142  1.17073
4452.39998937536  1.249286
4461.59998914931  1.573467
4470.79998892325  1.290784
4479.9999886972  1.950866
4489.19998847114  1.664683
4498.39998824509  1.420476
4507.59998801903  1.69551
4516.79998779297  1.597762
4525.99998756692  1.241359
4535.19998734086  1.653621
4544.3999871148  1.631003
4553.59998688875  1.476449
4562.79998666269  1.493495
4571.99998643664  1.467423
4581.19998621058  1.85924
4590.39998598452  0.9402975
4599.59998575847  1.597839
4608.79998553241  1.572118
4617.99998530636  1.412093
4627.1999850803  1.227507
4636.39998485424  1.245291
4645.59998462819  1.248411
4654.79998440213  1.141731
4663.99998417607  1.009175
4673.19998395002  0.9113958
4682.39998372396  0.9803658
4691.59998349791  0.9379922
4700.79998327185  0.8670225
4709.9999830458  0.8629668
4719.19998281974  0.7946815
4728.39998259368  0.6741096
4737.59998236763  0.7696461
4746.79998214157  0.684758
4755.99998191551  0.6804581
4765.19998168946  0.7345442
4774.3999814634  0.4440471
4783.59998123735  0.7693043
4792.79998101129  0.8063129
4801.99998078523  0.9356666
4811.19998055918  0.6808732
4820.39998033312  0.9448336
4829.59998010707  0.5745611
4838.79997988101  0.5862409
4847.99997965495  0.7173522
4857.1999794289  0.8167328
4866.39997920284  0.5943176
4875.59997897679  0.4100209
4884.79997875073  0.3545327
4893.99997852467  0.6871151
4903.19997829862  0.6224253
4912.39997807256  0.5853177
4921.59997784651  0.5369068
4930.79997762045  0.325293
4939.99997739439  0.5227642
4949.19997716834  0.535636
4958.39997694228  0.5938286
4967.59997671622  0.7146539
4976.79997649017  0.8169239
4985.99997626411  0.6817487
4995.19997603806  0.6096579
5004.399975812  0.6884
5013.59997558594  0.8188401
5022.79997535989  0.8266066
5031.99997513383  0.8106712
5041.19997490778  0.821865
5050.39997468172  1.131541
5059.59997445566  1.005161
5068.79997422961  0.8541552
5077.99997400355  1.187848
5087.1999737775  1.164418
5096.39997355144  0.9669965
5105.59997332538  1.094635
5114.79997309933  0.8276713
5123.99997287327  1.047288
5133.19997264721  1.27975
5142.39997242116  1.273044
5151.5999721951  1.26705
5160.79997196905  1.123006
5169.99997174299  1.154489
5179.19997151694  1.266458
5188.39997129088  1.311508
5197.59997106482  1.349362
5206.79997083877  1.45689
5215.99997061271  1.306722
5225.19997038665  1.241937
5234.3999701606  1.283973
5243.59996993454  1.073259
5252.79996970849  1.202904
5261.99996948243  1.119092
5271.19996925637  1.140888
5280.39996903032  1.224637
5289.59996880426  0.9735956
5298.79996857821  1.077491
5307.99996835215  1.082314
5317.19996812609  1.173109
5326.39996790004  1.084572
5335.59996767398  1.203078
5344.79996744792  1.074059
5353.99996722187  1.012214
5363.19996699581  1.129862
5372.39996676976  1.042679
5381.5999665437  1.04003
5390.79996631765  0.9646475
5399.99996609159  1.000493
5409.19996586553  1.072983
5418.39996563948  1.154277
5427.59996541342  0.8663936
5436.79996518736  0.88154
5445.99996496131  0.937227
5455.19996473525  1.067435
5464.3999645092  0.9824871
5473.59996428314  0.8692945
5482.79996405708  0.953911
5491.99996383103  0.917552
5501.19996360497  0.8613887
5510.39996337892  0.6880867
5519.59996315286  0.8505006
5528.7999629268  1.004266
5537.99996270075  1.060993
5547.19996247469  1.110377
5556.39996224864  0.8810211
5565.59996202258  0.7592547
5574.79996179652  0.8687955
5583.99996157047  1.268102
5593.19996134441  1.049649
5602.39996111836  1.019679
5611.5999608923  0.9663444
5620.79996066624  0.9947148
5629.99996044019  0.8566741
5639.19996021413  1.05161
5648.39995998807  0.97604
5657.59995976202  0.933406
5666.79995953596  1.191226
5675.99995930991  1.023998
5685.19995908385  1.124537
5694.3999588578  1.146104
5703.59995863174  0.9105998
5712.79995840568  0.8693621
5721.99995817963  0.7518464
5731.19995795357  1.2529
5740.39995772751  1.089091
5749.59995750146  1.063126
5758.7999572754  0.8817937
5767.99995704935  0.8041331
5777.19995682329  0.9382359
5786.39995659723  0.7750093
5795.59995637118  0.7807832
5804.79995614512  0.8998752
5813.99995591907  0.7942308
5823.19995569301  0.8179491
5832.39995546695  0.848502
5841.5999552409  0.6883492
5850.79995501484  0.7627081
5859.99995478878  1.001392
5869.19995456273  1.122915
5878.39995433667  0.9456989
5887.59995411062  0.6676544
5896.79995388456  0.9103772
5905.9999536585  0.8628501
5915.19995343245  0.9910456
5924.39995320639  0.9463891
5933.59995298034  0.9059952
5942.79995275428  1.444926
5951.99995252822  1.008693
5961.19995230217  0.9530696
5970.39995207611  0.7099944
5979.59995185006  0.8151458
5988.799951624  0.8012427
5997.99995139794  0.806557
6007.19995117189  0.7525154
6016.39995094583  0.7177074
6025.59995071978  0.507073
6034.79995049372  0.5348472
6043.99995026767  0.5692623
6053.19995004161  0.475338
6062.39994981555  0.4133255
6071.5999495895  0.3505581
6080.79994936344  0.3027795
6089.99994913738  0.433467
6099.19994891133  0.4965716
6108.39994868527  0.2797991
6117.59994845922  0.3842079
6126.79994823316  0.1894944
6135.9999480071  0.4129285
6145.19994778105  0.3779143
6154.39994755499  0.3715838
6163.59994732893  0.4630431
6172.79994710288  0.4344411
6181.99994687682  0.2203523
6191.19994665077  0.2668641
6200.39994642471  0.5903541
6209.59994619865  0.2909093
6218.7999459726  0.7239432
6227.99994574654  0.5530745
6237.19994552049  0.6448473
6246.39994529443  0.7073148
6255.59994506837  0.7685252
6264.79994484232  0.7087092
6273.99994461626  0.6493255
6283.19994439021  0.8169581
6292.39994416415  0.7131342
6301.59994393809  0.9092481
6310.79994371204  0.7070015
6319.99994348598  0.8743734
6329.19994325993  0.7544529
6338.39994303387  0.7931443
6347.59994280781  0.8235855
6356.79994258176  1.082699
6365.9999423557  0.9117014
6375.19994212965  0.928653
6384.39994190359  0.8472117
6393.59994167753  0.9845335
6402.79994145148  0.8653308
6411.99994122542  0.7706831
6421.19994099936  0.8951243
6430.39994077331  0.7941372
6439.59994054725  0.9704178
6448.7999403212  0.7706375
6457.99994009514  0.8925457
6467.19993986909  0.8449892
6476.39993964303  0.9048472
6485.59993941697  0.7800733
6494.79993919092  0.8290633
6503.99993896486  0.735232
6513.1999387388  0.900407
6522.39993851275  0.966181
6531.59993828669  0.7423423
6540.79993806064  0.9049196
6549.99993783458  1.050474
6559.19993760852  0.9186125
6568.39993738247  0.8084092
6577.59993715641  0.8866326
6586.79993693035  0.9850199
6595.9999367043  0.8947816
6605.19993647824  0.8840542
6614.39993625219  0.8753471
6623.59993602613  0.6265494
6632.79993580007  0.7827823
6641.99993557402  0.8497592
6651.19993534796  0.8080726
6660.39993512191  0.8262075
6669.59993489585  0.7451152
6678.79993466979  0.8799402
6687.99993444374  0.7036435
6697.19993421768  0.5941938
6706.39993399163  0.8655542
6715.59993376557  0.6879759
6724.79993353951  0.6086738
6733.99993331346  0.8418779
6743.1999330874  0.7328818
6752.39993286135  0.5048363
6761.59993263529  0.7966369
6770.79993240923  0.6210502
6779.99993218318  0.7946134
6789.19993195712  0.7179512
6798.39993173107  0.7811982
6807.59993150501  0.5359378
6816.79993127895  0.6174071
6825.9999310529  0.8074442
6835.19993082684  0.5178121
6844.39993060078  0.81892
6853.59993037473  0.7491591
6862.79993014867  0.5815001
6871.99992992262  0.4420209
6881.19992969656  0.6076943
6890.3999294705  0.3915757
6899.59992924445  0.6973964
6908.79992901839  0.6691746
6917.99992879234  0.959161
6927.19992856628  0.8277628
6936.39992834023  0.4545344
6945.59992811417  0.7012005
6954.79992788811  0.5843777
6963.99992766206  0.8339356
6973.199927436  0.7717241
6982.39992720994  0.4981796
6991.59992698389  0.6371206
7000.79992675783  0.6087886
7009.99992653177  0.5071895
7019.19992630572  0.6641129
7028.39992607966  0.7864212
7037.59992585361  0.4792138
7046.79992562755  0.6720883
7055.9999254015  0.655221
7065.19992517544  0.8549736
7074.39992494938  0.6916256
7083.59992472333  0.6385524
7092.79992449727  0.4231946
7101.99992427121  0.3186806
7111.19992404516  0.8587927
7120.3999238191  0.893552
7129.59992359305  0.6554223
7138.79992336699  0.5128049
7147.99992314094  0.3281128
7157.19992291488  0.8795136
7166.39992268882  0.6559521
7175.59992246277  0.5525056
7184.79992223671  0.4424562
7193.99992201065  0.5557924
7203.1999217846  0.7931662
7212.39992155854  0.903001
7221.59992133249  0.4996639
7230.79992110643  0.9968746
7239.99992088037  0.7012164
7249.19992065432  0.5976474
7258.39992042826  0.40548
7267.5999202022  0.8381224
7276.79991997615  0.6166999
7285.99991975009  0.6526944
7295.19991952404  0.528322
7304.39991929798  0.6282462
7313.59991907193  0.3021432
7322.79991884587  0.3079669
7331.99991861981  0.8003893
7341.19991839376  0.907768
7350.3999181677  0.4215854
7359.59991794164  0.4807354
7368.79991771559  0.7319233
7377.99991748953  0.7527854
7387.19991726348  0.6051088
7396.39991703742  0.518971
7405.59991681136  0.5626519
7414.79991658531  0.462088
7423.99991635925  0.4113695
7433.1999161332  0.372882
7442.39991590714  0.4912021
7451.59991568108  0.3146484
7460.79991545503  0.6919498
7469.99991522897  0.4585393
7479.19991500292  0.8521795
7488.39991477686  -0.02207059
7497.5999145508  0.7605343
7506.79991432475  0.1271966
7515.99991409869  0.4512269
7525.19991387264  0.915594
7534.39991364658  0.3833536
7543.59991342052  0.4142279
7552.79991319447  0.20709
7561.99991296841  0.7791352
7571.19991274235  -0.05367093
7580.3999125163  0.4722788
7589.59991229024  -0.02749641
7598.79991206419  0.007854166
7607.99991183813  0.5356617
7617.19991161207  0.544591
7626.39991138602  0.2657972
7635.59991115996  -0.1078127
7644.79991093391  0.2493168
7653.99991070785  0.3191239
7663.19991048179  0.2076084
7672.39991025574  0.5081879
7681.59991002968  0.2636127
7690.79990980363  0.5490335
7699.99990957757  -0.257212
7709.19990935151  0.5974173
7718.39990912546  0.5558414
7727.5999088994  0.4447284
7736.79990867335  -0.1321515
7745.99990844729  -0.1096907
7755.19990822123  0.6639504
7764.39990799518  -0.3495894
7773.59990776912  0.1203874
7782.79990754307  0.9008834
7791.99990731701  0.8048699
7801.19990709095  0.4504677
7810.3999068649  0.6467714
7819.59990663884  1.440416
7828.79990641279  0.5307096
7837.99990618673  -0.09819397
7847.19990596067  0.02155245
7856.39990573462  1.009216
7865.59990550856  -0.9902139
7874.7999052825  -0.1303127
7883.99990505645  -0.7808841
7893.19990483039  0.8358955
7902.39990460434  0.308261
7911.59990437828  -0.1263325
7920.79990415222  0.6206583
7929.99990392617  0.2495481
7939.19990370011  0.4129164
7948.39990347406  0.4351166
7957.599903248  0.4477306
7966.79990302194  -0.3736906
7975.99990279589  0.3245706
7985.19990256983  0.6401412
7994.39990234378  -1.350987
