4979.53156968674  8.604067E-17
4981.52137978986  7.582429E-17
4983.51118467544  8.037098E-17
4985.50098434313  7.467656E-17
4987.49077879253  8.523642E-17
4989.48056802324  7.774535E-17
4991.47035203482  8.760592E-17
4993.46013082678  7.153204E-17
4995.44990439865  6.441313E-17
4997.43967274987  9.889249E-17
4999.4294358799  5.953351E-17
5001.41919378814  7.312588E-17
5003.40894647398  7.851630E-17
5005.39869393676  6.894017E-17
5007.38843617582  7.343184E-17
5009.37817319043  8.147756E-17
5011.36790497987  8.839724E-17
5013.35763154337  7.347963E-17
5015.34735288014  7.122819E-17
5017.33706898935  7.274971E-17
5019.32677987015  8.603333E-17
5021.31648552165  8.341948E-17
5023.30618594294  7.859118E-17
5025.29588113308  8.449809E-17
5027.2855710911  6.549745E-17
5029.27525581599  8.016130E-17
5031.26493530673  8.845906E-17
5033.25460956225  5.701944E-17
5035.24427858147  7.560578E-17
5037.23394236327  7.657701E-17
5039.22360090649  7.250194E-17
5041.21325420997  8.268645E-17
5043.20290227249  7.012697E-17
5045.19254509282  5.914619E-17
5047.18218266969  8.958901E-17
5049.1718150018  6.663684E-17
5051.16144208784  7.956608E-17
5053.15106392644  9.029778E-17
5055.14068051623  7.829430E-17
5057.13029185579  7.679976E-17
5059.11989794368  7.950850E-17
5061.10949877842  5.834886E-17
5063.09909435852  8.137479E-17
5065.08868468244  6.698033E-17
5067.07826974863  8.846690E-17
5069.06784955549  7.156033E-17
5071.05742410141  9.729136E-17
5073.04699338473  7.532904E-17
5075.03655740378  7.861084E-17
5077.02611615686  9.910108E-17
5079.01566964221  7.213162E-17
5081.00521785809  7.663064E-17
5082.99476080269  7.481430E-17
5084.98429847419  6.933588E-17
5086.97383087074  6.268792E-17
5088.96335799044  7.634065E-17
5090.95287983139  8.016270E-17
5092.94239639164  7.722971E-17
5094.93190766923  8.598900E-17
5096.92141366214  8.564300E-17
5098.91091436836  7.919168E-17
5100.90040978581  8.140393E-17
5102.88989991242  8.198192E-17
5104.87938474605  6.473071E-17
5106.86886428456  9.769753E-17
5108.85833852578  7.013386E-17
5110.84780746749  7.274263E-17
5112.83727110746  9.126370E-17
5114.82672944343  7.625301E-17
5116.81618247309  8.207529E-17
5118.80563019412  6.646531E-17
5120.79507260417  8.362207E-17
5122.78450970085  7.873231E-17
5124.77394148175  6.784991E-17
5126.76336794442  6.791294E-17
5128.7527890864  8.160458E-17
5130.74220490518  7.057146E-17
5132.73161539823  7.361039E-17
5134.72102056299  8.965854E-17
5136.71042039688  7.671196E-17
5138.69981489726  8.541794E-17
5140.68920406149  7.244360E-17
5142.6785878869  8.448312E-17
5144.66796637077  6.797922E-17
5146.65733951037  8.375965E-17
5148.64670730294  7.434994E-17
5150.63606974566  7.887871E-17
5152.62542683573  7.955895E-17
5154.61477857029  1.045267E-16
5156.60412494644  7.643408E-17
5158.59346596129  6.737798E-17
5160.58280161188  8.656787E-17
5162.57213189523  9.243571E-17
5164.56145680836  6.543342E-17
5166.55077634823  6.625637E-17
5168.54009051177  8.887486E-17
5170.52939929591  9.575092E-17
5172.51870269751  7.855071E-17
5174.50800071343  7.919783E-17
5176.49729334048  8.688137E-17
5178.48658057547  6.645290E-17
5180.47586241516  7.469291E-17
5182.46513885627  7.535444E-17
5184.45440989551  7.169421E-17
5186.44367552956  8.119210E-17
5188.43293575506  8.706664E-17
5190.42219056863  7.123908E-17
5192.41143996684  6.709143E-17
5194.40068394627  7.997256E-17
5196.38992250343  8.945789E-17
5198.37915563483  7.616642E-17
5200.36838333693  7.140310E-17
5202.35760560617  6.275910E-17
5204.34682243896  6.409985E-17
5206.33603383168  8.578264E-17
5208.32523978068  7.957647E-17
5210.31444028229  7.119675E-17
5212.30363533279  7.746378E-17
5214.29282492845  7.867044E-17
5216.28200906549  6.758737E-17
5218.27118774013  7.535285E-17
5220.26036094854  7.648030E-17
5222.24952868686  7.266170E-17
5224.2386909512  8.497984E-17
5226.22784773766  6.200682E-17
5228.21699904229  7.762405E-17
5230.20614486112  7.830689E-17
5232.19528519014  6.648644E-17
5234.18442002532  6.353728E-17
5236.1735493626  6.696619E-17
5238.1626731979  8.362122E-17
5240.15179152708  8.016903E-17
5242.140904346  7.439216E-17
5244.13001165049  8.508997E-17
5246.11911343633  7.689644E-17
5248.10820969928  7.356966E-17
5250.09730043508  7.200998E-17
5252.08638563944  8.073522E-17
5254.07546530802  7.340255E-17
5256.06453943646  8.196082E-17
5258.0536080204  6.661996E-17
5260.0426710554  7.795548E-17
5262.03172853703  7.315848E-17
5264.02078046081  7.964351E-17
5266.00982682225  5.886070E-17
5267.9988676168  6.682580E-17
5269.98790283991  8.341945E-17
5271.97693248699  9.120239E-17
5273.96595655341  7.054087E-17
5275.95497503453  7.134965E-17
5277.94398792566  7.382784E-17
5279.9329952221  8.499864E-17
5281.92199691912  6.986645E-17
5283.91099301193  8.977474E-17
5285.89998349575  8.063011E-17
5287.88896836575  6.421256E-17
5289.87794761708  8.580910E-17
5291.86692124484  6.818036E-17
5293.85588924412  7.385775E-17
5295.84485160999  6.562597E-17
5297.83380833746  7.195431E-17
5299.82275942154  5.930040E-17
5301.81170485718  7.361644E-17
5303.80064463934  6.121819E-17
5305.78957876291  7.557882E-17
5307.77850722279  7.372691E-17
5309.76743001381  7.665165E-17
5311.75634713079  6.945533E-17
5313.74525856854  6.980050E-17
5315.73416432181  6.198234E-17
5317.72306438533  6.251865E-17
5319.71195875381  7.086180E-17
5321.70084742192  7.501105E-17
5323.6897303843  6.020618E-17
5325.67860763557  6.769262E-17
5327.66747917031  6.846569E-17
5329.65634498308  8.074128E-17
5331.64520506841  6.571687E-17
5333.63405942079  7.729145E-17
5335.62290803469  8.232318E-17
5337.61175090455  6.666374E-17
5339.60058802477  6.361896E-17
5341.58941938974  6.818123E-17
5343.57824499381  7.493624E-17
5345.56706483129  8.040898E-17
5347.55587889648  6.279426E-17
5349.54468718364  8.273270E-17
5351.533489687  7.484780E-17
5353.52228640076  7.827359E-17
5355.51107731909  7.134562E-17
5357.49986243615  6.382588E-17
5359.48864174604  5.746315E-17
5361.47741524285  7.371408E-17
5363.46618292064  6.621161E-17
5365.45494477342  7.099835E-17
5367.44370079521  7.692537E-17
5369.43245097996  5.854829E-17
5371.42119532161  7.005819E-17
5373.40993381407  7.647756E-17
5375.39866645122  5.416018E-17
5377.38739322692  6.657299E-17
5379.37611413497  6.963351E-17
5381.36482916917  6.390275E-17
5383.35353832328  7.714717E-17
5385.34224159104  7.074450E-17
5387.33093896615  7.385784E-17
5389.31963044227  6.557286E-17
5391.30831601306  7.562347E-17
5393.29699567212  6.413855E-17
5395.28566941305  6.682146E-17
5397.27433722939  6.361948E-17
5399.26299911467  6.830456E-17
5401.25165506239  7.014907E-17
5403.24030506602  6.646840E-17
5405.22894911899  8.031564E-17
5407.21758721472  7.544768E-17
5409.20621934657  5.852383E-17
5411.19484550791  6.682249E-17
5413.18346569205  7.207910E-17
5415.17207989227  7.362691E-17
5417.16068810185  8.975450E-17
5419.14929031401  7.454140E-17
5421.13788652195  7.543083E-17
5423.12647671886  6.356168E-17
5425.11506089786  7.340153E-17
5427.10363905208  8.566863E-17
5429.0922111746  7.124360E-17
5431.08077725848  8.356382E-17
5433.06933729674  8.636998E-17
5435.05789128237  8.833697E-17
5437.04643920835  8.556478E-17
5439.0349810676  1.011023E-16
5441.02351685305  1.133356E-16
5443.01204655756  9.653554E-17
5445.00057017399  9.358598E-17
5446.98908769516  7.001256E-17
5448.97759911385  9.822923E-17
5450.96610442283  6.744882E-17
5452.95460361483  8.193987E-17
5454.94309668255  6.970239E-17
5456.93158361867  7.321584E-17
5458.92006441582  8.017041E-17
5460.90853906662  6.939945E-17
5462.89700756365  9.751466E-17
5464.88546989948  7.434186E-17
5466.87392606662  7.145290E-17
5468.86237605757  7.441842E-17
5470.85081986479  8.199597E-17
5472.83925748073  6.723559E-17
5474.8276888978  6.932364E-17
5476.81611410836  7.009586E-17
5478.80453310478  6.145304E-17
5480.79294587936  6.571664E-17
5482.7813524244  8.030194E-17
5484.76975273216  6.879273E-17
5486.75814679488  7.999913E-17
5488.74653460474  6.869102E-17
5490.73491615393  6.386073E-17
5492.72329143459  6.558783E-17
5494.71166043882  6.799818E-17
5496.70002315873  6.766045E-17
5498.68837958635  6.558544E-17
5500.67672971372  6.858911E-17
5502.66507353283  5.876129E-17
5504.65341103565  6.563798E-17
5506.64174221411  6.113358E-17
5508.63006706012  6.041885E-17
5510.61838556556  6.298756E-17
5512.60669772228  6.674911E-17
5514.5950035221  6.628798E-17
5516.58330295681  6.700726E-17
5518.57159601816  7.196995E-17
5520.5598826979  7.338747E-17
5522.54816298771  7.188575E-17
5524.53643687928  6.024955E-17
5526.52470436424  6.900458E-17
5528.51296543421  7.832241E-17
5530.50122008077  7.187970E-17
5532.48946829548  6.561355E-17
5534.47771006986  6.057805E-17
5536.46594539541  6.175292E-17
5538.45417426359  5.156740E-17
5540.44239666584  6.383188E-17
5542.43061259357  6.741072E-17
5544.41882203815  6.323765E-17
5546.40702499094  7.331909E-17
5548.39522144325  6.768308E-17
5550.38341138638  6.238244E-17
5552.37159481157  4.719707E-17
5554.35977171007  6.515473E-17
5556.34794207308  5.879299E-17
5558.33610589176  6.615118E-17
5560.32426315726  6.332498E-17
5562.31241386069  6.834692E-17
5564.30055799314  7.333110E-17
5566.28869554565  6.070347E-17
5568.27682650926  6.315391E-17
5570.26495087497  7.412950E-17
5572.25306863373  8.943189E-17
5574.24117977648  6.619832E-17
5576.22928429412  7.013243E-17
5578.21738217755  5.867414E-17
5580.2054734176  4.895126E-17
5582.1935580051  5.589457E-17
5584.18163593083  6.675584E-17
5586.16970718555  6.787697E-17
5588.15777176  5.103307E-17
5590.14582964487  5.614676E-17
5592.13388083084  5.841802E-17
5594.12192530854  6.655403E-17
5596.1099630686  6.790353E-17
5598.0979941016  7.151596E-17
5600.08601839808  6.153092E-17
5602.07403594858  6.457426E-17
5604.06204674358  6.260219E-17
5606.05005077356  6.890493E-17
5608.03804802896  6.140604E-17
5610.02603850016  7.602581E-17
5612.01402217757  5.931307E-17
5614.00199905151  6.252985E-17
5615.98996911232  6.205375E-17
5617.97793235028  6.726962E-17
5619.96588875565  6.242631E-17
5621.95383831866  7.114398E-17
5623.94178102952  6.268271E-17
5625.92971687838  7.916097E-17
5627.9176458554  6.920358E-17
5629.90556795069  5.762382E-17
5631.89348315433  7.054644E-17
5633.88139145637  8.285486E-17
5635.86929284685  6.995177E-17
5637.85718731574  7.831371E-17
5639.84507485303  5.809948E-17
5641.83295544864  6.489967E-17
5643.82082909248  6.165706E-17
5645.80869577444  6.296231E-17
5647.79655548435  6.232769E-17
5649.78440821203  6.876500E-17
5651.77225394728  5.179494E-17
5653.76009267986  6.256539E-17
5655.74792439949  6.212917E-17
5657.73574909587  6.474793E-17
5659.72356675867  5.757594E-17
5661.71137737755  6.400327E-17
5663.69918094211  6.948852E-17
5665.68697744192  6.056656E-17
5667.67476686656  4.982155E-17
5669.66254920553  6.758785E-17
5671.65032444834  6.766265E-17
5673.63809258446  6.027292E-17
5675.6258536033  5.974901E-17
5677.61360749429  6.303627E-17
5679.6013542468  5.525640E-17
5681.58909385018  7.291605E-17
5683.57682629374  6.543418E-17
5685.56455156678  7.183807E-17
5687.55226965855  4.963064E-17
5689.53998055828  5.976430E-17
5691.52768425518  5.574718E-17
5693.51538073841  6.519701E-17
5695.50306999712  6.617115E-17
5697.49075202042  6.442351E-17
5699.47842679738  5.696399E-17
5701.46609431707  5.679022E-17
5703.45375456851  6.824103E-17
5705.4414075407  7.027906E-17
5707.42905322259  5.775353E-17
5709.41669160312  4.746022E-17
5711.4043226712  6.284251E-17
5713.39194641572  7.086262E-17
5715.3795628255  5.252850E-17
5717.36717188937  6.559516E-17
5719.35477359613  4.797924E-17
5721.34236793452  6.554792E-17
5723.32995489329  6.911140E-17
5725.31753446112  5.625027E-17
5727.30510662669  7.369647E-17
5729.29267137865  5.251308E-17
5731.28022870559  6.786712E-17
5733.26777859612  5.488358E-17
5735.25532103877  5.606912E-17
5737.24285602207  6.017456E-17
5739.23038353452  6.268942E-17
5741.21790356458  6.340376E-17
5743.20541610069  7.019414E-17
5745.19292113125  5.863721E-17
5747.18041864464  6.364703E-17
5749.1679086292  5.979082E-17
5751.15539107327  5.787538E-17
5753.14286596511  6.265620E-17
5755.13033329299  5.715338E-17
5757.11779304515  6.747468E-17
5759.10524520977  6.911230E-17
5761.09268977504  5.943156E-17
5763.08012672909  5.553590E-17
5765.06755606003  4.588979E-17
5767.05497775595  6.951584E-17
5769.04239180489  5.374201E-17
5771.0297981949  6.401548E-17
5773.01719691394  7.859866E-17
5775.00458795  6.924582E-17
5776.99197129101  6.941185E-17
5778.97934692486  6.203299E-17
5780.96671483945  5.364937E-17
5782.95407502261  5.997112E-17
5784.94142746216  6.083761E-17
5786.9287721459  6.044557E-17
5788.91610906157  6.362872E-17
5790.90343819691  6.153375E-17
5792.89075953962  7.245773E-17
5794.87807307737  5.212674E-17
5796.8653787978  6.330160E-17
5798.85267668852  5.751988E-17
5800.83996673711  7.420006E-17
5802.82724893113  6.555240E-17
5804.8145232581  5.788843E-17
5806.80178970551  5.818905E-17
5808.78904826083  5.861036E-17
5810.77629891149  6.966897E-17
5812.7635416449  7.295169E-17
5814.75077644843  5.579223E-17
5816.73800330943  7.308106E-17
5818.72522221522  5.010333E-17
5820.71243315309  6.754818E-17
5822.69963611029  6.025226E-17
5824.68683107405  7.142006E-17
5826.67401803158  5.746202E-17
5828.66119697003  6.817586E-17
5830.64836787656  6.636705E-17
5832.63553073828  4.561226E-17
5834.62268554226  7.802883E-17
5836.60983227556  6.316323E-17
5838.5969709252  6.109579E-17
5840.58410147818  6.426649E-17
5842.57122392146  7.069473E-17
5844.55833824197  6.459050E-17
5846.54544442662  6.625506E-17
5848.53254246228  5.075638E-17
5850.51963233581  7.506591E-17
5852.50671403402  5.821366E-17
5854.49378754369  6.476537E-17
5856.48085285159  5.918861E-17
5858.46790994444  5.996444E-17
5860.45495880894  6.347707E-17
5862.44199943177  5.974516E-17
5864.42903179956  6.093948E-17
5866.41605589892  6.701348E-17
5868.40307171644  5.412379E-17
5870.39007923867  5.766408E-17
5872.37707845213  5.457342E-17
5874.36406934331  5.632732E-17
5876.35105189868  7.458398E-17
5878.33802610467  7.694684E-17
5880.32499194769  6.463999E-17
5882.31194941411  5.920704E-17
5884.29889849029  6.790976E-17
5886.28583916253  7.347145E-17
5888.27277141712  6.479357E-17
5890.25969524032  6.841939E-17
5892.24661061837  5.127605E-17
5894.23351753745  4.940983E-17
5896.22041598374  5.675514E-17
5898.20730594338  5.974563E-17
5900.19418740249  5.797734E-17
5902.18106034713  5.020996E-17
5904.16792476336  5.681693E-17
5906.15478063722  7.112700E-17
5908.14162795468  6.043107E-17
5910.12846670171  6.427567E-17
5912.11529686425  6.875177E-17
5914.1021184282  5.973186E-17
5916.08893137944  5.627656E-17
5918.07573570382  5.818437E-17
5920.06253138714  7.188461E-17
5922.0493184152  6.200987E-17
5924.03609677375  7.018293E-17
5926.02286644853  5.869437E-17
5928.00962742523  6.057075E-17
5929.99637968952  5.239582E-17
5931.98312322705  6.819430E-17
5933.96985802341  5.990844E-17
5935.9565840642  6.571481E-17
5937.94330133496  7.267255E-17
5939.93000982122  7.260398E-17
5941.91670950847  6.728957E-17
5943.90340038218  4.955303E-17
5945.89008242777  6.498869E-17
5947.87675563065  5.600189E-17
5949.8634199762  5.499587E-17
5951.85007544977  6.883809E-17
5953.83672203666  6.417255E-17
5955.82335972217  6.091629E-17
5957.80998849156  6.369319E-17
5959.79660833005  4.837400E-17
5961.78321922284  4.702014E-17
5963.7698211551  5.555931E-17
5965.75641411196  6.373021E-17
5967.74299807855  6.887950E-17
5969.72957303994  6.662643E-17
5971.71613898119  5.424771E-17
5973.7026958873  6.555451E-17
5975.68924374329  4.674975E-17
5977.6757825341  6.465137E-17
5979.66231224469  6.794853E-17
5981.64883285994  5.960397E-17
5983.63534436473  5.499407E-17
5985.62184674392  5.819458E-17
5987.60833998231  5.493406E-17
5989.59482406469  5.797527E-17
5991.58129897582  6.191269E-17
5993.56776470043  5.822241E-17
5995.55422122322  6.169483E-17
5997.54066852885  5.907425E-17
5999.52710660197  8.029918E-17
6001.51353542717  6.869079E-17
6003.49995498906  5.188185E-17
6005.48636527218  5.433607E-17
6007.47276626104  6.465097E-17
6009.45915794014  5.568065E-17
6011.44554029395  5.967118E-17
6013.4319133069  5.447454E-17
6015.41827696338  6.296269E-17
6017.40463124779  5.172207E-17
6019.39097614445  7.216935E-17
6021.3773116377  5.930923E-17
6023.36363771181  6.008932E-17
6025.34995435104  5.782421E-17
6027.33626153962  6.569613E-17
6029.32255926175  6.800667E-17
6031.30884750159  6.437039E-17
6033.29512624329  6.372126E-17
6035.28139547096  6.388076E-17
6037.26765516867  5.986687E-17
6039.25390532048  5.308072E-17
6041.24014591041  5.120099E-17
6043.22637692245  5.799915E-17
6045.21259834056  6.515891E-17
6047.19881014868  5.870479E-17
6049.18501233071  6.060521E-17
6051.17120487053  4.901871E-17
6053.15738775198  5.562325E-17
6055.14356095888  5.828809E-17
6057.129724475  6.209626E-17
6059.11587828412  5.437000E-17
6061.10202236996  6.482715E-17
6063.08815671621  6.997053E-17
6065.07428130654  5.605798E-17
6067.0603961246  4.507599E-17
6069.04650115399  6.435752E-17
6071.03259637829  5.937353E-17
6073.01868178106  5.070897E-17
6075.00475734581  5.565030E-17
6076.99082305604  6.153553E-17
6078.97687889521  6.528304E-17
6080.96292484675  5.345276E-17
6082.94896089407  6.464250E-17
6084.93498702054  5.414233E-17
6086.92100320951  5.927124E-17
6088.90700944428  5.029367E-17
6090.89300570816  5.602607E-17
6092.87899198439  5.845803E-17
6094.8649682562  6.495991E-17
6096.85093450679  5.069074E-17
6098.83689071933  5.138971E-17
6100.82283687695  6.190786E-17
6102.80877296277  6.175849E-17
6104.79469895986  5.684103E-17
6106.78061485128  4.925780E-17
6108.76652062005  5.897740E-17
6110.75241624916  6.026373E-17
6112.73830172157  6.021082E-17
6114.72417702022  6.824773E-17
6116.710042128  5.580260E-17
6118.6958970278  4.924984E-17
6120.68174170245  5.572026E-17
6122.66757613478  5.917149E-17
6124.65340030757  5.351495E-17
6126.63921420356  6.099179E-17
6128.62501780551  5.393045E-17
6130.61081109609  5.962626E-17
6132.59659405798  6.278693E-17
6134.58236667381  5.738988E-17
6136.5681289262  4.858449E-17
6138.55388079772  5.088133E-17
6140.53962227093  6.432932E-17
6142.52535332835  4.864290E-17
6144.51107395246  5.705853E-17
6146.49678412574  6.403191E-17
6148.48248383061  5.563349E-17
6150.46817304947  5.765253E-17
6152.45385176471  6.141410E-17
6154.43951995866  5.455374E-17
6156.42517761364  5.811271E-17
6158.41082471193  4.845405E-17
6160.3964612358  5.502126E-17
6162.38208716746  5.843318E-17
6164.36770248912  5.703850E-17
6166.35330718295  4.509978E-17
6168.33890123107  6.520270E-17
6170.32448461561  5.535877E-17
6172.31005731864  6.687000E-17
6174.2956193222  5.554846E-17
6176.28117060833  6.070668E-17
6178.26671115902  5.581113E-17
6180.25224095621  5.904790E-17
6182.23775998186  5.434140E-17
6184.22326821785  5.707475E-17
6186.20876564607  5.781845E-17
6188.19425224836  5.883949E-17
6190.17972800653  5.820595E-17
6192.16519290237  5.757638E-17
6194.15064691764  6.029194E-17
6196.13609003406  4.955278E-17
6198.12152223332  6.027833E-17
6200.1069434971  5.698852E-17
6202.09235380703  4.763514E-17
6204.07775314473  5.723214E-17
6206.06314149177  5.509886E-17
6208.0485188297  4.561757E-17
6210.03388514004  6.866209E-17
6212.01924040429  5.474612E-17
6214.00458460391  6.073981E-17
6215.98991772032  5.364510E-17
6217.97523973493  4.955105E-17
6219.96055062912  5.423581E-17
6221.94585038423  6.085717E-17
6223.93113898156  5.815606E-17
6225.91641640242  5.412406E-17
6227.90168262805  6.503588E-17
6229.88693763968  5.421699E-17
6231.87218141851  6.148650E-17
6233.8574139457  5.971574E-17
6235.8426352024  5.933760E-17
6237.8278451697  4.602311E-17
6239.8130438287  5.181041E-17
6241.79823116044  5.304041E-17
6243.78340714593  6.630929E-17
6245.76857176618  5.725653E-17
6247.75372500214  5.106190E-17
6249.73886683475  5.688320E-17
6251.7239972449  5.282454E-17
6253.70911621347  6.005943E-17
6255.69422372131  5.345598E-17
6257.67931974923  5.342463E-17
6259.66440427801  4.960454E-17
6261.64947728841  6.014780E-17
6263.63453876116  6.623921E-17
6265.61958867694  4.480011E-17
6267.60462701644  5.587157E-17
6269.58965376029  6.084972E-17
6271.57466888909  5.631899E-17
6273.55967238342  4.558026E-17
6275.54466422384  5.921816E-17
6277.52964439086  5.921426E-17
6279.51461286498  5.362120E-17
6281.49956962665  6.364465E-17
6283.48451465631  4.859595E-17
6285.46944793436  5.453868E-17
6287.45436944118  5.247407E-17
6289.4392791571  5.365253E-17
6291.42417706244  4.905450E-17
6293.40906313749  6.435898E-17
6295.3939373625  6.359321E-17
6297.3787997177  5.915329E-17
6299.36365018328  5.246155E-17
6301.34848873941  4.862904E-17
6303.33331536623  4.561758E-17
6305.31813004384  5.399462E-17
6307.30293275233  6.486541E-17
6309.28772347175  5.755203E-17
6311.2725021821  4.657799E-17
6313.2572688634  6.357516E-17
6315.24202349558  5.349448E-17
6317.2267660586  5.114035E-17
6319.21149653234  6.121237E-17
6321.19621489669  5.200795E-17
6323.18092113148  4.861689E-17
6325.16561521653  5.000292E-17
6327.15029713163  5.138309E-17
6329.13496685652  5.174880E-17
6331.11962437094  6.555414E-17
6333.10426965459  5.772804E-17
6335.08890268711  5.288490E-17
6337.07352344817  5.507996E-17
6339.05813191735  4.336050E-17
6341.04272807425  6.079590E-17
6343.02731189841  5.155235E-17
6345.01188336935  4.970979E-17
6346.99644246656  5.659331E-17
6348.9809891695  5.807771E-17
6350.9655234576  5.285549E-17
6352.95004531027  5.692674E-17
6354.93455470687  5.094318E-17
6356.91905162676  4.909745E-17
6358.90353604924  5.121832E-17
6360.8880079536  7.242138E-17
6362.87246731909  7.272729E-17
6364.85691412494  4.359866E-17
6366.84134835034  5.793721E-17
6368.82576997447  5.550961E-17
6370.81017897645  4.285007E-17
6372.7945753354  5.684734E-17
6374.7789590304  5.811879E-17
6376.76333004048  5.154832E-17
6378.74768834468  5.646678E-17
6380.73203392199  6.062407E-17
6382.71636675135  4.985348E-17
6384.70068681172  6.710364E-17
6386.68499408197  6.287730E-17
6388.669288541  4.894026E-17
6390.65357016764  6.124513E-17
6392.6378389407  6.258438E-17
6394.62209483897  5.705159E-17
6396.60633784121  5.176326E-17
6398.59056792613  4.247578E-17
6400.57478507244  4.677902E-17
6402.5589892588  5.906006E-17
6404.54318046385  5.207711E-17
6406.52735866619  6.474473E-17
6408.51152384441  5.757928E-17
6410.49567597705  5.387859E-17
6412.47981504262  5.801338E-17
6414.46394101964  5.952239E-17
6416.44805388654  5.517458E-17
6418.43215362177  5.205781E-17
6420.41624020372  5.124504E-17
6422.40031361076  5.270999E-17
6424.38437382125  5.022520E-17
6426.36842081348  4.917447E-17
6428.35245456575  4.951619E-17
6430.33647505632  5.246142E-17
6432.32048226339  5.649900E-17
6434.30447616518  6.153349E-17
6436.28845673985  5.758290E-17
6438.27242396553  5.993710E-17
6440.25637782033  6.465926E-17
6442.24031828233  6.343475E-17
6444.22424532958  6.207565E-17
6446.20815894009  5.826346E-17
6448.19205909186  4.878870E-17
6450.17594576284  6.416193E-17
6452.15981893098  5.346720E-17
6454.14367857415  6.205776E-17
6456.12752467025  5.830330E-17
6458.11135719711  5.130799E-17
6460.09517613255  5.407946E-17
6462.07898145435  5.633221E-17
6464.06277314026  4.831911E-17
6466.046551168  4.581813E-17
6468.03031551529  5.281898E-17
6470.01406615977  5.337211E-17
6471.99780307908  5.812334E-17
6473.98152625084  5.620222E-17
6475.96523565262  5.588829E-17
6477.94893126197  4.210199E-17
6479.9326130564  4.280909E-17
6481.91628101342  5.610377E-17
6483.89993511046  4.618143E-17
6485.88357532498  5.092091E-17
6487.86720163436  5.353248E-17
6489.85081401599  5.377052E-17
6491.83441244719  5.856382E-17
6493.81799690529  5.026550E-17
6495.80156736757  4.522250E-17
6497.78512381128  5.861032E-17
6499.76866621365  5.475892E-17
6501.75219455187  4.419421E-17
6503.73570880311  5.798741E-17
6505.7192089445  4.865916E-17
6507.70269495316  5.745221E-17
6509.68616680615  5.837201E-17
6511.66962448053  5.098693E-17
6513.65306795331  5.396597E-17
6515.63649720148  4.590743E-17
6517.61991220201  4.600170E-17
6519.60331293183  6.309272E-17
6521.58669936783  4.998790E-17
6523.57007148688  5.791508E-17
6525.55342926583  5.042066E-17
6527.5367726815  6.050454E-17
6529.52010171065  5.380067E-17
6531.50341633006  4.994519E-17
6533.48671651644  5.324968E-17
6535.47000224648  6.031677E-17
6537.45327349686  5.265679E-17
6539.4365302442  5.346173E-17
6541.41977246512  4.593321E-17
6543.40300013619  5.051310E-17
6545.38621323397  5.549265E-17
6547.36941173496  5.712966E-17
6549.35259561565  5.476985E-17
6551.33576485252  4.776226E-17
6553.31891942198  5.755846E-17
6555.30205930044  5.384023E-17
6557.28518446427  5.553071E-17
6559.2682948898  5.054049E-17
6561.25139055337  6.510555E-17
6563.23447143123  5.531111E-17
6565.21753749966  4.807164E-17
6567.20058873487  5.898467E-17
6569.18362511306  4.584332E-17
6571.16664661039  5.889433E-17
6573.149653203  6.994487E-17
6575.13264486699  5.776201E-17
6577.11562157845  6.432146E-17
6579.09858331342  6.802844E-17
6581.08153004791  5.131540E-17
6583.06446175793  5.879095E-17
6585.04737841942  6.236887E-17
6587.03028000831  6.086698E-17
6589.01316650051  5.017664E-17
6590.99603787189  5.286617E-17
6592.97889409829  5.125286E-17
6594.96173515552  5.049430E-17
6596.94456101936  5.167296E-17
6598.92737166557  5.024098E-17
6600.91016706987  4.892733E-17
6602.89294720796  5.432412E-17
6604.87571205549  5.308325E-17
6606.85846158812  5.796317E-17
6608.84119578143  5.657830E-17
6610.82391461102  5.186489E-17
6612.80661805242  4.071492E-17
6614.78930608115  5.440562E-17
6616.77197867271  5.027522E-17
6618.75463580255  6.344457E-17
6620.7372774461  4.635169E-17
6622.71990357876  5.756828E-17
6624.7025141759  5.943416E-17
6626.68510921287  5.697058E-17
6628.66768866498  4.630054E-17
6630.6502525075  5.700227E-17
6632.63280071569  5.210563E-17
6634.61533326478  5.346689E-17
6636.59785012995  6.186921E-17
6638.58035128638  4.756729E-17
6640.5628367092  5.188096E-17
6642.54530637352  4.630303E-17
6644.52776025441  4.426659E-17
6646.51019832691  5.350662E-17
6648.49262056605  5.722013E-17
6650.47502694682  4.942211E-17
6652.45741744417  5.162737E-17
6654.43979203303  5.019070E-17
6656.42215068831  5.655466E-17
6658.40449338487  5.777936E-17
6660.38682009756  5.840563E-17
6662.36913080118  4.811235E-17
6664.35142547052  5.761746E-17
6666.33370408033  5.026849E-17
6668.31596660533  6.031213E-17
6670.29821302023  5.229387E-17
6672.28044329968  5.201005E-17
6674.26265741831  5.512573E-17
6676.24485535074  5.165630E-17
6678.22703707155  5.091963E-17
6680.20920255527  4.806277E-17
6682.19135177642  4.910963E-17
6684.1734847095  5.839525E-17
6686.15560132896  5.123813E-17
6688.13770160923  5.003072E-17
6690.11978552471  5.393679E-17
6692.10185304977  5.262213E-17
6694.08390415875  4.970440E-17
6696.06593882597  5.384225E-17
6698.0479570257  5.285637E-17
6700.0299587322  4.772050E-17
6702.0119439197  4.650244E-17
6703.99391256237  4.630120E-17
6705.9758646344  5.319318E-17
6707.95780010991  4.625558E-17
6709.93971896301  4.796726E-17
6711.92162116777  6.000846E-17
6713.90350669825  5.782556E-17
6715.88537552846  5.493613E-17
6717.86722763238  4.850187E-17
6719.84906298399  4.894756E-17
6721.83088155719  4.257291E-17
6723.8126833259  5.350892E-17
6725.79446826399  4.611100E-17
6727.77623634529  4.896899E-17
6729.75798754362  4.998285E-17
6731.73972183275  5.419491E-17
6733.72143918645  5.450037E-17
6735.70313957843  4.788436E-17
6737.68482298239  5.596885E-17
6739.66648937199  4.777833E-17
6741.64813872086  4.483139E-17
6743.62977100262  5.523514E-17
6745.61138619083  4.679562E-17
6747.59298425905  5.621826E-17
6749.57456518079  5.577230E-17
6751.55612892953  4.858680E-17
6753.53767547875  5.178722E-17
6755.51920480185  5.164807E-17
6757.50071687226  4.766682E-17
6759.48221166332  5.516219E-17
6761.4636891484  4.408786E-17
6763.44514930078  5.430697E-17
6765.42659209377  4.539670E-17
6767.40801750061  5.264575E-17
6769.38942549451  5.566555E-17
6771.37081604869  5.119178E-17
6773.35218913629  5.179037E-17
6775.33354473046  5.995148E-17
6777.3148828043  4.743134E-17
6779.29620333088  4.789009E-17
6781.27750628325  5.731151E-17
6783.25879163443  4.492592E-17
6785.24005935741  4.586175E-17
6787.22130942514  5.701973E-17
6789.20254181055  4.976219E-17
6791.18375648654  5.134868E-17
6793.16495342599  6.138695E-17
6795.14613260172  4.592818E-17
6797.12729398655  4.570723E-17
6799.10843755327  4.688037E-17
6801.08956327463  4.821165E-17
6803.07067112334  5.003163E-17
6805.0517610721  4.021783E-17
6807.03283309357  5.514318E-17
6809.0138871604  4.218520E-17
6810.99492324518  4.740119E-17
6812.97594132048  4.140355E-17
6814.95694135887  5.332874E-17
6816.93792333284  4.140366E-17
6818.91888721489  4.830106E-17
6820.89983297748  4.267938E-17
6822.88076059303  4.092555E-17
6824.86167003395  4.482960E-17
6826.8425612726  4.906144E-17
6828.82343428132  4.631152E-17
6830.80428903242  5.438119E-17
6832.78512549819  4.302543E-17
6834.76594365088  5.076093E-17
6836.74674346271  4.077397E-17
6838.72752490586  5.022834E-17
6840.70828795251  5.721760E-17
6842.68903257479  5.528133E-17
6844.66975874481  5.436974E-17
6846.65046643463  4.958903E-17
6848.63115561631  5.434948E-17
6850.61182626186  5.619792E-17
6852.59247834327  5.449669E-17
6854.57311183249  4.430563E-17
6856.55372670146  5.388445E-17
6858.53432292206  5.233655E-17
6860.51490046619  4.770877E-17
6862.49545930566  4.197674E-17
6864.47599941229  4.423366E-17
6866.45652075787  4.802400E-17
6868.43702331414  3.782731E-17
6870.41750705282  4.436594E-17
6872.39797194562  4.158099E-17
6874.37841796418  5.352122E-17
6876.35884508016  4.412270E-17
6878.33925326514  5.395536E-17
6880.31964249071  4.500867E-17
6882.30001272841  4.129814E-17
6884.28036394975  5.328669E-17
6886.26069612624  4.960754E-17
6888.24100922931  4.662412E-17
6890.2213032304  5.372977E-17
6892.20157810091  5.048504E-17
6894.1818338122  3.941132E-17
6896.16207033562  4.910684E-17
6898.14228764248  5.144503E-17
6900.12248570405  3.755043E-17
6902.10266449159  4.430817E-17
6904.08282397632  5.170953E-17
6906.06296412943  4.501839E-17
6908.04308492209  4.682427E-17
6910.02318632543  4.199276E-17
6912.00326831054  4.676722E-17
6913.98333084852  4.252849E-17
6915.9633739104  4.849597E-17
6917.9433974672  4.310133E-17
6919.92340148991  4.771565E-17
6921.90338594948  4.681571E-17
6923.88335081684  3.994737E-17
6925.86329606289  5.323890E-17
6927.84322165849  4.754155E-17
6929.82312757449  5.075276E-17
6931.8030137817  4.931012E-17
6933.78288025089  4.172067E-17
6935.76272695283  5.297263E-17
6937.74255385822  4.221054E-17
6939.72236093777  5.883108E-17
6941.70214816213  4.320336E-17
6943.68191550194  4.280987E-17
6945.6616629278  3.959315E-17
6947.64139041028  4.691531E-17
6949.62109791994  5.288765E-17
6951.60078542729  5.118871E-17
6953.58045290281  5.550218E-17
6955.56010031696  4.877069E-17
6957.53972764017  4.414236E-17
6959.51933484284  4.833165E-17
6961.49892189532  4.848889E-17
6963.47848876798  5.232422E-17
6965.4580354311  4.456424E-17
6967.43756185498  5.422409E-17
6969.41706800987  5.234251E-17
6971.39655386598  4.353466E-17
6973.37601939351  4.463574E-17
6975.35546456262  4.460206E-17
6977.33488934344  5.132004E-17
6979.31429370608  5.214036E-17
6981.29367762062  4.436190E-17
6983.27304105709  5.220182E-17
6985.25238398551  4.739213E-17
6987.23170637587  4.824471E-17
6989.21100819812  4.584855E-17
6991.1902894222  5.338800E-17
6993.16955001799  4.936383E-17
6995.14878995538  4.561594E-17
6997.12800920419  5.239598E-17
6999.10720773424  4.724723E-17
7001.0863855153  5.256756E-17
7003.06554251713  4.271608E-17
7005.04467870945  4.119784E-17
7007.02379406195  4.531974E-17
7009.00288854429  4.903219E-17
7010.98196212611  5.272107E-17
7012.96101477701  5.097858E-17
7014.94004646656  4.998363E-17
7016.91905716431  4.863140E-17
7018.89804683977  4.842206E-17
7020.87701546243  5.118120E-17
7022.85596300174  5.084451E-17
7024.83488942714  4.521785E-17
7026.81379470802  4.371991E-17
7028.79267881374  4.901796E-17
7030.77154171365  4.572109E-17
7032.75038337706  4.429030E-17
7034.72920377324  4.237039E-17
7036.70800287145  4.665241E-17
7038.6867806409  5.398167E-17
7040.6655370508  4.925133E-17
7042.64427207029  4.594571E-17
7044.62298566852  4.614702E-17
7046.60167781458  5.611963E-17
7048.58034847756  4.374823E-17
7050.55899762649  4.609027E-17
7052.53762523039  4.770250E-17
7054.51623125825  5.010511E-17
7056.49481567901  5.433487E-17
7058.47337846162  4.120175E-17
7060.45191957496  4.901412E-17
7062.43043898791  4.750369E-17
7064.4089366693  4.622587E-17
7066.38741258794  4.310594E-17
7068.36586671261  4.084283E-17
7070.34429901206  4.798896E-17
7072.32270945501  5.137058E-17
7074.30109801016  4.325108E-17
7076.27946464616  4.468715E-17
7078.25780933165  4.516218E-17
7080.23613203523  5.017389E-17
7082.21443272547  4.564514E-17
7084.19271137093  4.265216E-17
7086.1709679401  4.687615E-17
7088.14920240149  4.330681E-17
7090.12741472354  4.019138E-17
7092.10560487468  4.669136E-17
7094.08377282331  3.655837E-17
7096.06191853779  4.508613E-17
7098.04004198647  4.486549E-17
7100.01814313766  4.867136E-17
7101.99622195962  3.683113E-17
7103.97427842062  4.555980E-17
7105.95231248887  3.724898E-17
7107.93032413256  4.148592E-17
7109.90831331986  5.006418E-17
7111.8862800189  4.408979E-17
7113.86422419778  4.281558E-17
7115.84214582457  4.824898E-17
7117.82004486733  4.860932E-17
7119.79792129405  5.520778E-17
7121.77577507273  4.592808E-17
7123.75360617133  4.370293E-17
7125.73141455777  4.257376E-17
7127.70920019994  5.279993E-17
7129.68696306572  4.799534E-17
7131.66470312294  5.179332E-17
7133.64242033941  4.762144E-17
7135.62011468291  4.318699E-17
7137.59778612119  5.164271E-17
7139.57543462197  5.111719E-17
7141.55306015295  5.027574E-17
7143.53066268177  5.438128E-17
7145.50824217608  4.213950E-17
7147.48579860348  4.404499E-17
7149.46333193154  4.548633E-17
7151.4408421278  5.131804E-17
7153.41832915978  4.300979E-17
7155.39579299497  4.412934E-17
7157.37323360081  5.164771E-17
7159.35065094474  4.309713E-17
7161.32804499415  5.759046E-17
7163.30541571641  4.334534E-17
7165.28276307886  4.797910E-17
7167.2600870488  5.257977E-17
7169.23738759352  5.294665E-17
7171.21466468025  4.463595E-17
7173.19191827624  5.235304E-17
7175.16914834866  4.481460E-17
7177.14635486467  4.414364E-17
7179.12353779141  4.574492E-17
7181.10069709599  4.831174E-17
7183.07783274546  4.436970E-17
7185.05494470688  5.032464E-17
7187.03203294726  5.787032E-17
7189.00909743359  3.621396E-17
7190.98613813282  4.887576E-17
7192.96315501187  4.590778E-17
7194.94014803765  5.659752E-17
7196.91711717702  4.331973E-17
7198.89406239681  5.812695E-17
7200.87098366384  4.851708E-17
7202.84788094489  4.806576E-17
7204.8247542067  3.780532E-17
7206.80160341599  4.347641E-17
7208.77842853946  4.214456E-17
7210.75522954376  4.766000E-17
7212.73200639553  5.047889E-17
7214.70875906137  5.241059E-17
7216.68548750784  2.530076E-17
7218.66219170151  4.966275E-17
7220.63887160887  5.151560E-17
7222.61552719642  4.037632E-17
7224.5921584306  4.648778E-17
7226.56876527785  4.092274E-17
7228.54534770456  4.279432E-17
7230.52190567709  4.816655E-17
7232.4984391618  4.631908E-17
7234.47494812497  5.062144E-17
7236.45143253289  5.244216E-17
7238.42789235182  4.639702E-17
7240.40432754796  4.888591E-17
7242.38073808751  5.446794E-17
7244.35712393664  5.980658E-17
7246.33348506147  4.995929E-17
7248.30982142809  4.339067E-17
7250.2861330026  5.264711E-17
7252.26241975103  4.346179E-17
7254.23868163939  4.692091E-17
7256.21491863367  5.461728E-17
7258.19113069981  5.287524E-17
7260.16731780376  4.616083E-17
7262.1434799114  5.193449E-17
7264.11961698861  4.988574E-17
7266.09572900121  4.845208E-17
7268.07181591501  4.583224E-17
7270.0478776958  5.110894E-17
7272.02391430932  4.976020E-17
7273.99992572129  4.408298E-17
7275.97591189741  4.306389E-17
7277.95187280333  4.782601E-17
7279.92780840468  4.547125E-17
7281.90371866707  5.003045E-17
7283.87960355606  5.553493E-17
7285.8554630372  3.638469E-17
7287.83129707601  4.825925E-17
7289.80710563797  5.218557E-17
7291.78288868853  4.769828E-17
7293.75864619312  5.341124E-17
7295.73437811713  4.941633E-17
7297.71008442593  4.791863E-17
7299.68576508486  5.417937E-17
7301.66142005922  5.526050E-17
7303.6370493143  4.780785E-17
7305.61265281533  5.126074E-17
7307.58823052755  4.061831E-17
7309.56378241614  6.109825E-17
7311.53930844626  5.306962E-17
7313.51480858304  6.918907E-17
7315.49028279158  5.355406E-17
7317.46573103695  5.657937E-17
7319.44115328421  5.730316E-17
7321.41654949836  5.763446E-17
7323.39191964438  6.007603E-17
7325.36726368723  6.122414E-17
7327.34258159183  5.936208E-17
7329.31787332309  7.903528E-17
7331.29313884585  6.265707E-17
7333.26837812498  7.792652E-17
7335.24359112526  7.672870E-17
7337.21877781148  8.218323E-17
7339.19393814839  8.757446E-17
7341.1690721007  1.096098E-16
7343.1441796331  1.465698E-16
7345.11926071026  1.694081E-16
7347.09431529681  1.507054E-16
7349.06934335734  1.185491E-16
7351.04434485643  8.351867E-17
7353.01931975863  8.128593E-17
7354.99426802843  7.342040E-17
7356.96918963034  6.967117E-17
7358.9440845288  7.683284E-17
7360.91895268823  6.605916E-17
7362.89379407303  6.887109E-17
7364.86860864758  7.686719E-17
7366.8433963762  7.720396E-17
7368.8181572232  6.423940E-17
7370.79289115285  6.397202E-17
7372.76759812942  5.685480E-17
7374.74227811711  4.636497E-17
7376.71693108012  5.682817E-17
7378.6915569826  4.676927E-17
7380.66615578869  5.538511E-17
7382.64072746248  5.213044E-17
7384.61527196806  4.825486E-17
7386.58978926945  5.335274E-17
7388.56427933068  5.055001E-17
7390.53874211572  4.745170E-17
7392.51317758854  5.452009E-17
7394.48758571305  5.712002E-17
7396.46196645315  4.559078E-17
7398.43631977271  4.487813E-17
7400.41064563556  4.800792E-17
7402.38494400551  4.049393E-17
7404.35921484634  4.329508E-17
7406.33345812179  4.368831E-17
7408.30767379558  4.844545E-17
7410.28186183141  5.195539E-17
7412.25602219293  4.341651E-17
7414.23015484377  4.421700E-17
7416.20425974754  4.466741E-17
7418.17833686779  5.320095E-17
7420.15238616809  5.448919E-17
7422.12640761193  4.512973E-17
7424.10040116281  4.317072E-17
7426.07436678417  4.399259E-17
7428.04830443945  4.505811E-17
7430.02221409203  4.746092E-17
7431.99609570528  4.893158E-17
7433.96994924253  4.124785E-17
7435.9437746671  4.584029E-17
7437.91757194226  3.543006E-17
7439.89134103126  4.605330E-17
7441.86508189732  4.457511E-17
7443.83879450362  4.135298E-17
7445.81247881332  5.044169E-17
7447.78613478957  4.676234E-17
7449.75976239544  3.926786E-17
7451.73336159402  4.655100E-17
7453.70693234836  4.674891E-17
7455.68047462145  4.823862E-17
7457.65398837629  3.955680E-17
7459.62747357582  4.778732E-17
7461.60093018298  4.742011E-17
7463.57435816065  3.891354E-17
7465.54775747171  4.228938E-17
7467.52112807898  5.003048E-17
7469.49446994527  5.177008E-17
7471.46778303337  4.478980E-17
7473.44106730601  3.810824E-17
7475.41432272592  4.344412E-17
7477.38754925579  4.818604E-17
7479.36074685827  5.115523E-17
7481.33391549599  4.511389E-17
7483.30705513156  4.302833E-17
7485.28016572754  4.782514E-17
7487.25324724648  3.937570E-17
7489.22629965089  4.211808E-17
7491.19932290326  3.940818E-17
7493.17231696602  4.349706E-17
7495.14528180162  3.618705E-17
7497.11821737244  4.307985E-17
7499.09112364084  4.280475E-17
7501.06400056918  3.840299E-17
7503.03684811974  4.450036E-17
7505.00966625481  4.682539E-17
7506.98245493663  4.584744E-17
7508.95521412743  4.401646E-17
7510.92794378938  4.676138E-17
7512.90064388466  4.239179E-17
7514.87331437538  4.870028E-17
7516.84595522366  4.138072E-17
7518.81856639155  4.493560E-17
7520.79114784111  4.381072E-17
7522.76369953434  3.947341E-17
7524.73622143322  3.719640E-17
7526.70871349972  4.167404E-17
7528.68117569575  4.464519E-17
7530.6536079832  4.026561E-17
7532.62601032395  4.477514E-17
7534.59838267982  4.380631E-17
7536.57072501262  3.942541E-17
7538.54303728414  4.283959E-17
7540.51531945611  4.183988E-17
7542.48757149026  3.798059E-17
7544.45979334827  4.341114E-17
7546.4319849918  4.562664E-17
7548.40414638248  4.344034E-17
7550.37627748191  4.397499E-17
7552.34837825167  4.857635E-17
7554.32044865328  4.667808E-17
7556.29248864827  4.463085E-17
7558.26449819812  4.814806E-17
7560.23647726427  3.576879E-17
7562.20842580816  4.441709E-17
7564.18034379117  4.259426E-17
7566.15223117468  4.779487E-17
7568.12408792001  5.493606E-17
7570.09591398847  3.488415E-17
7572.06770934135  4.252444E-17
7574.03947393987  4.599284E-17
7576.01120774527  4.961003E-17
7577.98291071873  3.840882E-17
7579.95458282141  4.280735E-17
7581.92622401444  4.095278E-17
7583.89783425892  4.439074E-17
7585.86941351591  4.339810E-17
7587.84096174646  4.817207E-17
7589.81247891159  4.463447E-17
7591.78396497227  4.132508E-17
7593.75541988945  4.706971E-17
7595.72684362406  4.429882E-17
7597.698236137  3.390939E-17
7599.66959738912  4.014174E-17
7601.64092734126  2.904755E-17
7603.61222595423  1.426900E-17
7605.5834931888  5.663331E-17
7607.55472900573  2.876991E-17
7609.52593336572  2.243735E-17
7611.49710622947  4.841109E-17
7613.46824755762  4.110890E-17
7615.43935731082  3.454413E-17
7617.41043544967  3.027610E-17
7619.38148193472  4.450682E-17
7621.35249672653  4.761939E-17
7623.3234797856  4.495309E-17
7625.29443107242  3.301743E-17
7627.26535054743  4.230789E-17
7629.23623817107  2.639448E-17
7631.20709390372  3.907640E-17
7633.17791770575  4.031979E-17
7635.1487095375  4.532446E-17
7637.11946935926  4.864420E-17
7639.09019713131  5.731028E-17
7641.06089281391  3.826613E-17
7643.03155636727  3.287789E-17
7645.00218775157  4.346728E-17
7646.97278692698  3.994628E-17
7648.94335385361  4.856677E-17
7650.91388849158  4.275137E-17
7652.88439080095  3.019363E-17
7654.85486074176  4.372645E-17
7656.82529827403  4.463383E-17
7658.79570335773  4.056807E-17
7660.76607595282  5.283015E-17
7662.73641601922  4.249235E-17
7664.70672351682  4.069883E-17
7666.67699840548  3.802069E-17
7668.64724064505  4.735033E-17
7670.61745019533  4.402806E-17
7672.58762701609  3.856527E-17
7674.55777106707  4.135913E-17
7676.527882308  3.967494E-17
7678.49796069856  4.087533E-17
7680.46800619842  4.773338E-17
7682.43801876719  5.241624E-17
7684.40799836448  4.318885E-17
7686.37794494985  3.985262E-17
7688.34785848286  4.275460E-17
7690.31773892301  3.911868E-17
7692.28758622977  3.596452E-17
7694.25740036261  3.908537E-17
7696.22718128094  4.031721E-17
7698.19692894415  4.507433E-17
7700.16664331162  4.213464E-17
7702.13632434267  4.587994E-17
7704.10597199662  3.369334E-17
7706.07558623273  4.943665E-17
7708.04516701025  4.918341E-17
7710.01471428841  3.985696E-17
7711.98422802637  6.127274E-17
7713.95370818331  4.442923E-17
7715.92315471835  3.714645E-17
7717.89256759059  3.939363E-17
7719.86194675911  3.124589E-17
7721.83129218293  3.534708E-17
7723.80060382107  4.199931E-17
7725.76988163251  3.777326E-17
7727.73912557621  3.735634E-17
7729.70833561108  4.246071E-17
7731.67751169602  4.415528E-17
7733.64665378989  4.243868E-17
7735.61576185153  3.984012E-17
7737.58483583973  5.331932E-17
7739.55387571329  4.171482E-17
7741.52288143094  4.260399E-17
7743.49185295139  2.945571E-17
7745.46079023334  4.318425E-17
7747.42969323544  4.098620E-17
7749.39856191632  4.934503E-17
7751.36739623457  4.847581E-17
7753.33619614878  2.403612E-17
7755.30496161748  3.471076E-17
7757.27369259917  3.335277E-17
7759.24238905234  4.045047E-17
7761.21105093545  3.229389E-17
7763.17967820691  4.103080E-17
7765.14827082511  4.639550E-17
7767.11682874842  3.699758E-17
7769.08535193517  4.506721E-17
7771.05384034367  3.600811E-17
7773.02229393219  3.978111E-17
7774.99071265898  3.293936E-17
7776.95909648226  4.139823E-17
7778.9274453602  3.654886E-17
7780.89575925097  4.081359E-17
7782.8640381127  4.401831E-17
7784.83228190347  4.029608E-17
7786.80049058138  4.227250E-17
7788.76866410444  4.069305E-17
7790.73680243068  5.628413E-17
7792.70490551807  5.512589E-17
7794.67297332457  3.036843E-17
7796.64100580809  3.368984E-17
7798.60900292653  5.023445E-17
7800.57696463775  4.567130E-17
7802.54489089959  4.379362E-17
7804.51278166985  4.138288E-17
7806.4806369063  4.072422E-17
7808.44845656669  3.559043E-17
7810.41624060874  3.278987E-17
7812.38398899013  4.435156E-17
7814.35170166851  3.507799E-17
7816.31937860153  4.154009E-17
7818.28701974677  5.420022E-17
7820.2546250618  4.110405E-17
7822.22219450417  4.521898E-17
7824.18972803137  4.144625E-17
7826.15722560091  3.571882E-17
7828.12468717021  3.977188E-17
7830.09211269672  4.150093E-17
7832.05950213781  4.242776E-17
7834.02685545085  4.592950E-17
7835.99417259318  4.069946E-17
7837.96145352209  3.782469E-17
7839.92869819487  3.758522E-17
7841.89590656876  3.189084E-17
7843.86307860097  4.508325E-17
7845.83021424869  4.207462E-17
7847.79731346907  4.275038E-17
7849.76437621925  4.797593E-17
7851.73140245633  4.128953E-17
7853.69839213736  3.556488E-17
7855.6653452194  4.503459E-17
7857.63226165944  3.982413E-17
7859.59914141447  3.610297E-17
7861.56598444144  3.531895E-17
7863.53279069728  3.570143E-17
7865.49956013887  4.847617E-17
7867.46629272308  5.527978E-17
7869.43298840673  4.477395E-17
7871.39964714664  3.205737E-17
7873.36626889958  4.015681E-17
7875.33285362229  4.673269E-17
7877.29940127149  3.827900E-17
7879.26591180386  3.676938E-17
7881.23238517607  4.697188E-17
7883.19882134473  5.133361E-17
7885.16522026644  4.158700E-17
7887.13158189779  5.075140E-17
7889.09790619529  5.111028E-17
7891.06419311547  4.134850E-17
7893.0304426148  4.005128E-17
7894.99665464973  5.070116E-17
7896.96282917668  4.098995E-17
7898.92896615206  4.575514E-17
7900.89506553221  4.750538E-17
7902.86112727347  4.146335E-17
7904.82715133215  4.850194E-17
7906.79313766452  4.669712E-17
7908.75908622681  4.276280E-17
7910.72499697526  3.934819E-17
7912.69086986605  4.959164E-17
7914.65670485532  3.570042E-17
7916.62250189921  4.994941E-17
7918.58826095382  3.721672E-17
7920.55398197521  3.458652E-17
7922.51966491943  3.811760E-17
7924.48530974247  3.172945E-17
7926.45091640033  4.038758E-17
7928.41648484895  4.623817E-17
7930.38201504425  3.119550E-17
7932.34750694213  3.505191E-17
7934.31296049844  4.128837E-17
7936.27837566902  4.043792E-17
7938.24375240967  3.557548E-17
7940.20909067617  4.102068E-17
7942.17439042426  4.442995E-17
7944.13965160966  3.665038E-17
7946.10487418805  4.115309E-17
7948.07005811508  4.984991E-17
7950.03520334639  4.236556E-17
7952.00030983757  3.062208E-17
7953.96537754419  4.446584E-17
7955.93040642179  3.918860E-17
7957.89539642588  3.602942E-17
7959.86034751193  4.188686E-17
7961.8252596354  3.217189E-17
7963.7901327517  4.554891E-17
7965.75496681623  2.669001E-17
7967.71976178436  3.544396E-17
7969.68451761141  5.159923E-17
7971.64923425268  4.265925E-17
7973.61391166346  4.468643E-17
7975.57854979898  3.657684E-17
7977.54314861445  2.932901E-17
7979.50770806508  4.401965E-17
7981.472228106  3.982803E-17
7983.43670869235  4.470720E-17
7985.40114977922  4.140066E-17
7987.36555132168  4.042999E-17
7989.32991327477  4.135945E-17
7991.29423559351  2.397915E-17
7993.25851823286  4.336228E-17
7995.22276114777  3.316083E-17
7997.18696429318  5.894674E-17
7999.15112762397  3.713637E-17
8001.11525109499  3.718322E-17
8003.07933466109  4.331447E-17
8005.04337827707  4.290883E-17
8007.00738189769  4.311821E-17
8008.97134547771  4.452103E-17
8010.93526897184  3.992618E-17
8012.89915233476  3.668071E-17
8014.86299552113  3.553227E-17
8016.82679848558  3.606330E-17
8018.79056118269  3.544338E-17
8020.75428356705  3.448226E-17
8022.71796559319  4.929736E-17
8024.68160721561  4.884721E-17
8026.6452083888  4.196189E-17
8028.6087690672  3.190650E-17
8030.57228920524  4.169505E-17
8032.5357687573  4.471378E-17
8034.49920767775  3.445618E-17
8036.46260592092  3.987299E-17
8038.42596344112  2.824145E-17
8040.38928019261  3.807483E-17
8042.35255612964  3.506817E-17
8044.31579120642  3.616016E-17
8046.27898537714  3.736340E-17
8048.24213859596  3.672747E-17
8050.205250817  3.122939E-17
8052.16832199435  4.345630E-17
8054.13135208209  3.645161E-17
8056.09434103425  3.136509E-17
8058.05728880484  4.304389E-17
8060.02019534784  4.843084E-17
8061.98306061719  2.590978E-17
8063.94588456683  4.532798E-17
8065.90866715064  4.775138E-17
8067.87140832247  3.921336E-17
8069.83410803617  3.914852E-17
8071.79676624554  3.776118E-17
8073.75938290434  3.061244E-17
8075.72195796633  3.335140E-17
8077.68449138521  4.377682E-17
8079.64698311467  4.067106E-17
8081.60943310836  5.005888E-17
8083.57184131992  4.540105E-17
8085.53420770294  3.060511E-17
8087.49653221098  3.733331E-17
8089.45881479758  4.041503E-17
8091.42105541625  3.361909E-17
8093.38325402048  4.091246E-17
8095.3454105637  4.369632E-17
8097.30752499934  4.055601E-17
8099.26959728079  3.754291E-17
8101.2316273614  4.629918E-17
8103.19361519452  4.105635E-17
8105.15556073345  3.997792E-17
8107.11746393145  3.737064E-17
8109.07932474177  3.524163E-17
8111.04114311762  3.080877E-17
8113.0029190122  3.609234E-17
8114.96465237864  4.098854E-17
8116.92634317009  3.851790E-17
8118.88799133963  4.012114E-17
8120.84959684033  3.790641E-17
8122.81115962523  3.791116E-17
8124.77267964734  4.232066E-17
8126.73415685963  4.226487E-17
8128.69559121506  3.349804E-17
8130.65698266654  3.563533E-17
8132.61833116697  4.014845E-17
8134.5796366692  4.239393E-17
8136.54089912607  3.667710E-17
8138.50211849038  3.492175E-17
8140.4632947149  4.238275E-17
8142.42442775237  3.944944E-17
8144.38551755551  4.729251E-17
8146.346564077  2.680612E-17
8148.3075672695  3.981659E-17
8150.26852708564  3.992510E-17
8152.229443478  3.775580E-17
8154.19031639916  3.612755E-17
8156.15114580165  4.022679E-17
8158.11193163797  4.235195E-17
8160.07267386062  4.215658E-17
8162.03337242203  3.583594E-17
8163.99402727464  4.493922E-17
8165.95463837081  3.194370E-17
8167.91520566293  4.672512E-17
8169.87572910331  4.053840E-17
8171.83620864426  3.800610E-17
8173.79664423805  3.075084E-17
8175.75703583693  3.592895E-17
8177.71738339311  4.104976E-17
8179.67768685877  4.336270E-17
8181.63794618607  3.409430E-17
8183.59816132713  4.393372E-17
8185.55833223404  3.830022E-17
8187.51845885889  4.120829E-17
8189.47854115369  4.294485E-17
8191.43857907046  3.619482E-17
8193.39857256118  4.174987E-17
8195.3585215778  5.065233E-17
8197.31842607223  4.141510E-17
8199.27828599636  3.787919E-17
8201.23810130206  3.304266E-17
8203.19787194115  3.001599E-17
8205.15759786545  4.265878E-17
8207.11727902671  3.802503E-17
8209.07691537668  3.941391E-17
8211.03650686708  3.729202E-17
8212.99605344959  3.563155E-17
8214.95555507586  4.466907E-17
8216.91501169752  3.920206E-17
8218.87442326616  3.743942E-17
8220.83378973336  4.091504E-17
8222.79311105064  3.727153E-17
8224.75238716951  2.822803E-17
8226.71161804146  4.143992E-17
8228.67080361793  3.945573E-17
8230.62994385033  3.500750E-17
8232.58903869007  3.073081E-17
8234.54808808849  3.637634E-17
8236.50709199693  3.825250E-17
8238.4660503667  3.090987E-17
8240.42496314906  4.252603E-17
8242.38383029525  3.679927E-17
8244.34265175649  2.817861E-17
8246.30142748397  3.473170E-17
8248.26015742882  4.006669E-17
8250.2188415422  3.728139E-17
8252.17747977517  4.037793E-17
8254.13607207882  4.321039E-17
8256.09461840417  3.593123E-17
8258.05311870225  2.904082E-17
8260.01157292401  3.651517E-17
8261.96998102042  4.686540E-17
8263.92834294238  3.328137E-17
8265.8866586408  2.738204E-17
8267.84492806653  4.120944E-17
8269.80315117039  4.015357E-17
8271.76132790319  4.466614E-17
8273.71945821571  1.607140E-17
8275.67754205869  3.592888E-17
8277.63557938283  5.079910E-17
8279.59357013882  6.162051E-17
8281.55151427731  3.912621E-17
8283.50941174894  3.583448E-17
8285.46726250429  3.685185E-17
8287.42506649393  3.285677E-17
8289.3828236684  2.926722E-17
8291.34053397819  4.130830E-17
8293.2981973738  2.937800E-17
8295.25581380567  5.015140E-17
8297.21338322422  4.386713E-17
8299.17090557983  4.001948E-17
8301.12838082287  2.833092E-17
8303.08580890366  3.996184E-17
8305.04318977251  3.635675E-17
8307.00052337969  2.817443E-17
8308.95780967544  4.041101E-17
8310.91504860997  4.421961E-17
8312.87224013347  3.634806E-17
8314.82938419609  3.855220E-17
8316.78648074795  4.063938E-17
8318.74352973915  4.005297E-17
8320.70053111976  2.848197E-17
8322.65748483981  3.578434E-17
8324.6143908493  4.571080E-17
8326.57124909822  4.282347E-17
8328.52805953651  3.380437E-17
8330.48482211409  3.703573E-17
8332.44153678085  3.775822E-17
8334.39820348664  4.235067E-17
8336.35482218131  4.138406E-17
8338.31139281465  2.591727E-17
8340.26791533642  5.482764E-17
8342.22438969638  3.389784E-17
8344.18081584423  3.623971E-17
8346.13719372966  1.934485E-17
8348.09352330233  4.554800E-17
8350.04980451184  3.078348E-17
8352.00603730781  3.298387E-17
8353.96222163979  4.057052E-17
8355.91835745733  3.090080E-17
8357.87444470991  3.235166E-17
8359.83048334704  3.835830E-17
8361.78647331815  4.872127E-17
8363.74241457265  4.133827E-17
8365.69830705994  3.763958E-17
8367.65415072939  3.733369E-17
8369.60994553031  4.037013E-17
8371.565691412  4.791500E-17
8373.52138832375  4.465317E-17
8375.47703621479  3.958193E-17
8377.43263503432  2.704968E-17
8379.38818473155  4.657877E-17
8381.34368525561  4.420540E-17
8383.29913655564  3.587200E-17
8385.25453858072  4.043637E-17
8387.20989127992  4.614639E-17
8389.16519460228  3.297757E-17
8391.12044849681  4.422190E-17
8393.07565291247  3.916166E-17
8395.03080779823  4.385254E-17
8396.98591310299  4.372000E-17
8398.94096877564  5.372676E-17
8400.89597476504  4.185936E-17
8402.85093102003  3.949658E-17
8404.8058374894  4.198884E-17
8406.76069412192  4.380459E-17
8408.71550086634  3.422303E-17
8410.67025767137  3.868822E-17
8412.62496448568  4.172469E-17
8414.57962125794  3.485059E-17
8416.53422793676  5.279016E-17
8418.48878447075  4.595704E-17
8420.44329080846  3.161274E-17
8422.39774689842  3.477804E-17
8424.35215268916  3.814432E-17
8426.30650812913  3.732120E-17
8428.2608131668  2.178187E-17
8430.21506775057  3.327147E-17
8432.16927182884  2.129109E-17
8434.12342534997  3.771405E-17
8436.07752826228  3.271244E-17
8438.03158051407  3.345614E-17
8439.98558205361  3.222030E-17
8441.93953282915  4.133402E-17
8443.8934327889  3.046502E-17
8445.84728188104  3.952672E-17
8447.80108005372  4.259790E-17
8449.75482725507  4.216743E-17
8451.70852343317  3.905132E-17
8453.6621685361  3.691585E-17
8455.61576251189  2.912148E-17
8457.56930530854  3.679698E-17
8459.52279687404  3.233635E-17
8461.47623715632  4.936413E-17
8463.42962610331  4.015010E-17
8465.38296366289  2.616419E-17
8467.33624978293  2.320274E-17
8469.28948441125  3.939833E-17
8471.24266749564  3.322841E-17
8473.19579898389  4.106124E-17
8475.14887882373  3.524898E-17
8477.10190696288  3.706704E-17
8479.05488334901  3.802614E-17
8481.00780792977  2.934678E-17
8482.9606806528  4.099585E-17
8484.91350146569  2.752957E-17
8486.866270316  2.798181E-17
8488.81898715126  4.054522E-17
8490.77165191897  4.234081E-17
8492.72426456663  3.945327E-17
8494.67682504167  2.973057E-17
8496.62933329151  3.159859E-17
8498.58178926353  3.475789E-17
8500.5341929051  4.813729E-17
8502.48654416355  4.021096E-17
8504.43884298618  3.900282E-17
8506.39108932024  4.091524E-17
8508.343283113  3.484794E-17
8510.29542431164  3.374758E-17
8512.24751286337  3.801868E-17
8514.19954871533  3.397006E-17
8516.15153181464  4.796475E-17
8518.1034621084  4.013489E-17
8520.05533954367  4.618406E-17
8522.00716406749  3.918800E-17
8523.95893562685  3.085107E-17
8525.91065416875  4.106227E-17
8527.86231964012  3.911372E-17
8529.81393198788  3.353619E-17
8531.76549115891  3.188364E-17
8533.71699710009  3.894636E-17
8535.66844975823  3.254050E-17
8537.61984908013  3.547696E-17
8539.57119501257  3.463171E-17
8541.52248750228  4.443724E-17
8543.47372649598  2.947359E-17
8545.42491194034  4.690690E-17
8547.37604378203  3.883318E-17
8549.32712196765  3.520556E-17
8551.27814644381  3.691908E-17
8553.22911715707  3.734981E-17
8555.18003405397  3.007846E-17
8557.130897081  3.595778E-17
8559.08170618465  3.077040E-17
8561.03246131136  3.163379E-17
8562.98316240755  3.595927E-17
8564.9338094196  3.255956E-17
8566.88440229388  3.425070E-17
8568.8349409767  3.197934E-17
8570.78542541438  3.599964E-17
8572.73585555317  4.052831E-17
8574.68623133933  3.950172E-17
8576.63655271905  3.512714E-17
8578.58681963853  3.604706E-17
8580.53703204392  3.707477E-17
8582.48718988133  4.025727E-17
8584.43729309686  3.432500E-17
8586.38734163657  3.137724E-17
8588.3373354465  2.953459E-17
8590.28727447266  4.032568E-17
8592.23715866101  3.726224E-17
8594.18698795751  3.749583E-17
8596.13676230806  3.198628E-17
8598.08648165857  3.689347E-17
8600.03614595488  3.177311E-17
8601.98575514282  4.154269E-17
8603.9353091682  3.340133E-17
8605.88480797678  3.358033E-17
8607.8342515143  2.874667E-17
8609.78363972647  3.191951E-17
8611.73297255898  3.558716E-17
8613.68224995747  4.348823E-17
8615.63147186757  3.555152E-17
8617.58063823487  3.573466E-17
8619.52974900493  2.620188E-17
8621.4788041233  2.832012E-17
8623.42780353546  2.946226E-17
8625.3767471869  1.659355E-17
8627.32563502307  3.477019E-17
8629.27446698938  4.275174E-17
8631.22324303121  4.740271E-17
8633.17196309393  2.673637E-17
8635.12062712285  2.946191E-17
8637.06923506329  4.649258E-17
8639.01778686052  2.704431E-17
8640.96628245976  2.379901E-17
8642.91472180623  3.986058E-17
8644.86310484511  3.926434E-17
8646.81143152156  4.085863E-17
8648.75970178069  4.153628E-17
8650.70791556759  3.394662E-17
8652.65607282734  3.109912E-17
8654.60417350496  3.930158E-17
8656.55221754546  3.760084E-17
8658.50020489382  2.568651E-17
8660.44813549497  3.200870E-17
8662.39600929384  4.316663E-17
8664.34382623532  3.360033E-17
8666.29158626425  3.116972E-17
8668.23928932546  3.848004E-17
8670.18693536377  3.405967E-17
8672.13452432393  2.930029E-17
8674.08205615068  2.615490E-17
8676.02953078874  3.502232E-17
8677.97694818278  3.025633E-17
8679.92430827746  2.949155E-17
8681.8716110174  4.379951E-17
8683.81885634718  3.977994E-17
8685.76604421138  3.954704E-17
8687.71317455453  3.760634E-17
8689.66024732113  3.839788E-17
8691.60726245566  3.637264E-17
8693.55421990256  3.520133E-17
8695.50111960624  3.741886E-17
8697.4479615111  3.744370E-17
8699.39474556149  4.145523E-17
8701.34147170174  3.674216E-17
8703.28813987614  3.354506E-17
8705.23475002897  3.319853E-17
8707.18130210446  2.945359E-17
8709.12779604683  2.924015E-17
8711.07423180025  3.381570E-17
8713.02060930889  3.636073E-17
8714.96692851684  3.900429E-17
8716.91318936822  3.582561E-17
8718.85939180708  3.106832E-17
8720.80553577746  3.823648E-17
8722.75162122335  3.623491E-17
8724.69764808874  3.484209E-17
8726.64361631757  3.009433E-17
8728.58952585376  4.250084E-17
8730.53537664118  3.362142E-17
8732.48116862371  2.992390E-17
8734.42690174516  3.024896E-17
8736.37257594933  3.596577E-17
8738.31819118  4.293898E-17
8740.2637473809  2.660466E-17
8742.20924449574  3.857899E-17
8744.1546824682  2.769481E-17
8746.10006124193  3.292162E-17
8748.04538076056  2.758402E-17
8749.99064096767  3.688826E-17
8751.93584180683  3.588910E-17
8753.88098322157  4.651502E-17
8755.8260651554  2.572427E-17
8757.77108755179  3.071209E-17
8759.71605035418  4.263462E-17
8761.66095350598  1.925333E-17
8763.6057969506  5.165011E-17
8765.55058063137  2.071359E-17
8767.49530449164  2.927625E-17
8769.43996847469  2.084419E-17
8771.3845725238  3.249992E-17
8773.32911658221  3.879742E-17
8775.27360059311  5.015674E-17
8777.2180244997  4.963504E-17
8779.16238824513  4.182401E-17
8781.10669177251  1.787927E-17
8783.05093502494  3.303288E-17
8784.99511794547  3.998523E-17
8786.93924047715  3.996428E-17
8788.88330256298  3.283641E-17
8790.82730414593  2.221183E-17
8792.77124516894  2.914288E-17
8794.71512557493  3.330774E-17
8796.65894530679  2.981691E-17
8798.60270430737  3.971599E-17
8800.54640251949  2.379589E-17
8802.49003988597  3.111171E-17
8804.43361634956  4.177802E-17
8806.377131853  2.891794E-17
8808.32058633901  3.273602E-17
8810.26397975026  3.935741E-17
8812.2073120294  4.245529E-17
8814.15058311905  3.932253E-17
8816.09379296181  3.393912E-17
8818.03694150024  4.062960E-17
8819.98002867687  3.027994E-17
8821.9230544342  4.683067E-17
8823.86601871471  3.766592E-17
8825.80892146084  3.097084E-17
8827.75176261501  2.519006E-17
8829.6945421196  1.135718E-18
8831.63725991697  3.391580E-17
8833.57991594944  5.560397E-17
8835.52251015932  3.699402E-17
8837.46504248887  3.886055E-17
8839.40751288032  3.205477E-17
8841.3499212759  3.036726E-17
8843.29226761777  3.134057E-17
8845.23455184808  2.792165E-17
8847.17677390897  3.412273E-17
8849.11893374252  3.942380E-17
8851.06103129079  2.227509E-17
8853.00306649581  3.498782E-17
8854.94503929959  3.122181E-17
8856.8869496441  4.134306E-17
8858.82879747128  3.410433E-17
8860.77058272306  2.929024E-17
8862.71230534131  2.859621E-17
8864.65396526789  4.894122E-17
8866.59556244463  2.204266E-17
8868.53709681332  4.376036E-17
8870.47856831574  2.272415E-17
8872.41997689361  3.274426E-17
8874.36132248866  3.064495E-17
8876.30260504255  3.298426E-17
8878.24382449694  2.837308E-17
8880.18498079345  4.523405E-17
8882.12607387368  4.239690E-17
8884.06710367917  2.723384E-17
8886.00807015147  4.130287E-17
8887.94897323207  1.987251E-17
8889.88981286246  2.124035E-17
8891.83058898407  1.712926E-17
8893.77130153832  2.414094E-17
8895.71195046659  2.850770E-17
8897.65253571024  2.602211E-17
8899.5930572106  3.471889E-17
8901.53351490896  1.321529E-17
8903.47390874659  2.294877E-17
8905.41423866473  1.010362E-17
8907.35450460459  3.224660E-17
8909.29470650734  4.478390E-17
8911.23484431414  2.760369E-17
8913.1749179661  3.264666E-17
8915.11492740432  4.358547E-17
8917.05487256986  3.989924E-18
8918.99475340375  2.655944E-17
8920.934569847  4.532499E-17
8922.87432184057  1.551263E-17
8924.81400932541  3.306430E-17
8926.75363224243  2.614556E-17
8928.69319053252  2.375124E-17
8930.63268413654  2.230021E-17
8932.57211299531  2.916175E-17
8934.51147704963  3.635368E-17
8936.45077624026  2.393095E-17
8938.39001050794  3.788153E-17
8940.32917979338  2.877765E-17
8942.26828403727  4.407966E-17
8944.20732318024  2.822896E-17
8946.14629716292  2.530720E-17
8948.0852059259  2.600581E-17
8950.02404940975  2.439580E-17
8951.96282755498  2.779742E-17
8953.90154030212  3.565122E-17
8955.84018759162  3.308140E-17
8957.77876936393  3.171555E-17
8959.71728555947  1.834302E-17
8961.65573611862  2.551841E-17
8963.59412098173  3.392929E-17
8965.53244008914  3.389116E-17
8967.47069338113  2.643273E-17
8969.40888079798  3.183439E-17
8971.34700227992  2.220649E-17
8973.28505776717  2.205213E-17
8975.22304719989  2.198733E-17
8977.16097051824  2.043302E-17
8979.09882766234  2.633059E-17
8981.03661857228  3.057190E-17
8982.97434318812  2.572256E-17
8984.91200144989  2.027816E-17
