3606.  -1.108049E-17
3607.91666949667  -6.424435E-17
3609.83333899333  -1.390563E-16
3611.75000849  -3.067371E-17
3613.66667798667  1.401029E-16
3615.58334748333  1.463092E-16
3617.50001698  2.125672E-16
3619.41668647667  6.686111E-17
3621.33335597334  1.367649E-16
3623.25002547  1.566468E-16
3625.16669496667  -9.212800E-18
3627.08336446333  1.582778E-17
3629.00003396  -5.943689E-17
3630.91670345667  1.628796E-16
3632.83337295334  2.010552E-16
3634.75004245  -9.545081E-17
3636.66671194667  1.244480E-16
3638.58338144334  1.605837E-16
3640.50005094  9.829608E-17
3642.41672043667  3.883502E-17
3644.33338993334  7.681030E-18
3646.25005943  -4.375727E-17
3648.16672892667  7.763691E-17
3650.08339842334  7.345306E-17
3652.00006792  5.721055E-17
3653.91673741667  6.886079E-17
3655.83340691334  7.860715E-17
3657.75007641  6.136719E-17
3659.66674590667  4.099077E-17
3661.58341540334  1.113216E-16
3663.5000849  6.369530E-17
3665.41675439667  1.812741E-16
3667.33342389334  1.089293E-16
3669.25009339  7.142084E-17
3671.16676288667  1.143960E-16
3673.08343238334  -1.066791E-17
3675.00010188001  1.207320E-16
3676.91677137667  2.082801E-16
3678.83344087334  2.023510E-16
3680.75011037001  5.940869E-17
3682.66677986667  5.676871E-17
3684.58344936334  1.809927E-16
3686.50011886001  1.619614E-16
3688.41678835667  1.284511E-16
3690.33345785334  2.210493E-16
3692.25012735001  1.708467E-16
3694.16679684667  3.344840E-17
3696.08346634334  9.401548E-17
3698.00013584001  1.202333E-16
3699.91680533667  8.161449E-17
3701.83347483334  1.828423E-16
3703.75014433001  1.763481E-16
3705.66681382667  2.033476E-16
3707.58348332334  1.617146E-16
3709.50015282001  2.378502E-16
3711.41682231667  2.008699E-16
3713.33349181334  1.429165E-16
3715.25016131001  2.305762E-16
3717.16683080667  1.986141E-16
3719.08350030334  1.717441E-16
3721.00016980001  1.917631E-16
3722.91683929668  1.413412E-16
3724.83350879334  1.001794E-16
3726.75017829001  1.174884E-16
3728.66684778668  1.400011E-16
3730.58351728334  1.466424E-16
3732.50018678001  1.132144E-16
3734.41685627668  1.252192E-16
3736.33352577334  1.734695E-16
3738.25019527001  1.849765E-16
3740.16686476668  1.899958E-16
3742.08353426334  2.368506E-16
3744.00020376001  2.360743E-16
3745.91687325668  2.163867E-16
3747.83354275334  1.997432E-16
3749.75021225001  1.806299E-16
3751.66688174668  2.162221E-16
3753.58355124334  2.139531E-16
3755.50022074001  2.425614E-16
3757.41689023668  2.258003E-16
3759.33355973334  1.986267E-16
3761.25022923001  1.996181E-16
3763.16689872668  1.905909E-16
3765.08356822335  2.063593E-16
3767.00023772001  2.193027E-16
3768.91690721668  2.627404E-16
3770.83357671335  2.291276E-16
3772.75024621001  1.816732E-16
3774.66691570668  1.474657E-16
3776.58358520335  2.439869E-16
3778.50025470001  1.591127E-16
3780.41692419668  1.657146E-16
3782.33359369335  1.681354E-16
3784.25026319001  2.145209E-16
3786.16693268668  2.554610E-16
3788.08360218335  2.001384E-16
3790.00027168001  1.745893E-16
3791.91694117668  2.127914E-16
3793.83361067335  1.951779E-16
3795.75028017001  2.246076E-16
3797.66694966668  1.854307E-16
3799.58361916335  1.776327E-16
3801.50028866001  2.412437E-16
3803.41695815668  2.245586E-16
3805.33362765335  2.397066E-16
3807.25029715001  2.203714E-16
3809.16696664668  2.518412E-16
3811.08363614335  2.091672E-16
3813.00030564002  2.099397E-16
3814.91697513668  2.336574E-16
3816.83364463335  2.245264E-16
3818.75031413002  2.463372E-16
3820.66698362668  2.463487E-16
3822.58365312335  2.935017E-16
3824.50032262002  2.334141E-16
3826.41699211668  2.352122E-16
3828.33366161335  1.917431E-16
3830.25033111002  2.387287E-16
3832.16700060668  2.374823E-16
3834.08367010335  2.454424E-16
3836.00033960002  2.209646E-16
3837.91700909668  1.999651E-16
3839.83367859335  2.222013E-16
3841.75034809002  2.363434E-16
3843.66701758668  2.402499E-16
3845.58368708335  2.871299E-16
3847.50035658002  2.919109E-16
3849.41702607668  2.906313E-16
3851.33369557335  2.933972E-16
3853.25036507002  3.000200E-16
3855.16703456668  2.810738E-16
3857.08370406335  1.962992E-16
3859.00037356002  1.717070E-16
3860.91704305669  1.760860E-16
3862.83371255335  1.606809E-16
3864.75038205002  1.685632E-16
3866.66705154669  1.848597E-16
3868.58372104335  1.606301E-16
3870.50039054002  1.601964E-16
3872.41706003669  1.349350E-16
3874.33372953335  1.448184E-16
3876.25039903002  1.521787E-16
3878.16706852669  1.284885E-16
3880.08373802335  1.557745E-16
3882.00040752002  1.607785E-16
3883.91707701669  1.614865E-16
3885.83374651335  1.671466E-16
3887.75041601002  1.452007E-16
3889.66708550669  1.268847E-16
3891.58375500335  1.115927E-16
3893.50042450002  1.397780E-16
3895.41709399669  1.301757E-16
3897.33376349335  1.443262E-16
3899.25043299002  1.146964E-16
3901.16710248669  1.313598E-16
3903.08377198335  1.312840E-16
3905.00044148002  1.277157E-16
3906.91711097669  1.408666E-16
3908.83378047335  1.542350E-16
3910.75044997002  1.486060E-16
3912.66711946669  1.518489E-16
3914.58378896336  1.102485E-16
3916.50045846002  1.304289E-16
3918.41712795669  1.383543E-16
3920.33379745336  1.358084E-16
3922.25046695002  1.521146E-16
3924.16713644669  1.408965E-16
3926.08380594336  1.378487E-16
3928.00047544002  1.661225E-16
3929.91714493669  1.450711E-16
3931.83381443336  1.696306E-16
3933.75048393002  1.662726E-16
3935.66715342669  1.588429E-16
3937.58382292336  1.709977E-16
3939.50049242002  1.595446E-16
3941.41716191669  1.592320E-16
3943.33383141336  1.679922E-16
3945.25050091002  1.929793E-16
3947.16717040669  1.639030E-16
3949.08383990336  1.929231E-16
3951.00050940003  2.011450E-16
3952.91717889669  1.997855E-16
3954.83384839336  2.008027E-16
3956.75051789002  2.106704E-16
3958.66718738669  1.923433E-16
3960.58385688336  2.163617E-16
3962.50052638003  2.139196E-16
3964.41719587669  2.310997E-16
3966.33386537336  2.151111E-16
3968.25053487003  2.728716E-16
3970.16720436669  2.954625E-16
3972.08387386336  2.716204E-16
3974.00054336003  2.719081E-16
3975.91721285669  2.796719E-16
3977.83388235336  3.003281E-16
3979.75055185003  2.766517E-16
3981.66722134669  2.747202E-16
3983.58389084336  2.950349E-16
3985.50056034003  3.301090E-16
3987.41722983669  3.207723E-16
3989.33389933336  3.294494E-16
3991.25056883003  2.887041E-16
3993.16723832669  3.190016E-16
3995.08390782336  3.197594E-16
3997.00057732003  3.212935E-16
3998.91724681669  3.275992E-16
4000.83391631336  3.411817E-16
4002.75058581003  3.479577E-16
4004.6672553067  3.304655E-16
4006.58392480336  3.271808E-16
4008.50059430003  3.229172E-16
4010.4172637967  3.188151E-16
4012.33393329336  3.483231E-16
4014.25060279003  3.508289E-16
4016.1672722867  3.389452E-16
4018.08394178336  3.465798E-16
4020.00061128003  3.603176E-16
4021.9172807767  3.521912E-16
4023.83395027336  3.253073E-16
4025.75061977003  3.077193E-16
4027.6672892667  3.584160E-16
4029.58395876336  3.718614E-16
4031.50062826003  3.546302E-16
4033.4172977567  3.710597E-16
4035.33396725336  3.600809E-16
4037.25063675003  3.523123E-16
4039.1673062467  3.690824E-16
4041.08397574336  3.720905E-16
4043.00064524003  3.407963E-16
4044.9173147367  3.700086E-16
4046.83398423336  3.666512E-16
4048.75065373003  3.924873E-16
4050.6673232267  3.589258E-16
4052.58399272337  3.701546E-16
4054.50066222003  3.782457E-16
4056.4173317167  3.714716E-16
4058.33400121337  3.448689E-16
4060.25067071003  3.160599E-16
4062.1673402067  3.403895E-16
4064.08400970337  4.259585E-16
4066.00067920003  3.952399E-16
4067.9173486967  3.347318E-16
4069.83401819337  3.487355E-16
4071.75068769003  3.624345E-16
4073.6673571867  3.556711E-16
4075.58402668337  3.455919E-16
4077.50069618003  3.491306E-16
4079.4173656767  3.676112E-16
4081.33403517337  3.769005E-16
4083.25070467003  3.663872E-16
4085.1673741667  3.569663E-16
4087.08404366337  3.658435E-16
4089.00071316003  3.555567E-16
4090.9173826567  3.462781E-16
4092.83405215337  3.749444E-16
4094.75072165004  3.718364E-16
4096.6673911467  3.836707E-16
4098.58406064337  3.203677E-16
4100.50073014004  3.173047E-16
4102.4173996367  2.989833E-16
4104.33406913337  3.196544E-16
4106.25073863004  3.188945E-16
4108.1674081267  3.093108E-16
4110.08407762337  3.131437E-16
4112.00074712004  2.985407E-16
4113.9174166167  3.165318E-16
4115.83408611337  3.247986E-16
4117.75075561004  3.083487E-16
4119.6674251067  3.498361E-16
4121.58409460337  3.464295E-16
4123.50076410004  2.985069E-16
4125.4174335967  3.184436E-16
4127.33410309337  3.035268E-16
4129.25077259004  3.034661E-16
4131.1674420867  3.014918E-16
4133.08411158337  2.786374E-16
4135.00078108004  3.195861E-16
4136.9174505767  3.076852E-16
4138.83412007337  3.000499E-16
4140.75078957004  3.064913E-16
4142.66745906671  2.947308E-16
4144.58412856337  3.784286E-16
4146.50079806004  2.603167E-16
4148.41746755671  2.801185E-16
4150.33413705337  2.978223E-16
4152.25080655004  2.786440E-16
4154.16747604671  3.065958E-16
4156.08414554337  2.909786E-16
4158.00081504004  3.032948E-16
4159.91748453671  3.165487E-16
4161.83415403337  2.555605E-16
4163.75082353004  2.410926E-16
4165.66749302671  2.631627E-16
4167.58416252337  2.470291E-16
4169.50083202004  3.112964E-16
4171.41750151671  3.159377E-16
4173.33417101337  2.757138E-16
4175.25084051004  2.911291E-16
4177.16751000671  2.699634E-16
4179.08417950337  2.745628E-16
4181.00084900004  2.727598E-16
4182.91751849671  2.637912E-16
4184.83418799337  2.613364E-16
4186.75085749004  2.538602E-16
4188.66752698671  2.424584E-16
4190.58419648338  2.689801E-16
4192.50086598004  2.614635E-16
4194.41753547671  2.501722E-16
4196.33420497338  2.551590E-16
4198.25087447004  2.641481E-16
4200.16754396671  2.553106E-16
4202.08421346338  2.765707E-16
4204.00088296004  2.724800E-16
4205.91755245671  2.566319E-16
4207.83422195338  2.624898E-16
4209.75089145004  2.719755E-16
4211.66756094671  2.477790E-16
4213.58423044338  2.545238E-16
4215.50089994004  2.573825E-16
4217.41756943671  2.556706E-16
4219.33423893338  2.617546E-16
4221.25090843004  2.671979E-16
4223.16757792671  2.593556E-16
4225.08424742338  2.467844E-16
4227.00091692004  2.406123E-16
4228.91758641671  2.319351E-16
4230.83425591338  2.564407E-16
4232.75092541005  2.489540E-16
4234.66759490671  2.525725E-16
4236.58426440338  2.511545E-16
4238.50093390005  2.230717E-16
4240.41760339671  2.438543E-16
4242.33427289338  2.373162E-16
4244.25094239005  2.285269E-16
4246.16761188671  2.482330E-16
4248.08428138338  2.565691E-16
4250.00095088005  2.770995E-16
4251.91762037671  2.693769E-16
4253.83428987338  2.685602E-16
4255.75095937005  2.554731E-16
4257.66762886671  2.289517E-16
4259.58429836338  2.452075E-16
4261.50096786005  2.772816E-16
4263.41763735671  2.701217E-16
4265.33430685338  2.712393E-16
4267.25097635005  2.713027E-16
4269.16764584671  2.407548E-16
4271.08431534338  2.431091E-16
4273.00098484005  2.666072E-16
4274.91765433671  2.691549E-16
4276.83432383338  2.659706E-16
4278.75099333005  2.781834E-16
4280.66766282671  2.732260E-16
4282.58433232338  2.730052E-16
4284.50100182005  2.518072E-16
4286.41767131671  2.562360E-16
4288.33434081338  2.847627E-16
4290.25101031005  2.879890E-16
4292.16767980672  2.632850E-16
4294.08434930338  2.718915E-16
4296.00101880005  2.834909E-16
4297.91768829672  2.840235E-16
4299.83435779338  2.995931E-16
4301.75102729005  2.819937E-16
4303.66769678672  2.889576E-16
4305.58436628338  2.801799E-16
4307.50103578005  2.843963E-16
4309.41770527672  2.760485E-16
4311.33437477338  2.863228E-16
4313.25104427005  2.711513E-16
4315.16771376672  2.996760E-16
4317.08438326338  2.972049E-16
4319.00105276005  3.113828E-16
4320.91772225672  2.979275E-16
4322.83439175338  2.838796E-16
4324.75106125005  2.717828E-16
4326.66773074672  2.743997E-16
4328.58440024338  2.878626E-16
4330.50106974005  2.925052E-16
4332.41773923672  3.048372E-16
4334.33440873339  2.912810E-16
4336.25107823005  2.895520E-16
4338.16774772672  2.895800E-16
4340.08441722339  2.984381E-16
4342.00108672005  3.021128E-16
4343.91775621672  3.190296E-16
4345.83442571339  2.988205E-16
4347.75109521005  2.923423E-16
4349.66776470672  3.107184E-16
4351.58443420339  2.979147E-16
4353.50110370005  2.902763E-16
4355.41777319672  3.123793E-16
4357.33444269339  3.117645E-16
4359.25111219005  3.104725E-16
4361.16778168672  3.092630E-16
4363.08445118339  3.163975E-16
4365.00112068005  3.044978E-16
4366.91779017672  2.796651E-16
4368.83445967339  2.782136E-16
4370.75112917005  2.902996E-16
4372.66779866672  3.086880E-16
4374.58446816339  2.852397E-16
4376.50113766005  2.909802E-16
4378.41780715672  3.182521E-16
4380.33447665339  3.156405E-16
4382.25114615006  2.876737E-16
4384.16781564672  2.968886E-16
4386.08448514339  2.989001E-16
4388.00115464006  2.780019E-16
4389.91782413672  2.920378E-16
4391.83449363339  3.163862E-16
4393.75116313006  3.183798E-16
4395.66783262672  3.031583E-16
4397.58450212339  3.244427E-16
4399.50117162006  3.016507E-16
4401.41784111672  2.819850E-16
4403.33451061339  2.865281E-16
4405.25118011006  3.114433E-16
4407.16784960672  3.255729E-16
4409.08451910339  3.139413E-16
4411.00118860006  3.002441E-16
4412.91785809672  2.741152E-16
4414.83452759339  2.854768E-16
4416.75119709006  3.090879E-16
4418.66786658673  2.857829E-16
4420.58453608339  3.181393E-16
4422.50120558006  3.318627E-16
4424.41787507673  2.884849E-16
4426.33454457339  2.962587E-16
4428.25121407006  2.951001E-16
4430.16788356673  3.057068E-16
4432.08455306339  2.780957E-16
4434.00122256006  3.056220E-16
4435.91789205673  3.161978E-16
4437.83456155339  2.951474E-16
4439.75123105006  2.897854E-16
4441.66790054673  2.927060E-16
4443.58457004339  3.022466E-16
4445.50123954006  3.112822E-16
4447.41790903673  3.022591E-16
4449.33457853339  2.890203E-16
4451.25124803006  2.822632E-16
4453.16791752673  2.946788E-16
4455.08458702339  3.016776E-16
4457.00125652006  3.021458E-16
4458.91792601673  2.642261E-16
4460.83459551339  2.870460E-16
4462.75126501006  3.033977E-16
4464.66793450673  2.891267E-16
4466.5846040034  2.671446E-16
4468.50127350006  2.747251E-16
4470.41794299673  2.728194E-16
4472.3346124934  3.008362E-16
4474.25128199006  2.779759E-16
4476.16795148673  2.620868E-16
4478.0846209834  2.707888E-16
4480.00129048006  2.764569E-16
4481.91795997673  2.655493E-16
4483.8346294734  2.716529E-16
4485.75129897006  2.713848E-16
4487.66796846673  2.646052E-16
4489.5846379634  2.463426E-16
4491.50130746006  2.483223E-16
4493.41797695673  2.256281E-16
4495.3346464534  2.442384E-16
4497.25131595006  2.387512E-16
4499.16798544673  2.359681E-16
4501.0846549434  2.170533E-16
4503.00132444006  2.544517E-16
4504.91799393673  2.301313E-16
4506.8346634334  2.283751E-16
4508.75133293006  2.503055E-16
4510.66800242673  2.143798E-16
4512.5846719234  2.183739E-16
4514.50134142007  2.329209E-16
4516.41801091673  2.352036E-16
4518.3346804134  2.326806E-16
4520.25134991006  2.254808E-16
4522.16801940673  2.326237E-16
4524.0846889034  2.096315E-16
4526.00135840007  2.079652E-16
4527.91802789673  2.170227E-16
4529.8346973934  2.162781E-16
4531.75136689007  2.190498E-16
4533.66803638673  2.052313E-16
4535.5847058834  2.219746E-16
4537.50137538007  2.036361E-16
4539.41804487673  2.070823E-16
4541.3347143734  2.169336E-16
4543.25138387007  2.222185E-16
4545.16805336673  2.121759E-16
4547.0847228634  2.014394E-16
4549.00139236007  1.878210E-16
4550.91806185673  1.856859E-16
4552.8347313534  1.972952E-16
4554.75140085007  2.183185E-16
4556.66807034674  2.427665E-16
4558.5847398434  2.168302E-16
4560.50140934007  2.160973E-16
4562.41807883673  2.098799E-16
4564.3347483334  2.084677E-16
4566.25141783007  2.118514E-16
4568.16808732673  2.218930E-16
4570.0847568234  2.234367E-16
4572.00142632007  2.347613E-16
4573.91809581673  2.548462E-16
4575.8347653134  2.301021E-16
4577.75143481007  2.308969E-16
4579.66810430674  2.179808E-16
4581.5847738034  2.245981E-16
4583.50144330007  2.184325E-16
4585.41811279674  2.190263E-16
4587.3347822934  2.357628E-16
4589.25145179007  2.316284E-16
4591.16812128674  2.280880E-16
4593.0847907834  2.232396E-16
4595.00146028007  2.493560E-16
4596.91812977674  2.556765E-16
4598.8347992734  2.391114E-16
4600.75146877007  2.313030E-16
4602.66813826674  2.400069E-16
4604.5848077634  2.287551E-16
4606.50147726007  2.388916E-16
4608.41814675674  2.327980E-16
4610.3348162534  2.513592E-16
4612.25148575007  2.407754E-16
4614.16815524674  2.473263E-16
4616.08482474341  2.583698E-16
4618.00149424007  2.655165E-16
4619.91816373674  2.666581E-16
4621.83483323341  2.753962E-16
4623.75150273007  2.801277E-16
4625.66817222674  2.640421E-16
4627.58484172341  2.739470E-16
4629.50151122007  2.781335E-16
4631.41818071674  2.645765E-16
4633.33485021341  2.659964E-16
4635.25151971007  2.675465E-16
4637.16818920674  2.735271E-16
4639.08485870341  3.012249E-16
4641.00152820007  2.930027E-16
4642.91819769674  3.033452E-16
4644.83486719341  3.135373E-16
4646.75153669007  2.890167E-16
4648.66820618674  2.817367E-16
4650.58487568341  3.095676E-16
4652.50154518007  3.104231E-16
4654.41821467674  3.025015E-16
4656.33488417341  3.169366E-16
4658.25155367008  3.242433E-16
4660.16822316674  3.133511E-16
4662.08489266341  3.408722E-16
4664.00156216008  3.281488E-16
4665.91823165674  3.174191E-16
4667.83490115341  3.438930E-16
4669.75157065008  3.498949E-16
4671.66824014674  3.333954E-16
4673.58490964341  3.350488E-16
4675.50157914008  3.360608E-16
4677.41824863674  3.188844E-16
4679.33491813341  3.180328E-16
4681.25158763008  3.154862E-16
4683.16825712674  3.328450E-16
4685.08492662341  3.508216E-16
4687.00159612008  3.626800E-16
4688.91826561674  3.619005E-16
4690.83493511341  3.591365E-16
4692.75160461008  3.669666E-16
4694.66827410674  3.765371E-16
4696.58494360341  3.854770E-16
4698.50161310008  3.633709E-16
4700.41828259675  3.702904E-16
4702.33495209341  3.686110E-16
4704.25162159008  3.712438E-16
4706.16829108674  3.777637E-16
4708.08496058341  4.035870E-16
4710.00163008008  4.109981E-16
4711.91829957674  4.050851E-16
4713.83496907341  4.195490E-16
4715.75163857008  4.124009E-16
4717.66830806675  4.290847E-16
4719.58497756341  4.362427E-16
4721.50164706008  4.240770E-16
4723.41831655675  4.179296E-16
4725.33498605341  4.419800E-16
4727.25165555008  4.518420E-16
4729.16832504675  4.482457E-16
4731.08499454341  4.524988E-16
4733.00166404008  4.583466E-16
4734.91833353675  4.726939E-16
4736.83500303341  4.665304E-16
4738.75167253008  4.597602E-16
4740.66834202675  4.690083E-16
4742.58501152341  4.888923E-16
4744.50168102008  4.575676E-16
4746.41835051675  4.680849E-16
4748.33502001342  4.831821E-16
4750.25168951008  4.801260E-16
4752.16835900675  4.756624E-16
4754.08502850341  4.962332E-16
4756.00169800008  4.871011E-16
4757.91836749675  4.783196E-16
4759.83503699342  5.001401E-16
4761.75170649008  5.088029E-16
4763.66837598675  4.878656E-16
4765.58504548342  4.645938E-16
4767.50171498008  4.704933E-16
4769.41838447675  4.707477E-16
4771.33505397342  4.782533E-16
4773.25172347008  4.900980E-16
4775.16839296675  4.522412E-16
4777.08506246342  4.457116E-16
4779.00173196008  4.735275E-16
4780.91840145675  4.713145E-16
4782.83507095342  4.533672E-16
4784.75174045008  4.395824E-16
4786.66840994675  4.270696E-16
4788.58507944342  4.693357E-16
4790.50174894008  4.506677E-16
4792.41841843675  4.430375E-16
4794.33508793342  4.413012E-16
4796.25175743008  4.409556E-16
4798.16842692675  4.399903E-16
4800.08509642342  4.546977E-16
4802.00176592008  4.412760E-16
4803.91843541675  4.305327E-16
4805.83510491342  4.299382E-16
4807.75177441009  4.300051E-16
4809.66844390675  4.107106E-16
4811.58511340342  4.256647E-16
4813.50178290009  4.230045E-16
4815.41845239675  4.183358E-16
4817.33512189342  4.015869E-16
4819.25179139009  3.837865E-16
4821.16846088675  3.915643E-16
4823.08513038342  3.999164E-16
4825.00179988009  4.068809E-16
4826.91846937675  4.033958E-16
4828.83513887342  4.727850E-16
4830.75180837009  4.427394E-16
4832.66847786675  3.935630E-16
4834.58514736342  3.662782E-16
4836.50181686009  3.695544E-16
4838.41848635675  3.794989E-16
4840.33515585342  3.657097E-16
4842.25182535009  3.617396E-16
4844.16849484675  3.534374E-16
4846.08516434342  3.343371E-16
4848.00183384009  3.500193E-16
4849.91850333676  3.515019E-16
4851.83517283342  3.372670E-16
4853.75184233009  3.198171E-16
4855.66851182676  3.106598E-16
4857.58518132342  3.076138E-16
4859.50185082009  3.051984E-16
4861.41852031676  2.999802E-16
4863.33518981342  2.997115E-16
4865.25185931009  2.757861E-16
4867.16852880676  2.789028E-16
4869.08519830342  2.942490E-16
4871.00186780009  2.748557E-16
4872.91853729676  2.532294E-16
4874.83520679342  2.339761E-16
4876.75187629009  2.664894E-16
4878.66854578676  2.824710E-16
4880.58521528342  2.540374E-16
4882.50188478009  2.464504E-16
4884.41855427676  2.618797E-16
4886.33522377342  2.636041E-16
4888.25189327009  2.703064E-16
4890.16856276676  2.468238E-16
4892.08523226342  2.549803E-16
4894.00190176009  2.560843E-16
4895.91857125676  2.637691E-16
4897.83524075343  2.481799E-16
4899.75191025009  2.427322E-16
4901.66857974676  2.505569E-16
4903.58524924343  2.654385E-16
4905.50191874009  2.744595E-16
4907.41858823676  2.485788E-16
4909.33525773343  2.537042E-16
4911.25192723009  2.621573E-16
4913.16859672676  2.598752E-16
4915.08526622343  2.676742E-16
4917.00193572009  2.568231E-16
4918.91860521676  2.496073E-16
4920.83527471343  2.419193E-16
4922.75194421009  2.381595E-16
4924.66861370676  2.452435E-16
4926.58528320343  2.570544E-16
4928.50195270009  2.601463E-16
4930.41862219676  2.545031E-16
4932.33529169343  2.543416E-16
4934.25196119009  2.519757E-16
4936.16863068676  2.487815E-16
4938.08530018343  2.624118E-16
4940.0019696801  2.531639E-16
4941.91863917676  2.444594E-16
4943.83530867343  2.448822E-16
4945.7519781701  2.516755E-16
4947.66864766676  2.438064E-16
4949.58531716343  2.328149E-16
4951.5019866601  2.418227E-16
4953.41865615676  2.722495E-16
4955.33532565343  2.499566E-16
4957.2519951501  2.479299E-16
4959.16866464676  2.585348E-16
4961.08533414343  2.363907E-16
4963.0020036401  2.349799E-16
4964.91867313676  2.405234E-16
4966.83534263343  2.447998E-16
4968.7520121301  2.443998E-16
4970.66868162676  2.399457E-16
4972.58535112343  2.261497E-16
4974.5020206201  2.353998E-16
4976.41869011676  2.507034E-16
4978.33535961343  2.413449E-16
4980.2520291101  2.465086E-16
4982.16869860676  2.551012E-16
4984.08536810343  2.460832E-16
4986.0020376001  2.483296E-16
4987.91870709677  2.497755E-16
4989.83537659343  2.392580E-16
4991.7520460901  2.399680E-16
4993.66871558677  2.696501E-16
4995.58538508343  2.664000E-16
4997.5020545801  2.410792E-16
4999.41872407677  2.662399E-16
5001.33539357343  2.685340E-16
5003.2520630701  2.548033E-16
5005.16873256677  2.485941E-16
5007.08540206343  2.494272E-16
5009.0020715601  2.580647E-16
5010.91874105677  2.401594E-16
5012.83541055343  2.452886E-16
5014.7520800501  2.532857E-16
5016.66874954677  2.614984E-16
5018.58541904343  2.710970E-16
5020.5020885401  2.931147E-16
5022.41875803677  3.093050E-16
5024.33542753343  3.010316E-16
5026.2520970301  2.999856E-16
5028.16876652677  2.692017E-16
5030.08543602343  2.634159E-16
5032.0021055201  2.521453E-16
5033.91877501677  2.609385E-16
5035.83544451344  2.659501E-16
5037.7521140101  2.816074E-16
5039.66878350677  2.992169E-16
5041.58545300344  2.843756E-16
5043.5021225001  3.000595E-16
5045.41879199677  3.063123E-16
5047.33546149344  3.003746E-16
5049.2521309901  2.885476E-16
5051.16880048677  2.958084E-16
5053.08546998344  3.112699E-16
5055.0021394801  3.079306E-16
5056.91880897677  2.953812E-16
5058.83547847344  2.972790E-16
5060.7521479701  3.209667E-16
5062.66881746677  3.434098E-16
5064.58548696344  3.287659E-16
5066.5021564601  3.282082E-16
5068.41882595677  3.328517E-16
5070.33549545344  3.256213E-16
5072.2521649501  3.454937E-16
5074.16883444677  3.481110E-16
5076.08550394344  3.332593E-16
5078.00217344011  3.423578E-16
5079.91884293677  3.500897E-16
5081.83551243344  3.433920E-16
5083.75218193011  3.414598E-16
5085.66885142677  3.372046E-16
5087.58552092344  3.245563E-16
5089.50219042011  3.382978E-16
5091.41885991677  3.250340E-16
5093.33552941344  3.397522E-16
5095.25219891011  3.354693E-16
5097.16886840677  3.375094E-16
5099.08553790344  3.343961E-16
5101.00220740011  3.338845E-16
5102.91887689677  3.374950E-16
5104.83554639344  3.219855E-16
5106.75221589011  3.137458E-16
5108.66888538677  3.299907E-16
5110.58555488344  3.193196E-16
5112.50222438011  2.945320E-16
5114.41889387677  3.038786E-16
5116.33556337344  3.053819E-16
5118.25223287011  3.109499E-16
5120.16890236678  3.143856E-16
5122.08557186344  3.068389E-16
5124.00224136011  3.131478E-16
5125.91891085678  3.025983E-16
5127.83558035344  3.065100E-16
5129.75224985011  2.956872E-16
5131.66891934678  2.951123E-16
5133.58558884344  2.878987E-16
5135.50225834011  2.765290E-16
5137.41892783678  2.844455E-16
5139.33559733344  2.926237E-16
5141.25226683011  2.687315E-16
5143.16893632678  2.692957E-16
5145.08560582344  2.728773E-16
5147.00227532011  2.604618E-16
5148.91894481678  2.627371E-16
5150.83561431344  2.700021E-16
5152.75228381011  2.827278E-16
5154.66895330678  2.583497E-16
5156.58562280344  2.467487E-16
5158.50229230011  2.500353E-16
5160.41896179678  2.540160E-16
5162.33563129344  2.550582E-16
5164.25230079011  2.457764E-16
5166.16897028678  2.469526E-16
5168.08563978345  2.620471E-16
5170.00230928011  2.751652E-16
5171.91897877678  2.808773E-16
5173.83564827345  2.843783E-16
5175.75231777011  2.722489E-16
5177.66898726678  2.500566E-16
5179.58565676345  2.681071E-16
5181.50232626011  2.535707E-16
5183.41899575678  2.457665E-16
5185.33566525345  2.505603E-16
5187.25233475011  2.435455E-16
5189.16900424678  2.461924E-16
5191.08567374345  2.483577E-16
5193.00234324011  2.460108E-16
5194.91901273678  2.552421E-16
5196.83568223345  2.513865E-16
5198.75235173011  2.559428E-16
5200.66902122678  2.446323E-16
5202.58569072345  2.533088E-16
5204.50236022011  2.492358E-16
5206.41902971678  2.335892E-16
5208.33569921345  2.365000E-16
5210.25236871011  2.544828E-16
5212.16903820678  2.787660E-16
5214.08570770345  2.494423E-16
5216.00237720011  2.527766E-16
5217.91904669678  2.641576E-16
5219.83571619345  2.507887E-16
5221.75238569012  2.636260E-16
5223.66905518678  2.506860E-16
5225.58572468345  2.528154E-16
5227.50239418012  2.578090E-16
5229.41906367678  2.537534E-16
5231.33573317345  2.658428E-16
5233.25240267012  2.576167E-16
5235.16907216678  2.266371E-16
5237.08574166345  2.463504E-16
5239.00241116012  2.521558E-16
5240.91908065678  2.434802E-16
5242.83575015345  2.528871E-16
5244.75241965012  2.499101E-16
5246.66908914678  2.584464E-16
5248.58575864345  2.338481E-16
5250.50242814012  2.522754E-16
5252.41909763678  2.539180E-16
5254.33576713345  2.491821E-16
5256.25243663012  2.580820E-16
5258.16910612678  2.734717E-16
5260.08577562345  2.566035E-16
5262.00244512012  2.424348E-16
5263.91911461679  2.351435E-16
5265.83578411345  2.490506E-16
5267.75245361012  2.609886E-16
5269.66912310679  2.572766E-16
5271.58579260345  2.640848E-16
5273.50246210012  2.562251E-16
5275.41913159679  2.427609E-16
5277.33580109345  2.445404E-16
5279.25247059012  2.491130E-16
5281.16914008679  2.652541E-16
5283.08580958345  2.608762E-16
5285.00247908012  2.599343E-16
5286.91914857679  2.637196E-16
5288.83581807345  2.534198E-16
5290.75248757012  2.567937E-16
5292.66915706679  2.640841E-16
5294.58582656345  2.577819E-16
5296.50249606012  2.624020E-16
5298.41916555679  2.751506E-16
5300.33583505345  2.642895E-16
5302.25250455012  2.549978E-16
5304.16917404679  2.559588E-16
5306.08584354346  2.498406E-16
5308.00251304012  2.502951E-16
5309.91918253679  2.524332E-16
5311.83585203346  2.614289E-16
5313.75252153012  2.780616E-16
5315.66919102679  2.804252E-16
5317.58586052346  2.671104E-16
5319.50253002012  2.639173E-16
5321.41919951679  2.659209E-16
5323.33586901346  2.676285E-16
5325.25253851012  2.687455E-16
5327.16920800679  2.796874E-16
5329.08587750346  2.744172E-16
5331.00254700012  2.667221E-16
5332.91921649679  2.777703E-16
5334.83588599346  2.957646E-16
5336.75255549012  2.844869E-16
5338.66922498679  2.799632E-16
5340.58589448346  3.070276E-16
5342.50256398012  2.844624E-16
5344.41923347679  2.767395E-16
5346.33590297346  2.713185E-16
5348.25257247012  2.932617E-16
5350.16924196679  3.012238E-16
5352.08591146346  2.949589E-16
5354.00258096013  3.031275E-16
5355.91925045679  3.013798E-16
5357.83591995346  2.978311E-16
5359.75258945012  3.067985E-16
5361.66925894679  3.002595E-16
5363.58592844346  3.169173E-16
5365.50259794013  3.152280E-16
5367.41926743679  3.245122E-16
5369.33593693346  3.236903E-16
5371.25260643013  3.137164E-16
5373.16927592679  3.180083E-16
5375.08594542346  3.216771E-16
5377.00261492013  3.397609E-16
5378.91928441679  3.374573E-16
5380.83595391346  3.096250E-16
5382.75262341013  3.148223E-16
5384.66929290679  3.318947E-16
5386.58596240346  3.333907E-16
5388.50263190013  3.639595E-16
5390.41930139679  3.467605E-16
5392.33597089346  3.430423E-16
5394.25264039013  3.399460E-16
5396.16930988679  3.417033E-16
5398.08597938346  3.390311E-16
5400.00264888013  3.525899E-16
5401.91931837679  3.481240E-16
5403.83598787346  3.588690E-16
5405.75265737013  3.602693E-16
5407.6693268668  3.681754E-16
5409.58599636346  3.829216E-16
5411.50266586013  3.898213E-16
5413.4193353568  3.785288E-16
5415.33600485346  3.790458E-16
5417.25267435013  3.866945E-16
5419.1693438468  4.066762E-16
5421.08601334346  4.102069E-16
5423.00268284013  3.962872E-16
5424.9193523368  3.868755E-16
5426.83602183346  3.836934E-16
5428.75269133013  3.876918E-16
5430.6693608268  3.991526E-16
5432.58603032346  4.022872E-16
5434.50269982013  4.161212E-16
5436.4193693168  3.961385E-16
5438.33603881346  3.898034E-16
5440.25270831013  4.034987E-16
5442.1693778068  4.005641E-16
5444.08604730347  4.006004E-16
5446.00271680013  4.023855E-16
5447.9193862968  4.044137E-16
5449.83605579346  4.061233E-16
5451.75272529013  4.234108E-16
5453.6693947868  4.448984E-16
5455.58606428346  4.302359E-16
5457.50273378013  4.346324E-16
5459.4194032768  4.328225E-16
5461.33607277347  4.485677E-16
5463.25274227013  4.472586E-16
5465.1694117668  4.502250E-16
5467.08608126347  4.538349E-16
5469.00275076013  4.518102E-16
5470.9194202568  4.519084E-16
5472.83608975347  4.467347E-16
5474.75275925013  4.510976E-16
5476.6694287468  4.550542E-16
5478.58609824347  4.592125E-16
5480.50276774013  4.691625E-16
5482.4194372368  4.901665E-16
5484.33610673347  4.818861E-16
5486.25277623013  4.794646E-16
5488.1694457268  4.675258E-16
5490.08611522347  4.633323E-16
5492.00278472014  4.737391E-16
5493.9194542168  4.828909E-16
5495.83612371347  4.718990E-16
5497.75279321014  4.782843E-16
5499.6694627068  4.783478E-16
5501.58613220347  4.983430E-16
5503.50280170014  4.921709E-16
5505.4194711968  4.948392E-16
5507.33614069347  4.895363E-16
5509.25281019014  4.971898E-16
5511.1694796868  4.886531E-16
5513.08614918347  4.919446E-16
5515.00281868014  4.988396E-16
5516.9194881768  5.004451E-16
5518.83615767347  4.959119E-16
5520.75282717014  5.127946E-16
5522.6694966668  5.152620E-16
5524.58616616347  5.069633E-16
5526.50283566014  5.078865E-16
5528.4195051568  5.110101E-16
5530.33617465347  5.204363E-16
5532.25284415014  5.097664E-16
5534.16951364681  5.282384E-16
5536.08618314347  5.291015E-16
5538.00285264014  5.014893E-16
5539.91952213681  5.153806E-16
5541.83619163347  5.142398E-16
5543.75286113014  5.081954E-16
5545.66953062681  4.973967E-16
5547.58620012347  5.022283E-16
5549.50286962014  5.118226E-16
5551.41953911681  5.064467E-16
5553.33620861347  5.099568E-16
5555.25287811014  5.123285E-16
5557.16954760681  5.090251E-16
5559.08621710347  5.268443E-16
5561.00288660014  5.190815E-16
5562.91955609681  5.132141E-16
5564.83622559347  5.131477E-16
5566.75289509014  4.863744E-16
5568.66956458681  4.999972E-16
5570.58623408347  4.933179E-16
5572.50290358014  4.762643E-16
5574.41957307681  4.848832E-16
5576.33624257347  4.718510E-16
5578.25291207014  4.727564E-16
5580.16958156681  5.015081E-16
5582.08625106347  4.992751E-16
5584.00292056014  4.695614E-16
5585.91959005681  4.795515E-16
5587.83625955348  4.636864E-16
5589.75292905014  4.547495E-16
5591.66959854681  4.641485E-16
5593.58626804348  4.689614E-16
5595.50293754014  4.539708E-16
5597.41960703681  4.563432E-16
5599.33627653347  4.706712E-16
5601.25294603014  4.735206E-16
5603.16961552681  4.648159E-16
5605.08628502348  4.743014E-16
5607.00295452014  4.549853E-16
5608.91962401681  4.668211E-16
5610.83629351348  4.657117E-16
5612.75296301014  4.662624E-16
5614.66963250681  4.786821E-16
5616.58630200348  4.843479E-16
5618.50297150014  4.709411E-16
5620.41964099681  4.912791E-16
5622.33631049348  4.858575E-16
5624.25297999014  4.849816E-16
5626.16964948681  4.909297E-16
5628.08631898348  4.842789E-16
5630.00298848014  4.747277E-16
5631.91965797681  4.842246E-16
5633.83632747348  4.879017E-16
5635.75299697015  4.732967E-16
5637.66966646681  4.818041E-16
5639.58633596348  4.877509E-16
5641.50300546014  4.858592E-16
5643.41967495681  4.808399E-16
5645.33634445348  4.783752E-16
5647.25301395015  4.847961E-16
5649.16968344681  4.920118E-16
5651.08635294348  4.862396E-16
5653.00302244015  4.966137E-16
5654.91969193681  4.831148E-16
5656.83636143348  4.791844E-16
5658.75303093014  4.939985E-16
5660.66970042681  4.922768E-16
5662.58636992348  4.920539E-16
5664.50303942015  5.064896E-16
5666.41970891681  4.886968E-16
5668.33637841348  4.996463E-16
5670.25304791015  5.012388E-16
5672.16971740681  4.945721E-16
5674.08638690348  4.937596E-16
5676.00305640015  5.020100E-16
5677.91972589682  4.923261E-16
5679.83639539348  5.090047E-16
5681.75306489015  5.117855E-16
5683.66973438682  5.095669E-16
5685.58640388348  4.953224E-16
5687.50307338015  5.066703E-16
5689.41974287682  4.842283E-16
5691.33641237348  4.888812E-16
5693.25308187015  4.988746E-16
5695.16975136682  5.027309E-16
5697.08642086348  4.930816E-16
5699.00309036015  5.023872E-16
5700.91975985682  4.942118E-16
5702.83642935348  4.932274E-16
5704.75309885015  5.035181E-16
5706.66976834682  5.032407E-16
5708.58643784348  5.014419E-16
5710.50310734015  5.004314E-16
5712.41977683682  4.999678E-16
5714.33644633349  4.989843E-16
5716.25311583015  5.056115E-16
5718.16978532682  4.917424E-16
5720.08645482348  4.795615E-16
5722.00312432015  4.768536E-16
5723.91979381682  4.975250E-16
5725.83646331348  4.824604E-16
5727.75313281015  4.914116E-16
5729.66980230682  4.931027E-16
5731.58647180349  4.867988E-16
5733.50314130015  4.815029E-16
5735.41981079682  4.714209E-16
5737.33648029349  4.802160E-16
5739.25314979015  4.862394E-16
5741.16981928682  4.842651E-16
5743.08648878349  4.719667E-16
5745.00315828015  4.819554E-16
5746.91982777682  4.813639E-16
5748.83649727349  4.838705E-16
5750.75316677015  4.745653E-16
5752.66983626682  4.752058E-16
5754.58650576349  4.634188E-16
5756.50317526015  4.558190E-16
5758.41984475682  4.574296E-16
5760.33651425349  4.495649E-16
5762.25318375016  4.548988E-16
5764.16985324682  4.603818E-16
5766.08652274349  4.499693E-16
5768.00319224016  4.555742E-16
5769.91986173682  4.565038E-16
5771.83653123349  4.411604E-16
5773.75320073015  4.300912E-16
5775.66987022682  4.214292E-16
5777.58653972349  4.318866E-16
5779.50320922015  4.410836E-16
5781.41987871682  4.267143E-16
5783.33654821349  4.202935E-16
5785.25321771016  4.341307E-16
5787.16988720682  4.305258E-16
5789.08655670349  3.999014E-16
5791.00322620016  4.029729E-16
5792.91989569682  4.303913E-16
5794.83656519349  4.189839E-16
5796.75323469016  4.156241E-16
5798.66990418682  4.130074E-16
5800.58657368349  4.059063E-16
5802.50324318016  4.066046E-16
5804.41991267682  3.975782E-16
5806.33658217349  3.971994E-16
5808.25325167016  3.909961E-16
5810.16992116682  3.783550E-16
5812.08659066349  3.839516E-16
5814.00326016016  3.966895E-16
5815.91992965682  3.899391E-16
5817.83659915349  3.893481E-16
5819.75326865016  3.824616E-16
5821.66993814682  3.820732E-16
5823.58660764349  3.903862E-16
5825.50327714016  3.821952E-16
5827.41994663683  3.603990E-16
5829.33661613349  3.581540E-16
5831.25328563016  3.627601E-16
5833.16995512683  3.647736E-16
5835.08662462349  3.606485E-16
5837.00329412016  3.551515E-16
5838.91996361682  3.544524E-16
5840.83663311349  3.631456E-16
5842.75330261016  3.534730E-16
5844.66997210683  3.438045E-16
5846.58664160349  3.330252E-16
5848.50331110016  3.378284E-16
5850.41998059683  3.409149E-16
5852.33665009349  3.323575E-16
5854.25331959016  3.453695E-16
5856.16998908683  3.278749E-16
5858.08665858349  3.444214E-16
5860.00332808016  3.360608E-16
5861.91999757683  3.215209E-16
5863.83666707349  3.335678E-16
5865.75333657016  3.337037E-16
5867.67000606683  3.386315E-16
5869.58667556349  3.502508E-16
5871.50334506016  3.129042E-16
5873.42001455683  3.019608E-16
5875.3366840535  3.240901E-16
5877.25335355016  3.262348E-16
5879.17002304683  3.148689E-16
5881.0866925435  3.197908E-16
5883.00336204016  3.161952E-16
5884.92003153683  3.172635E-16
5886.8367010335  3.129738E-16
5888.75337053016  3.284934E-16
5890.67004002683  3.172527E-16
5892.5867095235  3.052056E-16
5894.50337902016  3.035766E-16
5896.42004851683  3.025090E-16
5898.3367180135  3.041453E-16
5900.25338751016  3.096908E-16
5902.17005700683  3.027801E-16
5904.0867265035  3.046479E-16
5906.00339600016  3.158411E-16
5907.92006549683  3.177762E-16
5909.8367349935  3.095373E-16
5911.75340449017  3.247476E-16
5913.67007398683  3.110506E-16
5915.5867434835  3.142355E-16
5917.50341298017  3.102607E-16
5919.42008247683  3.082128E-16
5921.3367519735  3.156672E-16
5923.25342147017  3.244311E-16
5925.17009096683  3.202533E-16
5927.0867604635  3.145674E-16
5929.00342996017  3.172407E-16
5930.92009945683  3.057937E-16
5932.8367689535  3.148011E-16
5934.75343845017  3.246040E-16
5936.67010794683  3.305714E-16
5938.5867774435  3.418799E-16
5940.50344694017  3.332431E-16
5942.42011643683  3.329275E-16
5944.3367859335  3.398185E-16
5946.25345543017  3.395086E-16
5948.17012492684  3.318159E-16
5950.0867944235  3.305483E-16
5952.00346392017  3.441201E-16
5953.92013341684  3.464756E-16
5955.8368029135  3.492529E-16
5957.75347241017  3.660659E-16
5959.67014190684  3.560455E-16
5961.5868114035  3.454038E-16
5963.50348090017  3.632138E-16
5965.42015039683  3.524693E-16
5967.3368198935  3.440437E-16
5969.25348939017  3.519038E-16
5971.17015888683  3.794622E-16
5973.0868283835  3.539645E-16
5975.00349788017  3.388872E-16
5976.92016737684  3.721569E-16
5978.8368368735  3.670674E-16
5980.75350637017  3.569138E-16
5982.67017586684  3.794999E-16
5984.58684536351  3.797122E-16
5986.50351486017  3.915815E-16
5988.42018435684  4.005753E-16
5990.3368538535  3.844158E-16
5992.25352335017  3.973796E-16
5994.17019284684  3.962633E-16
5996.0868623435  3.891983E-16
5998.00353184017  3.961128E-16
5999.92020133684  4.001616E-16
6001.8368708335  4.094674E-16
6003.75354033017  4.181433E-16
6005.67020982684  4.034238E-16
6007.5868793235  3.970850E-16
6009.50354882017  4.039467E-16
6011.42021831684  4.133241E-16
6013.3368878135  4.252598E-16
6015.25355731017  4.111056E-16
6017.17022680684  4.226721E-16
6019.0868963035  4.243640E-16
6021.00356580017  4.405657E-16
6022.92023529684  4.439443E-16
6024.8369047935  4.259013E-16
6026.75357429017  4.384176E-16
6028.67024378684  4.411445E-16
6030.58691328351  4.245049E-16
6032.50358278017  4.271403E-16
6034.42025227684  4.462857E-16
6036.33692177351  4.502523E-16
6038.25359127017  4.392169E-16
6040.17026076684  4.450361E-16
6042.08693026351  4.424692E-16
6044.00359976017  4.487810E-16
6045.92026925684  4.553591E-16
6047.83693875351  4.462582E-16
6049.75360825017  4.476592E-16
6051.67027774684  4.552528E-16
6053.58694724351  4.404522E-16
6055.50361674017  4.513851E-16
6057.42028623684  4.653686E-16
6059.33695573351  4.535346E-16
6061.25362523017  4.475270E-16
6063.17029472684  4.514840E-16
6065.08696422351  4.617090E-16
6067.00363372018  4.598726E-16
6068.92030321684  4.614085E-16
6070.83697271351  4.642517E-16
6072.75364221018  4.527033E-16
6074.67031170684  4.457431E-16
6076.58698120351  4.600427E-16
6078.50365070018  4.587896E-16
6080.42032019684  4.513284E-16
6082.33698969351  4.631058E-16
6084.25365919018  4.450951E-16
6086.17032868684  4.471430E-16
6088.08699818351  4.502549E-16
6090.00366768018  4.540229E-16
6091.92033717684  4.554640E-16
6093.83700667351  4.381574E-16
6095.75367617018  4.532166E-16
6097.67034566684  4.660894E-16
6099.58701516351  4.826114E-16
6101.50368466018  4.552696E-16
6103.42035415684  4.492465E-16
6105.33702365351  4.414726E-16
6107.25369315018  4.506382E-16
6109.17036264685  4.463816E-16
6111.08703214351  4.563673E-16
6113.00370164018  4.470816E-16
6114.92037113685  4.516464E-16
6116.83704063351  4.490296E-16
6118.75371013018  4.274171E-16
6120.67037962685  4.248584E-16
6122.58704912351  4.184119E-16
6124.50371862018  4.179153E-16
6126.42038811685  4.121059E-16
6128.33705761351  4.177225E-16
6130.25372711018  4.149394E-16
6132.17039660685  4.108933E-16
6134.08706610352  4.136575E-16
6136.00373560018  4.185400E-16
6137.92040509685  4.228944E-16
6139.83707459351  4.174257E-16
6141.75374409018  3.926386E-16
6143.67041358685  3.827012E-16
6145.58708308352  3.940102E-16
6147.50375258018  3.898474E-16
6149.42042207685  3.781234E-16
6151.33709157352  3.743345E-16
6153.25376107018  3.867013E-16
6155.17043056685  3.824995E-16
6157.08710006351  3.748855E-16
6159.00376956018  3.779081E-16
6160.92043905685  3.603443E-16
6162.83710855352  3.531073E-16
6164.75377805018  3.566894E-16
6166.67044754685  3.630480E-16
6168.58711704351  3.441907E-16
6170.50378654018  3.300900E-16
6172.42045603685  3.255488E-16
6174.33712553352  3.333361E-16
6176.25379503018  3.286418E-16
6178.17046452685  3.189912E-16
6180.08713402352  3.160884E-16
6182.00380352018  3.170653E-16
6183.92047301685  3.138241E-16
6185.83714251352  3.127383E-16
6187.75381201018  3.115580E-16
6189.67048150685  3.068420E-16
6191.58715100352  3.188002E-16
6193.50382050019  3.204876E-16
6195.42048999685  3.103961E-16
6197.33715949352  3.005875E-16
6199.25382899018  2.839802E-16
6201.17049848685  2.931753E-16
6203.08716798352  2.961627E-16
6205.00383748018  2.962672E-16
6206.92050697685  2.991321E-16
6208.83717647352  3.006497E-16
6210.75384597018  2.956493E-16
6212.67051546685  2.950181E-16
6214.58718496352  2.975778E-16
6216.50385446019  2.972954E-16
6218.42052395685  2.912936E-16
6220.33719345352  2.884490E-16
6222.25386295019  2.797858E-16
6224.17053244685  2.821798E-16
6226.08720194352  2.947434E-16
6228.00387144019  2.833534E-16
6229.92054093685  2.820641E-16
6231.83721043352  2.914211E-16
6233.75387993019  2.884032E-16
6235.67054942685  2.903883E-16
6237.58721892352  2.875350E-16
6239.50388842019  2.857226E-16
6241.42055791685  2.877300E-16
6243.33722741352  2.873907E-16
6245.25389691019  2.776479E-16
6247.17056640685  2.691189E-16
6249.08723590352  2.852327E-16
6251.00390540019  2.853219E-16
6252.92057489686  2.824338E-16
6254.83724439352  2.797161E-16
6256.75391389019  2.764746E-16
6258.67058338685  2.729738E-16
6260.58725288352  2.839157E-16
6262.50392238019  2.785961E-16
6264.42059187686  2.731336E-16
6266.33726137352  2.707158E-16
6268.25393087019  2.807872E-16
6270.17060036686  2.703106E-16
6272.08726986352  2.747902E-16
6274.00393936019  2.656298E-16
6275.92060885686  2.645677E-16
6277.83727835352  2.644714E-16
6279.75394785019  2.589858E-16
6281.67061734686  2.649829E-16
6283.58728684352  2.608125E-16
6285.50395634019  2.566401E-16
6287.42062583686  2.646592E-16
6289.33729533352  2.615355E-16
6291.25396483019  2.714602E-16
6293.17063432686  2.641964E-16
6295.08730382352  2.443902E-16
6297.00397332019  2.531126E-16
6298.92064281686  2.691986E-16
6300.83731231352  2.610307E-16
6302.75398181019  2.607782E-16
6304.67065130686  2.549863E-16
6306.58732080353  2.591791E-16
6308.50399030019  2.579344E-16
6310.42065979686  2.590957E-16
6312.33732929353  2.729430E-16
6314.25399879019  2.756925E-16
6316.17066828686  2.680832E-16
6318.08733778353  2.717248E-16
6320.00400728019  2.706092E-16
6321.92067677686  2.557207E-16
6323.83734627353  2.700844E-16
6325.75401577019  2.765500E-16
6327.67068526686  2.743443E-16
6329.58735476353  2.771097E-16
6331.50402426019  2.742030E-16
6333.42069375686  2.757109E-16
6335.33736325353  2.910410E-16
6337.25403275019  2.772078E-16
6339.17070224686  2.813256E-16
6341.08737174353  2.924233E-16
6343.0040412402  2.811060E-16
6344.92071073686  2.998871E-16
6346.83738023353  3.041265E-16
6348.75404973019  3.047573E-16
6350.67071922686  2.968609E-16
6352.58738872353  3.137541E-16
6354.5040582202  3.020484E-16
6356.42072771686  3.101963E-16
6358.33739721353  3.018056E-16
6360.2540667102  3.117334E-16
6362.17073620686  3.061467E-16
6364.08740570353  3.204158E-16
6366.0040752002  3.238568E-16
6367.92074469686  3.215360E-16
6369.83741419353  3.153649E-16
6371.7540836902  3.318331E-16
6373.67075318686  3.340511E-16
6375.58742268353  3.241321E-16
6377.5040921802  3.281757E-16
6379.42076167686  3.299649E-16
6381.33743117353  3.306334E-16
6383.2541006702  3.277061E-16
6385.17077016686  3.371100E-16
6387.08743966353  3.436541E-16
6389.0041091602  3.404522E-16
6390.92077865687  3.314777E-16
6392.83744815353  3.207744E-16
6394.7541176502  3.336136E-16
6396.67078714687  3.358545E-16
6398.58745664353  3.391681E-16
6400.5041261402  3.319652E-16
6402.42079563687  3.436117E-16
6404.33746513353  3.475875E-16
6406.2541346302  3.362146E-16
6408.17080412687  3.462852E-16
6410.08747362353  3.360711E-16
6412.0041431202  3.377659E-16
6413.92081261687  3.311259E-16
6415.83748211353  3.352483E-16
6417.7541516102  3.352670E-16
6419.67082110687  3.325626E-16
6421.58749060353  3.407077E-16
6423.5041601002  3.368632E-16
6425.42082959687  3.412210E-16
6427.33749909353  3.308410E-16
6429.2541685902  3.411179E-16
6431.17083808687  3.343842E-16
6433.08750758353  3.230560E-16
6435.0041770802  3.413310E-16
6436.92084657687  3.309492E-16
6438.83751607353  3.244641E-16
6440.7541855702  3.308230E-16
6442.67085506687  3.273334E-16
6444.58752456354  3.283178E-16
6446.5041940602  3.304173E-16
6448.42086355687  3.190775E-16
6450.33753305354  3.112269E-16
6452.2542025502  3.242688E-16
6454.17087204687  3.263636E-16
6456.08754154354  3.156603E-16
6458.0042110402  3.085750E-16
6459.92088053687  3.079812E-16
6461.83755003354  3.093965E-16
6463.7542195302  3.062787E-16
6465.67088902687  3.276556E-16
6467.58755852354  3.034543E-16
6469.5042280202  2.986472E-16
6471.42089751687  2.931108E-16
6473.33756701354  2.943139E-16
6475.2542365102  2.969280E-16
6477.17090600687  2.993657E-16
6479.08757550354  2.830990E-16
6481.00424500021  2.844108E-16
6482.92091449687  2.924867E-16
6484.83758399354  2.843180E-16
6486.7542534902  2.757941E-16
6488.67092298687  2.687520E-16
6490.58759248354  2.623382E-16
6492.50426198021  2.810547E-16
6494.42093147687  2.740420E-16
6496.33760097354  2.724147E-16
6498.25427047021  2.713287E-16
6500.17093996687  2.711570E-16
6502.08760946354  2.660208E-16
6504.00427896021  2.668812E-16
6505.92094845687  2.609748E-16
6507.83761795354  2.614826E-16
6509.75428745021  2.737311E-16
6511.67095694687  2.818475E-16
6513.58762644354  2.840600E-16
6515.50429594021  2.804731E-16
6517.42096543688  2.714591E-16
6519.33763493354  2.756120E-16
6521.25430443021  2.747442E-16
6523.17097392687  2.670820E-16
6525.08764342354  2.774824E-16
6527.00431292021  2.661788E-16
6528.92098241687  2.668822E-16
6530.83765191354  2.787463E-16
6532.75432141021  2.821001E-16
6534.67099090688  2.840326E-16
6536.58766040354  2.776498E-16
6538.50432990021  2.642623E-16
6540.42099939688  2.815571E-16
6542.33766889354  2.921836E-16
6544.25433839021  2.902180E-16
6546.17100788688  2.924346E-16
6548.08767738354  2.812752E-16
6550.00434688021  3.006261E-16
6551.92101637688  3.050020E-16
6553.83768587354  3.035246E-16
6555.75435537021  3.015528E-16
6557.67102486688  2.974555E-16
6559.58769436354  3.020784E-16
6561.50436386021  3.143652E-16
6563.42103335688  3.071122E-16
6565.33770285354  3.003002E-16
6567.25437235021  2.990491E-16
6569.17104184688  3.046060E-16
6571.08771134354  3.021116E-16
6573.00438084021  3.021343E-16
6574.92105033688  3.134455E-16
6576.83771983354  3.216297E-16
6578.75438933021  3.276208E-16
6580.67105882688  3.324302E-16
6582.58772832354  3.324319E-16
6584.50439782021  3.292903E-16
6586.42106731688  3.321417E-16
6588.33773681355  3.326253E-16
6590.25440631021  3.357714E-16
6592.17107580688  3.301736E-16
6594.08774530355  3.416605E-16
6596.00441480021  3.336639E-16
6597.92108429688  3.433089E-16
6599.83775379355  3.596881E-16
6601.75442329021  3.440095E-16
6603.67109278688  3.463622E-16
6605.58776228355  3.519362E-16
6607.50443178021  3.426854E-16
6609.42110127688  3.477442E-16
6611.33777077355  3.511501E-16
6613.25444027021  3.669508E-16
6615.17110976688  3.669333E-16
6617.08777926355  3.651069E-16
6619.00444876021  3.641595E-16
6620.92111825688  3.708899E-16
6622.83778775355  3.697034E-16
6624.75445725022  3.661108E-16
6626.67112674688  3.803295E-16
6628.58779624355  3.814386E-16
6630.50446574021  3.775641E-16
6632.42113523688  3.746113E-16
6634.33780473355  3.743618E-16
6636.25447423022  3.900644E-16
6638.17114372688  3.982236E-16
6640.08781322355  3.899400E-16
6642.00448272022  3.843716E-16
6643.92115221688  3.853315E-16
6645.83782171355  3.927294E-16
6647.75449121022  4.028416E-16
6649.67116070688  3.994561E-16
6651.58783020355  3.940621E-16
6653.50449970022  4.011041E-16
6655.42116919688  4.074777E-16
6657.33783869355  4.003967E-16
6659.25450819022  4.008429E-16
6661.17117768688  4.135357E-16
6663.08784718355  4.131746E-16
6665.00451668022  4.221724E-16
6666.92118617688  4.136760E-16
6668.83785567355  4.052700E-16
6670.75452517022  4.179354E-16
6672.67119466688  4.129663E-16
6674.58786416355  4.030410E-16
6676.50453366022  4.051182E-16
6678.42120315689  4.185203E-16
6680.33787265355  4.068703E-16
6682.25454215022  4.047306E-16
6684.17121164689  4.129492E-16
6686.08788114355  4.070750E-16
6688.00455064022  4.117543E-16
6689.92122013689  4.093865E-16
6691.83788963355  4.103817E-16
6693.75455913022  4.244416E-16
6695.67122862689  4.145475E-16
6697.58789812355  4.080393E-16
6699.50456762022  4.119375E-16
6701.42123711689  4.145367E-16
6703.33790661355  4.234733E-16
6705.25457611022  4.069891E-16
6707.17124560689  4.080670E-16
6709.08791510355  4.019736E-16
6711.00458460022  4.066007E-16
6712.92125409689  4.075242E-16
6714.83792359356  4.018713E-16
6716.75459309022  4.077544E-16
6718.67126258689  4.151477E-16
6720.58793208356  4.182900E-16
6722.50460158022  4.134114E-16
6724.42127107689  4.139571E-16
6726.33794057356  4.261702E-16
6728.25461007022  4.211534E-16
6730.17127956689  4.173829E-16
6732.08794906356  4.017593E-16
6734.00461856022  3.977188E-16
6735.92128805689  4.041608E-16
6737.83795755356  4.226045E-16
6739.75462705022  4.176174E-16
6741.67129654689  4.041480E-16
6743.58796604356  4.046125E-16
6745.50463554022  4.184895E-16
6747.42130503689  4.314264E-16
6749.33797453356  4.196585E-16
6751.25464403022  4.152566E-16
6753.17131352689  4.161034E-16
6755.08798302356  4.238640E-16
6757.00465252022  4.163823E-16
6758.92132201689  4.071035E-16
6760.83799151356  4.249764E-16
6762.75466101022  4.396068E-16
6764.67133050689  4.239596E-16
6766.58800000356  4.460018E-16
6768.50466950022  4.502690E-16
6770.42133899689  4.149505E-16
6772.33800849356  4.087299E-16
6774.25467799023  4.177299E-16
6776.17134748689  4.578323E-16
6778.08801698356  5.242060E-16
6780.00468648023  6.026377E-16
6781.92135597689  6.102159E-16
6783.83802547356  5.493934E-16
6785.75469497023  4.738223E-16
6787.67136446689  4.192824E-16
6789.58803396356  3.957140E-16
6791.50470346023  3.884409E-16
6793.42137295689  3.893311E-16
6795.33804245356  3.904214E-16
6797.25471195023  3.962977E-16
6799.17138144689  4.277851E-16
6801.08805094356  4.629600E-16
6803.00472044023  4.574238E-16
6804.92138993689  4.387087E-16
6806.83805943356  4.189450E-16
6808.75472893023  3.830311E-16
6810.6713984269  3.652462E-16
6812.58806792356  3.663574E-16
6814.50473742023  3.611184E-16
6816.4214069169  3.598885E-16
6818.33807641356  3.605718E-16
6820.25474591023  3.728422E-16
6822.17141540689  3.589360E-16
6824.08808490356  3.478338E-16
6826.00475440023  3.610481E-16
6827.9214238969  3.695361E-16
6829.83809339356  3.655091E-16
6831.75476289023  3.558204E-16
6833.6714323869  3.530070E-16
6835.58810188356  3.448330E-16
6837.50477138023  3.490363E-16
6839.4214408769  3.502127E-16
6841.33811037356  3.444643E-16
6843.25477987023  3.404100E-16
6845.1714493669  3.321014E-16
6847.08811886356  3.306325E-16
6849.00478836023  3.395827E-16
6850.9214578569  3.282050E-16
6852.83812735356  3.098451E-16
6854.75479685023  3.138640E-16
6856.6714663469  3.225010E-16
6858.58813584356  3.282756E-16
6860.50480534023  3.266214E-16
6862.4214748369  3.239488E-16
6864.33814433356  3.285509E-16
6866.25481383023  3.424516E-16
6868.1714833269  3.301905E-16
6870.08815282357  3.132761E-16
6872.00482232023  2.965753E-16
6873.9214918169  2.795267E-16
6875.83816131357  2.771067E-16
6877.75483081023  2.865029E-16
6879.6715003069  3.116632E-16
6881.58816980357  3.000462E-16
6883.50483930023  2.980932E-16
6885.4215087969  2.890007E-16
6887.33817829357  2.885618E-16
6889.25484779023  2.906819E-16
6891.1715172869  2.934526E-16
6893.08818678357  2.974560E-16
6895.00485628023  2.750537E-16
6896.9215257769  2.584228E-16
6898.83819527357  2.696258E-16
6900.75486477024  2.710288E-16
6902.6715342669  2.728013E-16
6904.58820376357  2.730010E-16
6906.50487326024  2.505960E-16
6908.4215427569  2.593939E-16
6910.33821225357  2.665962E-16
6912.25488175024  2.545149E-16
6914.1715512469  2.462477E-16
6916.08822074357  2.494492E-16
6918.00489024024  2.509655E-16
6919.9215597369  2.536816E-16
6921.83822923357  2.601411E-16
6923.75489873024  2.473560E-16
6925.6715682269  2.468752E-16
6927.58823772357  2.572067E-16
6929.50490722024  2.561399E-16
6931.4215767169  2.418791E-16
6933.33824621357  2.362897E-16
6935.25491571024  2.538909E-16
6937.1715852069  2.637847E-16
6939.08825470357  2.875908E-16
6941.00492420024  2.880849E-16
6942.9215936969  2.585118E-16
6944.83826319357  2.472402E-16
6946.75493269024  2.520378E-16
6948.67160218691  2.466965E-16
6950.58827168357  2.460442E-16
6952.50494118024  2.607361E-16
6954.4216106769  2.710604E-16
6956.33828017357  2.704585E-16
6958.25494967024  2.516937E-16
6960.17161916691  2.416555E-16
6962.08828866357  2.337641E-16
6964.00495816024  2.279761E-16
6965.92162765691  2.211165E-16
6967.83829715357  2.355801E-16
6969.75496665024  2.205144E-16
6971.67163614691  2.125282E-16
6973.58830564357  2.172041E-16
6975.50497514024  2.192525E-16
6977.42164463691  2.100037E-16
6979.33831413357  2.177877E-16
6981.25498363024  2.065221E-16
6983.17165312691  2.115227E-16
6985.08832262357  2.100816E-16
6987.00499212024  2.129514E-16
6988.92166161691  2.045586E-16
6990.83833111357  2.078904E-16
6992.75500061024  2.169409E-16
6994.67167010691  2.144926E-16
6996.58833960357  2.095600E-16
6998.50500910024  2.101256E-16
7000.42167859691  2.087288E-16
7002.33834809357  1.870643E-16
7004.25501759024  1.927696E-16
7006.17168708691  1.999994E-16
7008.08835658358  2.016991E-16
7010.00502608024  2.095412E-16
7011.92169557691  2.113640E-16
7013.83836507358  2.341115E-16
7015.75503457024  2.662769E-16
7017.67170406691  2.000457E-16
7019.58837356358  2.006649E-16
7021.50504306024  2.051363E-16
7023.42171255691  2.032982E-16
7025.33838205358  2.080726E-16
7027.25505155024  2.036958E-16
7029.17172104691  2.032154E-16
7031.08839054358  2.007348E-16
7033.00506004024  1.929493E-16
7034.92172953691  2.002570E-16
7036.83839903358  1.985623E-16
7038.75506853025  1.940018E-16
7040.67173802691  1.997715E-16
7042.58840752358  2.066287E-16
7044.50507702024  2.091940E-16
7046.42174651691  2.070383E-16
7048.33841601358  2.021930E-16
7050.25508551025  1.937123E-16
7052.17175500691  1.988540E-16
7054.08842450358  2.013525E-16
7056.00509400025  2.056054E-16
7057.92176349691  1.976346E-16
7059.83843299358  2.018628E-16
7061.75510249025  2.012857E-16
7063.67177198691  2.046274E-16
7065.58844148358  2.018537E-16
7067.50511098025  1.806292E-16
7069.42178047691  1.877450E-16
7071.33844997358  2.104896E-16
7073.25511947025  1.973368E-16
7075.17178896691  1.882419E-16
7077.08845846358  1.926908E-16
7079.00512796025  2.069292E-16
7080.92179745691  2.021375E-16
7082.83846695358  2.088608E-16
7084.75513645025  2.155015E-16
7086.67180594692  2.056390E-16
7088.58847544358  1.933259E-16
7090.50514494025  1.863794E-16
7092.42181443691  1.941906E-16
7094.33848393358  1.945857E-16
7096.25515343025  1.952979E-16
7098.17182292692  2.007711E-16
7100.08849242358  1.860245E-16
7102.00516192025  1.848108E-16
7103.92183141692  2.011931E-16
7105.83850091358  1.947589E-16
7107.75517041025  1.906248E-16
7109.67183990692  1.917136E-16
7111.58850940358  1.919595E-16
7113.50517890025  1.868562E-16
7115.42184839692  1.893879E-16
7117.33851789358  1.969732E-16
7119.25518739025  1.923531E-16
7121.17185688692  1.889268E-16
7123.08852638358  1.905170E-16
7125.00519588025  1.899145E-16
7126.92186537692  1.900724E-16
7128.83853487358  1.937704E-16
7130.75520437025  1.903205E-16
7132.67187386692  1.919756E-16
7134.58854336359  1.943356E-16
7136.50521286025  1.901537E-16
7138.42188235692  1.831063E-16
7140.33855185359  1.866081E-16
7142.25522135025  1.986262E-16
7144.17189084692  1.892598E-16
7146.08856034359  2.013846E-16
7148.00522984025  1.922433E-16
7149.92189933692  1.889053E-16
7151.83856883359  2.047415E-16
7153.75523833025  1.930879E-16
7155.67190782692  1.918543E-16
7157.58857732359  1.823085E-16
7159.50524682025  1.841725E-16
7161.42191631692  1.956037E-16
7163.33858581359  1.922029E-16
7165.25525531025  1.903830E-16
7167.17192480692  1.907666E-16
7169.08859430359  2.009651E-16
7171.00526380025  1.995410E-16
7172.92193329692  1.832613E-16
7174.83860279359  1.827687E-16
7176.75527229025  1.868361E-16
7178.67194178692  1.900760E-16
7180.58861128359  1.912489E-16
7182.50528078025  1.856617E-16
7184.42195027692  1.897466E-16
7186.33861977359  1.922340E-16
7188.25528927026  1.843847E-16
7190.17195876692  1.837998E-16
7192.08862826359  1.929487E-16
7194.00529776026  1.897832E-16
7195.92196725692  1.815429E-16
7197.83863675359  1.892131E-16
7199.75530625026  1.757777E-16
7201.67197574692  1.807150E-16
7203.58864524359  1.797713E-16
7205.50531474026  1.740894E-16
7207.42198423692  1.806230E-16
7209.33865373359  1.743390E-16
7211.25532323026  1.795335E-16
7213.17199272692  1.858036E-16
7215.08866222359  1.923283E-16
7217.00533172026  1.820492E-16
7218.92200121692  1.782326E-16
7220.83867071359  1.918341E-16
7222.75534021026  1.868744E-16
7224.67200970692  1.772366E-16
7226.58867920359  1.852499E-16
7228.50534870026  1.852271E-16
7230.42201819692  1.746722E-16
7232.33868769359  1.785750E-16
7234.25535719026  1.796115E-16
7236.17202668692  1.734440E-16
7238.08869618359  1.705554E-16
7240.00536568026  1.655727E-16
7241.92203517693  1.761035E-16
7243.83870467359  1.718659E-16
7245.75537417026  1.622456E-16
7247.67204366693  1.728846E-16
7249.58871316359  1.755200E-16
7251.50538266026  1.781206E-16
7253.42205215693  1.726445E-16
7255.33872165359  1.704495E-16
7257.25539115026  1.676033E-16
7259.17206064693  1.632772E-16
7261.08873014359  1.625677E-16
7263.00539964026  1.669893E-16
7264.92206913693  1.741330E-16
7266.83873863359  1.761799E-16
7268.75540813026  1.779531E-16
7270.67207762693  1.774083E-16
7272.58874712359  1.734978E-16
7274.50541662026  1.739869E-16
7276.42208611693  1.757026E-16
7278.33875561359  1.727530E-16
7280.25542511026  1.683682E-16
7282.17209460693  1.708690E-16
7284.0887641036  1.663866E-16
7286.00543360026  1.689197E-16
7287.92210309693  1.789019E-16
7289.8387725936  1.636638E-16
7291.75544209026  1.680097E-16
7293.67211158693  1.682779E-16
7295.5887810836  1.685590E-16
7297.50545058026  1.680818E-16
7299.42212007693  1.611029E-16
7301.3387895736  1.511486E-16
7303.25545907026  1.503064E-16
7305.17212856693  1.570069E-16
7307.0887980636  1.707522E-16
7309.00546756026  1.671869E-16
7310.92213705693  1.575609E-16
7312.8388065536  1.713019E-16
7314.75547605026  1.697358E-16
7316.67214554693  1.641179E-16
7318.5888150436  1.677376E-16
7320.50548454027  1.589621E-16
7322.42215403693  1.648968E-16
7324.3388235336  1.654590E-16
7326.25549303027  1.643781E-16
7328.17216252693  1.654133E-16
7330.0888320236  1.606459E-16
7332.00550152027  1.673001E-16
7333.92217101693  1.780825E-16
7335.8388405136  1.614009E-16
7337.75551001027  1.664002E-16
7339.67217950693  1.638332E-16
7341.5888490036  1.596703E-16
7343.50551850027  1.745213E-16
7345.42218799693  1.745603E-16
7347.3388574936  1.695151E-16
7349.25552699027  1.763210E-16
7351.17219648693  1.749287E-16
7353.0888659836  1.702749E-16
7355.00553548027  1.593306E-16
7356.92220497694  1.560299E-16
7358.8388744736  1.782518E-16
7360.75554397027  1.720052E-16
7362.67221346694  1.591712E-16
7364.5888829636  1.567418E-16
7366.50555246027  1.613546E-16
7368.42222195694  1.690488E-16
7370.3388914536  1.694536E-16
7372.25556095027  1.676656E-16
7374.17223044694  1.789188E-16
7376.0888999436  1.878561E-16
7378.00556944027  1.817567E-16
7379.92223893694  1.785410E-16
7381.8389084336  1.724412E-16
7383.75557793027  1.652622E-16
7385.67224742693  1.634284E-16
7387.5889169236  1.686776E-16
7389.50558642027  1.708135E-16
7391.42225591694  1.684006E-16
7393.3389254136  1.720054E-16
7395.25559491027  1.818576E-16
7397.17226440694  1.838742E-16
7399.0889339036  1.774589E-16
7401.00560340027  1.833312E-16
7402.92227289694  1.854429E-16
7404.8389423936  1.853618E-16
7406.75561189027  1.785026E-16
7408.67228138694  1.787140E-16
7410.5889508836  1.910944E-16
7412.50562038027  1.920935E-16
7414.42228987694  1.845419E-16
7416.3389593736  1.801950E-16
7418.25562887027  1.876866E-16
7420.17229836694  1.941473E-16
7422.0889678636  1.903911E-16
7424.00563736027  1.867392E-16
7425.92230685694  1.825486E-16
7427.83897635361  1.810266E-16
7429.75564585027  1.884875E-16
7431.67231534694  1.884113E-16
7433.58898484361  1.857068E-16
7435.50565434027  1.959906E-16
7437.42232383694  2.033138E-16
7439.33899333361  2.059996E-16
7441.25566283027  2.052564E-16
7443.17233232694  1.909951E-16
7445.08900182361  1.896130E-16
7447.00567132027  1.988568E-16
7448.92234081694  2.035839E-16
7450.83901031361  1.985566E-16
7452.75567981027  1.937134E-16
7454.67234930694  1.896096E-16
7456.58901880361  2.030822E-16
7458.50568830028  1.987001E-16
7460.42235779694  1.986203E-16
7462.33902729361  1.965203E-16
7464.25569679028  1.939148E-16
7466.17236628694  1.914574E-16
7468.08903578361  1.905830E-16
7470.00570528028  2.036145E-16
7471.92237477694  2.099539E-16
7473.83904427361  2.058510E-16
7475.75571377027  2.053362E-16
7477.67238326694  2.007724E-16
7479.58905276361  2.019802E-16
7481.50572226028  2.078519E-16
7483.42239175694  1.956848E-16
7485.33906125361  1.979458E-16
7487.25573075028  2.041713E-16
7489.17240024694  2.028559E-16
7491.08906974361  2.038711E-16
7493.00573924028  2.033408E-16
7494.92240873694  2.104557E-16
7496.83907823361  2.118905E-16
7498.75574773028  2.157641E-16
7500.67241722694  2.029280E-16
7502.58908672361  2.018408E-16
7504.50575622028  2.109536E-16
7506.42242571695  2.050475E-16
7508.33909521361  1.980217E-16
7510.25576471028  2.002231E-16
7512.17243420694  1.963427E-16
7514.08910370361  2.005637E-16
7516.00577320028  1.989769E-16
7517.92244269695  1.868202E-16
7519.83911219361  1.900098E-16
7521.75578169028  1.895211E-16
7523.67245118695  1.949308E-16
7525.58912068361  2.062289E-16
7527.50579018028  2.042484E-16
7529.42245967695  2.020775E-16
7531.33912917361  2.080127E-16
7533.25579867028  2.079064E-16
7535.17246816695  1.974439E-16
7537.08913766361  2.041543E-16
7539.00580716028  2.100157E-16
7540.92247665695  1.976805E-16
7542.83914615361  2.042348E-16
7544.75581565028  2.119600E-16
7546.67248514695  2.078671E-16
7548.58915464361  2.044050E-16
7550.50582414028  1.990796E-16
7552.42249363695  1.980769E-16
7554.33916313362  1.977710E-16
7556.25583263028  1.964389E-16
7558.17250212695  2.000142E-16
7560.08917162361  2.088841E-16
7562.00584112028  2.109550E-16
7563.92251061695  2.094585E-16
7565.83918011362  2.184162E-16
7567.75584961028  2.218375E-16
7569.67251910695  2.185691E-16
7571.58918860362  2.212652E-16
7573.50585810028  2.112252E-16
7575.42252759695  2.075333E-16
7577.33919709362  2.116992E-16
7579.25586659028  2.141459E-16
7581.17253608695  2.214020E-16
7583.08920558362  2.146885E-16
7585.00587508028  2.167949E-16
7586.92254457695  2.126216E-16
7588.83921407362  2.135966E-16
7590.75588357028  2.292084E-16
7592.67255306695  2.305759E-16
7594.58922256362  2.238590E-16
7596.50589206028  2.253570E-16
7598.42256155695  2.173783E-16
7600.33923105362  2.161531E-16
7602.25590055028  2.218725E-16
7604.17257004695  2.129177E-16
7606.08923954362  2.143929E-16
7608.00590904028  2.158677E-16
7609.92257853695  2.173425E-16
7611.83924803362  2.050696E-16
7613.75591753029  2.029658E-16
7615.67258702695  2.031837E-16
7617.58925652362  2.038669E-16
7619.50592602029  2.205660E-16
7621.42259551695  2.336350E-16
7623.33926501362  2.374699E-16
7625.25593451029  2.381420E-16
7627.17260400695  2.178124E-16
7629.08927350362  2.242871E-16
7631.00594300029  2.100600E-16
7632.92261249695  1.809671E-16
7634.83928199362  2.020230E-16
7636.75595149029  1.962232E-16
7638.67262098695  1.822592E-16
7640.58929048362  2.117187E-16
7642.50595998029  2.121806E-16
7644.42262947695  2.260303E-16
7646.33929897362  2.155071E-16
7648.25596847029  2.215667E-16
7650.17263796696  2.177945E-16
7652.08930746362  2.291397E-16
7654.00597696029  2.177678E-16
7655.92264645696  2.180596E-16
7657.83931595362  2.197652E-16
7659.75598545029  2.199872E-16
7661.67265494696  2.226581E-16
7663.58932444362  2.157063E-16
7665.50599394029  2.276528E-16
7667.42266343696  2.318015E-16
7669.33933293362  2.280720E-16
7671.25600243029  2.200825E-16
7673.17267192696  2.115720E-16
7675.08934142362  2.293323E-16
7677.00601092029  2.358801E-16
7678.92268041696  2.178595E-16
7680.83934991362  2.292238E-16
7682.75601941029  2.352973E-16
7684.67268890696  2.422298E-16
7686.58935840362  2.104926E-16
7688.50602790029  2.112602E-16
7690.42269739696  2.258422E-16
7692.33936689363  2.310920E-16
7694.25603639029  2.329597E-16
7696.17270588696  2.325871E-16
7698.08937538362  2.276812E-16
7700.00604488029  2.266342E-16
7701.92271437696  2.251454E-16
7703.83938387363  2.308261E-16
7705.75605337029  2.153923E-16
7707.67272286696  2.188523E-16
7709.58939236363  2.289438E-16
7711.50606186029  2.160839E-16
7713.42273135696  2.174310E-16
7715.33940085363  2.256942E-16
7717.25607035029  2.223451E-16
7719.17273984696  2.132257E-16
7721.08940934363  2.140500E-16
7723.00607884029  2.114838E-16
7724.92274833696  2.152139E-16
7726.83941783363  2.215503E-16
7728.7560873303  2.228148E-16
7730.67275682696  2.196077E-16
7732.58942632363  2.124974E-16
7734.50609582029  2.065599E-16
7736.42276531696  2.059422E-16
7738.33943481363  2.085049E-16
7740.2561043103  2.140170E-16
7742.17277380696  2.150462E-16
7744.08944330363  2.087885E-16
7746.00611280029  2.115610E-16
7747.92278229696  2.103751E-16
7749.83945179363  2.027288E-16
7751.75612129029  1.987024E-16
7753.67279078696  2.003717E-16
7755.58946028363  2.091474E-16
7757.50612978029  2.078541E-16
7759.42279927696  1.937623E-16
7761.33946877363  1.968065E-16
7763.2561382703  1.998515E-16
7765.17280776696  2.028957E-16
7767.08947726363  2.059399E-16
7769.0061467603  2.014513E-16
7770.92281625697  2.091597E-16
7772.83948575363  2.069041E-16
7774.7561552503  2.030966E-16
7776.67282474696  1.968312E-16
7778.58949424363  2.017274E-16
7780.5061637403  1.881346E-16
7782.42283323696  1.885169E-16
7784.33950273363  1.928189E-16
7786.2561722303  1.892909E-16
7788.17284172696  2.055259E-16
7790.08951122363  2.185956E-16
7792.0061807203  2.164790E-16
7793.92285021696  2.077692E-16
7795.83951971363  1.886337E-16
7797.7561892103  1.987660E-16
7799.67285870697  2.035001E-16
7801.58952820363  1.970800E-16
7803.5061977003  1.957859E-16
7805.42286719696  2.068319E-16
7807.33953669363  2.047598E-16
7809.2562061903  1.877649E-16
7811.17287568697  2.006533E-16
7813.08954518363  1.880745E-16
7815.0062146803  2.159534E-16
7816.92288417697  2.123796E-16
7818.83955367363  1.993948E-16
7820.7562231703  1.976413E-16
7822.67289266697  2.084916E-16
7824.58956216363  2.164064E-16
7826.5062316603  2.062359E-16
7828.42290115697  1.873741E-16
7830.33957065364  1.869300E-16
7832.2562401503  2.083776E-16
7834.17290964697  2.065115E-16
7836.08957914363  2.027193E-16
7838.0062486403  1.882541E-16
7839.92291813697  1.959900E-16
7841.83958763363  2.029191E-16
7843.7562571303  1.960042E-16
7845.67292662697  1.934636E-16
7847.58959612364  2.004690E-16
7849.5062656203  2.040811E-16
7851.42293511697  2.073147E-16
7853.33960461364  1.990023E-16
7855.2562741103  2.025867E-16
7857.17294360697  2.141564E-16
7859.08961310364  2.217016E-16
7861.0062826003  2.171183E-16
7862.92295209697  2.126400E-16
7864.83962159364  2.217846E-16
7866.7562910903  2.278106E-16
7868.67296058697  2.130986E-16
7870.58963008364  2.122223E-16
7872.5062995803  2.346498E-16
7874.42296907697  2.078979E-16
7876.33963857364  2.088462E-16
7878.2563080703  2.123799E-16
7880.17297756697  2.021690E-16
7882.08964706364  2.109854E-16
7884.0063165603  1.983864E-16
7885.92298605697  2.107579E-16
7887.83965555364  2.258608E-16
7889.75632505031  2.291587E-16
7891.67299454697  2.199691E-16
7893.58966404364  2.284016E-16
7895.5063335403  2.346235E-16
7897.42300303697  2.067868E-16
7899.33967253364  2.092698E-16
7901.25634203031  2.317233E-16
7903.17301152697  2.266717E-16
7905.08968102364  2.170082E-16
7907.00635052031  2.045536E-16
7908.92302001697  2.064419E-16
7910.83968951364  2.257885E-16
7912.75635901031  2.240068E-16
7914.67302850697  2.159477E-16
7916.58969800364  2.203309E-16
7918.50636750031  2.339614E-16
7920.42303699697  2.336121E-16
7922.33970649364  2.220084E-16
7924.25637599031  2.214721E-16
7926.17304548697  2.206685E-16
7928.08971498364  2.194166E-16
7930.00638448031  2.258370E-16
7931.92305397697  2.248898E-16
7933.83972347364  2.209188E-16
7935.75639297031  2.215799E-16
7937.67306246698  2.130863E-16
7939.58973196364  2.182668E-16
7941.50640146031  2.199714E-16
7943.42307095697  2.096598E-16
7945.33974045364  2.200744E-16
7947.25640995031  2.135158E-16
7949.17307944698  2.144347E-16
7951.08974894364  2.231993E-16
7953.00641844031  2.114883E-16
7954.92308793697  2.068909E-16
7956.83975743364  2.190223E-16
7958.75642693031  2.251517E-16
7960.67309642698  2.169149E-16
7962.58976592364  2.344906E-16
7964.50643542031  2.215719E-16
7966.42310491698  2.122071E-16
7968.33977441364  2.068695E-16
7970.25644391031  2.142668E-16
7972.17311340698  2.120673E-16
7974.08978290364  2.162359E-16
7976.00645240031  2.242699E-16
7977.92312189698  2.134077E-16
7979.83979139364  2.040305E-16
7981.75646089031  1.978011E-16
7983.67313038698  2.066257E-16
7985.58979988364  2.234536E-16
7987.50646938031  2.278065E-16
7989.42313887698  2.263478E-16
7991.33980837364  2.169901E-16
7993.25647787031  2.041830E-16
7995.17314736698  2.111363E-16
7997.08981686365  2.215030E-16
7999.00648636031  2.196600E-16
8000.92315585698  2.127410E-16
8002.83982535365  2.073350E-16
8004.75649485031  2.089656E-16
8006.67316434698  2.183044E-16
8008.58983384365  2.117189E-16
8010.50650334031  2.167623E-16
8012.42317283698  2.155074E-16
8014.33984233364  2.047728E-16
8016.25651183031  2.006471E-16
8018.17318132698  1.945033E-16
8020.08985082365  2.077862E-16
8022.00652032031  2.076187E-16
8023.92318981698  2.013779E-16
8025.83985931365  2.005287E-16
8027.75652881032  1.975236E-16
8029.67319830698  2.187124E-16
8031.58986780365  2.124773E-16
8033.50653730032  2.126773E-16
8035.42320679698  2.042253E-16
8037.33987629365  2.096853E-16
8039.25654579031  2.020385E-16
8041.17321528698  1.984947E-16
8043.08988478365  2.026011E-16
8045.00655428032  2.031696E-16
8046.92322377698  2.061867E-16
8048.83989327365  2.085766E-16
8050.75656277031  2.037558E-16
8052.67323226698  2.032859E-16
8054.58990176365  2.123644E-16
8056.50657126032  2.074040E-16
8058.42324075698  1.933183E-16
8060.33991025365  2.064992E-16
8062.25657975032  1.971352E-16
8064.17324924698  1.909961E-16
8066.08991874365  2.113294E-16
8068.00658824032  2.326757E-16
8069.92325773699  1.943018E-16
8071.83992723365  1.865393E-16
8073.75659673032  1.931802E-16
8075.67326622698  1.969331E-16
8077.58993572365  1.935869E-16
8079.50660522032  2.009597E-16
8081.42327471698  1.975371E-16
8083.33994421365  1.943505E-16
8085.25661371032  1.991234E-16
8087.17328320699  1.939063E-16
8089.08995270365  1.985677E-16
8091.00662220032  2.018893E-16
8092.92329169699  2.130348E-16
8094.83996119365  2.270902E-16
8096.75663069032  1.809760E-16
8098.67330018698  1.791933E-16
8100.58996968365  1.642863E-16
8102.50663918032  1.869609E-16
8104.42330867699  1.862877E-16
8106.33997817365  1.819157E-16
8108.25664767032  1.850039E-16
8110.17331716699  1.922574E-16
8112.08998666365  1.869552E-16
8114.00665616032  1.807136E-16
8115.92332565699  1.724925E-16
8117.83999515365  1.841372E-16
8119.75666465032  1.933124E-16
8121.67333414699  1.720333E-16
8123.59000364365  1.709197E-16
8125.50667314032  1.803018E-16
8127.42334263699  1.787966E-16
8129.34001213366  1.881138E-16
8131.25668163032  1.786826E-16
8133.17335112699  1.680326E-16
8135.09002062365  1.764256E-16
8137.00669012032  1.753350E-16
8138.92335961699  1.621060E-16
8140.84002911365  1.569636E-16
8142.75669861032  1.711916E-16
8144.67336810699  1.709131E-16
8146.59003760366  1.714897E-16
8148.50670710032  1.606397E-16
8150.42337659699  1.720467E-16
8152.34004609366  1.713359E-16
8154.25671559033  1.643121E-16
8156.17338508699  1.572900E-16
8158.09005458366  1.646372E-16
8160.00672408032  1.881826E-16
8161.92339357699  1.860100E-16
8163.84006307366  1.633078E-16
8165.75673257032  1.579799E-16
8167.67340206699  1.661194E-16
8169.59007156366  1.821039E-16
8171.50674106032  1.771797E-16
8173.42341055699  1.533051E-16
8175.34008005366  1.566385E-16
8177.25674955032  1.709808E-16
8179.17341904699  1.689782E-16
8181.09008854366  1.679878E-16
8183.00675804032  1.624316E-16
8184.92342753699  1.556763E-16
8186.84009703366  1.586190E-16
8188.75676653033  1.514120E-16
8190.67343602699  1.412095E-16
8192.59010552366  1.482135E-16
8194.50677502033  1.548484E-16
8196.42344451699  1.494343E-16
8198.34011401366  1.587457E-16
8200.25678351033  1.602207E-16
8202.17345300699  1.405849E-16
8204.09012250366  1.454891E-16
8206.00679200033  1.515418E-16
8207.92346149699  1.375813E-16
8209.84013099366  1.406340E-16
8211.75680049033  1.384529E-16
8213.673469987  1.280331E-16
8215.59013948366  1.588435E-16
8217.50680898033  1.526138E-16
8219.42347847699  1.322246E-16
8221.34014797366  1.417495E-16
8223.25681747033  1.499966E-16
8225.17348696699  1.491750E-16
8227.09015646366  1.480174E-16
8229.00682596033  1.394032E-16
8230.923495457  1.354332E-16
8232.84016495366  1.462599E-16
8234.75683445033  1.410367E-16
8236.67350394699  1.350055E-16
8238.59017344366  1.377269E-16
8240.50684294033  1.375701E-16
8242.423512437  1.509027E-16
8244.34018193366  1.328348E-16
8246.25685143033  1.283135E-16
8248.173520927  1.494810E-16
8250.09019042366  1.447523E-16
8252.00685992033  1.281858E-16
8253.923529417  1.312798E-16
8255.84019891366  1.521588E-16
8257.75686841033  1.392808E-16
8259.673537907  1.287227E-16
8261.59020740366  1.353924E-16
8263.50687690033  1.244779E-16
8265.423546397  1.248583E-16
8267.34021589366  1.409488E-16
8269.25688539033  1.377964E-16
8271.173554887  1.362577E-16
8273.09022438367  1.225478E-16
8275.00689388033  1.507902E-16
8276.923563377  1.806549E-16
8278.84023287367  1.317582E-16
8280.75690237033  1.376204E-16
8282.673571867  1.294896E-16
8284.59024136367  1.153886E-16
8286.50691086033  1.322392E-16
8288.423580357  1.323006E-16
8290.34024985367  1.197207E-16
8292.25691935033  1.337952E-16
8294.173588847  1.280876E-16
8296.09025834367  1.241989E-16
8298.00692784033  1.287166E-16
8299.923597337  1.210805E-16
8301.84026683367  1.237262E-16
8303.75693633033  1.316618E-16
8305.673605827  1.259953E-16
8307.59027532367  1.290128E-16
8309.50694482034  1.305909E-16
8311.423614317  1.314981E-16
8313.34028381367  1.310807E-16
8315.25695331033  1.152030E-16
8317.173622807  1.288764E-16
8319.09029230367  1.244924E-16
8321.00696180033  1.283976E-16
8322.923631297  1.328949E-16
8324.84030079367  1.659404E-16
8326.75697029034  1.327233E-16
8328.673639787  1.204473E-16
8330.59030928367  1.204325E-16
8332.50697878034  1.294486E-16
8334.423648277  1.288215E-16
8336.34031777367  1.214646E-16
8338.25698727034  1.199887E-16
8340.173656767  1.198496E-16
8342.09032626367  1.087557E-16
8344.00699576034  1.114510E-16
8345.923665257  1.183727E-16
8347.84033475367  1.071548E-16
8349.75700425034  1.098838E-16
8351.67367374701  1.158362E-16
8353.59034324367  1.105757E-16
8355.50701274034  1.041859E-16
8357.423682237  9.128651E-17
8359.34035173367  1.038620E-16
8361.25702123034  9.711107E-17
8363.173690727  8.626950E-17
8365.09036022367  9.775507E-17
8367.00702972034  9.477634E-17
8368.92369921701  9.918391E-17
8370.84036871367  8.927129E-17
8372.75703821034  9.378146E-17
8374.673707707  1.005249E-16
8376.59037720367  9.644100E-17
8378.50704670034  9.267042E-17
8380.423716197  9.447993E-17
8382.34038569367  9.281217E-17
8384.25705519034  8.408381E-17
8386.17372468701  7.984211E-17
8388.09039418367  7.844387E-17
8390.00706368034  8.375499E-17
8391.92373317701  9.354235E-17
8393.84040267367  9.450650E-17
8395.75707217034  8.265923E-17
8397.67374166701  5.168915E-17
8399.59041116368  5.160164E-17
8401.50708066034  7.278892E-17
8403.42375015701  7.533173E-17
8405.34041965367  9.379993E-17
8407.25708915034  7.746077E-17
8409.17375864701  7.480795E-17
8411.09042814368  9.102031E-17
8413.00709764034  8.706796E-17
8414.92376713701  8.135251E-17
8416.84043663367  8.098872E-17
8418.75710613034  8.487723E-17
8420.67377562701  8.005357E-17
8422.59044512367  6.804357E-17
8424.50711462034  7.927045E-17
8426.42378411701  8.723705E-17
8428.34045361368  8.387025E-17
8430.25712311034  6.664905E-17
8432.17379260701  8.110646E-17
8434.09046210368  8.103566E-17
8436.00713160034  7.972010E-17
8437.92380109701  6.848298E-17
8439.84047059368  6.835287E-17
8441.75714009034  1.110262E-16
8443.67380958701  7.646757E-17
8445.59047908368  4.830225E-17
8447.50714858034  6.768699E-17
8449.42381807701  8.110106E-17
8451.34048757368  6.707702E-17
8453.25715707034  6.762854E-17
8455.17382656701  7.540659E-17
8457.09049606368  6.497244E-17
8459.00716556035  7.816636E-17
8460.92383505701  8.406811E-17
8462.84050455368  6.238714E-17
8464.75717405034  7.955243E-17
8466.67384354701  8.536101E-17
8468.59051304368  7.952033E-17
8470.50718254035  8.164490E-17
8472.42385203701  6.942188E-17
8474.34052153368  7.720768E-17
8476.25719103035  8.124869E-17
8478.17386052701  7.876139E-17
8480.09053002368  8.161518E-17
8482.00719952035  7.875939E-17
8483.92386901701  7.359323E-17
8485.84053851368  6.363211E-17
8487.75720801035  5.811846E-17
8489.67387750701  6.403084E-17
8491.59054700368  6.800322E-17
8493.50721650035  8.119041E-17
8495.42388599701  8.753137E-17
8497.34055549368  8.234724E-17
8499.25722499035  8.454379E-17
8501.17389448701  5.681477E-17
8503.09056398368  7.841778E-17
8505.00723348035  8.684507E-17
8506.92390297701  9.346101E-17
8508.84057247368  8.520079E-17
8510.75724197035  8.116878E-17
8512.67391146702  9.579768E-17
8514.59058096368  7.489175E-17
8516.50725046035  6.841779E-17
8518.42391995702  7.763122E-17
8520.34058945368  9.551964E-17
8522.25725895035  8.138369E-17
8524.17392844702  6.799576E-17
8526.09059794368  6.822655E-17
8528.00726744035  7.275595E-17
8529.92393693702  8.601948E-17
8531.84060643368  8.347370E-17
8533.75727593035  7.422848E-17
8535.67394542702  6.885069E-17
8537.59061492368  6.817664E-17
8539.50728442035  8.569442E-17
8541.42395391702  8.042921E-17
8543.34062341368  8.323278E-17
8545.25729291035  8.664166E-17
8547.17396240702  8.749665E-17
8549.09063190368  7.739134E-17
8551.00730140035  7.892321E-17
8552.92397089702  9.201680E-17
8554.84064039368  8.393866E-17
8556.75730989035  8.994643E-17
8558.67397938702  8.527696E-17
8560.59064888368  7.913724E-17
8562.50731838035  7.698518E-17
8564.42398787702  6.967737E-17
8566.34065737369  9.516128E-17
8568.25732687035  1.041744E-16
8570.17399636702  7.261445E-17
8572.09066586369  7.835143E-17
8574.00733536035  7.914810E-17
8575.92400485702  7.043382E-17
8577.84067435369  7.951936E-17
8579.75734385035  8.360809E-17
8581.67401334702  7.530043E-17
8583.59068284369  5.306825E-17
8585.50735234035  9.349264E-17
8587.42402183702  8.835880E-17
8589.34069133369  8.272030E-17
8591.25736083035  8.285957E-17
8593.17403032702  9.374241E-17
8595.09069982369  1.043038E-16
8597.00736932036  9.878821E-17
8598.92403881702  9.276778E-17
8600.84070831369  9.183018E-17
8602.75737781035  9.245461E-17
8604.67404730702  8.589796E-17
8606.59071680369  1.208654E-16
8608.50738630036  1.656585E-16
8610.42405579702  1.106137E-16
8612.34072529369  9.762812E-17
8614.25739479036  1.002618E-16
8616.17406428702  8.621447E-17
8618.09073378369  9.900460E-17
8620.00740328036  1.063093E-16
8621.92407277702  1.162690E-16
8623.84074227369  1.038545E-16
8625.75741177036  8.921487E-17
8627.67408126702  1.214430E-16
8629.59075076369  1.292551E-16
8631.50742026036  1.153300E-16
8633.42408975703  1.253436E-16
8635.34075925369  1.227807E-16
8637.25742875036  1.113427E-16
8639.17409824702  1.259833E-16
8641.09076774369  1.236529E-16
8643.00743724036  1.146973E-16
8644.92410673702  1.292865E-16
8646.84077623369  1.129165E-16
8648.75744573036  1.106249E-16
8650.67411522702  9.560082E-17
8652.59078472369  1.112451E-16
8654.50745422036  1.402165E-16
8656.42412371703  1.404148E-16
8658.34079321369  1.303611E-16
8660.25746271036  1.310071E-16
8662.17413220703  1.443999E-16
8664.09080170369  1.469896E-16
8666.00747120036  1.447545E-16
8667.92414069703  1.591361E-16
8669.84081019369  1.477314E-16
8671.75747969036  1.356196E-16
8673.67414918703  1.418840E-16
8675.59081868369  1.407007E-16
8677.50748818036  1.409670E-16
8679.42415767703  1.581080E-16
8681.34082717369  1.634935E-16
8683.25749667036  1.523435E-16
8685.17416616703  1.521550E-16
8687.09083566369  1.424267E-16
8689.00750516036  1.382964E-16
8690.92417465703  1.767356E-16
8692.8408441537  1.608839E-16
8694.75751365036  1.516702E-16
8696.67418314703  1.681918E-16
8698.59085264369  1.703033E-16
8700.50752214036  1.677951E-16
8702.42419163703  1.601220E-16
8704.3408611337  1.626133E-16
8706.25753063036  1.609247E-16
8708.17420012703  1.691478E-16
8710.0908696237  1.766369E-16
8712.00753912036  1.894367E-16
8713.92420861703  1.829697E-16
8715.8408781137  1.665646E-16
8717.75754761036  1.843208E-16
8719.67421710703  1.845802E-16
8721.5908866037  1.759295E-16
8723.50755610036  1.793999E-16
8725.42422559703  1.816867E-16
8727.3408950937  1.761519E-16
8729.25756459036  1.659153E-16
8731.17423408703  1.847366E-16
8733.0909035837  2.016491E-16
8735.00757308036  1.749506E-16
8736.92424257703  1.851946E-16
8738.8409120737  1.872532E-16
8740.75758157036  1.717957E-16
8742.67425106703  1.794521E-16
8744.5909205637  1.748833E-16
8746.50759006037  1.608225E-16
8748.42425955703  1.743808E-16
8750.3409290537  1.786977E-16
8752.25759855037  1.761509E-16
8754.17426804703  1.865181E-16
8756.0909375437  2.037419E-16
8758.00760704037  2.054614E-16
8759.92427653703  1.719286E-16
8761.8409460337  1.849748E-16
8763.75761553037  1.857275E-16
8765.67428502703  1.656059E-16
8767.5909545237  1.874529E-16
8769.50762402037  1.753358E-16
8771.42429351703  1.801254E-16
8773.3409630137  1.809080E-16
8775.25763251037  2.115506E-16
8777.17430200703  1.963847E-16
8779.0909715037  1.787830E-16
8781.00764100037  1.932674E-16
8782.92431049703  2.022638E-16
8784.8409799937  2.035148E-16
8786.75764949037  1.946510E-16
8788.67431898703  1.977008E-16
8790.5909884837  1.931595E-16
8792.50765798037  1.817547E-16
8794.42432747704  2.031541E-16
8796.3409969737  1.973191E-16
8798.25766647037  1.870952E-16
8800.17433596704  2.020262E-16
8802.0910054637  1.886544E-16
8804.00767496037  1.724125E-16
8805.92434445704  1.714694E-16
8807.8410139537  1.847331E-16
8809.75768345037  1.910931E-16
8811.67435294704  1.812446E-16
8813.5910224437  1.785685E-16
8815.50769194037  1.936971E-16
8817.42436143704  1.908528E-16
8819.3410309337  1.947409E-16
8821.25770043037  1.885430E-16
8823.17436992704  1.715902E-16
8825.0910394237  1.722664E-16
8827.00770892037  1.497210E-16
8828.92437841704  1.367365E-16
8830.8410479137  1.624214E-16
8832.75771741037  1.771640E-16
8834.67438690704  1.986411E-16
8836.59105640371  1.741508E-16
8838.50772590037  1.610500E-16
8840.42439539704  1.830544E-16
8842.34106489371  1.734950E-16
8844.25773439037  1.844381E-16
8846.17440388704  1.802150E-16
8848.09107338371  1.870312E-16
8850.00774288037  1.895854E-16
8851.92441237704  1.806734E-16
8853.84108187371  1.947676E-16
8855.75775137037  2.059841E-16
8857.67442086704  1.894316E-16
8859.59109036371  1.785920E-16
8861.50775986037  1.581584E-16
8863.42442935704  1.674757E-16
8865.34109885371  1.855555E-16
8867.25776835037  1.838501E-16
8869.17443784704  2.001887E-16
8871.09110734371  1.838084E-16
8873.00777684037  1.801115E-16
8874.92444633704  1.835886E-16
8876.84111583371  1.761598E-16
8878.75778533038  1.639475E-16
8880.67445482704  1.854074E-16
8882.59112432371  1.955452E-16
8884.50779382038  1.906088E-16
8886.42446331704  1.899961E-16
8888.34113281371  2.090328E-16
8890.25780231038  1.937839E-16
8892.17447180704  1.711643E-16
8894.09114130371  1.692639E-16
8896.00781080038  1.626391E-16
8897.92448029704  1.745657E-16
8899.84114979371  1.918333E-16
8901.75781929038  1.779377E-16
8903.67448878704  1.598236E-16
8905.59115828371  1.708801E-16
8907.50782778038  1.881097E-16
8909.42449727704  1.859332E-16
8911.34116677371  1.922725E-16
8913.25783627038  1.922608E-16
8915.17450576704  1.918714E-16
8917.09117526371  2.083026E-16
8919.00784476038  2.002014E-16
8920.92451425704  1.652649E-16
8922.84118375371  1.512906E-16
8924.75785325038  1.717541E-16
8926.67452274704  1.730829E-16
8928.59119224371  1.899963E-16
8930.50786174038  1.852936E-16
8932.42453123705  1.825239E-16
8934.34120073371  1.912955E-16
8936.25787023038  2.389147E-16
8938.17453972705  2.195883E-16
8940.09120922371  1.968734E-16
8942.00787872038  1.917401E-16
8943.92454821705  1.628592E-16
8945.84121771371  1.774161E-16
8947.75788721038  1.836035E-16
8949.67455670705  1.787546E-16
8951.59122620371  1.843657E-16
8953.50789570038  1.659597E-16
8955.42456519705  1.956069E-16
8957.34123469371  1.846597E-16
8959.25790419038  2.059420E-16
8961.17457368705  1.721834E-16
8963.09124318371  1.853683E-16
8965.00791268038  1.932691E-16
8966.92458217705  1.899457E-16
8968.84125167371  1.952406E-16
8970.75792117038  1.984040E-16
8972.67459066705  1.740264E-16
8974.59126016372  1.908929E-16
8976.50792966038  1.818953E-16
8978.42459915705  1.700995E-16
8980.34126865372  1.616272E-16
8982.25793815038  1.727463E-16
8984.17460764705  1.972830E-16
8986.09127714372  1.921528E-16
8988.00794664038  1.911428E-16
8989.92461613705  1.602506E-16
8991.84128563372  1.646723E-16
8993.75795513038  1.910617E-16
8995.67462462705  1.876293E-16
8997.59129412372  2.039406E-16
8999.50796362038  2.197180E-16
9001.42463311705  2.007054E-16
9003.34130261372  1.870225E-16
9005.25797211038  1.768459E-16
9007.17464160705  1.990950E-16
9009.09131110372  2.005722E-16
9011.00798060038  1.724313E-16
9012.92465009705  1.755667E-16
9014.84131959372  2.479069E-16
9016.75798909038  2.235119E-16
9018.67465858705  1.675423E-16
9020.59132808372  1.771217E-16
9022.50799758039  1.861574E-16
9024.42466707705  1.753843E-16
9026.34133657372  1.772939E-16
9028.25800607038  1.858522E-16
9030.17467556705  1.788930E-16
9032.09134506372  1.763802E-16
9034.00801456039  1.857989E-16
9035.92468405705  1.857340E-16
9037.84135355372  1.713330E-16
9039.75802305039  1.901152E-16
9041.67469254705  1.861112E-16
9043.59136204372  1.914630E-16
9045.50803154039  1.864274E-16
9047.42470103705  1.907283E-16
9049.34137053372  2.058625E-16
9051.25804003039  2.100788E-16
9053.17470952705  1.881252E-16
9055.09137902372  1.969497E-16
9057.00804852039  1.949062E-16
9058.92471801705  1.867668E-16
9060.84138751372  1.958668E-16
9062.75805701039  1.887429E-16
9064.67472650706  1.892566E-16
9066.59139600372  1.991530E-16
9068.50806550039  2.060570E-16
9070.42473499706  2.040174E-16
9072.34140449372  1.660065E-16
9074.25807399039  1.919732E-16
9076.17474348706  1.815796E-16
9078.09141298372  1.879351E-16
9080.00808248039  1.748418E-16
9081.92475197706  1.913538E-16
9083.84142147372  1.988650E-16
9085.75809097039  1.844702E-16
9087.67476046706  1.666069E-16
9089.59142996372  1.805780E-16
9091.50809946039  1.928434E-16
9093.42476895706  1.801658E-16
9095.34143845372  1.745235E-16
9097.25810795039  1.752296E-16
9099.17477744706  1.833895E-16
9101.09144694372  2.017818E-16
9103.00811644039  1.927215E-16
9104.92478593706  1.835345E-16
9106.84145543372  1.894068E-16
9108.75812493039  1.693333E-16
9110.67479442706  1.730256E-16
9112.59146392372  1.888727E-16
9114.50813342039  1.861210E-16
9116.42480291706  1.940714E-16
9118.34147241373  1.927546E-16
9120.25814191039  1.939431E-16
9122.17481140706  1.672875E-16
9124.09148090373  1.693492E-16
9126.00815040039  1.905718E-16
9127.92481989706  1.898474E-16
9129.84148939373  1.807652E-16
9131.75815889039  1.674919E-16
9133.67482838706  1.575915E-16
9135.59149788373  1.476911E-16
9137.50816738039  1.377957E-16
9139.42483687706  1.740561E-16
9141.34150637373  1.935175E-16
9143.25817587039  1.925257E-16
9145.17484536706  1.691545E-16
9147.09151486373  1.476187E-16
9149.00818436039  1.671677E-16
9150.92485385706  1.919087E-16
9152.84152335373  1.973917E-16
9154.75819285039  1.612311E-16
9156.67486234706  1.524712E-16
9158.59153184373  1.605716E-16
9160.5082013404  1.587816E-16
9162.42487083706  1.594723E-16
