4600.  8.244535E-16
4604.  9.474809E-16
4608.  1.399611E-15
4612.  1.275261E-15
4616.  1.899551E-15
4620.  1.064071E-15
4624.  9.082812E-16
4628.  1.109746E-15
4632.  1.631333E-15
4636.  1.460832E-15
4640.  4.695638E-17
4644.  1.176581E-15
4648.  1.694807E-15
4652.  1.391425E-15
4656.  1.546030E-15
4660.  1.025401E-15
4664.  1.252113E-15
4668.  1.319342E-15
4672.  1.228379E-15
4676.  1.099832E-15
4680.  1.318224E-15
4684.  1.734868E-15
4688.  1.628560E-15
4692.  1.101195E-15
4696.  1.288610E-15
4700.  9.616703E-16
4704.  1.331751E-15
4708.  1.538713E-15
4712.  1.426760E-15
4716.  1.092824E-15
4720.  8.832712E-16
4724.  1.275089E-15
4728.  1.069518E-15
4732.  1.435919E-15
4736.  6.298229E-16
4740.  1.122115E-15
4744.  3.700762E-16
4748.  1.589153E-15
4752.  5.518546E-16
4756.  9.072055E-16
4760.  3.417773E-16
4764.  5.138877E-16
4768.  9.050109E-16
4772.  7.293067E-16
4776.  1.410551E-15
4780.  7.990406E-16
4784.  2.600561E-16
4788.  8.671453E-16
4792.  9.027909E-16
4796.  8.920148E-16
4800.  3.014406E-16
4804.  4.834684E-16
4808.  4.391001E-16
4812.  6.184947E-16
4816.  3.252947E-16
4820.  1.823231E-16
4824.  9.962060E-17
4828.  4.751095E-16
4832.  1.103511E-15
4836.  8.719603E-16
4840.  1.103695E-15
4844.  7.038151E-16
4848.  6.845852E-16
4852.  1.300185E-15
4856.  9.530153E-16
4860.  1.185551E-15
4864.  3.456837E-16
4868.  7.612077E-16
4872.  4.942855E-16
4876.  9.152507E-16
4880.  8.119198E-16
4884.  6.152113E-16
4888.  7.600552E-16
4892.  4.319104E-16
4896.  1.424496E-15
4900.  6.195756E-16
4904.  9.791069E-16
4908.  3.833859E-16
4912.  1.128186E-15
4916.  7.751760E-16
4920.  1.061905E-15
4924.  3.512646E-16
4928.  6.499002E-16
4932.  6.591320E-16
4936.  4.231016E-16
4940.  3.202925E-16
4944.  5.589764E-16
4948.  4.511609E-16
4952.  6.512864E-16
4956.  6.009513E-16
4960.  7.220138E-16
4964.  7.698569E-16
4968.  5.573182E-16
4972.  1.159770E-16
4976.  3.943126E-16
4980.  4.794823E-16
4984.  6.777348E-16
4988.  7.819656E-16
4992.  1.039578E-15
4996.  9.089318E-16
5000.  8.507999E-16
5004.  7.846392E-16
5008.  8.882030E-16
5012.  8.824009E-16
5016.  8.376135E-16
5020.  8.348034E-16
5024.  7.340342E-16
5028.  9.789522E-16
5032.  9.985188E-16
5036.  1.024369E-15
5040.  9.809786E-16
5044.  1.154098E-15
5048.  5.896124E-16
5052.  5.245820E-16
5056.  7.458784E-16
5060.  9.813832E-16
5064.  5.523231E-16
5068.  9.160960E-16
5072.  8.182786E-16
5076.  1.036716E-15
5080.  7.213927E-16
5084.  8.088468E-16
5088.  6.758292E-16
5092.  9.440114E-16
5096.  6.733452E-16
5100.  6.908251E-16
5104.  6.336567E-16
5108.  8.684506E-16
5112.  6.219330E-16
5116.  9.876995E-16
5120.  9.467964E-16
5124.  9.767204E-16
5128.  8.909635E-16
5132.  8.437921E-16
5136.  8.523326E-16
5140.  9.819175E-16
5144.  1.175041E-15
5148.  1.129931E-15
5152.  8.491322E-16
5156.  9.596170E-16
5160.  8.028118E-16
5164.  1.291498E-15
5168.  1.013792E-15
5172.  9.929428E-16
5176.  9.760839E-16
5180.  1.293486E-15
5184.  9.603913E-16
5188.  1.114935E-15
5192.  1.110201E-15
5196.  1.010981E-15
5200.  8.156208E-16
5204.  1.002424E-15
5208.  1.205548E-15
5212.  1.333203E-15
5216.  1.163334E-15
5220.  1.381002E-15
5224.  1.056271E-15
5228.  1.391400E-15
5232.  1.320073E-15
5236.  1.515711E-15
5240.  1.256795E-15
5244.  1.112215E-15
5248.  1.016848E-15
5252.  1.337937E-15
5256.  1.183299E-15
5260.  1.234560E-15
5264.  1.017469E-15
5268.  1.215765E-15
5272.  1.131626E-15
5276.  1.325922E-15
5280.  1.396953E-15
5284.  1.315384E-15
5288.  1.032951E-15
5292.  1.231050E-15
5296.  1.086682E-15
5300.  1.087730E-15
5304.  1.193027E-15
5308.  1.051339E-15
5312.  7.548190E-16
5316.  1.169530E-15
5320.  9.466446E-16
5324.  9.143410E-16
5328.  9.223317E-16
5332.  9.801493E-16
5336.  7.508318E-16
5340.  1.200343E-15
5344.  1.068929E-15
5348.  1.036012E-15
5352.  7.961466E-16
5356.  9.268181E-16
5360.  7.086039E-16
5364.  1.020118E-15
5368.  7.055450E-16
5372.  9.611123E-16
5376.  7.872224E-16
5380.  7.490884E-16
5384.  9.162234E-16
5388.  7.892531E-16
5392.  6.451185E-16
5396.  7.721110E-16
5400.  9.344404E-16
5404.  8.625264E-16
5408.  7.219503E-16
5412.  7.162070E-16
5416.  8.294037E-16
5420.  7.383438E-16
5424.  6.011480E-16
5428.  7.211486E-16
5432.  6.358234E-16
5436.  8.646079E-16
5440.  9.890610E-16
5444.  7.649189E-16
5448.  6.567926E-16
5452.  9.624077E-16
5456.  5.620770E-16
5460.  7.974194E-16
5464.  6.753227E-16
5468.  9.034717E-16
5472.  9.755866E-16
5476.  9.441986E-16
5480.  9.153633E-16
5484.  9.980217E-16
5488.  8.529453E-16
5492.  9.076653E-16
5496.  1.007037E-15
5500.  1.051777E-15
5504.  9.075179E-16
5508.  9.292916E-16
5512.  8.230180E-16
5516.  8.029314E-16
5520.  8.556965E-16
5524.  7.620474E-16
5528.  5.259402E-16
5532.  6.212206E-16
5536.  6.933441E-16
5540.  6.299764E-16
5544.  6.828978E-16
5548.  7.295132E-16
5552.  7.444287E-16
5556.  4.448282E-16
5560.  6.821731E-16
5564.  5.074187E-16
5568.  7.882635E-16
5572.  7.475249E-16
5576.  5.000404E-16
5580.  6.607826E-16
5584.  8.782600E-16
5588.  5.517211E-16
5592.  9.168549E-16
5596.  7.562440E-16
5600.  8.556706E-16
5604.  8.104814E-16
5608.  8.485551E-16
5612.  9.626654E-16
5616.  1.080339E-15
5620.  1.029005E-15
5624.  8.919423E-16
5628.  9.176000E-16
5632.  1.076427E-15
5636.  1.059921E-15
5640.  1.195393E-15
5644.  9.479182E-16
5648.  9.955858E-16
5652.  1.083504E-15
5656.  9.692487E-16
5660.  1.012903E-15
5664.  1.066678E-15
5668.  1.102273E-15
5672.  1.037795E-15
5676.  1.038494E-15
5680.  1.019095E-15
5684.  1.017256E-15
5688.  9.751968E-16
5692.  1.063259E-15
5696.  1.055399E-15
5700.  9.869690E-16
5704.  9.916440E-16
5708.  1.006195E-15
5712.  9.724302E-16
5716.  9.729737E-16
5720.  1.003906E-15
5724.  9.777201E-16
5728.  1.118808E-15
5732.  1.184140E-15
5736.  1.125582E-15
5740.  1.089949E-15
5744.  1.132591E-15
5748.  9.412628E-16
5752.  8.885244E-16
5756.  1.387070E-15
5760.  7.427657E-16
5764.  1.153110E-15
5768.  1.250298E-15
5772.  9.773813E-16
5776.  9.910633E-16
5780.  7.841764E-16
5784.  1.236640E-15
5788.  8.710005E-16
5792.  1.114558E-15
5796.  8.598479E-16
5800.  7.522674E-16
5804.  8.755746E-16
5808.  9.837626E-16
5812.  1.035927E-15
5816.  8.216614E-16
5820.  9.582547E-16
5824.  8.353987E-16
5828.  8.703233E-16
5832.  8.727604E-16
5836.  8.149950E-16
5840.  8.027524E-16
5844.  7.696489E-16
5848.  8.022629E-16
5852.  8.664212E-16
5856.  7.388005E-16
5860.  7.843485E-16
5864.  7.954420E-16
5868.  7.330314E-16
5872.  8.758580E-16
5876.  7.294495E-16
5880.  5.803795E-16
5884.  8.663382E-16
5888.  7.702900E-16
5892.  6.767516E-16
5896.  8.972635E-16
5900.  9.815926E-16
5904.  7.478021E-16
5908.  7.514090E-16
5912.  9.394385E-16
5916.  8.926300E-16
5920.  8.921345E-16
5924.  7.805363E-16
5928.  9.339262E-16
5932.  8.551726E-16
5936.  9.083683E-16
5940.  9.459267E-16
5944.  7.759281E-16
5948.  8.880609E-16
5952.  7.739118E-16
5956.  9.332241E-16
5960.  9.895596E-16
5964.  9.824358E-16
5968.  1.008399E-15
5972.  8.868308E-16
5976.  9.074694E-16
5980.  8.754566E-16
5984.  9.059170E-16
5988.  1.039853E-15
5992.  1.010808E-15
5996.  9.554927E-16
6000.  1.087641E-15
6004.  9.645410E-16
6008.  9.084186E-16
6012.  8.866630E-16
6016.  8.703725E-16
6020.  9.406195E-16
6024.  8.843654E-16
6028.  1.021718E-15
6032.  1.105312E-15
6036.  9.028133E-16
6040.  9.628272E-16
6044.  9.613098E-16
6048.  9.576252E-16
6052.  8.311843E-16
6056.  1.005153E-15
6060.  1.021290E-15
6064.  1.013105E-15
6068.  8.537637E-16
6072.  7.602215E-16
6076.  8.282669E-16
6080.  8.017263E-16
6084.  7.895158E-16
6088.  8.742605E-16
6092.  8.845683E-16
6096.  8.252349E-16
6100.  7.584505E-16
6104.  8.180282E-16
6108.  8.811729E-16
6112.  7.932398E-16
6116.  6.576943E-16
6120.  7.083732E-16
6124.  7.921889E-16
6128.  6.701523E-16
6132.  7.577697E-16
6136.  5.220885E-16
6140.  7.441669E-16
6144.  7.206282E-16
6148.  5.909078E-16
6152.  5.671354E-16
6156.  6.327483E-16
6160.  5.136684E-16
6164.  6.798564E-16
6168.  4.862872E-16
6172.  4.903821E-16
6176.  5.480379E-16
6180.  5.472303E-16
6184.  5.166328E-16
6188.  4.027997E-16
6192.  3.361257E-16
6196.  2.804995E-16
6200.  2.641361E-16
6204.  2.963478E-16
6208.  3.005131E-16
6212.  3.181087E-16
6216.  4.600140E-16
6220.  3.701321E-16
6224.  3.557220E-16
6228.  4.085635E-16
6232.  3.658797E-16
6236.  2.662189E-16
6240.  3.964505E-16
6244.  3.759008E-16
6248.  3.164399E-16
6252.  3.153358E-16
6256.  2.700217E-16
6260.  3.678749E-16
6264.  5.594554E-16
6268.  4.876635E-16
6272.  4.124082E-16
6276.  3.543684E-16
6280.  3.937848E-16
6284.  4.529978E-16
6288.  4.780628E-16
6292.  5.749312E-16
6296.  5.497621E-16
6300.  5.463022E-16
6304.  5.359758E-16
6308.  5.537734E-16
6312.  5.710331E-16
6316.  5.570406E-16
6320.  6.321658E-16
6324.  6.553975E-16
6328.  6.715842E-16
6332.  6.240690E-16
6336.  7.781089E-16
6340.  6.850532E-16
6344.  6.848135E-16
6348.  7.002893E-16
6352.  7.595294E-16
6356.  7.916830E-16
6360.  7.296625E-16
6364.  7.488152E-16
6368.  7.894440E-16
6372.  8.256134E-16
6376.  8.340655E-16
6380.  8.160057E-16
6384.  8.847304E-16
6388.  8.645978E-16
6392.  9.535376E-16
6396.  9.134706E-16
6400.  9.191405E-16
6404.  9.515455E-16
6408.  9.340361E-16
6412.  8.161429E-16
6416.  8.581515E-16
6420.  8.923255E-16
6424.  9.799769E-16
6428.  1.055574E-15
6432.  9.842737E-16
6436.  1.087925E-15
6440.  8.362689E-16
6444.  1.004264E-15
6448.  1.045654E-15
6452.  1.000018E-15
6456.  9.391723E-16
6460.  8.473443E-16
6464.  7.805074E-16
6468.  8.604287E-16
6472.  8.863091E-16
6476.  8.414335E-16
6480.  8.573303E-16
6484.  7.708610E-16
6488.  8.560744E-16
6492.  9.322959E-16
6496.  8.639273E-16
6500.  8.125499E-16
6504.  8.992958E-16
6508.  9.438107E-16
6512.  8.846368E-16
6516.  9.798655E-16
6520.  1.016394E-15
6524.  9.258202E-16
6528.  8.270141E-16
6532.  1.095375E-15
6536.  7.227868E-16
6540.  7.817772E-16
6544.  8.697400E-16
6548.  8.137898E-16
6552.  8.187821E-16
6556.  8.434144E-16
6560.  8.325021E-16
6564.  8.677928E-16
6568.  9.169703E-16
6572.  8.165717E-16
6576.  8.546530E-16
6580.  8.986397E-16
6584.  8.490794E-16
6588.  8.145745E-16
6592.  7.614149E-16
6596.  7.979294E-16
6600.  9.482461E-16
6604.  7.625823E-16
6608.  6.596699E-16
6612.  7.447727E-16
6616.  7.250447E-16
6620.  6.876635E-16
6624.  8.717298E-16
6628.  8.417223E-16
6632.  8.058901E-16
6636.  8.694941E-16
6640.  7.909851E-16
6644.  7.876786E-16
6648.  7.830614E-16
6652.  8.171659E-16
6656.  6.990028E-16
6660.  7.683668E-16
6664.  8.466327E-16
6668.  7.298086E-16
6672.  7.454358E-16
6676.  7.193218E-16
6680.  6.416487E-16
6684.  5.902209E-16
6688.  6.938849E-16
6692.  5.983947E-16
6696.  7.403755E-16
6700.  7.248027E-16
6704.  6.506485E-16
6708.  6.551214E-16
6712.  5.867069E-16
6716.  6.753163E-16
6720.  7.048814E-16
6724.  6.920417E-16
6728.  7.090342E-16
6732.  7.294387E-16
6736.  6.714071E-16
6740.  7.202535E-16
6744.  7.013581E-16
6748.  6.319543E-16
6752.  6.397845E-16
6756.  7.181276E-16
6760.  6.838157E-16
6764.  7.455331E-16
6768.  7.049372E-16
6772.  6.097905E-16
6776.  5.391931E-16
6780.  7.125221E-16
6784.  5.091812E-16
6788.  5.903702E-16
6792.  6.504737E-16
6796.  6.635972E-16
6800.  5.834946E-16
6804.  6.210948E-16
6808.  6.986709E-16
6812.  6.993855E-16
6816.  6.852892E-16
6820.  6.833634E-16
6824.  5.523065E-16
6828.  6.123051E-16
6832.  5.715082E-16
6836.  6.549448E-16
6840.  5.280894E-16
6844.  6.434701E-16
6848.  6.870830E-16
6852.  5.876535E-16
6856.  5.457057E-16
6860.  5.749078E-16
6864.  6.949137E-16
6868.  7.256568E-16
6872.  5.542899E-16
6876.  5.484747E-16
6880.  5.890582E-16
6884.  6.260031E-16
6888.  6.254690E-16
6892.  5.521060E-16
6896.  5.753917E-16
6900.  4.579958E-16
6904.  4.207812E-16
6908.  5.347357E-16
6912.  5.488352E-16
6916.  5.609602E-16
6920.  5.434677E-16
6924.  6.228259E-16
6928.  5.821825E-16
6932.  6.464623E-16
6936.  5.833414E-16
6940.  5.942563E-16
6944.  5.039017E-16
6948.  5.490143E-16
6952.  5.359464E-16
6956.  4.748205E-16
6960.  4.205024E-16
6964.  4.980239E-16
6968.  6.543178E-16
6972.  6.270706E-16
6976.  5.614174E-16
6980.  6.264164E-16
6984.  5.466170E-16
6988.  6.082003E-16
6992.  5.638485E-16
6996.  6.726194E-16
7000.  5.093275E-16
7004.  5.114948E-16
7008.  5.264520E-16
7012.  5.697203E-16
7016.  4.364871E-16
7020.  5.504373E-16
7024.  5.561843E-16
7028.  5.177077E-16
7032.  4.709160E-16
7036.  4.427051E-16
7040.  4.692185E-16
7044.  4.770533E-16
7048.  4.689446E-16
7052.  4.520332E-16
7056.  5.189114E-16
7060.  4.781721E-16
7064.  5.228293E-16
7068.  4.321588E-16
7072.  5.204969E-16
7076.  3.427656E-16
7080.  4.877255E-16
7084.  4.100001E-16
7088.  4.321139E-16
7092.  4.247648E-16
7096.  4.723375E-16
7100.  4.670545E-16
7104.  4.180735E-16
7108.  4.810291E-16
7112.  4.757595E-16
7116.  4.657372E-16
7120.  5.344453E-16
7124.  4.829015E-16
7128.  5.303357E-16
7132.  4.355088E-16
7136.  4.057560E-16
7140.  3.548866E-16
7144.  4.617284E-16
7148.  4.656723E-16
7152.  4.586523E-16
7156.  4.136475E-16
7160.  4.501601E-16
7164.  3.985053E-16
7168.  5.205761E-16
7172.  4.388832E-16
7176.  4.269549E-16
7180.  5.058266E-16
7184.  4.076718E-16
7188.  4.369183E-16
7192.  4.095877E-16
7196.  3.950774E-16
7200.  5.032004E-16
7204.  4.408036E-16
7208.  4.248805E-16
7212.  4.491157E-16
7216.  4.280157E-16
7220.  3.129712E-16
7224.  5.057130E-16
7228.  4.214999E-16
7232.  1.846474E-16
7236.  4.231921E-16
7240.  4.722830E-16
7244.  2.848009E-16
7248.  4.713737E-16
7252.  4.361293E-16
7256.  4.381058E-16
7260.  4.004327E-16
7264.  4.083173E-16
7268.  3.052296E-16
7272.  4.246580E-16
7276.  3.947622E-16
7280.  3.597057E-16
7284.  4.314292E-16
7288.  4.679398E-16
7292.  4.015904E-16
7296.  3.497609E-16
7300.  3.161748E-16
7304.  3.960661E-16
7308.  4.294668E-16
7312.  3.979135E-16
7316.  3.917649E-16
7320.  4.369883E-16
7324.  3.488413E-16
7328.  3.422068E-16
7332.  3.974637E-16
7336.  4.810050E-16
7340.  5.415314E-16
7344.  3.895122E-16
7348.  4.653703E-16
7352.  4.205663E-16
7356.  4.281932E-16
7360.  3.770805E-16
7364.  3.899480E-16
7368.  3.140697E-16
7372.  3.291111E-16
7376.  4.218186E-16
7380.  3.710619E-16
7384.  4.982181E-16
7388.  3.763444E-16
7392.  4.366565E-16
7396.  3.470844E-16
7400.  3.257596E-16
7404.  4.170679E-16
7408.  3.804499E-16
7412.  3.635330E-16
7416.  2.884525E-16
7420.  3.211492E-16
7424.  3.726453E-16
7428.  3.644765E-16
7432.  3.667689E-16
7436.  4.351018E-16
7440.  2.878857E-16
7444.  2.886777E-16
7448.  2.224046E-16
7452.  3.171540E-16
7456.  2.679614E-16
7460.  3.161237E-16
7464.  2.649507E-16
7468.  2.877192E-16
7472.  3.525699E-16
7476.  2.807700E-16
7480.  2.970616E-16
7484.  3.039049E-16
7488.  3.475596E-16
7492.  3.257954E-16
7496.  2.154353E-16
7500.  2.236844E-16
7504.  2.467429E-16
7508.  3.352650E-16
7512.  4.124494E-16
7516.  2.892900E-16
7520.  2.260084E-16
7524.  3.237728E-16
7528.  3.681588E-16
7532.  2.393661E-16
7536.  2.091265E-16
7540.  2.282818E-16
7544.  2.379187E-16
7548.  2.666861E-16
7552.  2.533160E-16
7556.  1.798692E-16
7560.  2.598196E-16
7564.  2.338778E-16
7568.  1.871760E-16
7572.  1.884896E-16
7576.  1.701780E-16
7580.  1.852167E-16
7584.  2.820994E-16
7588.  1.854746E-16
7592.  1.392174E-16
7596.  2.717734E-16
7600.  -2.421253E-16
7604.  -8.544244E-17
7608.  2.417005E-16
7612.  3.400391E-16
7616.  3.109632E-16
7620.  1.208356E-16
7624.  1.457899E-16
7628.  2.256336E-16
7632.  1.384711E-16
7636.  4.215985E-17
7640.  1.746274E-16
7644.  3.002679E-16
7648.  2.496492E-16
7652.  2.463338E-16
7656.  2.151690E-16
7660.  2.085649E-16
7664.  2.297599E-16
7668.  2.647936E-16
7672.  3.411548E-16
7676.  1.645038E-16
7680.  2.154125E-16
7684.  2.953377E-16
7688.  1.953316E-16
7692.  2.374609E-16
7696.  1.665467E-16
7700.  1.129450E-16
7704.  2.767840E-16
7708.  2.370417E-16
7712.  3.286067E-16
7716.  2.567388E-16
7720.  2.108317E-16
7724.  2.942784E-16
7728.  2.878505E-16
7732.  2.242524E-16
7736.  2.709492E-16
7740.  2.263520E-16
7744.  2.447025E-16
7748.  3.405627E-16
7752.  4.285398E-16
7756.  2.130983E-16
7760.  2.210229E-16
7764.  1.576628E-16
7768.  2.086070E-16
7772.  2.472722E-16
7776.  1.619352E-16
7780.  3.173339E-16
7784.  3.433466E-16
7788.  2.578681E-16
7792.  2.809401E-16
7796.  2.641019E-16
7800.  3.197642E-16
7804.  2.751104E-16
7808.  3.050668E-16
7812.  3.511890E-16
7816.  3.895216E-16
7820.  2.625564E-16
7824.  4.525545E-16
7828.  2.942621E-16
7832.  4.450305E-16
7836.  3.840767E-16
7840.  2.609572E-16
7844.  4.537769E-16
7848.  3.009675E-16
7852.  3.055334E-16
7856.  3.264430E-16
7860.  3.300128E-16
7864.  3.181081E-16
7868.  3.740749E-16
7872.  2.643071E-16
7876.  3.455325E-16
7880.  3.311849E-16
7884.  3.453506E-16
7888.  4.306503E-16
7892.  4.123091E-16
7896.  4.450473E-16
7900.  4.016158E-16
7904.  4.120955E-16
7908.  3.454972E-16
7912.  1.112234E-16
7916.  3.055892E-16
7920.  2.127471E-16
7924.  3.116776E-16
7928.  3.083564E-16
7932.  3.568371E-16
7936.  3.084038E-16
7940.  1.826208E-16
7944.  1.842686E-16
7948.  3.429108E-16
7952.  3.658148E-16
7956.  3.316897E-16
7960.  2.818708E-16
7964.  3.220766E-16
7968.  3.964088E-16
7972.  2.876271E-16
7976.  4.013673E-16
7980.  3.570310E-16
7984.  2.908640E-16
7988.  2.603093E-16
7992.  3.218362E-16
7996.  4.857467E-16
8000.  3.478560E-16
8004.  5.291902E-16
8008.  1.990694E-16
8012.  3.178105E-16
8016.  3.078674E-16
8020.  2.811631E-16
8024.  2.356395E-16
8028.  3.225816E-16
8032.  3.058441E-16
8036.  3.154639E-16
8040.  2.584717E-16
8044.  2.792561E-16
8048.  3.268432E-16
8052.  2.942649E-16
8056.  3.561003E-16
8060.  3.620569E-16
8064.  3.319746E-16
8068.  3.186332E-16
8072.  2.204947E-16
8076.  3.110686E-16
8080.  2.353866E-16
8084.  2.212216E-16
8088.  1.367732E-16
8092.  2.688109E-16
8096.  2.996817E-16
8100.  2.877540E-16
8104.  3.591570E-16
8108.  3.091847E-16
8112.  2.097394E-16
8116.  2.002598E-16
8120.  2.290791E-16
8124.  1.932569E-16
8128.  2.230883E-16
8132.  2.253923E-16
8136.  2.922713E-16
8140.  3.351760E-16
8144.  2.446281E-16
8148.  1.586652E-16
8152.  3.941341E-17
8156.  2.195456E-16
8160.  2.284034E-16
8164.  2.000577E-16
8168.  3.286582E-16
8172.  1.682466E-16
8176.  1.293400E-16
8180.  3.389656E-16
8184.  3.168319E-16
8188.  1.829151E-16
8192.  3.319851E-16
8196.  1.515880E-16
8200.  2.533491E-16
8204.  2.531838E-16
8208.  3.097125E-16
8212.  2.746676E-16
8216.  3.161183E-16
8220.  2.560612E-16
8224.  3.116589E-16
8228.  3.437616E-16
8232.  1.778006E-16
8236.  1.642843E-16
8240.  1.999130E-16
8244.  1.417506E-16
8248.  1.932167E-16
8252.  2.282134E-16
8256.  1.159248E-16
8260.  2.304355E-16
8264.  1.773587E-16
8268.  1.406396E-16
8272.  1.719868E-16
8276.  2.618326E-16
8280.  2.291048E-16
8284.  1.355555E-16
8288.  2.176938E-16
8292.  2.243536E-16
8296.  8.423752E-17
8300.  6.733611E-17
8304.  1.955555E-16
8308.  1.887036E-16
8312.  1.895623E-16
8316.  1.634480E-16
8320.  2.500767E-16
8324.  2.512038E-16
8328.  2.939064E-16
8332.  2.409138E-16
8336.  3.553504E-16
8340.  1.695584E-16
8344.  1.685493E-16
8348.  2.476437E-16
8352.  1.627106E-16
8356.  2.097843E-16
8360.  2.146955E-17
8364.  7.492317E-17
8368.  4.966401E-17
8372.  2.367483E-16
8376.  1.192156E-16
8380.  2.310623E-16
8384.  1.217697E-16
8388.  1.829421E-16
8392.  1.396167E-16
8396.  4.774990E-17
8400.  1.587273E-16
8404.  1.612502E-16
8408.  4.124982E-17
8412.  2.201368E-16
8416.  3.974846E-16
8420.  2.019169E-16
8424.  1.503509E-16
8428.  1.128143E-16
8432.  1.132235E-16
8436.  1.161967E-16
8440.  3.061789E-17
8444.  1.717584E-16
8448.  1.661877E-16
8452.  8.920463E-17
8456.  2.894316E-16
8460.  1.238198E-16
8464.  4.345177E-16
8468.  1.737650E-16
8472.  2.400461E-16
8476.  1.931763E-16
8480.  5.539396E-17
8484.  1.480603E-16
8488.  1.542052E-16
8492.  2.498334E-16
8496.  1.652637E-16
8500.  1.677433E-16
8504.  2.046264E-16
8508.  1.830910E-16
8512.  1.611585E-16
8516.  9.529886E-17
8520.  9.116749E-17
8524.  1.639919E-16
8528.  2.073613E-16
8532.  1.993098E-16
8536.  2.175617E-16
8540.  3.337366E-16
8544.  1.743574E-16
8548.  1.981824E-16
8552.  1.921533E-16
8556.  2.857158E-16
8560.  3.584432E-16
8564.  2.054395E-16
8568.  2.797786E-16
8572.  2.612805E-16
8576.  3.542483E-16
8580.  3.385280E-16
8584.  2.607577E-16
8588.  2.757211E-16
8592.  2.788863E-16
8596.  3.217446E-16
8600.  2.982755E-16
8604.  2.658052E-16
8608.  2.565726E-16
8612.  2.547540E-16
8616.  2.740644E-16
8620.  2.074633E-16
8624.  2.304897E-16
8628.  3.545281E-16
8632.  3.416792E-16
8636.  3.577050E-16
8640.  3.114870E-16
8644.  3.125940E-16
8648.  3.824608E-16
8652.  3.350801E-16
8656.  2.575306E-16
8660.  3.232031E-16
8664.  4.643291E-16
8668.  3.347840E-16
8672.  2.866030E-16
8676.  3.155213E-16
8680.  3.040225E-16
8684.  2.818951E-16
8688.  3.864115E-16
8692.  4.005692E-16
8696.  3.723807E-16
8700.  3.687462E-16
8704.  3.958778E-16
8708.  3.749598E-16
8712.  4.823208E-16
8716.  3.989891E-16
8720.  2.879047E-16
8724.  3.147970E-16
8728.  4.869569E-16
8732.  4.412084E-16
8736.  3.704762E-16
8740.  3.895876E-16
8744.  4.289915E-16
8748.  3.461920E-16
8752.  4.036597E-16
8756.  2.530651E-16
8760.  3.044122E-16
8764.  2.849748E-16
8768.  3.971875E-16
8772.  3.006812E-16
8776.  2.779781E-16
8780.  2.021729E-16
8784.  2.314577E-16
8788.  3.484784E-16
8792.  3.667493E-16
8796.  3.112787E-16
8800.  4.077047E-16
8804.  3.749975E-16
8808.  3.951389E-16
8812.  2.346711E-16
8816.  5.684656E-16
8820.  4.136518E-16
8824.  4.188404E-16
8828.  2.842951E-16
8832.  4.897312E-16
8836.  2.567345E-16
8840.  3.657341E-16
8844.  3.981830E-16
8848.  3.167356E-16
8852.  3.820463E-16
8856.  3.608116E-16
8860.  3.355127E-16
8864.  2.957804E-16
8868.  2.821385E-16
8872.  3.098114E-16
8876.  2.572610E-16
8880.  3.252604E-16
8884.  2.080656E-16
8888.  3.941434E-16
8892.  2.770033E-16
8896.  3.063235E-16
8900.  3.363017E-16
8904.  3.333403E-16
8908.  3.632085E-16
8912.  2.190635E-16
8916.  3.263177E-16
8920.  2.598934E-16
8924.  3.116364E-16
8928.  1.910485E-16
8932.  3.124414E-16
8936.  2.474939E-16
8940.  3.090094E-16
8944.  2.668813E-16
8948.  1.503206E-16
8952.  1.651665E-16
8956.  2.812513E-16
8960.  7.792523E-17
8964.  1.920991E-16
8968.  2.799313E-16
8972.  -4.124165E-17
8976.  2.071936E-16
8980.  1.689480E-16
8984.  1.048335E-16
8988.  9.818005E-17
8992.  1.201768E-16
8996.  1.643628E-16
9000.  2.414164E-16
9004.  2.237932E-16
9008.  1.549941E-16
9012.  1.242562E-16
9016.  1.766024E-16
9020.  2.016330E-16
9024.  2.640617E-16
9028.  1.994816E-16
9032.  1.558454E-16
9036.  2.259847E-16
9040.  1.994748E-16
9044.  1.112261E-16
9048.  1.037563E-16
9052.  9.582067E-17
9056.  1.542248E-16
9060.  1.244762E-16
9064.  1.129299E-16
9068.  1.137065E-16
9072.  1.142581E-16
9076.  1.993376E-16
9080.  1.435353E-16
9084.  1.638796E-16
9088.  2.040306E-16
9092.  1.509682E-16
9096.  1.254628E-16
9100.  1.572604E-16
9104.  1.186644E-16
9108.  1.868855E-16
9112.  1.620005E-16
9116.  3.659265E-16
9120.  1.898429E-16
9124.  2.179194E-16
9128.  2.047138E-16
9132.  1.807220E-17
9136.  1.877805E-16
9140.  2.833390E-16
9144.  1.441665E-16
9148.  1.157325E-16
9152.  1.026891E-16
9156.  -4.474537E-18
9160.  1.241386E-16
9164.  2.083272E-16
9168.  7.291661E-17
9172.  1.487445E-16
9176.  9.750861E-17
9180.  1.397064E-16
9184.  1.970723E-16
9188.  1.966393E-16
9192.  2.085925E-16
9196.  1.341308E-16
9200.  1.498401E-16
9204.  2.067349E-16
9208.  1.991291E-16
9212.  1.870309E-16
9216.  2.999158E-16
9220.  3.763468E-16
9224.  2.193578E-16
9228.  1.321283E-16
9232.  1.640448E-16
9236.  2.224944E-16
9240.  1.731564E-16
9244.  2.485621E-16
9248.  1.943403E-16
9252.  1.143327E-16
9256.  2.668686E-16
9260.  2.033379E-16
9264.  2.066176E-16
9268.  1.571977E-16
9272.  1.038602E-16
9276.  1.723795E-16
9280.  1.172140E-16
9284.  4.806820E-17
9288.  1.895797E-16
9292.  1.150603E-16
9296.  6.039376E-17
9300.  5.821261E-17
9304.  1.092393E-16
9308.  4.010927E-17
9312.  1.085583E-16
9316.  6.605217E-17
9320.  -1.055373E-17
9324.  3.490019E-17
9328.  6.164554E-17
9332.  -2.350137E-17
9336.  1.950002E-17
9340.  1.073474E-16
9344.  6.001013E-17
9348.  3.418073E-17
9352.  4.665792E-17
9356.  8.805247E-17
9360.  4.239503E-17
9364.  2.170185E-17
9368.  6.016396E-17
9372.  7.415120E-17
9376.  5.000074E-17
9380.  2.713787E-16
9384.  3.151234E-16
9388.  1.874410E-16
9392.  1.468705E-16
9396.  1.880359E-16
9400.  9.415835E-17
9404.  1.187072E-16
9408.  3.170617E-16
9412.  4.634659E-17
9416.  4.226058E-17
9420.  3.977001E-16
9424.  1.486399E-16
9428.  -5.577823E-17
9432.  1.296414E-16
9436.  5.820932E-17
9440.  -1.177225E-17
9444.  2.864644E-17
9448.  2.209030E-17
9452.  6.932887E-17
9456.  1.628516E-16
9460.  1.940542E-16
9464.  1.872510E-16
9468.  1.155085E-16
9472.  1.216549E-16
9476.  9.040557E-17
9480.  3.553842E-17
9484.  5.646281E-17
9488.  1.700201E-16
9492.  5.180628E-17
9496.  1.249654E-16
9500.  -1.393328E-16
