3898.51171875  1.314329E-15
3902.36718511582  1.401217E-15
3906.22265148163  1.335387E-15
3910.07811784744  1.379754E-15
3913.93358421326  1.171347E-15
3917.78905057907  1.345371E-15
3921.64451694489  1.244271E-15
3925.4999833107  1.114546E-15
3929.35544967651  1.158850E-15
3933.21091604233  1.226581E-15
3937.06638240814  1.584639E-15
3940.92184877396  1.491476E-15
3944.77731513977  1.512912E-15
3948.63278150559  1.396372E-15
3952.4882478714  1.358211E-15
3956.34371423721  1.423423E-15
3960.19918060303  1.439146E-15
3964.05464696884  1.336303E-15
3967.91011333466  1.178671E-15
3971.76557970047  1.158081E-15
3975.62104606629  1.248020E-15
3979.4765124321  1.214608E-15
3983.33197879791  1.320856E-15
3987.18744516373  1.422214E-15
3991.04291152954  1.369102E-15
3994.89837789536  1.385968E-15
3998.75384426117  1.633815E-15
4002.60931062699  1.408890E-15
4006.4647769928  1.375701E-15
4010.32024335861  1.270863E-15
4014.17570972443  1.367735E-15
4018.03117609024  1.593749E-15
4021.88664245606  1.639790E-15
4025.74210882187  1.498689E-15
4029.59757518769  1.454900E-15
4033.4530415535  1.380088E-15
4037.30850791931  1.196706E-15
4041.16397428513  1.258693E-15
4045.01944065094  1.266511E-15
4048.87490701676  1.507537E-15
4052.73037338257  1.345386E-15
4056.58583974838  1.319883E-15
4060.4413061142  1.353377E-15
4064.29677248001  1.489547E-15
4068.15223884583  1.388491E-15
4072.00770521164  1.387661E-15
4075.86317157745  1.349016E-15
4079.71863794327  1.402044E-15
4083.57410430908  1.325814E-15
4087.4295706749  1.293477E-15
4091.28503704071  1.148661E-15
4095.14050340653  1.286514E-15
4098.99596977234  1.305504E-15
4102.85143613815  1.276885E-15
4106.70690250397  1.271566E-15
4110.56236886978  1.355343E-15
4114.4178352356  1.401328E-15
4118.27330160141  1.400847E-15
4122.12876796723  1.409191E-15
4125.98423433304  1.463494E-15
4129.83970069885  1.437345E-15
4133.69516706467  1.349675E-15
4137.55063343048  1.458834E-15
4141.4060997963  1.610091E-15
4145.26156616211  1.634333E-15
4149.11703252793  1.635959E-15
4152.97249889374  1.650333E-15
4156.82796525955  1.559517E-15
4160.68343162537  1.525266E-15
4164.53889799118  1.566499E-15
4168.394364357  1.498055E-15
4172.24983072281  1.434225E-15
4176.10529708862  1.498277E-15
4179.96076345444  1.385488E-15
4183.81622982025  1.269902E-15
4187.67169618607  1.328165E-15
4191.52716255188  1.351893E-15
4195.3826289177  1.419616E-15
4199.23809528351  1.415716E-15
4203.09356164932  1.520622E-15
4206.94902801514  1.463652E-15
4210.80449438095  1.413967E-15
4214.65996074677  1.317142E-15
4218.51542711258  1.350828E-15
4222.3708934784  1.316586E-15
4226.22635984421  1.295964E-15
4230.08182621002  1.394781E-15
4233.93729257584  1.326561E-15
4237.79275894165  1.370094E-15
4241.64822530747  1.452405E-15
4245.50369167328  1.391064E-15
4249.3591580391  1.342810E-15
4253.21462440491  1.437131E-15
4257.07009077072  1.452876E-15
4260.92555713654  1.382666E-15
4264.78102350235  1.353162E-15
4268.63648986817  1.392344E-15
4272.49195623398  1.376207E-15
4276.34742259979  1.363905E-15
4280.20288896561  1.426362E-15
4284.05835533142  1.383445E-15
4287.91382169724  1.430113E-15
4291.76928806305  1.331132E-15
4295.62475442886  1.346774E-15
4299.48022079468  1.416725E-15
4303.33568716049  1.380360E-15
4307.19115352631  1.418942E-15
4311.04661989212  1.427699E-15
4314.90208625794  1.432181E-15
4318.75755262375  1.508232E-15
4322.61301898957  1.474418E-15
4326.46848535538  1.457015E-15
4330.32395172119  1.404600E-15
4334.17941808701  1.395509E-15
4338.03488445282  1.544658E-15
4341.89035081864  1.553639E-15
4345.74581718445  1.531137E-15
4349.60128355026  1.267504E-15
4353.45674991608  1.592217E-15
4357.31221628189  1.832001E-15
4361.16768264771  1.780242E-15
4365.02314901352  1.534072E-15
4368.87861537934  1.419945E-15
4372.73408174515  1.505461E-15
4376.58954811096  1.675652E-15
4380.44501447678  1.806179E-15
4384.30048084259  2.010419E-15
4388.15594720841  2.186393E-15
4392.01141357422  2.042520E-15
4395.86687994003  1.810708E-15
4399.72234630585  1.763680E-15
4403.57781267166  1.652139E-15
4407.43327903748  1.637660E-15
4411.28874540329  1.577600E-15
4415.14421176911  1.547565E-15
4418.99967813492  1.600704E-15
4422.85514450073  1.626739E-15
4426.71061086655  1.534988E-15
4430.56607723236  1.460320E-15
4434.42154359818  1.424571E-15
4438.27700996399  1.428657E-15
4442.13247632981  1.498992E-15
4445.98794269562  1.496961E-15
4449.84340906143  1.597600E-15
4453.69887542725  1.491821E-15
4457.55434179306  1.451900E-15
4461.40980815888  1.458123E-15
4465.26527452469  1.490677E-15
4469.12074089051  1.578639E-15
4472.97620725632  1.582763E-15
4476.83167362213  1.583526E-15
4480.68713998795  1.621694E-15
4484.54260635376  1.530618E-15
4488.39807271958  1.538324E-15
4492.25353908539  1.585428E-15
4496.1090054512  1.515055E-15
4499.96447181702  1.444625E-15
4503.81993818283  1.448738E-15
4507.67540454865  1.486894E-15
4511.53087091446  1.503839E-15
4515.38633728028  1.580453E-15
4519.24180364609  1.621374E-15
4523.0972700119  1.692037E-15
4526.95273637772  1.619053E-15
4530.80820274353  1.494148E-15
4534.66366910935  1.561668E-15
4538.51913547516  1.645256E-15
4542.37460184098  1.485822E-15
4546.23006820679  1.517814E-15
4550.0855345726  1.517814E-15
4553.94100093842  1.503438E-15
4557.79646730423  1.508230E-15
4561.65193367005  1.661966E-15
4565.50740003586  1.541502E-15
4569.36286640168  1.561589E-15
4573.21833276749  1.503201E-15
4577.0737991333  1.534910E-15
4580.92926549912  1.595268E-15
4584.78473186493  1.555256E-15
4588.64019823075  1.532414E-15
4592.49566459656  1.509239E-15
4596.35113096237  1.628571E-15
4600.20659732819  1.654078E-15
4604.062063694  1.533354E-15
4607.91753005982  1.520857E-15
4611.77299642563  1.562560E-15
4615.62846279145  1.569553E-15
4619.48392915726  1.496234E-15
4623.33939552307  1.559821E-15
4627.19486188889  1.531983E-15
4631.0503282547  1.552460E-15
4634.90579462052  1.562766E-15
4638.76126098633  1.457865E-15
4642.61672735215  1.530953E-15
4646.47219371796  1.563119E-15
4650.32766008377  1.589956E-15
4654.18312644959  1.513918E-15
4658.0385928154  1.549268E-15
4661.89405918122  1.538103E-15
4665.74952554703  1.572062E-15
4669.60499191284  1.601605E-15
4673.46045827866  1.670292E-15
4677.31592464447  1.595137E-15
4681.17139101029  1.605109E-15
4685.0268573761  1.606057E-15
4688.88232374191  1.633451E-15
4692.73779010773  1.612885E-15
4696.59325647354  1.712088E-15
4700.44872283936  1.701966E-15
4704.30418920517  1.685995E-15
4708.15965557099  1.620822E-15
4712.0151219368  1.646129E-15
4715.87058830262  1.600329E-15
4719.72605466843  1.595322E-15
4723.58152103424  1.569115E-15
4727.43698740006  1.572397E-15
4731.29245376587  1.585731E-15
4735.14792013169  1.547581E-15
4739.0033864975  1.616781E-15
4742.85885286331  1.646214E-15
4746.71431922913  1.683201E-15
4750.56978559494  1.646140E-15
4754.42525196076  1.580522E-15
4758.28071832657  1.552741E-15
4762.13618469239  1.566423E-15
4765.9916510582  1.620436E-15
4769.84711742401  1.644573E-15
4773.70258378983  1.637794E-15
4777.55805015564  1.618728E-15
4781.41351652146  1.625128E-15
4785.26898288727  1.606579E-15
4789.12444925308  1.508843E-15
4792.9799156189  1.500127E-15
4796.83538198471  1.609115E-15
4800.69084835053  1.588887E-15
4804.54631471634  1.563628E-15
4808.40178108216  1.616601E-15
4812.25724744797  1.578693E-15
4816.11271381378  1.526575E-15
4819.9681801796  1.575050E-15
4823.82364654541  1.615675E-15
4827.67911291123  1.604380E-15
4831.53457927704  1.632044E-15
4835.39004564286  1.551251E-15
4839.24551200867  1.555956E-15
4843.10097837448  1.553841E-15
4846.9564447403  1.606143E-15
4850.81191110611  1.651622E-15
4854.66737747193  1.619433E-15
4858.52284383774  1.578202E-15
4862.37831020356  1.581239E-15
4866.23377656937  1.713004E-15
4870.08924293518  1.658742E-15
4873.944709301  1.677783E-15
4877.80017566681  1.649091E-15
4881.65564203263  1.789275E-15
4885.51110839844  1.890347E-15
4889.36657476425  1.911963E-15
4893.22204113007  1.970968E-15
4897.07750749588  2.124903E-15
4900.9329738617  2.281870E-15
4904.78844022751  2.770540E-15
4908.64390659332  3.433676E-15
4912.49937295914  4.014724E-15
4916.35483932495  4.024417E-15
4920.21030569077  3.028817E-15
4924.06577205658  2.556276E-15
4927.9212384224  2.307012E-15
4931.77670478821  2.102832E-15
4935.63217115403  2.007687E-15
4939.48763751984  1.982224E-15
4943.34310388565  1.890198E-15
4947.19857025147  1.810287E-15
4951.05403661728  1.776536E-15
4954.9095029831  1.807705E-15
4958.76496934891  1.806751E-15
4962.62043571473  1.787729E-15
4966.47590208054  1.703657E-15
4970.33136844635  1.672912E-15
4974.18683481217  1.642981E-15
4978.04230117798  1.663669E-15
4981.8977675438  1.721496E-15
4985.75323390961  1.766915E-15
4989.60870027542  1.709144E-15
4993.46416664124  1.594907E-15
4997.31963300705  1.611026E-15
5001.17509937287  1.671587E-15
5005.03056573868  1.713819E-15
5008.8860321045  1.733168E-15
5012.74149847031  1.684534E-15
5016.59696483612  1.606650E-15
5020.45243120194  1.577173E-15
5024.30789756775  1.655449E-15
5028.16336393357  1.684241E-15
5032.01883029938  1.695853E-15
5035.8742966652  1.679461E-15
5039.72976303101  1.661097E-15
5043.58522939682  1.712760E-15
5047.44069576264  1.643499E-15
5051.29616212845  1.282507E-15
5055.15162849427  1.254130E-15
5059.00709486008  1.493266E-15
5062.86256122589  1.893781E-15
5066.71802759171  1.824311E-15
5070.57349395752  1.803148E-15
5074.42896032334  1.798858E-15
5078.28442668915  1.839326E-15
5082.13989305497  1.802203E-15
5085.99535942078  1.768116E-15
5089.85082578659  1.781937E-15
5093.70629215241  1.779696E-15
5097.56175851822  1.783518E-15
5101.41722488404  1.811414E-15
5105.27269124985  1.788849E-15
5109.12815761567  1.753841E-15
5112.98362398148  1.776960E-15
5116.83909034729  1.716224E-15
5120.69455671311  1.760057E-15
5124.55002307892  1.735284E-15
5128.40548944474  1.698498E-15
5132.26095581055  1.727652E-15
5136.11642217636  1.704267E-15
5139.97188854218  1.681877E-15
5143.82735490799  1.669792E-15
5147.68282127381  1.660640E-15
5151.53828763962  1.735993E-15
5155.39375400544  1.748746E-15
5159.24922037125  1.715686E-15
5163.10468673706  1.640703E-15
5166.96015310288  1.616326E-15
5170.81561946869  1.646059E-15
5174.67108583451  1.677111E-15
5178.52655220032  1.655699E-15
5182.38201856614  1.643714E-15
5186.23748493195  1.674053E-15
5190.09295129776  1.647411E-15
5193.94841766358  1.618580E-15
5197.80388402939  1.666200E-15
5201.65935039521  1.720230E-15
5205.51481676102  1.707211E-15
5209.37028312684  1.719175E-15
5213.22574949265  1.687969E-15
5217.08121585846  1.695127E-15
5220.93668222428  1.663695E-15
5224.79214859009  1.631311E-15
5228.64761495591  1.635434E-15
5232.50308132172  1.630790E-15
5236.35854768753  1.650773E-15
5240.21401405335  1.628801E-15
5244.06948041916  1.612627E-15
5247.92494678498  1.607844E-15
5251.78041315079  1.646625E-15
5255.63587951661  1.675775E-15
5259.49134588242  1.616984E-15
5263.34681224823  1.636901E-15
5267.20227861405  1.700956E-15
5271.05774497986  1.705532E-15
5274.91321134568  1.711905E-15
5278.76867771149  1.695956E-15
5282.62414407731  1.681532E-15
5286.47961044312  1.644467E-15
5290.33507680893  1.662536E-15
5294.19054317475  1.699764E-15
5298.04600954056  1.714472E-15
5301.90147590638  1.723139E-15
5305.75694227219  1.679601E-15
5309.61240863801  1.689916E-15
5313.46787500382  1.736619E-15
5317.32334136963  1.661079E-15
5321.17880773545  1.649493E-15
5325.03427410126  1.706295E-15
5328.88974046707  1.709969E-15
5332.74520683289  1.716321E-15
5336.6006731987  1.754748E-15
5340.45613956452  1.745304E-15
5344.31160593033  1.712136E-15
5348.16707229615  1.716087E-15
5352.02253866196  1.749530E-15
5355.87800502777  1.771553E-15
5359.73347139359  1.730800E-15
5363.5889377594  1.779060E-15
5367.44440412522  1.743782E-15
5371.29987049103  1.796461E-15
5375.15533685685  1.767813E-15
5379.01080322266  1.765020E-15
5382.86626958847  1.725788E-15
5386.72173595429  1.717655E-15
5390.5772023201  1.686490E-15
5394.43266868592  1.688613E-15
5398.28813505173  1.722672E-15
5402.14360141755  1.707963E-15
5405.99906778336  1.732312E-15
5409.85453414918  1.734382E-15
5413.71000051499  1.711230E-15
5417.5654668808  1.712147E-15
5421.42093324662  1.748213E-15
5425.27639961243  1.781296E-15
5429.13186597825  1.782549E-15
5432.98733234406  1.835243E-15
5436.84279870987  1.759130E-15
5440.69826507569  1.705435E-15
5444.5537314415  1.687791E-15
5448.40919780732  1.692334E-15
5452.26466417313  1.621946E-15
5456.12013053894  1.730707E-15
5459.97559690476  1.960936E-15
5463.83106327057  1.939111E-15
5467.68652963639  1.848051E-15
5471.5419960022  1.615689E-15
5475.39746236802  1.691784E-15
5479.25292873383  1.793976E-15
5483.10839509964  1.775583E-15
5486.96386146546  1.781843E-15
5490.81932783127  1.757031E-15
5494.67479419709  1.737448E-15
5498.5302605629  1.809339E-15
5502.38572692872  1.792699E-15
5506.24119329453  1.672621E-15
5510.09665966034  1.625075E-15
5513.95212602616  1.698079E-15
5517.80759239197  1.760183E-15
5521.66305875779  1.750397E-15
5525.5185251236  1.743822E-15
5529.37399148941  1.713432E-15
5533.22945785523  1.707323E-15
5537.08492422104  1.775174E-15
5540.94039058686  1.831469E-15
5544.79585695267  1.859029E-15
5548.65132331849  1.840876E-15
5552.5067896843  1.763255E-15
5556.36225605011  1.762505E-15
5560.21772241593  1.804679E-15
5564.07318878174  1.684473E-15
5567.92865514756  1.260857E-15
5571.78412151337  1.561300E-15
5575.63958787919  2.519040E-15
5579.495054245  2.373593E-15
5583.35052061081  1.926016E-15
5587.20598697663  1.051436E-15
5591.06145334244  1.749161E-15
5594.91691970826  1.785617E-15
5598.77238607407  1.731611E-15
5602.62785243989  1.776926E-15
5606.4833188057  1.779293E-15
5610.33878517151  1.788722E-15
5614.19425153733  1.747063E-15
5618.04971790314  1.737738E-15
5621.90518426896  1.782753E-15
5625.76065063477  1.798754E-15
5629.61611700059  1.788852E-15
5633.4715833664  1.773288E-15
5637.32704973221  1.767914E-15
5641.18251609803  1.688109E-15
5645.03798246384  1.734220E-15
5648.89344882966  1.754208E-15
5652.74891519547  1.690204E-15
5656.60438156128  1.688534E-15
5660.4598479271  1.759627E-15
5664.31531429291  1.730334E-15
5668.17078065873  1.712811E-15
5672.02624702454  1.720424E-15
5675.88171339036  1.725003E-15
5679.73717975617  1.699042E-15
5683.59264612198  1.802408E-15
5687.4481124878  1.959923E-15
5691.30357885361  1.794309E-15
5695.15904521943  1.639117E-15
5699.01451158524  1.623894E-15
5702.86997795106  1.657453E-15
5706.72544431687  1.755529E-15
5710.58091068268  1.815614E-15
5714.4363770485  1.803676E-15
5718.29184341431  1.769747E-15
5722.14730978013  1.795182E-15
5726.00277614594  1.742155E-15
5729.85824251175  1.757056E-15
5733.71370887757  1.711800E-15
5737.56917524338  1.688441E-15
5741.4246416092  1.712629E-15
5745.28010797501  1.757708E-15
5749.13557434082  1.771875E-15
5752.99104070664  1.770313E-15
5756.84650707245  1.762804E-15
5760.70197343827  1.763913E-15
5764.55743980408  1.793858E-15
5768.4129061699  1.821829E-15
5772.26837253571  1.771750E-15
5776.12383890152  1.732635E-15
5779.97930526734  1.669879E-15
5783.83477163315  1.674909E-15
5787.69023799897  1.847562E-15
5791.54570436478  1.904983E-15
5795.4011707306  1.841139E-15
5799.25663709641  1.804057E-15
5803.11210346223  1.816539E-15
5806.96756982804  1.863481E-15
5810.82303619385  2.014504E-15
5814.67850255967  2.245260E-15
5818.53396892548  2.240206E-15
5822.3894352913  1.989690E-15
5826.24490165711  1.834104E-15
5830.10036802292  1.794969E-15
5833.95583438874  1.827946E-15
5837.81130075455  1.852942E-15
5841.66676712037  1.737968E-15
5845.52223348618  1.712028E-15
5849.37769985199  1.745137E-15
5853.23316621781  1.753963E-15
5857.08863258362  1.780667E-15
5860.94409894944  1.770473E-15
5864.79956531525  1.828705E-15
5868.65503168107  1.953790E-15
5872.51049804688  1.923953E-15
5876.36596441269  1.786682E-15
5880.22143077851  1.753779E-15
5884.07689714432  1.709613E-15
5887.93236351014  1.695984E-15
5891.78782987595  1.599648E-15
5895.64329624177  1.622783E-15
5899.49876260758  1.682900E-15
5903.35422897339  1.774880E-15
5907.20969533921  1.817597E-15
5911.06516170502  1.789635E-15
5914.92062807084  1.851997E-15
5918.77609443665  1.912969E-15
5922.63156080246  1.891228E-15
5926.48702716828  2.272028E-15
5930.34249353409  2.734348E-15
5934.19795989991  2.899477E-15
5938.05342626572  2.958814E-15
5941.90889263154  2.571892E-15
5945.76435899735  2.153641E-15
5949.61982536317  1.987594E-15
5953.47529172898  1.968210E-15
5957.33075809479  1.951232E-15
5961.18622446061  1.950629E-15
5965.04169082642  1.970101E-15
5968.89715719224  1.940892E-15
5972.75262355805  1.845177E-15
5976.60808992386  1.803881E-15
5980.46355628968  1.837926E-15
5984.31902265549  1.834412E-15
5988.17448902131  1.747462E-15
5992.02995538712  1.767317E-15
5995.88542175294  1.764520E-15
5999.74088811875  1.773228E-15
6003.59635448456  1.818069E-15
6007.45182085038  1.824072E-15
6011.30728721619  1.836357E-15
6015.16275358201  1.829164E-15
6019.01821994782  1.859846E-15
6022.87368631364  1.854003E-15
6026.72915267945  1.809760E-15
6030.58461904526  1.823716E-15
6034.44008541108  1.763904E-15
6038.29555177689  1.757114E-15
6042.15101814271  1.754799E-15
6046.00648450852  1.786293E-15
6049.86195087434  1.755802E-15
6053.71741724015  1.725970E-15
6057.57288360596  1.810284E-15
6061.42834997178  1.806503E-15
6065.28381633759  1.762533E-15
6069.13928270341  1.772863E-15
6072.99474906922  1.752194E-15
6076.85021543503  1.761482E-15
6080.70568180085  1.777530E-15
6084.56114816666  1.745263E-15
6088.41661453248  1.751821E-15
6092.27208089829  1.765105E-15
6096.12754726411  1.731561E-15
6099.98301362992  1.731403E-15
6103.83847999573  1.795736E-15
6107.69394636155  1.797672E-15
6111.54941272736  1.728975E-15
6115.40487909318  1.731135E-15
6119.26034545899  1.779230E-15
6123.1158118248  1.772791E-15
6126.97127819062  1.780395E-15
6130.82674455643  1.757261E-15
6134.68221092225  1.754571E-15
6138.53767728806  1.699455E-15
6142.39314365388  1.701559E-15
6146.24861001969  1.768024E-15
6150.1040763855  1.710704E-15
6153.95954275132  1.689996E-15
6157.81500911713  1.791986E-15
6161.67047548295  1.801920E-15
6165.52594184876  1.774830E-15
6169.38140821457  1.715980E-15
6173.23687458039  1.699096E-15
6177.0923409462  1.690334E-15
6180.94780731202  1.647803E-15
6184.80327367783  1.655897E-15
6188.65874004365  1.672218E-15
6192.51420640946  1.686167E-15
6196.36967277528  1.687229E-15
6200.22513914109  1.700652E-15
6204.0806055069  1.705049E-15
6207.93607187272  1.667717E-15
6211.79153823853  1.699075E-15
6215.64700460435  1.728820E-15
6219.50247097016  1.726832E-15
6223.35793733597  1.730395E-15
6227.21340370179  1.732274E-15
6231.0688700676  1.714878E-15
6234.92433643342  1.744533E-15
6238.77980279923  1.738023E-15
6242.63526916505  1.727760E-15
6246.49073553086  1.764062E-15
6250.34620189667  1.713053E-15
6254.20166826249  1.700372E-15
6258.0571346283  1.733768E-15
6261.91260099412  1.729722E-15
6265.76806735993  1.684365E-15
6269.62353372574  1.727559E-15
6273.47900009156  1.679501E-15
6277.33446645737  1.601560E-15
6281.18993282319  1.527170E-15
6285.045399189  1.527794E-15
6288.90086555482  1.600417E-15
6292.75633192063  1.639101E-15
6296.61179828644  1.768497E-15
6300.46726465226  1.825471E-15
6304.32273101807  1.809026E-15
6308.17819738389  1.616317E-15
6312.0336637497  1.661532E-15
6315.88913011551  6.955861E-16
6319.74459648133  -1.526032E-16
6323.60006284714  -2.578301E-16
6327.45552921296  6.957422E-16
6331.31099557877  1.619981E-15
6335.16646194459  1.705147E-15
6339.0219283104  1.622699E-15
6342.87739467621  1.678832E-15
6346.73286104203  1.677135E-15
6350.58832740784  1.691450E-15
6354.44379377366  1.658596E-15
6358.29926013947  1.733510E-15
6362.15472650529  1.790781E-15
6366.0101928711  1.729165E-15
6369.86565923692  1.708762E-15
6373.72112560273  1.739930E-15
6377.57659196854  1.787880E-15
6381.43205833436  1.803490E-15
6385.28752470017  1.790456E-15
6389.14299106599  1.750234E-15
6392.9984574318  1.736417E-15
6396.85392379761  1.747276E-15
6400.70939016343  1.695992E-15
6404.56485652924  1.728182E-15
6408.42032289506  1.750529E-15
6412.27578926087  1.783453E-15
6416.13125562668  1.795923E-15
6419.9867219925  1.763141E-15
6423.84218835831  1.760566E-15
6427.69765472413  1.734901E-15
6431.55312108994  1.748408E-15
6435.40858745576  1.800524E-15
6439.26405382157  1.782209E-15
6443.11952018738  1.749471E-15
6446.9749865532  1.758415E-15
6450.83045291901  1.796288E-15
6454.68591928483  1.800541E-15
6458.54138565064  1.678150E-15
6462.39685201646  1.687224E-15
6466.25231838227  1.681964E-15
6470.10778474808  1.628247E-15
6473.9632511139  1.601787E-15
6477.81871747971  1.597200E-15
6481.67418384553  1.593847E-15
6485.52965021134  1.608510E-15
6489.38511657715  1.618160E-15
6493.24058294297  1.697767E-15
6497.09604930878  1.721809E-15
6500.9515156746  1.733337E-15
6504.80698204041  1.704359E-15
6508.66244840622  1.697102E-15
6512.51791477204  1.663813E-15
6516.37338113785  1.643743E-15
6520.22884750367  1.627961E-15
6524.08431386948  1.664562E-15
6527.9397802353  1.692590E-15
6531.79524660111  1.736156E-15
6535.65071296692  1.763398E-15
6539.50617933274  1.779305E-15
6543.36164569855  1.771831E-15
6547.21711206437  1.792755E-15
6551.07257843018  1.722801E-15
6554.928044796  1.787271E-15
6558.78351116181  1.843150E-15
6562.63897752762  1.825588E-15
6566.49444389344  1.855048E-15
6570.34991025925  1.871963E-15
6574.20537662507  1.895096E-15
6578.06084299088  1.968545E-15
6581.9163093567  2.011986E-15
6585.77177572251  2.080398E-15
6589.62724208832  2.156012E-15
6593.48270845414  2.306423E-15
6597.33817481995  2.460882E-15
6601.19364118577  2.632943E-15
6605.04910755158  3.021554E-15
6608.90457391739  3.351625E-15
6612.76004028321  3.862286E-15
6616.61550664902  4.546818E-15
6620.47097301484  5.642770E-15
6624.32643938065  7.276252E-15
6628.18190574647  1.066271E-14
6632.03737211228  1.255928E-14
6635.8928384781  9.593736E-15
6639.74830484391  5.989813E-15
6643.60377120972  4.929423E-15
6647.45923757554  4.364030E-15
6651.31470394135  4.125358E-15
6655.17017030716  3.715946E-15
6659.02563667298  3.139335E-15
6662.88110303879  2.748736E-15
6666.73656940461  2.559320E-15
6670.59203577042  2.378063E-15
6674.44750213624  2.266217E-15
6678.30296850205  2.160730E-15
6682.15843486787  2.162624E-15
6686.01390123368  2.124229E-15
6689.86936759949  2.052840E-15
6693.72483396531  2.006005E-15
6697.58030033112  1.958082E-15
6701.43576669694  1.947026E-15
6705.29123306275  1.927414E-15
6709.14669942856  1.895730E-15
6713.00216579438  1.859188E-15
6716.85763216019  1.894574E-15
6720.71309852601  1.886246E-15
6724.56856489182  1.880670E-15
6728.42403125764  1.895804E-15
6732.27949762345  1.839952E-15
6736.13496398926  1.835986E-15
6739.99043035508  1.886360E-15
6743.84589672089  2.060364E-15
6747.70136308671  2.154372E-15
6751.55682945252  2.198575E-15
6755.41229581833  1.987458E-15
6759.26776218415  1.953056E-15
6763.12322854996  1.930558E-15
6766.97869491578  1.838866E-15
6770.83416128159  1.907616E-15
6774.68962764741  1.904200E-15
6778.54509401322  1.894105E-15
6782.40056037904  1.972706E-15
6786.25602674485  2.054758E-15
6790.11149311066  1.988037E-15
6793.96695947648  1.892682E-15
6797.82242584229  1.905404E-15
6801.67789220811  1.918498E-15
6805.53335857392  1.824208E-15
6809.38882493973  1.722460E-15
6813.24429130555  1.785403E-15
6817.09975767136  1.819893E-15
6820.95522403718  1.746801E-15
6824.81069040299  1.746021E-15
6828.66615676881  1.771939E-15
6832.52162313462  1.802649E-15
6836.37708950043  1.743052E-15
6840.23255586625  1.704639E-15
6844.08802223206  1.673497E-15
6847.94348859788  1.721301E-15
6851.79895496369  1.709013E-15
6855.65442132951  1.657620E-15
6859.50988769532  1.759729E-15
6863.36535406113  1.698930E-15
6867.22082042695  1.519356E-15
6871.07628679276  1.234233E-15
6874.93175315858  1.305507E-15
6878.78721952439  1.473036E-15
6882.6426858902  1.595283E-15
6886.49815225602  1.560761E-15
6890.35361862183  1.523931E-15
6894.20908498765  1.558919E-15
6898.06455135346  1.603682E-15
6901.92001771927  1.572923E-15
6905.77548408509  1.590151E-15
6909.6309504509  1.496513E-15
6913.48641681672  1.242449E-15
6917.34188318253  1.275571E-15
6921.19734954835  1.296196E-15
6925.05281591416  1.636561E-15
6928.90828227998  1.628389E-15
6932.76374864579  1.557915E-15
6936.6192150116  1.616827E-15
6940.47468137742  1.543210E-15
6944.33014774323  1.569872E-15
6948.18561410905  1.592522E-15
6952.04108047486  1.585164E-15
