#OBJECT = ATLAS20bjgs
#MJD-OBS = 59214.643102
#DATE-OBS = 2020-12-31T15:26:04
#EXPTIME = 1520.000000
#AIRMASS = 1.276000
#
#TELESCOPE = UH88
#INSTRUMENT = SNIFS
#FLUXCAL = RELATIVE
#WL FL ERR
#[Ang] [erg/s/cm2/A] [erg/s/cm2/A]
3301.060000 -2.415568e-17 6.059414e-33
3303.440000 3.012892e-17 5.746344e-33
3305.820000 -5.459480e-17 5.341421e-33
3308.200000 -8.809513e-17 5.155905e-33
3310.580000 9.651886e-18 5.093753e-33
3312.960000 3.905902e-17 4.959805e-33
3315.340000 6.460205e-17 4.843943e-33
3317.720000 8.830199e-18 4.597912e-33
3320.100000 -3.158326e-17 4.509465e-33
3322.480000 -2.566106e-17 4.587323e-33
3324.860000 -2.005414e-17 4.549172e-33
3327.240000 -1.408293e-17 4.400588e-33
3329.620000 3.613691e-17 4.553215e-33
3332.000000 2.204611e-17 4.514892e-33
3334.380000 -7.252426e-17 4.251946e-33
3336.760000 -4.645742e-17 4.343109e-33
3339.140000 -4.851992e-17 4.173257e-33
3341.520000 -6.702471e-19 4.102106e-33
3343.900000 1.044377e-16 4.132966e-33
3346.280000 3.183586e-17 3.955429e-33
3348.660000 -4.361194e-17 3.744700e-33
3351.040000 4.439888e-17 3.794873e-33
3353.420000 1.160202e-17 3.673698e-33
3355.800000 3.994311e-17 3.628526e-33
3358.180000 4.568737e-17 3.457180e-33
3360.560000 -5.543592e-17 3.199009e-33
3362.940000 -2.346288e-17 3.168951e-33
3365.320000 9.098206e-18 3.223020e-33
3367.700000 3.356546e-18 3.236378e-33
3370.080000 3.221540e-17 3.221157e-33
3372.460000 1.968293e-17 3.203868e-33
3374.840000 -1.345335e-17 3.144900e-33
3377.220000 -3.065226e-18 3.111924e-33
3379.600000 4.533033e-17 3.064526e-33
3381.980000 6.358476e-17 2.989211e-33
3384.360000 3.881127e-17 2.922574e-33
3386.740000 1.147859e-17 2.933424e-33
3389.120000 -3.858238e-17 2.804671e-33
3391.500000 -6.342111e-17 2.698515e-33
3393.880000 2.744942e-17 2.679989e-33
3396.260000 6.393684e-17 2.975375e-33
3398.640000 3.234311e-17 2.924441e-33
3401.020000 6.614899e-17 2.925175e-33
3403.400000 4.012527e-17 2.748880e-33
3405.780000 3.745216e-17 2.633048e-33
3408.160000 -2.682478e-17 2.518433e-33
3410.540000 -5.063599e-17 2.399019e-33
3412.920000 -8.159227e-18 2.350092e-33
3415.300000 -1.611154e-17 2.298860e-33
3417.680000 -1.023112e-17 2.366368e-33
3420.060000 -2.404113e-17 2.296748e-33
3422.440000 3.638699e-17 2.346477e-33
3424.820000 3.367411e-17 2.271465e-33
3427.200000 2.985041e-17 2.205843e-33
3429.580000 5.105235e-17 2.186619e-33
3431.960000 6.150143e-17 2.142411e-33
3434.340000 6.429376e-17 2.076165e-33
3436.720000 4.933098e-17 2.021938e-33
3439.100000 6.084757e-17 1.911629e-33
3441.480000 4.676427e-17 1.823126e-33
3443.860000 5.298740e-17 1.795401e-33
3446.240000 4.742733e-17 1.776479e-33
3448.620000 4.529080e-17 1.899618e-33
3451.000000 7.639322e-18 1.867830e-33
3453.380000 3.518453e-17 1.842426e-33
3455.760000 5.541443e-18 1.783076e-33
3458.140000 3.639461e-17 1.741538e-33
3460.520000 7.247277e-17 1.715430e-33
3462.900000 1.189448e-16 1.744097e-33
3465.280000 7.712845e-17 1.739585e-33
3467.660000 1.570194e-17 1.677317e-33
3470.040000 9.276854e-17 1.733707e-33
3472.420000 7.562662e-17 1.661972e-33
3474.800000 7.798140e-17 1.594434e-33
3477.180000 6.404190e-17 1.608751e-33
3479.560000 2.952895e-17 1.580461e-33
3481.940000 -1.511304e-17 1.536583e-33
3484.320000 1.246457e-17 1.545224e-33
3486.700000 1.783477e-17 1.494625e-33
3489.080000 3.651077e-17 1.462019e-33
3491.460000 -5.733298e-18 1.400097e-33
3493.840000 3.731219e-17 1.405355e-33
3496.220000 4.123392e-17 1.394203e-33
3498.600000 -2.200070e-17 1.358316e-33
3500.980000 1.325437e-17 1.425534e-33
3503.360000 -2.868646e-17 1.351178e-33
3505.740000 4.820890e-17 1.425779e-33
3508.120000 1.239291e-17 1.372129e-33
3510.500000 2.010438e-17 1.340955e-33
3512.880000 1.064274e-16 1.398696e-33
3515.260000 7.904321e-17 1.347020e-33
3517.640000 3.196536e-17 1.308249e-33
3520.020000 3.534168e-17 1.295240e-33
3522.400000 1.121179e-16 1.328282e-33
3524.780000 7.610392e-17 1.278129e-33
3527.160000 7.360602e-17 1.279438e-33
3529.540000 8.089199e-17 1.315629e-33
3531.920000 1.552774e-17 1.287070e-33
3534.300000 5.363087e-17 1.301254e-33
3536.680000 4.303496e-17 1.293162e-33
3539.060000 4.601452e-17 1.335951e-33
3541.440000 4.874906e-17 1.335144e-33
3543.820000 1.170427e-18 1.294047e-33
3546.200000 2.468677e-17 1.315425e-33
3548.580000 6.336621e-17 1.337594e-33
3550.960000 3.839793e-17 1.279256e-33
3553.340000 3.309715e-17 1.261567e-33
3555.720000 1.854282e-17 1.227964e-33
3558.100000 2.816237e-17 1.183731e-33
3560.480000 4.658231e-17 1.204758e-33
3562.860000 3.066368e-17 1.177215e-33
3565.240000 1.257913e-17 1.096292e-33
3567.620000 5.589120e-17 1.073874e-33
3570.000000 5.847722e-17 1.110738e-33
3572.380000 4.116240e-17 1.063021e-33
3574.760000 1.042997e-16 1.104778e-33
3577.140000 1.031733e-16 1.087384e-33
3579.520000 5.437337e-17 1.036936e-33
3581.900000 -2.478516e-17 9.252794e-34
3584.280000 1.672254e-17 9.226510e-34
3586.660000 5.422883e-17 9.585086e-34
3589.040000 9.813541e-17 1.001283e-33
3591.420000 7.851237e-17 1.013369e-33
3593.800000 3.281887e-17 1.015529e-33
3596.180000 4.836820e-17 1.011177e-33
3598.560000 4.802910e-17 1.005201e-33
3600.940000 4.757934e-17 9.911091e-34
3603.320000 2.734797e-17 9.335322e-34
3605.700000 6.601450e-17 9.225763e-34
3608.080000 8.403707e-17 9.046556e-34
3610.460000 6.707813e-17 9.215903e-34
3612.840000 1.024553e-16 9.407406e-34
3615.220000 1.006911e-16 9.422296e-34
3617.600000 8.407018e-17 9.235837e-34
3619.980000 6.614198e-17 9.038683e-34
3622.360000 2.249164e-17 9.010215e-34
3624.740000 7.767225e-17 9.408448e-34
3627.120000 1.481014e-16 9.878039e-34
3629.500000 8.735485e-17 1.018739e-33
3631.880000 7.124612e-17 9.706626e-34
3634.260000 8.661629e-17 9.698003e-34
3636.640000 6.805325e-17 9.664100e-34
3639.020000 8.208786e-17 9.823092e-34
3641.400000 5.630358e-17 9.493252e-34
3643.780000 7.212152e-17 9.315181e-34
3646.160000 1.050182e-16 9.235124e-34
3648.540000 1.059348e-16 9.272962e-34
3650.920000 7.491911e-17 9.166969e-34
3653.300000 7.867992e-17 9.212002e-34
3655.680000 1.015863e-16 9.339930e-34
3658.060000 7.344512e-17 9.206615e-34
3660.440000 7.918175e-17 9.159804e-34
3662.820000 4.227586e-17 8.798342e-34
3665.200000 1.096860e-16 8.949371e-34
3667.580000 1.108468e-16 8.810834e-34
3669.960000 1.038424e-16 8.691490e-34
3672.340000 8.543951e-17 8.479035e-34
3674.720000 8.807514e-17 8.367306e-34
3677.100000 7.578973e-17 8.003703e-34
3679.480000 8.840199e-17 7.909089e-34
3681.860000 1.098365e-16 8.002733e-34
3684.240000 1.151280e-16 7.930950e-34
3686.620000 1.034009e-16 7.705653e-34
3689.000000 9.822415e-17 7.696252e-34
3691.380000 1.021740e-16 7.864480e-34
3693.760000 7.104702e-17 7.670167e-34
3696.140000 1.403660e-16 8.025606e-34
3698.520000 1.324601e-16 7.868767e-34
3700.900000 1.095950e-16 7.731120e-34
3703.280000 1.266671e-16 7.633199e-34
3705.660000 1.214831e-16 7.324270e-34
3708.040000 1.481261e-16 7.424292e-34
3710.420000 1.310857e-16 7.447325e-34
3712.800000 1.296019e-16 7.843498e-34
3715.180000 1.133975e-16 7.738144e-34
3717.560000 8.872914e-17 7.213186e-34
3719.940000 8.014849e-17 6.898619e-34
3722.320000 6.466610e-17 6.654307e-34
3724.700000 1.209726e-16 7.073945e-34
3727.080000 1.053120e-16 7.153198e-34
3729.460000 1.250941e-16 7.165156e-34
3731.840000 1.067354e-16 6.753134e-34
3734.220000 1.270980e-16 6.494171e-34
3736.600000 1.082320e-16 6.583531e-34
3738.980000 8.962527e-17 6.651532e-34
3741.360000 1.052315e-16 6.707992e-34
3743.740000 1.020360e-16 6.589726e-34
3746.120000 9.533826e-17 6.463221e-34
3748.500000 9.506432e-17 6.378019e-34
3750.880000 7.751107e-17 6.417362e-34
3753.260000 8.559534e-17 6.700844e-34
3755.640000 9.420391e-17 6.647518e-34
3758.020000 9.600195e-17 6.460455e-34
3760.400000 9.036112e-17 6.328279e-34
3762.780000 7.884989e-17 6.249322e-34
3765.160000 8.643018e-17 6.243573e-34
3767.540000 7.575257e-17 6.336572e-34
3769.920000 6.108287e-17 6.325888e-34
3772.300000 6.688398e-17 6.406840e-34
3774.680000 8.943400e-17 6.632962e-34
3777.060000 1.062452e-16 6.918829e-34
3779.440000 8.557103e-17 6.705506e-34
3781.820000 7.977145e-17 6.637520e-34
3784.200000 8.700274e-17 6.478495e-34
3786.580000 8.731265e-17 6.210915e-34
3788.960000 6.267169e-17 5.912503e-34
3791.340000 7.636734e-17 5.823585e-34
3793.720000 5.260875e-17 5.469670e-34
3796.100000 4.790971e-17 5.365534e-34
3798.480000 6.214167e-17 5.436022e-34
3800.860000 6.172915e-17 5.592455e-34
3803.240000 5.921720e-17 5.662759e-34
3805.620000 3.332557e-17 5.537782e-34
3808.000000 5.529206e-18 5.435866e-34
3810.380000 7.068207e-17 5.560519e-34
3812.760000 6.846811e-17 5.386798e-34
3815.140000 3.992306e-17 5.054244e-34
3817.520000 4.473136e-17 5.014595e-34
3819.900000 6.931243e-17 5.090673e-34
3822.280000 3.119473e-17 4.996759e-34
3824.660000 7.293266e-17 5.039732e-34
3827.040000 8.517303e-17 4.935018e-34
3829.420000 9.303910e-17 4.969074e-34
3831.800000 7.368108e-17 4.935819e-34
3834.180000 8.011354e-17 4.894240e-34
3836.560000 4.575817e-17 4.743776e-34
3838.940000 1.804977e-17 4.684159e-34
3841.320000 1.537782e-17 4.879649e-34
3843.700000 3.477826e-17 5.132440e-34
3846.080000 3.821116e-17 5.162778e-34
3848.460000 4.577925e-17 5.199893e-34
3850.840000 5.808888e-17 5.217375e-34
3853.220000 4.724333e-17 5.006960e-34
3855.600000 3.141586e-17 4.844707e-34
3857.980000 6.354738e-17 4.970116e-34
3860.360000 5.634163e-17 4.895512e-34
3862.740000 6.353881e-17 4.929644e-34
3865.120000 5.191734e-17 4.859175e-34
3867.500000 3.262289e-17 4.661493e-34
3869.880000 5.983052e-17 4.614057e-34
3872.260000 9.686142e-17 4.693931e-34
3874.640000 9.803360e-17 4.648095e-34
3877.020000 4.203376e-17 4.389607e-34
3879.400000 6.622635e-17 4.542244e-34
3881.780000 3.926476e-17 4.454071e-34
3884.160000 6.559450e-17 4.529884e-34
3886.540000 4.965991e-17 4.446510e-34
3888.920000 6.280221e-17 4.638353e-34
3891.300000 7.041799e-17 4.757525e-34
3893.680000 9.393998e-17 4.858663e-34
3896.060000 6.972559e-17 4.673843e-34
3898.440000 5.857495e-17 4.615602e-34
3900.820000 5.466822e-17 4.530373e-34
3903.200000 6.482225e-17 4.475629e-34
3905.580000 2.782649e-17 4.354440e-34
3907.960000 9.431550e-17 4.709863e-34
3910.340000 1.104329e-16 4.869759e-34
3912.720000 1.023912e-16 4.856059e-34
3915.100000 1.132584e-16 4.958290e-34
3917.480000 1.094644e-16 4.731385e-34
3919.860000 7.701625e-17 4.470510e-34
3922.240000 1.057202e-16 4.425496e-34
3924.620000 1.074088e-16 4.324798e-34
3927.000000 9.144152e-17 4.058280e-34
3929.380000 6.409006e-17 3.830304e-34
3931.760000 8.537961e-17 3.767874e-34
3934.140000 1.271258e-16 3.820167e-34
3936.520000 1.200539e-16 4.023196e-34
3938.900000 1.122139e-16 4.240283e-34
3941.280000 1.403210e-16 4.508669e-34
3943.660000 1.053375e-16 4.461229e-34
3946.040000 1.024981e-16 4.572895e-34
3948.420000 1.063261e-16 4.748154e-34
3950.800000 8.658140e-17 4.704981e-34
3953.180000 1.394212e-16 4.905699e-34
3955.560000 1.444937e-16 4.909953e-34
3957.940000 1.132166e-16 4.675516e-34
3960.320000 1.352263e-16 4.661051e-34
3962.700000 1.514931e-16 4.609177e-34
3965.080000 1.377975e-16 4.336337e-34
3967.460000 1.217644e-16 4.170376e-34
3969.840000 1.578837e-16 4.404200e-34
3972.220000 1.693148e-16 4.666928e-34
3974.600000 2.059437e-16 5.161765e-34
3976.980000 1.935505e-16 5.395069e-34
3979.360000 1.681217e-16 5.444657e-34
3981.740000 2.046257e-16 5.576648e-34
3984.120000 1.467544e-16 5.388073e-34
3986.500000 1.184406e-16 5.235645e-34
3988.880000 1.097973e-16 5.075425e-34
3991.260000 1.296623e-16 5.135238e-34
3993.640000 1.148014e-16 5.174978e-34
3996.020000 1.254239e-16 5.029353e-34
3998.400000 1.152934e-16 4.949053e-34
4000.780000 1.225966e-16 4.939301e-34
4003.160000 1.782363e-16 4.996970e-34
4005.540000 1.855978e-16 4.910562e-34
4007.920000 1.610346e-16 4.727051e-34
4010.300000 1.440300e-16 4.742176e-34
4012.680000 1.863520e-16 4.806064e-34
4015.060000 2.121813e-16 4.821860e-34
4017.440000 2.242584e-16 4.823149e-34
4019.820000 2.801950e-16 4.967225e-34
4022.200000 2.492694e-16 4.804936e-34
4024.580000 2.312469e-16 4.757715e-34
4026.960000 2.387319e-16 4.843677e-34
4029.340000 2.549235e-16 4.884797e-34
4031.720000 2.574150e-16 4.832984e-34
4034.100000 2.261599e-16 4.746030e-34
4036.480000 2.338375e-16 4.801372e-34
4038.860000 2.476762e-16 4.931174e-34
4041.240000 2.374142e-16 4.823115e-34
4043.620000 2.230151e-16 4.661320e-34
4046.000000 2.560656e-16 4.699680e-34
4048.380000 2.443641e-16 4.729277e-34
4050.760000 2.355610e-16 4.761669e-34
4053.140000 2.298375e-16 4.707121e-34
4055.520000 1.939133e-16 4.524307e-34
4057.900000 2.032708e-16 4.464296e-34
4060.280000 2.308043e-16 4.643214e-34
4062.660000 2.128659e-16 4.574313e-34
4065.040000 2.286903e-16 4.670437e-34
4067.420000 2.025394e-16 4.646222e-34
4069.800000 1.992767e-16 4.704829e-34
4072.180000 1.960804e-16 4.713121e-34
4074.560000 1.896363e-16 4.707540e-34
4076.940000 2.554742e-16 4.944029e-34
4079.320000 2.325768e-16 4.942689e-34
4081.700000 2.372393e-16 5.054217e-34
4084.080000 1.988594e-16 4.937518e-34
4086.460000 1.745771e-16 4.942795e-34
4088.840000 1.604940e-16 4.957347e-34
4091.220000 1.457714e-16 4.814509e-34
4093.600000 1.613859e-16 4.870016e-34
4095.980000 1.757183e-16 4.744829e-34
4098.360000 1.509620e-16 4.518553e-34
4100.740000 1.630603e-16 4.477313e-34
4103.120000 1.585417e-16 4.413896e-34
4105.500000 1.323335e-16 4.348497e-34
4107.880000 1.618285e-16 4.463015e-34
4110.260000 1.789011e-16 4.509054e-34
4112.640000 1.502009e-16 4.412252e-34
4115.020000 1.538513e-16 4.393082e-34
4117.400000 1.842615e-16 4.501172e-34
4119.780000 1.677998e-16 4.427287e-34
4122.160000 1.765271e-16 4.447300e-34
4124.540000 1.720265e-16 4.368147e-34
4126.920000 1.406265e-16 4.216815e-34
4129.300000 1.380437e-16 4.150328e-34
4131.680000 1.704895e-16 4.190531e-34
4134.060000 1.586029e-16 4.166851e-34
4136.440000 1.513306e-16 4.138719e-34
4138.820000 1.536625e-16 4.138447e-34
4141.200000 1.408775e-16 4.071596e-34
4143.580000 1.621726e-16 4.022821e-34
4145.960000 1.398970e-16 3.949988e-34
4148.340000 1.541039e-16 3.963161e-34
4150.720000 1.487452e-16 3.964021e-34
4153.100000 1.379836e-16 3.893127e-34
4155.480000 1.529271e-16 3.867465e-34
4157.860000 1.432743e-16 3.836817e-34
4160.240000 1.527770e-16 3.920177e-34
4162.620000 1.632028e-16 3.986385e-34
4165.000000 1.452515e-16 3.888063e-34
4167.380000 1.606250e-16 3.844045e-34
4169.760000 1.927233e-16 3.922859e-34
4172.140000 1.591396e-16 3.876500e-34
4174.520000 1.456903e-16 3.787887e-34
4176.900000 1.433212e-16 3.737718e-34
4179.280000 1.452308e-16 3.767341e-34
4181.660000 1.729764e-16 3.814325e-34
4184.040000 1.634964e-16 3.760842e-34
4186.420000 1.488084e-16 3.666961e-34
4188.800000 1.775949e-16 3.759127e-34
4191.180000 1.483025e-16 3.685067e-34
4193.560000 1.451477e-16 3.664572e-34
4195.940000 1.597024e-16 3.738132e-34
4198.320000 1.572706e-16 3.673046e-34
4200.700000 1.601427e-16 3.693095e-34
4203.080000 1.582079e-16 3.674413e-34
4205.460000 1.628429e-16 3.751694e-34
4207.840000 1.759348e-16 3.810370e-34
4210.220000 1.908483e-16 3.880410e-34
4212.600000 1.625462e-16 3.797326e-34
4214.980000 1.649299e-16 3.723795e-34
4217.360000 1.530563e-16 3.704086e-34
4219.740000 1.590774e-16 3.777742e-34
4222.120000 1.684536e-16 3.786819e-34
4224.500000 1.783985e-16 3.706102e-34
4226.880000 2.335812e-16 3.827982e-34
4229.260000 2.346729e-16 3.890770e-34
4231.640000 2.209473e-16 3.945002e-34
4234.020000 1.899734e-16 3.808890e-34
4236.400000 2.015171e-16 3.780270e-34
4238.780000 2.107025e-16 3.813741e-34
4241.160000 2.196829e-16 3.832176e-34
4243.540000 1.928885e-16 3.744033e-34
4245.920000 1.940469e-16 3.716126e-34
4248.300000 1.928054e-16 3.614572e-34
4250.680000 2.147742e-16 3.711922e-34
4253.060000 2.227434e-16 3.725117e-34
4255.440000 1.984123e-16 3.616057e-34
4257.820000 1.813277e-16 3.568573e-34
4260.200000 1.984751e-16 3.606712e-34
4262.580000 2.223121e-16 3.661821e-34
4264.960000 2.038045e-16 3.607835e-34
4267.340000 1.756145e-16 3.470508e-34
4269.720000 1.587280e-16 3.352128e-34
4272.100000 1.659984e-16 3.282168e-34
4274.480000 1.760813e-16 3.293958e-34
4276.860000 1.978667e-16 3.456360e-34
4279.240000 1.977141e-16 3.457794e-34
4281.620000 1.933341e-16 3.405175e-34
4284.000000 2.041655e-16 3.397615e-34
4286.380000 1.750282e-16 3.312041e-34
4288.760000 1.814921e-16 3.256136e-34
4291.140000 1.853197e-16 3.260074e-34
4293.520000 1.848654e-16 3.256759e-34
4295.900000 1.909347e-16 3.216391e-34
4298.280000 1.926972e-16 3.146464e-34
4300.660000 1.878072e-16 3.043582e-34
4303.040000 1.754014e-16 2.993493e-34
4305.420000 1.929221e-16 3.130073e-34
4307.800000 1.791731e-16 3.120790e-34
4310.180000 1.933108e-16 3.149549e-34
4312.560000 1.863368e-16 3.216854e-34
4314.940000 1.859696e-16 3.357661e-34
4317.320000 2.010650e-16 3.478827e-34
4319.700000 2.019901e-16 3.487904e-34
4322.080000 1.899776e-16 3.352093e-34
4324.460000 1.895719e-16 3.263437e-34
4326.840000 1.875328e-16 3.253294e-34
4329.220000 1.691994e-16 3.305274e-34
4331.600000 1.759920e-16 3.386146e-34
4333.980000 2.138912e-16 3.484918e-34
4336.360000 1.962344e-16 3.402996e-34
4338.740000 1.978935e-16 3.340572e-34
4341.120000 2.036177e-16 3.374285e-34
4343.500000 2.046584e-16 3.409079e-34
4345.880000 1.912680e-16 3.437524e-34
4348.260000 2.068527e-16 3.506610e-34
4350.640000 2.054763e-16 3.519403e-34
4353.020000 2.174385e-16 3.519050e-34
4355.400000 2.172711e-16 3.508440e-34
4357.780000 1.963859e-16 3.442928e-34
4360.160000 1.804698e-16 3.420396e-34
4362.540000 2.035913e-16 3.483554e-34
4364.920000 1.933351e-16 3.490679e-34
4367.300000 2.039027e-16 3.534478e-34
4369.680000 2.099847e-16 3.486293e-34
4372.060000 1.844715e-16 3.424886e-34
4374.440000 1.753632e-16 3.356239e-34
4376.820000 1.833122e-16 3.307192e-34
4379.200000 1.766191e-16 3.261041e-34
4381.580000 1.663132e-16 3.172824e-34
4383.960000 1.730433e-16 3.134438e-34
4386.340000 1.912980e-16 3.189037e-34
4388.720000 1.832659e-16 3.211753e-34
4391.100000 1.628892e-16 3.191079e-34
4393.480000 1.574289e-16 3.191545e-34
4395.860000 1.536776e-16 3.172178e-34
4398.240000 1.494012e-16 3.171337e-34
4400.620000 1.384544e-16 3.099767e-34
4403.000000 1.415797e-16 3.069087e-34
4405.380000 1.326323e-16 3.061364e-34
4407.760000 1.272571e-16 3.070526e-34
4410.140000 1.318869e-16 3.109640e-34
4412.520000 1.479420e-16 3.160804e-34
4414.900000 1.412622e-16 3.123691e-34
4417.280000 1.475782e-16 3.156091e-34
4419.660000 1.413985e-16 3.149330e-34
4422.040000 1.196829e-16 3.096669e-34
4424.420000 1.222904e-16 3.072673e-34
4426.800000 1.275130e-16 3.058069e-34
4429.180000 1.291136e-16 3.052791e-34
4431.560000 1.077077e-16 3.025311e-34
4433.940000 9.928911e-17 2.968345e-34
4436.320000 1.049061e-16 2.968387e-34
4438.700000 9.659500e-17 2.938128e-34
4441.080000 1.069743e-16 2.959034e-34
4443.460000 9.549085e-17 2.941099e-34
4445.840000 8.206483e-17 2.894960e-34
4448.220000 7.953009e-17 2.856455e-34
4450.600000 1.039226e-16 2.900219e-34
4452.980000 1.009373e-16 2.855490e-34
4455.360000 9.081929e-17 2.753735e-34
4457.740000 9.541047e-17 2.740290e-34
4460.120000 9.638399e-17 2.759298e-34
4462.500000 9.011495e-17 2.756835e-34
4464.880000 9.882881e-17 2.807487e-34
4467.260000 8.983029e-17 2.792110e-34
4469.640000 8.980423e-17 2.780527e-34
4472.020000 9.767399e-17 2.846075e-34
4474.400000 1.075768e-16 2.902635e-34
4476.780000 7.633227e-17 2.815050e-34
4479.160000 7.626864e-17 2.759552e-34
4481.540000 9.359357e-17 2.789353e-34
4483.920000 7.425835e-17 2.779930e-34
4486.300000 5.543053e-17 2.726420e-34
4488.680000 7.083701e-17 2.772318e-34
4491.060000 8.116669e-17 2.808464e-34
4493.440000 8.276135e-17 2.810888e-34
4495.820000 8.520814e-17 2.842096e-34
4498.200000 8.687848e-17 2.876233e-34
4500.580000 7.807254e-17 2.874198e-34
4502.960000 8.620737e-17 2.919861e-34
4505.340000 9.983504e-17 2.963358e-34
4507.720000 1.003983e-16 2.965045e-34
4510.100000 1.093350e-16 2.963730e-34
4512.480000 1.101318e-16 2.950102e-34
4514.860000 9.762210e-17 2.903686e-34
4517.240000 1.095196e-16 2.942488e-34
4519.620000 8.571381e-17 2.913010e-34
4522.000000 7.488350e-17 2.877392e-34
4524.380000 8.930140e-17 2.869046e-34
4526.760000 8.409565e-17 2.789729e-34
4529.140000 8.488518e-17 2.733609e-34
4531.520000 9.874951e-17 2.807646e-34
4533.900000 1.049558e-16 2.868682e-34
4536.280000 9.966218e-17 2.874898e-34
4538.660000 1.045614e-16 2.883675e-34
4541.040000 1.070819e-16 2.863457e-34
4543.420000 1.145563e-16 2.868888e-34
4545.800000 1.077316e-16 2.826896e-34
4548.180000 1.136270e-16 2.820842e-34
4550.560000 8.985707e-17 2.774043e-34
4552.940000 1.020359e-16 2.810932e-34
4555.320000 1.040153e-16 2.830915e-34
4557.700000 9.740474e-17 2.841042e-34
4560.080000 9.573243e-17 2.814223e-34
4562.460000 1.088685e-16 2.811501e-34
4564.840000 1.118414e-16 2.880052e-34
4567.220000 1.365544e-16 2.941606e-34
4569.600000 1.201263e-16 2.913719e-34
4571.980000 1.094175e-16 2.909646e-34
4574.360000 1.259687e-16 2.988861e-34
4576.740000 1.199233e-16 2.970619e-34
4579.120000 1.125092e-16 2.908080e-34
4581.500000 1.222517e-16 2.942986e-34
4583.880000 1.449774e-16 2.997444e-34
4586.260000 1.358860e-16 2.961869e-34
4588.640000 1.349213e-16 2.945855e-34
4591.020000 1.294285e-16 2.911232e-34
4593.400000 1.297151e-16 2.903987e-34
4595.780000 1.404474e-16 2.958629e-34
4598.160000 1.526203e-16 3.002901e-34
4600.540000 1.552298e-16 2.989405e-34
4602.920000 1.778534e-16 3.045766e-34
4605.300000 1.649271e-16 3.083374e-34
4607.680000 1.477000e-16 3.049628e-34
4610.060000 1.910810e-16 3.171188e-34
4612.440000 1.927371e-16 3.183760e-34
4614.820000 1.896012e-16 3.122034e-34
4617.200000 1.852864e-16 3.068214e-34
4619.580000 1.757354e-16 3.051401e-34
4621.960000 1.997006e-16 3.123134e-34
4624.340000 2.109078e-16 3.166751e-34
4626.720000 2.172514e-16 3.168185e-34
4629.100000 2.205908e-16 3.147604e-34
4631.480000 2.218664e-16 3.146795e-34
4633.860000 1.723550e-16 2.998956e-34
4636.240000 2.026688e-16 3.053094e-34
4638.620000 2.238443e-16 3.072634e-34
4641.000000 2.118786e-16 3.055185e-34
4643.380000 2.021715e-16 2.984063e-34
4645.760000 2.244363e-16 3.009564e-34
4648.140000 2.240441e-16 2.986458e-34
4650.520000 2.382950e-16 3.015017e-34
4652.900000 2.405314e-16 3.032827e-34
4655.280000 2.610747e-16 3.087152e-34
4657.660000 2.292729e-16 3.007870e-34
4660.040000 2.102848e-16 2.951131e-34
4662.420000 2.297631e-16 2.982233e-34
4664.800000 2.329072e-16 2.960106e-34
4667.180000 2.444204e-16 2.997885e-34
4669.560000 2.530617e-16 3.012534e-34
4671.940000 2.430478e-16 2.987543e-34
4674.320000 2.348358e-16 3.039279e-34
4676.700000 2.500382e-16 3.117744e-34
4679.080000 2.406530e-16 3.109874e-34
4681.460000 2.582342e-16 3.125871e-34
4683.840000 2.620513e-16 3.107814e-34
4686.220000 2.754786e-16 3.196782e-34
4688.600000 2.487747e-16 3.121901e-34
4690.980000 2.593832e-16 3.189220e-34
4693.360000 2.453568e-16 3.146065e-34
4695.740000 2.472634e-16 3.153775e-34
4698.120000 2.639487e-16 3.163408e-34
4700.500000 2.686792e-16 3.166982e-34
4702.880000 2.486009e-16 3.123435e-34
4705.260000 2.359924e-16 3.111790e-34
4707.640000 2.462570e-16 3.126257e-34
4710.020000 2.399257e-16 3.108639e-34
4712.400000 2.476839e-16 3.142621e-34
4714.780000 2.362843e-16 3.101111e-34
4717.160000 2.504297e-16 3.138295e-34
4719.540000 2.183666e-16 3.043413e-34
4721.920000 2.048379e-16 3.040730e-34
4724.300000 2.068132e-16 3.062879e-34
4726.680000 2.163959e-16 3.038545e-34
4729.060000 2.378055e-16 3.092757e-34
4731.440000 2.312836e-16 3.063911e-34
4733.820000 2.070162e-16 2.986553e-34
4736.200000 1.998873e-16 2.993003e-34
4738.580000 2.074655e-16 2.985441e-34
4740.960000 1.972036e-16 2.952027e-34
4743.340000 1.741444e-16 2.902515e-34
4745.720000 1.684797e-16 2.931017e-34
4748.100000 1.807015e-16 2.975257e-34
4750.480000 1.987137e-16 3.054174e-34
4752.860000 2.004397e-16 3.039615e-34
4755.240000 2.188547e-16 3.096726e-34
4757.620000 1.807441e-16 2.998097e-34
4760.000000 1.830771e-16 2.993887e-34
4762.380000 1.643915e-16 2.935030e-34
4764.760000 1.602512e-16 2.918949e-34
4767.140000 1.653067e-16 2.976238e-34
4769.520000 1.670188e-16 2.970054e-34
4771.900000 1.619484e-16 3.005751e-34
4774.280000 1.527018e-16 2.995228e-34
4776.660000 1.701324e-16 3.046267e-34
4779.040000 1.854368e-16 3.080085e-34
4781.420000 1.805496e-16 3.044172e-34
4783.800000 1.765042e-16 3.005300e-34
4786.180000 1.995410e-16 3.045773e-34
4788.560000 1.845667e-16 3.009743e-34
4790.940000 1.856079e-16 3.018958e-34
4793.320000 1.681305e-16 2.976716e-34
4795.700000 1.570181e-16 2.965116e-34
4798.080000 1.567351e-16 2.945463e-34
4800.460000 1.617388e-16 2.928415e-34
4802.840000 1.666332e-16 2.912320e-34
4805.220000 1.707714e-16 2.905341e-34
4807.600000 1.546929e-16 2.856579e-34
4809.980000 1.379746e-16 2.815620e-34
4812.360000 1.300566e-16 2.794198e-34
4814.740000 1.417687e-16 2.834950e-34
4817.120000 1.597760e-16 2.925083e-34
4819.500000 1.472804e-16 2.941613e-34
4821.880000 1.325678e-16 2.870278e-34
4824.260000 1.453717e-16 2.829755e-34
4826.640000 1.456430e-16 2.825096e-34
4829.020000 1.310173e-16 2.830350e-34
4831.400000 1.399555e-16 2.831189e-34
4833.780000 1.506207e-16 2.842152e-34
4836.160000 1.327936e-16 2.833550e-34
4838.540000 1.210732e-16 2.799038e-34
4840.920000 1.204975e-16 2.785158e-34
4843.300000 1.154705e-16 2.772116e-34
4845.680000 1.263794e-16 2.781316e-34
4848.060000 1.181219e-16 2.754961e-34
4850.440000 1.068561e-16 2.732681e-34
4852.820000 8.897403e-17 2.676437e-34
4855.200000 1.122027e-16 2.719331e-34
4857.580000 1.361861e-16 2.824973e-34
4859.960000 1.214433e-16 2.730663e-34
4862.340000 1.100951e-16 2.678888e-34
4864.720000 1.066688e-16 2.752182e-34
4867.100000 1.112409e-16 2.816541e-34
4869.480000 1.238176e-16 2.866220e-34
4871.860000 1.522275e-16 2.964664e-34
4874.240000 1.367729e-16 2.961977e-34
4876.620000 1.303722e-16 2.985495e-34
4879.000000 1.333532e-16 3.036634e-34
4881.380000 1.186671e-16 3.037214e-34
4883.760000 1.109091e-16 3.039161e-34
4886.140000 1.161739e-16 3.044668e-34
4888.520000 1.110381e-16 3.029308e-34
4890.900000 1.186138e-16 3.077910e-34
4893.280000 1.281389e-16 3.160379e-34
4895.660000 1.185044e-16 3.168664e-34
4898.040000 1.133158e-16 3.191037e-34
4900.420000 1.233317e-16 3.233387e-34
4902.800000 1.102436e-16 3.187739e-34
4905.180000 1.086868e-16 3.197638e-34
4907.560000 1.087403e-16 3.204112e-34
4909.940000 9.753604e-17 3.190003e-34
4912.320000 1.060755e-16 3.237859e-34
4914.700000 9.729754e-17 3.203859e-34
4917.080000 9.179121e-17 3.171183e-34
4919.460000 8.284175e-17 3.090204e-34
4921.840000 6.723207e-17 3.071724e-34
4924.220000 8.209032e-17 3.176406e-34
4926.600000 9.555192e-17 3.264249e-34
4928.980000 8.451999e-17 3.243992e-34
5271.070000 1.280783e-16 3.799782e-34
5274.000000 1.395370e-16 3.766363e-34
5276.930000 1.295055e-16 3.724550e-34
5279.860000 1.325212e-16 3.720841e-34
5282.790000 1.487432e-16 3.682226e-34
5285.720000 1.462321e-16 3.611870e-34
5288.650000 1.583715e-16 3.589746e-34
5291.580000 1.622288e-16 3.624704e-34
5294.510000 1.486644e-16 3.534827e-34
5297.440000 1.395631e-16 3.431388e-34
5300.370000 1.649638e-16 3.417635e-34
5303.300000 1.564719e-16 3.339233e-34
5306.230000 1.565331e-16 3.290914e-34
5309.160000 1.724888e-16 3.301507e-34
5312.090000 1.977502e-16 3.334808e-34
5315.020000 2.044391e-16 3.289436e-34
5317.950000 1.865399e-16 3.149603e-34
5320.880000 1.887181e-16 3.115063e-34
5323.810000 1.814775e-16 2.997300e-34
5326.740000 1.730443e-16 2.921739e-34
5329.670000 1.914529e-16 2.939161e-34
5332.600000 2.052882e-16 3.047051e-34
5335.530000 2.106732e-16 3.019491e-34
5338.460000 2.021862e-16 2.977261e-34
5341.390000 2.186317e-16 3.020430e-34
5344.320000 2.246034e-16 3.026026e-34
5347.250000 2.482468e-16 3.088148e-34
5350.180000 2.314129e-16 2.971011e-34
5353.110000 2.128584e-16 2.851742e-34
5356.040000 2.163905e-16 2.821436e-34
5358.970000 2.153394e-16 2.810382e-34
5361.900000 2.021062e-16 2.714670e-34
5364.830000 2.069899e-16 2.700451e-34
5367.760000 2.076350e-16 2.664833e-34
5370.690000 2.082558e-16 2.638934e-34
5373.620000 2.162398e-16 2.666187e-34
5376.550000 1.984211e-16 2.597829e-34
5379.480000 1.906086e-16 2.567028e-34
5382.410000 1.827064e-16 2.534469e-34
5385.340000 1.827683e-16 2.496710e-34
5388.270000 2.131892e-16 2.567332e-34
5391.200000 2.331056e-16 2.560039e-34
5394.130000 2.080418e-16 2.464324e-34
5397.060000 1.906785e-16 2.386793e-34
5399.990000 1.959546e-16 2.401964e-34
5402.920000 1.884405e-16 2.371568e-34
5405.850000 1.914979e-16 2.348798e-34
5408.780000 1.924131e-16 2.318963e-34
5411.710000 1.713035e-16 2.260557e-34
5414.640000 1.594827e-16 2.238480e-34
5417.570000 1.905976e-16 2.307999e-34
5420.500000 1.824443e-16 2.251102e-34
5423.430000 1.633747e-16 2.214992e-34
5426.360000 1.659768e-16 2.226094e-34
5429.290000 1.586294e-16 2.179881e-34
5432.220000 1.720438e-16 2.212222e-34
5435.150000 1.548450e-16 2.210302e-34
5438.080000 1.635070e-16 2.207861e-34
5441.010000 1.640991e-16 2.221829e-34
5443.940000 1.480237e-16 2.165358e-34
5446.870000 1.497759e-16 2.138852e-34
5449.800000 1.608778e-16 2.148408e-34
5452.730000 1.680149e-16 2.127534e-34
5455.660000 1.659258e-16 2.101561e-34
5458.590000 1.554963e-16 2.043192e-34
5461.520000 1.567203e-16 2.026902e-34
5464.450000 1.526455e-16 2.012875e-34
5467.380000 1.419118e-16 2.002421e-34
5470.310000 1.647813e-16 2.043252e-34
5473.240000 1.654272e-16 2.017590e-34
5476.170000 1.497800e-16 1.968425e-34
5479.100000 1.675242e-16 1.995737e-34
5482.030000 1.462972e-16 1.925986e-34
5484.960000 1.410667e-16 1.920757e-34
5487.890000 1.609586e-16 1.953597e-34
5490.820000 1.648250e-16 1.942695e-34
5493.750000 1.521270e-16 1.911320e-34
5496.680000 1.410556e-16 1.871396e-34
5499.610000 1.449046e-16 1.880276e-34
5502.540000 1.528549e-16 1.862592e-34
5505.470000 1.436389e-16 1.823466e-34
5508.400000 1.402013e-16 1.812694e-34
5511.330000 1.464132e-16 1.821198e-34
5514.260000 1.631919e-16 1.834272e-34
5517.190000 1.760938e-16 1.837411e-34
5520.120000 1.523451e-16 1.776288e-34
5523.050000 1.415521e-16 1.754493e-34
5525.980000 1.398800e-16 1.751023e-34
5528.910000 1.410876e-16 1.758793e-34
5531.840000 1.441535e-16 1.760228e-34
5534.770000 1.553231e-16 1.772460e-34
5537.700000 1.420166e-16 1.753852e-34
5540.630000 1.314502e-16 1.712842e-34
5543.560000 1.433823e-16 1.741803e-34
5546.490000 1.278323e-16 1.698739e-34
5549.420000 1.379739e-16 1.721190e-34
5552.350000 1.443353e-16 1.730416e-34
5555.280000 1.455260e-16 1.698627e-34
5558.210000 1.472734e-16 1.696196e-34
5561.140000 1.327802e-16 1.651458e-34
5564.070000 1.163570e-16 1.621929e-34
5567.000000 1.266175e-16 1.651163e-34
5569.930000 1.434311e-16 1.748737e-34
5572.860000 1.492889e-16 1.916730e-34
5575.790000 1.460869e-16 2.086527e-34
5578.720000 1.360154e-16 2.094049e-34
5581.650000 1.294216e-16 1.899978e-34
5584.580000 1.191867e-16 1.661481e-34
5587.510000 1.343488e-16 1.605329e-34
5590.440000 1.411071e-16 1.576263e-34
5593.370000 1.251728e-16 1.518374e-34
5596.300000 1.193091e-16 1.507609e-34
5599.230000 1.210361e-16 1.502113e-34
5602.160000 1.325644e-16 1.523869e-34
5605.090000 1.363025e-16 1.526310e-34
5608.020000 1.176983e-16 1.504076e-34
5610.950000 1.010144e-16 1.469312e-34
5613.880000 9.883129e-17 1.445538e-34
5616.810000 9.434143e-17 1.416721e-34
5619.740000 1.035988e-16 1.424846e-34
5622.670000 1.275959e-16 1.464537e-34
5625.600000 1.223875e-16 1.449279e-34
5628.530000 1.186592e-16 1.433000e-34
5631.460000 1.219862e-16 1.441922e-34
5634.390000 1.259069e-16 1.436553e-34
5637.320000 1.315255e-16 1.435424e-34
5640.250000 1.211655e-16 1.409215e-34
5643.180000 1.237053e-16 1.407349e-34
5646.110000 1.164022e-16 1.408152e-34
5649.040000 1.207503e-16 1.407874e-34
5651.970000 1.186421e-16 1.394540e-34
5654.900000 1.082318e-16 1.347787e-34
5657.830000 1.251970e-16 1.356538e-34
5660.760000 1.128047e-16 1.341118e-34
5663.690000 9.771540e-17 1.316824e-34
5666.620000 1.126212e-16 1.332805e-34
5669.550000 1.128157e-16 1.328306e-34
5672.480000 1.277458e-16 1.353453e-34
5675.410000 1.279988e-16 1.350253e-34
5678.340000 1.241365e-16 1.342584e-34
5681.270000 1.178446e-16 1.320660e-34
5684.200000 1.321068e-16 1.343205e-34
5687.130000 1.408974e-16 1.363770e-34
5690.060000 1.409984e-16 1.366330e-34
5692.990000 1.353974e-16 1.345145e-34
5695.920000 1.327267e-16 1.343752e-34
5698.850000 1.368061e-16 1.329263e-34
5701.780000 1.376892e-16 1.319559e-34
5704.710000 1.366494e-16 1.311672e-34
5707.640000 1.413018e-16 1.303824e-34
5710.570000 1.337447e-16 1.282289e-34
5713.500000 1.432827e-16 1.309183e-34
5716.430000 1.472832e-16 1.326692e-34
5719.360000 1.439966e-16 1.335383e-34
5722.290000 1.454366e-16 1.323178e-34
5725.220000 1.478743e-16 1.322332e-34
5728.150000 1.574422e-16 1.319984e-34
5731.080000 1.514872e-16 1.307946e-34
5734.010000 1.467442e-16 1.295758e-34
5736.940000 1.433348e-16 1.284183e-34
5739.870000 1.475237e-16 1.286248e-34
5742.800000 1.564525e-16 1.297575e-34
5745.730000 1.496777e-16 1.272211e-34
5748.660000 1.345722e-16 1.246513e-34
5751.590000 1.449550e-16 1.254991e-34
5754.520000 1.636882e-16 1.279216e-34
5757.450000 1.738415e-16 1.283211e-34
5760.380000 1.711009e-16 1.272457e-34
5763.310000 1.694996e-16 1.269405e-34
5766.240000 1.738707e-16 1.276999e-34
5769.170000 1.653049e-16 1.249519e-34
5772.100000 1.552590e-16 1.224714e-34
5775.030000 1.600090e-16 1.229392e-34
5777.960000 1.710749e-16 1.239024e-34
5780.890000 1.829419e-16 1.258339e-34
5783.820000 1.898840e-16 1.261192e-34
5786.750000 1.707396e-16 1.237120e-34
5789.680000 1.651408e-16 1.226460e-34
5792.610000 1.564221e-16 1.199658e-34
5795.540000 1.665516e-16 1.217302e-34
5798.470000 1.755755e-16 1.235041e-34
5801.400000 1.828497e-16 1.246047e-34
5804.330000 1.784096e-16 1.239310e-34
5807.260000 1.709468e-16 1.233184e-34
5810.190000 1.787438e-16 1.251352e-34
5813.120000 1.661927e-16 1.238423e-34
5816.050000 1.619638e-16 1.215563e-34
5818.980000 1.660890e-16 1.208161e-34
5821.910000 1.738454e-16 1.217778e-34
5824.840000 1.661692e-16 1.209797e-34
5827.770000 1.525244e-16 1.181608e-34
5830.700000 1.570171e-16 1.184483e-34
5833.630000 1.664180e-16 1.189524e-34
5836.560000 1.593616e-16 1.164933e-34
5839.490000 1.596362e-16 1.169261e-34
5842.420000 1.469423e-16 1.139564e-34
5845.350000 1.641421e-16 1.160242e-34
5848.280000 1.690475e-16 1.169858e-34
5851.210000 1.634095e-16 1.162151e-34
5854.140000 1.568197e-16 1.137868e-34
5857.070000 1.649260e-16 1.155644e-34
5860.000000 1.838578e-16 1.175577e-34
5862.930000 1.610630e-16 1.141210e-34
5865.860000 1.750807e-16 1.172008e-34
5868.790000 1.810223e-16 1.188002e-34
5871.720000 1.567387e-16 1.152238e-34
5874.650000 1.485168e-16 1.130438e-34
5877.580000 1.511918e-16 1.139809e-34
5880.510000 1.408869e-16 1.120825e-34
5883.440000 1.433214e-16 1.129414e-34
5886.370000 1.420173e-16 1.152103e-34
5889.300000 1.303456e-16 1.154607e-34
5892.230000 1.380751e-16 1.159760e-34
5895.160000 1.460527e-16 1.160703e-34
5898.090000 1.422283e-16 1.133307e-34
5901.020000 1.364895e-16 1.098486e-34
5903.950000 1.559441e-16 1.105550e-34
5906.880000 1.560429e-16 1.092433e-34
5909.810000 1.412579e-16 1.087324e-34
5912.740000 1.417058e-16 1.081515e-34
5915.670000 1.382863e-16 1.065860e-34
5918.600000 1.334531e-16 1.058306e-34
5921.530000 1.242322e-16 1.057819e-34
5924.460000 1.309653e-16 1.058137e-34
5927.390000 1.361579e-16 1.062812e-34
5930.320000 1.303753e-16 1.062783e-34
5933.250000 1.270611e-16 1.059887e-34
5936.180000 1.329606e-16 1.056303e-34
5939.110000 1.308177e-16 1.048197e-34
5942.040000 1.225743e-16 1.023287e-34
5944.970000 1.180262e-16 1.012392e-34
5947.900000 1.247260e-16 1.029651e-34
5950.830000 1.095278e-16 9.989106e-35
5953.760000 1.263149e-16 1.025992e-34
5956.690000 1.406432e-16 1.042705e-34
5959.620000 1.275622e-16 1.018946e-34
5962.550000 1.222243e-16 1.010681e-34
5965.480000 1.306359e-16 1.011136e-34
5968.410000 1.164561e-16 9.869655e-35
5971.340000 1.254049e-16 1.000387e-34
5974.270000 1.398666e-16 1.020633e-34
5977.200000 1.417933e-16 1.021707e-34
5980.130000 1.408688e-16 1.019229e-34
5983.060000 1.371902e-16 9.997051e-35
5985.990000 1.447116e-16 1.001223e-34
5988.920000 1.428496e-16 9.993084e-35
5991.850000 1.391539e-16 9.727297e-35
5994.780000 1.416972e-16 9.904772e-35
5997.710000 1.381204e-16 9.816386e-35
6000.640000 1.345137e-16 9.784145e-35
6003.570000 1.226563e-16 9.644113e-35
6006.500000 1.243849e-16 9.729970e-35
6009.430000 1.361713e-16 9.802227e-35
6012.360000 1.370791e-16 9.716468e-35
6015.290000 1.373929e-16 9.739754e-35
6018.220000 1.352874e-16 9.574508e-35
6021.150000 1.272041e-16 9.420990e-35
6024.080000 1.348536e-16 9.542365e-35
6027.010000 1.397115e-16 9.561651e-35
6029.940000 1.354065e-16 9.564973e-35
6032.870000 1.329703e-16 9.552706e-35
6035.800000 1.274304e-16 9.434099e-35
6038.730000 1.157773e-16 9.171088e-35
6041.660000 1.236065e-16 9.269373e-35
6044.590000 1.304675e-16 9.268765e-35
6047.520000 1.362095e-16 9.414690e-35
6050.450000 1.404979e-16 9.369036e-35
6053.380000 1.541704e-16 9.539222e-35
6056.310000 1.511963e-16 9.508157e-35
6059.240000 1.570426e-16 9.557507e-35
6062.170000 1.564949e-16 9.513408e-35
6065.100000 1.488083e-16 9.478885e-35
6068.030000 1.632063e-16 9.614147e-35
6070.960000 1.601083e-16 9.571799e-35
6073.890000 1.493550e-16 9.419475e-35
6076.820000 1.559367e-16 9.466536e-35
6079.750000 1.475608e-16 9.345769e-35
6082.680000 1.568425e-16 9.384411e-35
6085.610000 1.570191e-16 9.346812e-35
6088.540000 1.578518e-16 9.296225e-35
6091.470000 1.600072e-16 9.155976e-35
6094.400000 1.639746e-16 9.140559e-35
6097.330000 1.819624e-16 9.252124e-35
6100.260000 1.886799e-16 9.293372e-35
6103.190000 1.834170e-16 9.155287e-35
6106.120000 1.815656e-16 9.111950e-35
6109.050000 1.727345e-16 9.025828e-35
6111.980000 1.705318e-16 9.128277e-35
6114.910000 1.626943e-16 9.075257e-35
6117.840000 1.537169e-16 8.944625e-35
6120.770000 1.538174e-16 8.974182e-35
6123.700000 1.520656e-16 8.903975e-35
6126.630000 1.485639e-16 8.761300e-35
6129.560000 1.406143e-16 8.678435e-35
6132.490000 1.362486e-16 8.591639e-35
6135.420000 1.429513e-16 8.681685e-35
6138.350000 1.388516e-16 8.615639e-35
6141.280000 1.338316e-16 8.539944e-35
6144.210000 1.519574e-16 8.774425e-35
6147.140000 1.558681e-16 8.858029e-35
6150.070000 1.433844e-16 8.742171e-35
6153.000000 1.313340e-16 8.504217e-35
6155.930000 1.336171e-16 8.409533e-35
6158.860000 1.244259e-16 8.213544e-35
6161.790000 1.213363e-16 8.172238e-35
6164.720000 1.260660e-16 8.273583e-35
6167.650000 1.269181e-16 8.232976e-35
6170.580000 1.215132e-16 8.213422e-35
6173.510000 1.033809e-16 8.077264e-35
6176.440000 9.816440e-17 8.045302e-35
6179.370000 1.031573e-16 8.087864e-35
6182.300000 1.155601e-16 8.239254e-35
6185.230000 1.133191e-16 8.187877e-35
6188.160000 1.069869e-16 8.021790e-35
6191.090000 1.133206e-16 8.058626e-35
6194.020000 9.219272e-17 7.802207e-35
6196.950000 8.960026e-17 7.700428e-35
6199.880000 1.008409e-16 7.877457e-35
6202.810000 9.672035e-17 7.855376e-35
6205.740000 7.925953e-17 7.608669e-35
6208.670000 8.832321e-17 7.688197e-35
6211.600000 7.262143e-17 7.409454e-35
6214.530000 7.167607e-17 7.303388e-35
6217.460000 6.211859e-17 7.154423e-35
6220.390000 6.287813e-17 7.138584e-35
6223.320000 4.894294e-17 6.917136e-35
6226.250000 5.105794e-17 6.913403e-35
6229.180000 4.543850e-17 6.780245e-35
6232.110000 3.501703e-17 6.710646e-35
6235.040000 2.822936e-17 6.665863e-35
6237.970000 1.577850e-17 6.540361e-35
6240.900000 6.069814e-18 6.356110e-35
6243.830000 6.078945e-18 6.254981e-35
6246.760000 7.412142e-18 6.160544e-35
6249.690000 7.620944e-18 6.265710e-35
6252.620000 -6.325840e-18 6.109339e-35
6255.550000 -1.847992e-17 5.986885e-35
6258.480000 -1.673962e-17 6.002135e-35
6261.410000 -1.320696e-17 6.018062e-35
6264.340000 -1.488049e-17 6.003463e-35
6267.270000 -2.580004e-17 5.832193e-35
6270.200000 -6.951313e-18 6.006575e-35
6273.130000 -1.801852e-17 5.789781e-35
6276.060000 -2.452246e-17 5.614580e-35
6278.990000 -1.977133e-17 5.645673e-35
6281.920000 -3.003168e-17 5.505625e-35
6284.850000 -1.663563e-17 5.798905e-35
6287.780000 -2.464392e-17 5.738856e-35
6290.710000 -1.887708e-17 5.871637e-35
6293.640000 -1.282680e-17 6.025104e-35
6296.570000 -4.785319e-18 6.572988e-35
6299.500000 8.618372e-18 7.216040e-35
6302.430000 -2.448316e-18 6.967280e-35
6305.360000 -1.074547e-17 6.427402e-35
6308.290000 -7.762251e-18 6.096269e-35
6311.220000 -1.323209e-17 5.865294e-35
6314.150000 -1.451361e-17 5.731508e-35
6317.080000 -9.845514e-18 5.752605e-35
6320.010000 -8.653868e-18 5.772010e-35
6322.940000 -2.071028e-17 5.698585e-35
6325.870000 -7.609086e-18 5.971155e-35
6328.800000 -3.919235e-18 6.032456e-35
6331.730000 -6.150628e-18 5.989118e-35
6334.660000 -1.075764e-17 5.835308e-35
6337.590000 -1.390108e-17 5.743745e-35
6340.520000 -1.228290e-17 5.690980e-35
6343.450000 -1.470243e-17 5.698732e-35
6346.380000 -1.121803e-17 5.792562e-35
6349.310000 -4.057730e-18 5.909867e-35
6352.240000 1.165001e-18 6.038406e-35
6355.170000 1.533895e-19 6.032997e-35
6358.100000 1.248095e-17 6.216431e-35
6361.030000 9.337767e-18 6.239565e-35
6363.960000 2.576346e-17 6.464731e-35
6366.890000 9.784118e-18 6.204961e-35
6369.820000 7.651488e-18 6.040151e-35
6372.750000 3.159252e-17 6.242064e-35
6375.680000 2.946051e-17 6.130798e-35
6378.610000 2.648990e-17 6.008194e-35
6381.540000 3.057195e-17 6.039127e-35
6384.470000 3.588282e-17 6.170356e-35
6387.400000 3.494978e-17 6.159645e-35
6390.330000 4.544669e-17 6.226999e-35
6393.260000 4.761825e-17 6.216724e-35
6396.190000 3.224210e-17 5.994216e-35
6399.120000 3.813622e-17 6.108743e-35
6402.050000 3.654179e-17 6.104216e-35
6404.980000 4.505109e-17 6.221877e-35
6407.910000 3.793640e-17 6.089612e-35
6410.840000 6.243068e-17 6.360329e-35
6413.770000 6.974496e-17 6.367496e-35
6416.700000 6.335565e-17 6.334480e-35
6419.630000 6.297493e-17 6.405118e-35
6422.560000 5.412061e-17 6.279591e-35
6425.490000 6.523157e-17 6.392369e-35
6428.420000 5.829082e-17 6.327885e-35
6431.350000 6.492233e-17 6.344400e-35
6434.280000 7.169713e-17 6.381836e-35
6437.210000 7.889545e-17 6.402612e-35
6440.140000 8.431569e-17 6.459279e-35
6443.070000 9.027583e-17 6.528923e-35
6446.000000 9.170713e-17 6.572770e-35
6448.930000 9.421184e-17 6.621183e-35
6451.860000 9.120658e-17 6.592448e-35
6454.790000 9.356776e-17 6.592017e-35
6457.720000 9.699551e-17 6.694226e-35
6460.650000 1.025854e-16 6.783973e-35
6463.580000 9.935239e-17 6.689584e-35
6466.510000 9.174587e-17 6.633544e-35
6469.440000 1.058506e-16 6.860660e-35
6472.370000 1.049083e-16 6.781274e-35
6475.300000 1.053817e-16 6.771106e-35
6478.230000 1.216818e-16 6.948350e-35
6481.160000 1.173730e-16 6.881879e-35
6484.090000 1.003956e-16 6.646687e-35
6487.020000 1.173756e-16 6.915552e-35
6489.950000 1.070564e-16 6.846421e-35
6492.880000 1.064712e-16 6.883756e-35
6495.810000 1.202283e-16 7.115161e-35
6498.740000 1.189542e-16 7.106193e-35
6501.670000 1.089184e-16 6.943546e-35
6504.600000 1.243770e-16 7.145051e-35
6507.530000 1.233203e-16 7.108777e-35
6510.460000 1.371798e-16 7.188630e-35
6513.390000 1.305922e-16 7.022061e-35
6516.320000 1.216647e-16 6.920916e-35
6519.250000 1.336229e-16 7.076567e-35
6522.180000 1.334066e-16 7.063798e-35
6525.110000 1.262271e-16 6.969737e-35
6528.040000 1.305633e-16 7.021163e-35
6530.970000 1.326600e-16 7.136536e-35
6533.900000 1.338242e-16 7.162995e-35
6536.830000 1.337378e-16 7.110488e-35
6539.760000 1.246101e-16 6.940092e-35
6542.690000 1.285923e-16 6.984286e-35
6545.620000 1.374599e-16 7.024307e-35
6548.550000 1.348643e-16 6.954628e-35
6551.480000 1.148517e-16 6.833467e-35
6554.410000 1.164511e-16 6.913346e-35
6557.340000 1.349929e-16 7.057775e-35
6560.270000 1.282848e-16 6.970550e-35
6563.200000 1.324822e-16 7.027878e-35
6566.130000 1.257829e-16 6.897554e-35
6569.060000 1.207573e-16 6.761815e-35
6571.990000 1.206730e-16 6.753042e-35
6574.920000 1.207087e-16 6.770959e-35
6577.850000 1.227182e-16 6.842181e-35
6580.780000 1.213935e-16 6.913349e-35
6583.710000 1.279065e-16 6.853406e-35
6586.640000 1.183159e-16 6.690225e-35
6589.570000 1.278535e-16 6.763051e-35
6592.500000 1.206326e-16 6.682750e-35
6595.430000 1.163673e-16 6.662695e-35
6598.360000 1.229698e-16 6.772556e-35
6601.290000 1.293458e-16 6.909487e-35
6604.220000 1.279643e-16 6.893229e-35
6607.150000 1.272323e-16 6.871038e-35
6610.080000 1.323488e-16 6.885516e-35
6613.010000 1.257737e-16 6.745034e-35
6615.940000 1.256341e-16 6.743966e-35
6618.870000 1.200641e-16 6.666962e-35
6621.800000 1.153582e-16 6.650770e-35
6624.730000 1.312359e-16 6.862228e-35
6627.660000 1.280329e-16 6.830868e-35
6630.590000 1.226540e-16 6.677994e-35
6633.520000 1.320523e-16 6.778152e-35
6636.450000 1.258908e-16 6.733534e-35
6639.380000 1.121666e-16 6.622013e-35
6642.310000 1.101810e-16 6.581089e-35
6645.240000 1.153064e-16 6.570604e-35
6648.170000 1.174301e-16 6.600949e-35
6651.100000 1.200605e-16 6.688064e-35
6654.030000 1.185559e-16 6.645316e-35
6656.960000 1.122469e-16 6.497463e-35
6659.890000 1.102415e-16 6.499324e-35
6662.820000 1.028230e-16 6.353720e-35
6665.750000 1.145250e-16 6.472063e-35
6668.680000 1.143627e-16 6.521501e-35
6671.610000 1.089830e-16 6.427828e-35
6674.540000 1.031685e-16 6.328492e-35
6677.470000 1.018989e-16 6.261020e-35
6680.400000 1.020186e-16 6.251047e-35
6683.330000 1.048385e-16 6.295319e-35
6686.260000 1.097813e-16 6.316615e-35
6689.190000 1.097392e-16 6.252739e-35
6692.120000 1.052578e-16 6.242767e-35
6695.050000 9.882879e-17 6.193130e-35
6697.980000 1.018430e-16 6.231775e-35
6700.910000 9.053579e-17 6.049877e-35
6703.840000 9.528529e-17 6.081373e-35
6706.770000 9.971294e-17 6.177871e-35
6709.700000 9.797196e-17 6.175990e-35
6712.630000 8.755909e-17 6.071079e-35
6715.560000 8.761168e-17 6.043766e-35
6718.490000 8.865929e-17 5.998472e-35
6721.420000 9.332077e-17 5.961699e-35
6724.350000 1.073479e-16 6.076091e-35
6727.280000 9.786800e-17 5.953058e-35
6730.210000 1.005357e-16 5.957442e-35
6733.140000 9.194922e-17 5.869692e-35
6736.070000 1.007072e-16 6.027170e-35
6739.000000 9.417553e-17 6.012500e-35
6741.930000 9.420923e-17 6.007544e-35
6744.860000 8.744906e-17 5.917058e-35
6747.790000 8.414842e-17 5.924012e-35
6750.720000 7.962910e-17 5.867292e-35
6753.650000 7.139045e-17 5.777561e-35
6756.580000 7.564054e-17 5.800725e-35
6759.510000 7.981317e-17 5.835396e-35
6762.440000 7.475032e-17 5.782230e-35
6765.370000 6.979158e-17 5.698175e-35
6768.300000 7.404363e-17 5.728291e-35
6771.230000 7.362175e-17 5.718149e-35
6774.160000 7.177168e-17 5.688127e-35
6777.090000 8.096133e-17 5.864606e-35
6780.020000 7.681524e-17 5.850521e-35
6782.950000 7.269319e-17 5.797959e-35
6785.880000 7.728290e-17 5.836254e-35
6788.810000 7.703076e-17 5.745140e-35
6791.740000 7.414526e-17 5.689973e-35
6794.670000 6.919181e-17 5.615359e-35
6797.600000 7.675676e-17 5.710595e-35
6800.530000 8.034670e-17 5.751538e-35
6803.460000 7.012761e-17 5.634220e-35
6806.390000 6.038899e-17 5.475582e-35
6809.320000 6.024581e-17 5.449402e-35
6812.250000 6.364169e-17 5.480644e-35
6815.180000 6.444967e-17 5.583766e-35
6818.110000 5.991890e-17 5.616988e-35
6821.040000 5.679233e-17 5.642237e-35
6823.970000 5.486818e-17 5.674628e-35
6826.900000 5.556641e-17 5.801891e-35
6829.830000 5.809898e-17 5.886134e-35
6832.760000 5.814306e-17 5.850658e-35
6835.690000 5.920966e-17 5.760700e-35
6838.620000 6.248218e-17 5.592543e-35
6841.550000 6.251704e-17 5.459038e-35
6844.480000 6.542107e-17 5.437838e-35
6847.410000 5.909952e-17 5.312167e-35
6850.340000 6.845523e-17 5.409428e-35
6853.270000 6.491764e-17 5.373758e-35
6856.200000 5.903116e-17 5.432957e-35
6859.130000 5.940128e-17 5.534121e-35
6862.060000 5.703797e-17 5.638815e-35
6864.990000 4.576754e-17 5.379326e-35
6867.920000 5.156329e-17 5.025968e-35
6870.850000 4.752617e-17 4.607244e-35
6873.780000 5.473707e-17 4.689987e-35
6876.710000 6.574551e-17 4.930241e-35
6879.640000 6.579347e-17 5.300503e-35
6882.570000 5.836863e-17 5.334849e-35
6885.500000 5.627269e-17 5.442578e-35
6888.430000 5.306728e-17 5.522469e-35
6891.360000 4.897091e-17 5.445587e-35
6894.290000 4.331450e-17 5.402002e-35
6897.220000 4.714567e-17 5.542420e-35
6900.150000 4.925448e-17 5.584264e-35
6903.080000 5.225109e-17 5.680162e-35
6906.010000 5.220911e-17 5.569891e-35
6908.940000 4.613663e-17 5.579149e-35
6911.870000 5.286388e-17 5.815854e-35
6914.800000 5.830273e-17 5.899778e-35
6917.730000 5.031718e-17 5.823447e-35
6920.660000 5.421962e-17 5.977409e-35
6923.590000 4.723901e-17 5.979719e-35
6926.520000 4.040178e-17 5.803964e-35
6929.450000 4.410060e-17 5.740024e-35
6932.380000 4.460383e-17 5.795553e-35
6935.310000 4.031013e-17 5.750556e-35
6938.240000 4.616265e-17 5.865682e-35
6941.170000 4.391156e-17 5.856707e-35
6944.100000 4.868476e-17 5.977892e-35
6947.030000 4.343919e-17 6.036423e-35
6949.960000 3.140602e-17 5.960957e-35
6952.890000 3.898376e-17 5.928863e-35
6955.820000 4.074803e-17 5.814885e-35
6958.750000 4.432995e-17 5.835602e-35
6961.680000 4.323358e-17 5.850557e-35
6964.610000 4.109166e-17 5.834525e-35
6967.540000 3.277984e-17 5.774128e-35
6970.470000 3.095492e-17 5.812731e-35
6973.400000 3.971059e-17 5.899484e-35
6976.330000 4.018437e-17 5.922950e-35
6979.260000 4.098209e-17 5.904490e-35
6982.190000 4.255951e-17 5.789537e-35
6985.120000 3.182742e-17 5.523124e-35
6988.050000 3.047995e-17 5.496053e-35
6990.980000 3.992174e-17 5.581667e-35
6993.910000 4.051084e-17 5.610399e-35
6996.840000 3.820713e-17 5.653571e-35
6999.770000 3.675850e-17 5.671029e-35
7002.700000 3.787266e-17 5.695324e-35
7005.630000 4.107894e-17 5.741512e-35
7008.560000 4.105685e-17 5.782352e-35
7011.490000 3.446984e-17 5.723668e-35
7014.420000 2.900122e-17 5.688047e-35
7017.350000 3.062138e-17 5.640648e-35
7020.280000 3.520153e-17 5.618984e-35
7023.210000 3.071661e-17 5.509468e-35
7026.140000 3.012208e-17 5.568671e-35
7029.070000 2.665791e-17 5.552864e-35
7032.000000 2.335266e-17 5.538163e-35
7034.930000 2.730956e-17 5.618094e-35
7037.860000 2.005038e-17 5.529322e-35
7040.790000 1.935997e-17 5.551919e-35
7043.720000 2.580078e-17 5.665832e-35
7046.650000 2.713167e-17 5.689552e-35
7049.580000 2.367679e-17 5.674471e-35
7052.510000 2.535742e-17 5.633242e-35
7055.440000 3.452518e-17 5.676421e-35
7058.370000 2.768513e-17 5.610781e-35
7061.300000 1.883514e-17 5.537686e-35
7064.230000 2.280213e-17 5.566865e-35
7067.160000 2.586327e-17 5.520325e-35
7070.090000 2.607583e-17 5.515372e-35
7073.020000 2.506806e-17 5.535726e-35
7075.950000 2.827723e-17 5.575801e-35
7078.880000 3.095327e-17 5.610119e-35
7081.810000 3.348458e-17 5.617204e-35
7084.740000 2.272101e-17 5.413000e-35
7087.670000 1.982858e-17 5.341691e-35
7090.600000 2.389430e-17 5.423882e-35
7093.530000 2.262527e-17 5.375960e-35
7096.460000 2.487143e-17 5.378931e-35
7099.390000 3.184399e-17 5.471868e-35
7102.320000 2.545730e-17 5.336559e-35
7105.250000 2.090899e-17 5.277226e-35
7108.180000 1.764453e-17 5.267000e-35
7111.110000 1.525915e-17 5.250940e-35
7114.040000 1.579636e-17 5.301593e-35
7116.970000 1.836226e-17 5.346380e-35
7119.900000 1.339998e-17 5.262708e-35
7122.830000 9.462811e-18 5.180204e-35
7125.760000 1.067129e-17 5.225062e-35
7128.690000 1.593628e-17 5.290867e-35
7131.620000 2.474030e-17 5.356570e-35
7134.550000 2.172471e-17 5.311768e-35
7137.480000 1.564029e-17 5.217756e-35
7140.410000 1.313487e-17 5.244960e-35
7143.340000 6.084343e-18 5.237476e-35
7146.270000 2.681433e-18 5.162805e-35
7149.200000 4.287763e-18 5.153515e-35
7152.130000 1.237116e-17 5.212459e-35
7155.060000 1.612672e-17 5.252746e-35
7157.990000 1.527852e-17 5.210349e-35
7160.920000 1.088918e-17 5.072978e-35
7163.850000 9.645933e-18 5.038766e-35
7166.780000 1.024172e-17 5.026621e-35
7169.710000 1.248854e-17 5.064138e-35
7172.640000 1.434615e-17 5.006162e-35
7175.570000 1.383074e-17 4.939811e-35
7178.500000 1.325104e-17 4.921339e-35
7181.430000 1.108692e-17 4.862838e-35
7184.360000 4.708431e-18 4.750602e-35
7187.290000 6.720439e-18 4.755449e-35
7190.220000 5.794753e-18 4.741083e-35
7193.150000 -1.815607e-18 4.663667e-35
7196.080000 -6.576272e-19 4.600367e-35
7199.010000 1.719591e-18 4.697812e-35
7201.940000 -6.512442e-18 4.567965e-35
7204.870000 -1.872507e-18 4.595905e-35
7207.800000 3.067456e-18 4.717970e-35
7210.730000 -8.269176e-19 4.754579e-35
7213.660000 -2.664417e-18 4.790905e-35
7216.590000 -2.477868e-18 4.814191e-35
7219.520000 1.179622e-19 4.868015e-35
7222.450000 5.448987e-18 4.915857e-35
7225.380000 4.491458e-18 4.881412e-35
7228.310000 6.237252e-18 4.876055e-35
7231.240000 -2.497982e-18 4.857019e-35
7234.170000 -4.542088e-18 5.042120e-35
7237.100000 -1.131029e-18 5.543408e-35
7240.030000 -8.912102e-19 6.132545e-35
7242.960000 -4.625083e-18 6.355473e-35
7245.890000 -1.163255e-17 6.021844e-35
7248.820000 -1.399748e-17 5.508691e-35
7251.750000 -6.999255e-18 5.221739e-35
7254.680000 -1.068655e-18 5.106095e-35
7257.610000 -4.936503e-18 4.981412e-35
7260.540000 -5.615084e-18 4.859988e-35
7263.470000 -5.250428e-18 4.824167e-35
7266.400000 -1.220007e-18 4.958974e-35
7269.330000 3.628829e-18 5.156739e-35
7272.260000 -7.804838e-19 5.532690e-35
7275.190000 -1.277586e-17 5.933815e-35
7278.120000 -1.465980e-17 6.007630e-35
7281.050000 -2.679197e-18 5.792955e-35
7283.980000 -7.693924e-18 5.471773e-35
7286.910000 -1.253537e-17 5.241926e-35
7289.840000 -1.297156e-17 4.964759e-35
7292.770000 -1.235670e-17 4.927213e-35
7295.700000 -1.246081e-17 4.962990e-35
7298.630000 -9.840367e-18 5.136612e-35
7301.560000 -1.061700e-17 5.172113e-35
7304.490000 -9.431877e-18 5.178587e-35
7307.420000 -7.011419e-18 5.161995e-35
7310.350000 -4.779349e-18 5.202324e-35
7313.280000 -3.290067e-18 5.597875e-35
7316.210000 -7.600554e-18 5.908097e-35
7319.140000 -5.379692e-18 5.729633e-35
7322.070000 -7.717429e-18 5.294281e-35
7325.000000 -9.022403e-18 5.158411e-35
7327.930000 -1.408031e-17 5.320021e-35
7330.860000 -2.190232e-17 5.327812e-35
7333.790000 -2.066976e-17 5.416486e-35
7336.720000 -1.377176e-17 5.774481e-35
7339.650000 -4.985460e-18 6.364428e-35
7342.580000 5.098472e-18 6.446827e-35
7345.510000 5.080814e-18 5.906994e-35
7348.440000 4.969176e-19 5.415595e-35
7351.370000 -4.642574e-18 5.247519e-35
7354.300000 -7.760344e-18 5.284107e-35
7357.230000 -1.345981e-17 5.435442e-35
7360.160000 -6.525813e-18 5.588933e-35
7363.090000 7.505345e-19 5.631759e-35
7366.020000 -7.543237e-18 5.762425e-35
7368.950000 -1.324970e-17 6.009774e-35
7371.880000 -8.777695e-18 5.977539e-35
7374.810000 -6.735267e-18 5.515496e-35
7377.740000 -2.236648e-18 5.216900e-35
7380.670000 3.993142e-18 5.170427e-35
7383.600000 2.375926e-18 5.113979e-35
7386.530000 7.021048e-18 5.123087e-35
7389.460000 4.483601e-18 5.274828e-35
7392.390000 4.245467e-18 5.441309e-35
7395.320000 2.295709e-18 5.414957e-35
7398.250000 -3.326348e-18 5.423442e-35
7401.180000 1.086419e-18 5.582317e-35
7404.110000 -2.798829e-18 5.449245e-35
7407.040000 -4.717821e-18 5.144914e-35
7409.970000 -5.991697e-18 4.892208e-35
7412.900000 -8.467833e-18 4.781223e-35
7415.830000 -3.631164e-18 4.795219e-35
7418.760000 9.964185e-19 4.885126e-35
7421.690000 -3.797740e-18 4.831727e-35
7424.620000 -1.618322e-17 4.755334e-35
7427.550000 -1.225102e-17 4.890866e-35
7430.480000 -1.168437e-17 4.970730e-35
7433.410000 -9.846897e-18 4.994233e-35
7436.340000 -9.300429e-18 5.030451e-35
7439.270000 -1.178111e-17 5.115007e-35
7442.200000 -8.180033e-18 5.011988e-35
7445.130000 1.440577e-18 4.995759e-35
7448.060000 -7.826445e-18 4.874084e-35
7450.990000 -1.886105e-17 4.772033e-35
7453.920000 -1.051028e-17 4.821639e-35
7456.850000 -8.491653e-18 4.855336e-35
7459.780000 -1.423345e-17 4.793112e-35
7462.710000 -1.291079e-17 5.050513e-35
7465.640000 -8.169069e-18 5.213003e-35
7468.570000 -1.042110e-17 5.308133e-35
7471.500000 -1.195072e-17 5.354944e-35
7474.430000 -1.461273e-17 5.402993e-35
7477.360000 -3.903601e-18 5.573629e-35
7480.290000 1.821946e-18 5.694914e-35
7483.220000 -9.664760e-18 5.564541e-35
7486.150000 -2.253706e-17 5.269027e-35
7489.080000 -1.444717e-17 5.126201e-35
7492.010000 -2.465779e-17 4.954621e-35
7494.940000 -1.974308e-17 5.018752e-35
7497.870000 -9.012894e-18 5.077010e-35
7500.800000 -1.569546e-17 5.006496e-35
7503.730000 -1.166427e-17 5.023604e-35
7506.660000 -8.119543e-18 5.022875e-35
7509.590000 -1.594660e-17 4.933034e-35
7512.520000 -2.198640e-17 4.884689e-35
7515.450000 -2.023397e-17 4.963760e-35
7518.380000 -2.385399e-17 5.164630e-35
7521.310000 -2.344316e-17 5.573609e-35
7524.240000 -1.456711e-17 5.840863e-35
7527.170000 -1.886359e-17 5.677711e-35
7530.100000 -1.933709e-17 5.355758e-35
7533.030000 -1.605342e-17 5.138608e-35
7535.960000 -1.956455e-17 4.951071e-35
7538.890000 -1.979228e-17 4.861709e-35
7541.820000 -2.096332e-17 4.869539e-35
7544.750000 -1.996550e-17 4.825594e-35
7547.680000 -2.672429e-17 4.664559e-35
7550.610000 -3.053727e-17 4.700268e-35
7553.540000 -2.593263e-17 4.787240e-35
7556.470000 -1.649306e-17 4.973792e-35
7559.400000 -2.114885e-17 4.960264e-35
7562.330000 -3.029563e-17 4.828992e-35
7565.260000 -2.308565e-17 4.941010e-35
7568.190000 -1.902102e-17 5.097477e-35
7571.120000 -2.022718e-17 5.333090e-35
7574.050000 -2.489644e-17 5.288982e-35
7576.980000 -3.623123e-17 4.895157e-35
7579.910000 -3.686964e-17 4.668582e-35
7582.840000 -3.145406e-17 4.664135e-35
7585.770000 -2.592363e-17 4.618282e-35
7588.700000 -2.921783e-17 4.465054e-35
7591.630000 -2.772311e-17 3.975370e-35
7594.560000 -3.027373e-17 3.497714e-35
7597.490000 -1.888105e-17 3.207490e-35
7600.420000 -1.391063e-17 2.877384e-35
7603.350000 -1.647844e-17 2.497535e-35
7606.280000 -1.285556e-17 2.413361e-35
7609.210000 -1.135023e-17 2.501516e-35
7612.140000 -2.039136e-17 2.629192e-35
7615.070000 -3.206640e-17 2.905425e-35
7618.000000 -3.211583e-17 3.249786e-35
7620.930000 -2.798969e-17 3.353743e-35
7623.860000 -2.800219e-17 3.179767e-35
7626.790000 -2.424897e-17 3.149264e-35
7629.720000 -2.148474e-17 3.167628e-35
7632.650000 -2.449403e-17 3.066829e-35
7635.580000 -3.193085e-17 2.915947e-35
7638.510000 -3.748386e-17 2.906094e-35
7641.440000 -3.708766e-17 3.068505e-35
7644.370000 -3.485186e-17 3.291959e-35
7647.300000 -3.235489e-17 3.414073e-35
7650.230000 -3.861448e-17 3.537180e-35
7653.160000 -4.283332e-17 3.668045e-35
7656.090000 -4.395360e-17 3.775978e-35
7659.020000 -4.576793e-17 3.875414e-35
7661.950000 -4.718087e-17 4.052157e-35
7664.880000 -4.301157e-17 4.152227e-35
7667.810000 -4.818564e-17 4.077120e-35
7670.740000 -4.921060e-17 4.050770e-35
7673.670000 -3.604453e-17 4.250655e-35
7676.600000 -5.494952e-17 4.146819e-35
7679.530000 -5.281544e-17 4.243308e-35
7682.460000 -5.572988e-17 4.335389e-35
7685.390000 -5.681374e-17 4.491475e-35
7688.320000 -6.024403e-17 4.566544e-35
7691.250000 -6.101082e-17 4.612797e-35
7694.180000 -5.606235e-17 4.774710e-35
7697.110000 -5.589304e-17 4.828140e-35
7700.040000 -6.145599e-17 4.824713e-35
7702.970000 -6.092531e-17 4.861900e-35
7705.900000 -5.558794e-17 5.106038e-35
7708.830000 -5.607147e-17 5.611296e-35
7711.760000 -4.941959e-17 6.592288e-35
7714.690000 -5.011767e-17 7.361257e-35
7717.620000 -4.431693e-17 7.180584e-35
7720.550000 -6.014549e-17 6.252321e-35
7723.480000 -5.681101e-17 5.914093e-35
7726.410000 -5.130602e-17 5.763045e-35
7729.340000 -6.141111e-17 5.386093e-35
7732.270000 -6.238193e-17 5.205896e-35
7735.200000 -6.216278e-17 5.306798e-35
7738.130000 -7.635568e-17 5.148631e-35
7741.060000 -7.924478e-17 5.167272e-35
7743.990000 -8.246115e-17 5.460044e-35
7746.920000 -7.469310e-17 6.372457e-35
7749.850000 -5.788873e-17 7.520825e-35
7752.780000 -4.986532e-17 7.589078e-35
7755.710000 -6.252037e-17 6.592990e-35
7758.640000 -5.620711e-17 6.210346e-35
7761.570000 -5.086502e-17 6.090874e-35
7764.500000 -5.805056e-17 5.577786e-35
7767.430000 -6.254686e-17 5.336596e-35
7770.360000 -6.456035e-17 5.351813e-35
7773.290000 -6.669430e-17 5.474502e-35
7776.220000 -7.307484e-17 5.446090e-35
7779.150000 -7.292147e-17 5.503099e-35
7782.080000 -6.103873e-17 5.595710e-35
7785.010000 -6.108373e-17 5.445184e-35
7787.940000 -6.338959e-17 5.577080e-35
7790.870000 -6.776580e-17 6.084881e-35
7793.800000 -5.558332e-17 6.829590e-35
7796.730000 -6.059912e-17 6.486374e-35
7799.660000 -6.490729e-17 5.733433e-35
7802.590000 -6.410243e-17 5.333279e-35
7805.520000 -6.438440e-17 5.455236e-35
7808.450000 -6.417299e-17 5.695376e-35
7811.380000 -6.649086e-17 5.661492e-35
7814.310000 -7.826258e-17 5.527898e-35
7817.240000 -5.920930e-17 6.091931e-35
7820.170000 -4.959509e-17 6.992474e-35
7823.100000 -5.183621e-17 7.140163e-35
7826.030000 -5.180360e-17 6.245261e-35
7828.960000 -5.397402e-17 5.505253e-35
7831.890000 -5.233224e-17 5.288777e-35
7834.820000 -6.744600e-17 5.159630e-35
7837.750000 -6.116891e-17 5.496620e-35
7840.680000 -6.574803e-17 5.690479e-35
7843.610000 -6.782694e-17 5.729648e-35
7846.540000 -7.055901e-17 5.787740e-35
7849.470000 -6.747984e-17 6.431515e-35
7852.400000 -5.594554e-17 7.519408e-35
7855.330000 -4.308636e-17 7.721491e-35
7858.260000 -5.771810e-17 6.925739e-35
7861.190000 -5.031173e-17 6.510238e-35
7864.120000 -5.991711e-17 6.075370e-35
7867.050000 -6.018938e-17 6.080094e-35
7869.980000 -4.865498e-17 6.409122e-35
7872.910000 -5.071154e-17 6.299176e-35
7875.840000 -4.705627e-17 6.041328e-35
7878.770000 -4.745510e-17 6.070901e-35
7881.700000 -4.313442e-17 6.158704e-35
7884.630000 -5.287546e-17 5.982374e-35
7887.560000 -4.910872e-17 6.118295e-35
7890.490000 -4.862493e-17 6.257087e-35
7893.420000 -4.077483e-17 5.984872e-35
7896.350000 -5.589609e-17 5.251199e-35
7899.280000 -5.350726e-17 5.065132e-35
7902.210000 -5.984210e-17 5.018084e-35
7905.140000 -6.508769e-17 5.111097e-35
7908.070000 -5.524710e-17 5.851564e-35
7911.000000 -4.178531e-17 7.341338e-35
7913.930000 -4.061505e-17 8.352972e-35
7916.860000 -4.756724e-17 7.863647e-35
7919.790000 -5.262211e-17 7.150760e-35
7922.720000 -4.905328e-17 6.645687e-35
7925.650000 -4.780737e-17 6.265271e-35
7928.580000 -4.003430e-17 6.150192e-35
7931.510000 -3.301194e-17 6.260954e-35
7934.440000 -5.051298e-17 5.912640e-35
7937.370000 -6.285200e-17 5.396910e-35
7940.300000 -5.116645e-17 5.328743e-35
7943.230000 -4.957316e-17 5.468153e-35
7946.160000 -5.107837e-17 5.674278e-35
7949.090000 -3.694684e-17 6.099035e-35
7952.020000 -3.869987e-17 6.019675e-35
7954.950000 -4.533128e-17 5.729857e-35
7957.880000 -5.283864e-17 5.771525e-35
7960.810000 -4.662734e-17 6.677690e-35
7963.740000 -2.692734e-17 8.009786e-35
7966.670000 -4.205825e-17 7.748529e-35
7969.600000 -4.458970e-17 6.751813e-35
7972.530000 -5.268966e-17 5.961405e-35
7975.460000 -2.708963e-17 6.425881e-35
7978.390000 -2.324483e-17 6.809036e-35
7981.320000 -3.340283e-17 6.468085e-35
7984.250000 -3.621472e-17 6.177806e-35
7987.180000 -2.857475e-17 6.334662e-35
7990.110000 -2.595129e-17 7.288642e-35
7993.040000 -2.282623e-17 8.365078e-35
7995.970000 -3.061665e-17 7.937736e-35
7998.900000 -4.594860e-17 6.353182e-35
8001.830000 -4.074793e-17 5.767726e-35
8004.760000 -3.738839e-17 5.658410e-35
8007.690000 -4.634381e-17 5.607826e-35
8010.620000 -4.836151e-17 5.959570e-35
8013.550000 -3.385577e-17 6.455116e-35
8016.480000 -4.568952e-17 6.330198e-35
8019.410000 -4.376084e-17 6.221457e-35
8022.340000 -2.393886e-17 6.969297e-35
8025.270000 -1.819974e-17 7.704285e-35
8028.200000 -3.491683e-17 7.243590e-35
8031.130000 -3.961438e-17 6.236861e-35
8034.060000 -2.528187e-17 5.987778e-35
8036.990000 -3.228624e-17 5.757798e-35
8039.920000 -3.825683e-17 5.629658e-35
8042.850000 -3.629121e-17 5.672646e-35
8045.780000 -4.881884e-17 5.535914e-35
8048.710000 -4.166459e-17 5.779746e-35
8051.640000 -2.954825e-17 6.143429e-35
8054.570000 -2.239655e-17 6.219750e-35
8057.500000 -3.181475e-17 6.055725e-35
8060.430000 -1.891585e-17 6.526189e-35
8063.360000 -3.548360e-17 6.494645e-35
8066.290000 -4.903908e-17 5.977531e-35
8069.220000 -3.579418e-17 5.710223e-35
8072.150000 -3.847674e-17 5.531773e-35
8075.080000 -4.020270e-17 5.576893e-35
8078.010000 -4.183981e-17 5.553616e-35
8080.940000 -4.058851e-17 5.585275e-35
8083.870000 -4.218321e-17 5.510705e-35
8086.800000 -3.399380e-17 5.674712e-35
8089.730000 -3.448117e-17 5.700384e-35
8092.660000 -4.251150e-17 5.767738e-35
8095.590000 -4.824155e-17 5.757849e-35
8098.520000 -4.717585e-17 5.887048e-35
8101.450000 -4.691547e-17 5.976544e-35
8104.380000 -4.449859e-17 5.913610e-35
8107.310000 -4.665034e-17 5.773117e-35
8110.240000 -3.611826e-17 5.811003e-35
8113.170000 -2.532254e-17 5.775662e-35
8116.100000 -2.608259e-17 5.702475e-35
8119.030000 -3.100541e-17 5.631324e-35
8121.960000 -3.587956e-17 5.562964e-35
8124.890000 -3.807941e-17 5.533463e-35
8127.820000 -4.439168e-17 5.409896e-35
8130.750000 -3.638399e-17 5.453960e-35
8133.680000 -2.497821e-17 5.650605e-35
8136.610000 -2.363558e-17 5.727190e-35
8139.540000 -3.326360e-17 5.622670e-35
8142.470000 -5.363693e-17 5.328981e-35
8145.400000 -4.444538e-17 5.451158e-35
8148.330000 -4.147822e-17 5.547643e-35
8151.260000 -4.896371e-17 5.378155e-35
8154.190000 -3.051266e-17 5.480298e-35
8157.120000 -4.307253e-17 5.258274e-35
8160.050000 -4.268741e-17 5.239053e-35
8162.980000 -4.698812e-17 5.198667e-35
8165.910000 -4.723097e-17 5.204476e-35
8168.840000 -3.283094e-17 5.440523e-35
8171.770000 -3.909656e-17 5.313680e-35
8174.700000 -4.111973e-17 5.274394e-35
8177.630000 -4.324205e-17 5.216674e-35
8180.560000 -3.269633e-17 5.382266e-35
8183.490000 -2.915975e-17 5.499128e-35
8186.420000 -3.391901e-17 5.495721e-35
8189.350000 -3.647720e-17 5.467851e-35
8192.280000 -4.012087e-17 5.387699e-35
8195.210000 -3.224156e-17 5.391742e-35
8198.140000 -2.399998e-17 5.453707e-35
8201.070000 -2.735868e-17 5.496431e-35
8204.000000 -3.556354e-17 5.561693e-35
8206.930000 -3.395004e-17 5.595129e-35
8209.860000 -3.822238e-17 5.506517e-35
8212.790000 -4.451699e-17 5.346843e-35
8215.720000 -3.577293e-17 5.454829e-35
8218.650000 -3.588434e-17 5.449472e-35
8221.580000 -2.941509e-17 5.382354e-35
8224.510000 -2.164949e-17 5.447866e-35
8227.440000 -2.872510e-17 5.365699e-35
8230.370000 -3.902726e-17 5.201402e-35
8233.300000 -4.250832e-17 5.253070e-35
8236.230000 -4.514338e-17 5.314989e-35
8239.160000 -3.980791e-17 5.569023e-35
8242.090000 -4.883203e-17 5.536206e-35
8245.020000 -4.721900e-17 5.560105e-35
8247.950000 -4.648152e-17 5.648230e-35
8250.880000 -4.324516e-17 5.800220e-35
8253.810000 -5.723527e-17 5.504875e-35
8256.740000 -5.351437e-17 5.458102e-35
8259.670000 -3.882058e-17 5.620237e-35
8262.600000 -4.886034e-17 5.539943e-35
8265.530000 -3.923510e-17 5.719501e-35
8268.460000 -4.612364e-17 5.657341e-35
8271.390000 -5.832386e-17 5.564500e-35
8274.320000 -6.014904e-17 5.931759e-35
8277.250000 -5.852293e-17 6.706570e-35
8280.180000 -5.886350e-17 7.459785e-35
8283.110000 -5.768054e-17 7.974850e-35
8286.040000 -4.472813e-17 8.427913e-35
8288.970000 -4.991995e-17 8.442464e-35
8291.900000 -8.093915e-17 7.537916e-35
8294.830000 -7.888822e-17 7.644153e-35
8297.760000 -5.048984e-17 8.881723e-35
8300.690000 -5.054325e-17 8.376522e-35
8303.620000 -6.284953e-17 7.021752e-35
8306.550000 -5.521708e-17 6.422225e-35
8309.480000 -4.641870e-17 6.595730e-35
8312.410000 -5.979192e-17 6.412399e-35
8315.340000 -6.637839e-17 6.096653e-35
8318.270000 -7.249114e-17 5.720815e-35
8321.200000 -7.973421e-17 5.460443e-35
8324.130000 -8.834567e-17 5.413616e-35
8327.060000 -8.503523e-17 5.556235e-35
8329.990000 -7.198101e-17 5.764057e-35
8332.920000 -7.807479e-17 5.725717e-35
8335.850000 -9.096964e-17 5.866159e-35
8338.780000 -8.884824e-17 7.067656e-35
8341.710000 -6.661002e-17 1.018092e-34
8344.640000 -5.813539e-17 1.253725e-34
8347.570000 -8.107368e-17 1.104848e-34
8350.500000 -8.266502e-17 8.946528e-35
8353.430000 -7.874550e-17 8.147517e-35
8356.360000 -9.358746e-17 6.959748e-35
8359.290000 -8.861739e-17 6.217427e-35
8362.220000 -9.632253e-17 6.198389e-35
8365.150000 -9.431632e-17 6.575999e-35
8368.080000 -9.018806e-17 6.342056e-35
8371.010000 -9.971085e-17 5.674799e-35
8373.940000 -9.091584e-17 5.810349e-35
8376.870000 -9.234391e-17 5.983165e-35
8379.800000 -8.287793e-17 6.654730e-35
8382.730000 -9.237675e-17 6.896381e-35
8385.660000 -9.906903e-17 6.382624e-35
8388.590000 -9.541851e-17 5.915857e-35
8391.520000 -9.761110e-17 6.020609e-35
8394.450000 -9.856718e-17 7.274539e-35
8397.380000 -7.521453e-17 9.989071e-35
8400.310000 -9.276768e-17 1.063458e-34
8403.240000 -1.191351e-16 8.323201e-35
8406.170000 -9.941558e-17 6.690914e-35
8409.100000 -9.143063e-17 6.345812e-35
8412.030000 -8.554051e-17 7.081461e-35
8414.960000 -8.442156e-17 7.774687e-35
8417.890000 -9.180760e-17 7.385198e-35
8420.820000 -1.053939e-16 6.569868e-35
8423.750000 -1.149941e-16 6.741326e-35
8426.680000 -9.708136e-17 8.992867e-35
8429.610000 -8.653545e-17 1.140505e-34
8432.540000 -8.504622e-17 1.083773e-34
8435.470000 -9.155553e-17 8.000250e-35
8438.400000 -1.047899e-16 6.079826e-35
8441.330000 -1.060295e-16 5.768672e-35
8444.260000 -1.024679e-16 6.111977e-35
8447.190000 -1.033498e-16 6.528976e-35
8450.120000 -8.150027e-17 7.448460e-35
8453.050000 -7.807220e-17 7.737013e-35
8455.980000 -1.044011e-16 6.848113e-35
8458.910000 -1.201572e-16 6.601371e-35
8461.840000 -8.726274e-17 8.327071e-35
8464.770000 -7.904142e-17 9.811321e-35
8467.700000 -9.995032e-17 8.837156e-35
8470.630000 -1.071891e-16 6.864029e-35
8473.560000 -9.694126e-17 5.891252e-35
8476.490000 -1.002670e-16 5.630496e-35
8479.420000 -1.060273e-16 5.403873e-35
8482.350000 -1.023350e-16 5.435764e-35
8485.280000 -9.589677e-17 5.459351e-35
8488.210000 -1.052177e-16 5.559028e-35
8491.140000 -9.616886e-17 6.240221e-35
8494.070000 -9.224064e-17 6.678584e-35
8497.000000 -9.883376e-17 6.264273e-35
8499.930000 -8.909752e-17 6.594977e-35
8502.860000 -9.171811e-17 7.349160e-35
8505.790000 -8.726321e-17 7.626161e-35
8508.720000 -9.138828e-17 6.778843e-35
8511.650000 -9.810578e-17 5.878357e-35
8514.580000 -9.927025e-17 5.545233e-35
8517.510000 -1.053490e-16 5.604056e-35
8520.440000 -1.257525e-16 5.350543e-35
8523.370000 -1.239841e-16 5.381251e-35
8526.300000 -1.117878e-16 5.693240e-35
8529.230000 -1.171002e-16 5.569815e-35
8532.160000 -1.170983e-16 5.653339e-35
8535.090000 -1.071971e-16 5.949366e-35
8538.020000 -1.125673e-16 6.044690e-35
8540.950000 -1.161513e-16 5.958492e-35
8543.880000 -1.195409e-16 5.876117e-35
8546.810000 -1.167627e-16 6.252208e-35
8549.740000 -1.082904e-16 6.712993e-35
8552.670000 -1.101641e-16 6.479045e-35
8555.600000 -1.200496e-16 5.983022e-35
8558.530000 -1.102179e-16 5.955814e-35
8561.460000 -1.036928e-16 6.043342e-35
8564.390000 -1.082092e-16 6.025245e-35
8567.320000 -1.093775e-16 5.923286e-35
8570.250000 -1.061966e-16 5.945807e-35
8573.180000 -1.013657e-16 6.001574e-35
8576.110000 -9.593100e-17 6.057671e-35
8579.040000 -9.440294e-17 5.982650e-35
8581.970000 -1.056567e-16 5.904580e-35
8584.900000 -9.440958e-17 6.029159e-35
8587.830000 -9.271232e-17 6.159887e-35
8590.760000 -9.583318e-17 6.121257e-35
8593.690000 -8.883787e-17 6.265222e-35
8596.620000 -9.413024e-17 6.257843e-35
8599.550000 -1.029289e-16 5.999188e-35
8602.480000 -8.654678e-17 5.945768e-35
8605.410000 -7.946062e-17 5.991098e-35
8608.340000 -9.534391e-17 5.977210e-35
8611.270000 -9.005640e-17 6.125191e-35
8614.200000 -7.955977e-17 6.475649e-35
8617.130000 -8.463553e-17 6.569740e-35
8620.060000 -8.926375e-17 6.862078e-35
8622.990000 -7.724811e-17 7.613200e-35
8625.920000 -7.270176e-17 8.096887e-35
8628.850000 -7.846789e-17 8.137194e-35
8631.780000 -6.445354e-17 8.304111e-35
8634.710000 -7.447116e-17 7.875283e-35
8637.640000 -7.541662e-17 7.373481e-35
8640.570000 -7.659237e-17 7.012982e-35
8643.500000 -7.873226e-17 6.918197e-35
8646.430000 -7.919620e-17 7.138228e-35
8649.360000 -7.150057e-17 7.725824e-35
8652.290000 -6.123985e-17 8.249463e-35
8655.220000 -6.586873e-17 8.384138e-35
8658.150000 -7.727542e-17 8.244521e-35
8661.080000 -6.787973e-17 8.392026e-35
8664.010000 -7.560664e-17 8.141962e-35
8666.940000 -7.179470e-17 8.015414e-35
8669.870000 -6.659620e-17 7.996735e-35
8672.800000 -6.440696e-17 7.810926e-35
8675.730000 -6.615813e-17 7.545867e-35
8678.660000 -7.198343e-17 7.295520e-35
8681.590000 -7.990112e-17 7.058846e-35
8684.520000 -7.520487e-17 7.019958e-35
8687.450000 -7.269310e-17 6.988011e-35
8690.380000 -7.547341e-17 6.939081e-35
8693.310000 -7.748332e-17 6.774869e-35
8696.240000 -6.826380e-17 6.794370e-35
8699.170000 -5.652908e-17 7.011591e-35
8702.100000 -5.291542e-17 7.138470e-35
8705.030000 -6.100159e-17 7.144104e-35
8707.960000 -7.001715e-17 7.054265e-35
8710.890000 -7.642995e-17 6.966208e-35
8713.820000 -6.322319e-17 7.032428e-35
8716.750000 -6.030204e-17 7.035632e-35
8719.680000 -5.721408e-17 6.884542e-35
8722.610000 -5.716372e-17 6.840055e-35
8725.540000 -5.222802e-17 6.986276e-35
8728.470000 -5.522989e-17 7.071558e-35
8731.400000 -5.637555e-17 7.242164e-35
8734.330000 -5.691983e-17 7.127511e-35
8737.260000 -6.163454e-17 6.978770e-35
8740.190000 -5.587771e-17 6.814044e-35
8743.120000 -4.307064e-17 6.879483e-35
8746.050000 -4.363433e-17 6.921190e-35
8748.980000 -4.568948e-17 6.951533e-35
8751.910000 -4.794584e-17 7.273040e-35
8754.840000 -4.821121e-17 8.215640e-35
8757.770000 -4.076230e-17 1.002122e-34
8760.700000 -3.547686e-17 1.152944e-34
8763.630000 -3.355482e-17 1.249299e-34
8766.560000 -1.617495e-17 1.313073e-34
8769.490000 -1.832914e-17 1.249660e-34
8772.420000 -2.128886e-17 1.145110e-34
8775.350000 -8.357676e-18 1.237783e-34
8778.280000 -1.682189e-17 1.301433e-34
8781.210000 -3.877334e-17 1.074905e-34
8784.140000 -4.268270e-17 8.307912e-35
8787.070000 -3.462077e-17 7.944821e-35
8790.000000 -3.468048e-17 8.263167e-35
8792.930000 -2.975094e-17 8.368597e-35
8795.860000 -1.319067e-17 7.906505e-35
8798.790000 -1.703067e-17 7.133031e-35
8801.720000 -2.281860e-17 6.980359e-35
8804.650000 -3.436318e-17 6.872222e-35
8807.580000 -4.068615e-17 6.925346e-35
8810.510000 -2.990112e-17 7.176705e-35
8813.440000 -2.883365e-17 7.325228e-35
8816.370000 -3.087546e-17 7.612098e-35
8819.300000 -2.780655e-17 8.739042e-35
8822.230000 -1.179115e-17 1.216770e-34
8825.160000 1.408346e-18 1.792001e-34
8828.090000 -3.620622e-17 1.942433e-34
8831.020000 -5.207098e-17 1.550467e-34
8833.950000 -1.724151e-17 1.282224e-34
8836.880000 -2.051299e-17 1.199959e-34
8839.810000 -5.095681e-18 1.056176e-34
8842.740000 -1.241619e-17 8.624294e-35
8845.670000 -2.274361e-18 8.281770e-35
8848.600000 2.059442e-18 8.634442e-35
8851.530000 -1.603089e-17 8.232844e-35
8854.460000 -2.673012e-17 7.505917e-35
8857.390000 -1.943295e-17 7.310815e-35
8860.320000 -1.881469e-17 7.654072e-35
8863.250000 -1.362211e-17 8.836533e-35
8866.180000 -2.400834e-19 1.059663e-34
8869.110000 -1.047233e-17 1.066781e-34
8872.040000 -2.492915e-17 8.916378e-35
8874.970000 -3.259527e-17 7.779664e-35
8877.900000 -2.676744e-17 7.967072e-35
8880.830000 -6.813212e-18 1.024350e-34
8883.760000 1.166086e-17 1.442764e-34
8886.690000 2.560620e-20 1.612198e-34
8889.620000 -1.908491e-17 1.313376e-34
8892.550000 -1.596599e-17 9.600408e-35
8895.480000 -1.009482e-17 8.581825e-35
8898.410000 -1.441755e-17 9.141812e-35
8901.340000 -1.206186e-17 1.043825e-34
8904.270000 -3.300547e-17 1.083483e-34
8907.200000 -4.599626e-17 9.586060e-35
8910.130000 -2.406636e-17 8.882101e-35
8913.060000 -2.523332e-18 1.008087e-34
8915.990000 2.670327e-17 1.390719e-34
8918.920000 2.912647e-17 1.796549e-34
8921.850000 3.093325e-20 1.680214e-34
8924.780000 -1.976061e-17 1.178583e-34
8927.710000 -2.537335e-17 8.988013e-35
8930.640000 -2.677198e-17 8.462101e-35
8933.570000 -1.898310e-17 8.507040e-35
8936.500000 -1.334554e-17 8.855795e-35
8939.430000 -8.682985e-19 9.809063e-35
8942.360000 -5.085058e-18 1.078053e-34
8945.290000 -2.124093e-17 1.045797e-34
8948.220000 -3.187591e-17 9.125245e-35
8951.150000 -2.877017e-17 8.951378e-35
8954.080000 -5.500486e-18 1.152158e-34
8957.010000 1.661022e-17 1.520812e-34
8959.940000 -1.727397e-18 1.501305e-34
8962.870000 -2.055363e-17 1.098576e-34
8965.800000 -1.427583e-17 8.352099e-35
8968.730000 -1.303750e-17 7.635751e-35
8971.660000 -6.350654e-18 7.630045e-35
8974.590000 -7.856103e-18 7.607462e-35
8977.520000 -1.043590e-17 7.494003e-35
8980.450000 -1.547063e-17 7.679051e-35
8983.380000 -5.379101e-18 8.216871e-35
8986.310000 6.053684e-19 9.242532e-35
8989.240000 8.097701e-19 9.608010e-35
8992.170000 -2.647598e-20 9.031157e-35
8995.100000 -8.099870e-18 8.880713e-35
8998.030000 4.065304e-18 1.034751e-34
9000.960000 -2.308598e-18 1.206217e-34
9003.890000 -1.238396e-17 1.142833e-34
9006.820000 -1.105875e-17 9.310981e-35
9009.750000 -2.164272e-17 8.104058e-35
9012.680000 -3.353239e-17 7.813945e-35
9015.610000 -3.338105e-17 7.769154e-35
9018.540000 -3.959233e-17 7.739648e-35
9021.470000 -3.574958e-17 7.804952e-35
9024.400000 -2.554717e-17 7.996455e-35
9027.330000 -2.427203e-17 7.999782e-35
9030.260000 -3.028323e-17 8.181534e-35
9033.190000 -2.998230e-17 8.858268e-35
9036.120000 -1.997120e-17 9.742137e-35
9039.050000 -2.406569e-17 9.772048e-35
9041.980000 -3.601648e-17 9.282582e-35
9044.910000 -1.904962e-17 9.414151e-35
9047.840000 -1.518609e-17 1.016313e-34
9050.770000 -2.647399e-17 1.005163e-34
9053.700000 -3.388310e-17 9.213782e-35
9056.630000 -3.495530e-17 8.667370e-35
9059.560000 -2.828876e-17 8.669855e-35
9062.490000 -3.132514e-17 8.469110e-35
9065.420000 -3.321612e-17 8.357353e-35
9068.350000 -3.602669e-17 8.026715e-35
9071.280000 -3.175830e-17 7.638200e-35
9074.210000 -2.758481e-17 7.591974e-35
9077.140000 -3.205901e-17 7.793183e-35
9080.070000 -3.321862e-17 8.068834e-35
9083.000000 -4.296365e-17 8.433819e-35
9085.930000 -4.323822e-17 8.522104e-35
9088.860000 -4.778481e-17 8.482102e-35
9091.790000 -5.015467e-17 8.495969e-35
9094.720000 -5.666085e-17 8.527278e-35
9097.650000 -5.811214e-17 8.393616e-35
9100.580000 -4.938023e-17 9.059809e-35
9103.510000 -4.076308e-17 9.672854e-35
9106.440000 -4.647087e-17 9.348728e-35
9109.370000 -5.317507e-17 8.942423e-35
9112.300000 -3.961359e-17 8.991731e-35
9115.230000 -4.328700e-17 8.588211e-35
9118.160000 -4.951342e-17 8.169494e-35
9121.090000 -5.430703e-17 8.138998e-35
9124.020000 -5.647629e-17 8.284820e-35
9126.950000 -5.666093e-17 8.400914e-35
9129.880000 -5.045883e-17 8.815634e-35
9132.810000 -4.093393e-17 9.174599e-35
9135.740000 -4.670319e-17 8.967227e-35
9138.670000 -5.163847e-17 8.556761e-35
9141.600000 -5.231087e-17 8.490927e-35
9144.530000 -6.045552e-17 8.385712e-35
9147.460000 -5.389923e-17 8.636777e-35
9150.390000 -4.945395e-17 9.007708e-35
9153.320000 -3.218227e-17 9.514090e-35
9156.250000 -3.403273e-17 9.485781e-35
9159.180000 -5.984928e-17 9.174956e-35
9162.110000 -6.010772e-17 8.946167e-35
9165.040000 -5.604501e-17 8.562839e-35
9167.970000 -5.705598e-17 8.378755e-35
9170.900000 -4.908335e-17 8.636349e-35
9173.830000 -3.682929e-17 8.881662e-35
9176.760000 -3.920003e-17 8.840496e-35
9179.690000 -4.369587e-17 8.803777e-35
9182.620000 -4.904135e-17 8.827412e-35
9185.550000 -5.503015e-17 8.707171e-35
9188.480000 -5.715649e-17 8.667985e-35
9191.410000 -6.285154e-17 8.421351e-35
9194.340000 -6.555265e-17 8.359982e-35
9197.270000 -5.267018e-17 8.776429e-35
9200.200000 -4.380956e-17 8.995967e-35
9203.130000 -4.842384e-17 8.951230e-35
9206.060000 -5.362319e-17 9.183970e-35
9208.990000 -7.082156e-17 9.240154e-35
9211.920000 -7.299013e-17 9.426546e-35
9214.850000 -7.387970e-17 9.801790e-35
9217.780000 -7.665441e-17 9.774705e-35
9220.710000 -7.328710e-17 9.651791e-35
9223.640000 -6.342045e-17 9.922768e-35
9226.570000 -6.245593e-17 1.011191e-34
9229.500000 -6.363110e-17 9.799511e-35
9232.430000 -7.076788e-17 9.277447e-35
9235.360000 -7.470280e-17 8.990305e-35
9238.290000 -7.070381e-17 9.166759e-35
9241.220000 -6.009306e-17 9.042978e-35
9244.150000 -7.757013e-17 8.430627e-35
9247.080000 -6.765380e-17 8.648491e-35
9250.010000 -5.101968e-17 9.022715e-35
9252.940000 -5.421168e-17 9.293833e-35
9255.870000 -5.468523e-17 9.389228e-35
9258.800000 -6.384703e-17 9.343566e-35
9261.730000 -6.837722e-17 9.211002e-35
9264.660000 -7.262787e-17 8.905264e-35
9267.590000 -6.164459e-17 8.849957e-35
9270.520000 -7.617655e-17 8.358756e-35
9273.450000 -6.535510e-17 8.398163e-35
9276.380000 -6.328109e-17 8.617006e-35
9279.310000 -5.844902e-17 8.940397e-35
9282.240000 -5.565468e-17 9.115652e-35
9285.170000 -6.628405e-17 9.035876e-35
9288.100000 -7.010935e-17 9.141785e-35
9291.030000 -7.091675e-17 9.134577e-35
9293.960000 -7.753769e-17 8.960578e-35
9296.890000 -6.842565e-17 9.282766e-35
9299.820000 -7.127463e-17 9.975463e-35
9302.750000 -6.688869e-17 1.261514e-34
9305.680000 -5.129772e-17 1.810969e-34
9308.610000 -1.478554e-17 2.300751e-34
9311.540000 -1.200593e-17 2.465159e-34
9314.470000 -6.615590e-18 2.310943e-34
9317.400000 -2.650126e-17 1.873211e-34
9320.330000 -5.439684e-17 1.734317e-34
9323.260000 -6.020600e-17 1.901549e-34
9326.190000 -7.076772e-17 1.720551e-34
9329.120000 -8.213139e-17 1.243302e-34
9332.050000 -5.819148e-17 1.076836e-34
9334.980000 -4.455605e-17 1.077543e-34
9337.910000 -4.454142e-17 1.109198e-34
9340.840000 -3.344953e-17 8.774385e-35
9343.770000 -2.564647e-17 7.669270e-35
9346.700000 -3.994380e-17 7.499580e-35
9349.630000 -5.032040e-17 7.732046e-35
9352.560000 -5.126843e-17 7.584404e-35
9355.490000 -4.779397e-17 7.309754e-35
9358.420000 -4.392330e-17 7.354889e-35
9361.350000 -4.136567e-17 8.022300e-35
9364.280000 -4.575637e-17 8.775881e-35
9367.210000 -5.471027e-17 9.847797e-35
9370.140000 -5.765329e-17 1.346601e-34
9373.070000 -4.367987e-17 2.208635e-34
9376.000000 -1.498837e-17 2.936998e-34
9378.930000 -3.638225e-17 2.440779e-34
9381.860000 -5.896996e-17 1.577917e-34
9384.790000 -5.998143e-17 1.221851e-34
9387.720000 -6.527720e-17 1.150809e-34
9390.650000 -6.803357e-17 1.082499e-34
9393.580000 -7.310765e-17 1.056830e-34
9396.510000 -5.919081e-17 1.149018e-34
9399.440000 -5.728743e-17 1.304333e-34
9402.370000 -6.651117e-17 1.381094e-34
9405.300000 -6.994851e-17 1.305704e-34
9408.230000 -7.886500e-17 1.130759e-34
9411.160000 -7.178013e-17 1.108143e-34
9414.090000 -6.251724e-17 1.221197e-34
9417.020000 -8.042456e-17 1.403655e-34
9419.950000 -6.276617e-17 1.651649e-34
9422.880000 -5.964521e-17 1.570679e-34
9425.810000 -6.558320e-17 1.290893e-34
9428.740000 -7.241068e-17 1.113884e-34
9431.670000 -8.662902e-17 1.168099e-34
9434.600000 -8.262436e-17 1.573055e-34
9437.530000 -5.897458e-17 2.396481e-34
9440.460000 -5.231862e-17 2.871194e-34
9443.390000 -4.515859e-17 2.364140e-34
9446.320000 -6.982037e-17 1.637843e-34
9449.250000 -7.012125e-17 1.405847e-34
9452.180000 -8.262544e-17 1.430658e-34
9455.110000 -7.487348e-17 1.644467e-34
9458.040000 -4.365853e-17 1.953508e-34
9460.970000 -5.442389e-17 1.890886e-34
9463.900000 -7.747923e-17 1.512658e-34
9466.830000 -8.546030e-17 1.244075e-34
9469.760000 -8.093749e-17 1.341829e-34
9472.690000 -6.308413e-17 1.888422e-34
9475.620000 -3.573682e-17 2.775087e-34
9478.550000 -1.901239e-17 2.893830e-34
9481.480000 -4.844461e-17 2.028666e-34
9484.410000 -6.705058e-17 1.375306e-34
9487.340000 -4.447674e-17 1.298040e-34
9490.270000 -6.105591e-17 1.410889e-34
9493.200000 -9.249825e-17 1.338387e-34
9496.130000 -8.901925e-17 1.403098e-34
9499.060000 -8.334718e-17 1.639900e-34
9501.990000 -5.651029e-17 2.039855e-34
9504.920000 -3.174883e-17 2.147876e-34
9507.850000 -5.530910e-17 1.788696e-34
9510.780000 -5.069547e-17 1.524099e-34
9513.710000 -4.288993e-17 1.718855e-34
9516.640000 -4.145319e-17 2.152418e-34
9519.570000 -4.474059e-17 2.521879e-34
9522.500000 -6.126890e-17 2.238892e-34
9525.430000 -5.937722e-17 1.689648e-34
9528.360000 -7.234942e-17 1.384569e-34
9531.290000 -6.216080e-17 1.376586e-34
9534.220000 -4.791643e-17 1.434146e-34
9537.150000 -6.058246e-17 1.436852e-34
9540.080000 -6.126708e-17 1.450812e-34
9543.010000 -5.895433e-17 1.400013e-34
9545.940000 -5.002874e-17 1.475545e-34
9548.870000 -5.812740e-17 1.631187e-34
9551.800000 -6.544480e-17 1.846726e-34
9554.730000 -5.905424e-17 1.810095e-34
9557.660000 -6.687472e-17 1.595728e-34
9560.590000 -6.986358e-17 1.605475e-34
9563.520000 -4.522598e-17 2.012211e-34
9566.450000 -2.411474e-17 2.569694e-34
9569.380000 -2.766965e-17 2.623001e-34
9572.310000 -3.838721e-17 2.143251e-34
9575.240000 -5.486914e-17 1.733506e-34
9578.170000 -5.570324e-17 1.685053e-34
9581.100000 -6.649416e-17 1.623050e-34
9584.030000 -5.369885e-17 1.640652e-34
9586.960000 -6.553446e-17 1.587420e-34
9589.890000 -6.837395e-17 1.561019e-34
9592.820000 -7.425369e-17 1.567058e-34
9595.750000 -6.258640e-17 1.690650e-34
9598.680000 -6.238957e-17 1.747634e-34
9601.610000 -7.113946e-17 1.784991e-34
9604.540000 -5.271370e-17 1.975927e-34
9607.470000 -7.978581e-17 2.019203e-34
9610.400000 -9.292791e-17 1.976526e-34
9613.330000 -1.034752e-16 1.811199e-34
9616.260000 -7.487948e-17 1.953963e-34
9619.190000 -5.852665e-17 2.168133e-34
9622.120000 -5.793230e-17 2.260735e-34
9625.050000 -6.373480e-17 2.122795e-34
9627.980000 -6.835330e-17 1.923113e-34
9630.910000 -6.568943e-17 1.926279e-34
9633.840000 -6.507116e-17 1.871179e-34
9636.770000 -3.366053e-17 1.880769e-34
9639.700000 -6.803535e-17 1.740553e-34
9642.630000 -7.050652e-17 1.655244e-34
9645.560000 -5.774796e-17 1.728234e-34
9648.490000 -7.164495e-17 1.776529e-34
9651.420000 -7.018475e-17 1.808573e-34
9654.350000 -7.372558e-17 1.896269e-34
9657.280000 -8.826237e-17 1.904211e-34
9660.210000 -8.222079e-17 1.930836e-34
9663.140000 -6.964306e-17 1.941083e-34
9666.070000 -5.313731e-17 2.069141e-34
9669.000000 -5.262430e-17 2.160112e-34
9671.930000 -7.757798e-17 2.077315e-34
9674.860000 -7.817415e-17 2.064438e-34
9677.790000 -8.636856e-17 2.255962e-34
9680.720000 -6.023385e-17 2.643190e-34
9683.650000 -4.687001e-17 2.738590e-34
9686.580000 -4.155571e-17 2.643997e-34
9689.510000 -3.437276e-17 2.426223e-34
9692.440000 -5.079716e-17 2.248214e-34
9695.370000 -6.649050e-17 2.312261e-34
9698.300000 -7.373931e-17 2.564758e-34
9701.230000 -7.646381e-17 2.458326e-34
