# SIMPLE = True
# BITPIX = 8
# NAXIS = 0
# EXTEND = True
# VERSPYT = 3.8.3
# VERSNPY = 1.19.0
# VERSSCI = 1.5.1
# VERSAST = 4.0.1.post1
# VERSSKL = 0.23.1
# VERSPYP = 1.0.5
# DATE = 2020-08-08
# RA = 195.14000025544
# DEC = 27.5032005251442
# TARGET = ZTF20abjyryn
# DISPNAME = Grism_4
# DECKER = Slit_1.0
# BINNING = 1,1
# MJD = 59068.87202377315
# AIRMASS = 1.55893479459019
# EXPTIME = 1800.0
# FILENAME = ALDh070082.fits
# INSTRUME = ALFOSC_FASU
# PYPELINE = MultiSlit
# PYP_SPEC = not_alfosc
# TELESCOP = NOT
# LON-OBS = 17.88432979
# LAT-OBS = 28.7543303
# ALT-OBS = 2465.5
# DMODCLS = SpecObjs
# DMODVER = 1.0.0
# EXT0000 = SPAT0247-SLIT0250-DET01
# NSPEC = 1
4000.137366586596 12.993785982881592 0.7247779553671029
4003.205050983582 10.741695278995323 0.6905433973920548
4006.273979739457 12.304958963119365 0.7090922504301321
4009.344116013398 11.853268043804995 0.7022405948162593
4012.415457269862 10.971969519605413 0.6919283970091229
4015.4880373517212 12.368262266729287 0.7119168455551633
4018.561814186715 11.82398648300449 0.6982728978965173
4021.6368185406977 13.57451045008273 0.7226562081489989
4024.7130252694997 14.224000345768781 0.727943353544943
4027.7904305295046 13.10576838080882 0.7113654555095265
4030.8690287548143 11.016209729897115 0.6720450343478134
4033.948853983998 11.52834243217659 0.6848326304569265
4037.02989419388 13.198502547558391 0.6982089116915341
4040.112110558503 11.859837182326107 0.6783847488510917
4043.1955470608214 13.314257357887634 0.6947315270470941
4046.280130806032 14.41119848961051 0.7111406362656341
4049.3659918171265 13.386934257737378 0.6937102348666357
4052.4529980111324 13.608738997368862 0.6948194388682
4055.5412149858385 13.509562520400179 0.692742301144558
4058.630931468828 14.645051308052125 0.6925821044448932
4061.7211997135514 12.857024620144047 0.6744824205994128
4064.8129834869674 13.228240419913874 0.6795723741420886
4067.9050659456666 12.526805624635136 0.674041042632927
4071.0000883326434 12.072637597136403 0.6633897170711386
4074.09543297646 13.193374385356465 0.6787045816144857
4077.1919411239774 12.503248993679001 0.668467409740584
4080.289638860188 12.548292277838286 0.6668874827218069
4083.3885109494813 12.259668565333845 0.6604794987550154
4086.4885752061905 13.52501350247139 0.6740199861999603
4089.589785245206 11.298524193411277 0.6456076086380653
4092.692184076527 11.026694703305226 0.641044629613574
4095.795765067546 11.53444054047339 0.6405541412469534
4098.900499930797 11.156112033806727 0.6281614877334474
4102.0064175627895 10.529875156288693 0.6166664028680868
4105.113510988934 12.293050222266952 0.6384984204335403
4108.221762500936 12.907554187050168 0.6481665791172133
4111.331155112798 10.801083434112673 0.6207777570227131
4114.441722865708 13.513444183901752 0.6529366444756205
4117.553475638221 13.255168391624746 0.6589295082767005
4120.666360637651 12.794586647082989 0.6524630737176578
4123.7805798542895 14.524773255909295 0.66638713835658
4126.8956355475475 14.440931890962199 0.662754557908678
4130.0119826800665 15.80989829069169 0.6755702204116832
4133.129519565151 15.510943187923521 0.6722215023488244
4136.248637754956 14.839717662152221 0.6553891102777657
4139.36798546483 14.114399931481254 0.6501621071341082
4142.488950015527 14.624163697107077 0.6609957616294959
4145.61106335407 14.663366661596378 0.6575939756060298
4148.734315589367 15.011556987395672 0.6622809636523499
4151.858717837028 15.039028973457789 0.6531245940148775
4154.984250865111 14.83341580158293 0.652003194807281
4158.110942442541 16.059558061586603 0.6697133778071335
4161.238731945062 13.19399239351072 0.6359846252816174
4164.367691183804 14.205530575363822 0.6497358906375706
4167.49775575714 13.077296616842625 0.6295719320348051
4170.628987903305 12.182547350429413 0.6212234395833974
4173.761345777987 12.008642444310672 0.6176028921184262
4176.894850198446 13.445233679061305 0.6275812624665474
4180.029457336219 12.75254598399288 0.6162874358026088
4183.165210810848 13.734909939999241 0.6267969693222057
4186.302075541608 13.566848507435441 0.6216726454253924
4189.440064659941 12.828292760477359 0.6106053476559313
4192.579171425117 11.95753296403834 0.5995082243727385
4195.719412138764 12.731380549423628 0.6075044378229307
4198.860770455805 12.784775929977393 0.6076951960477661
4202.003208726022 14.090585416622817 0.6178884962527881
4205.146844460647 13.754600500888431 0.6136767205904777
4208.291522683816 12.82007580981275 0.6019661757598054
4211.437357599267 13.275105716448588 0.6083762428029476
4214.584844859142 13.881405926905373 0.6152443114607792
4217.73233223656 13.577272938681388 0.6110241453570939
4220.8814798199155 13.599724771867924 0.6101171570624302
4224.031716719861 13.22656750804688 0.5971603895271088
4227.183078939514 12.362783954975349 0.5848681120912886
4230.335530667319 12.920381704188136 0.5932928471872295
4233.489114509195 11.788285211522494 0.5783238449732009
4236.643777216852 11.615983649972978 0.5763563469396202
4239.799531594102 12.490620311457246 0.5880190806768141
4242.956409296042 11.761908047727108 0.5779888245650258
4246.114320162422 10.746555242615178 0.5656512682751116
4249.273412983529 10.940814259338715 0.5690682357566395
4252.433556651943 10.647296879272005 0.565485791081031
4255.594803345062 11.2930143591668 0.5709941264735721
4258.757124960581 10.857680181569465 0.5650887365154669
4261.920535076388 10.91825127412766 0.5662169000859926
4265.085044746988 12.009974586047036 0.5812921479448461
4268.250644838921 12.360292254207826 0.5785156860624079
4271.417310719435 11.482615581571286 0.5653062912436143
4274.585064568515 11.914134096608416 0.5732781402141222
4277.753855762611 10.78094565958984 0.5564520586291697
4280.923758479655 9.860789026576702 0.542345711731402
4284.094789954607 10.350271827971556 0.5492603589166349
4287.266861476845 11.346822626774555 0.5585886930398173
4290.439809435594 9.657542642519923 0.5331870508638469
4293.614191629683 8.348909500285576 0.5120927444534946
4296.789502934384 10.823119306511996 0.5439521744309661
4299.965765666461 9.505678403330394 0.5195174255723782
4303.143261279894 9.431819131168904 0.5181543127576603
4306.32175263695 8.999645452928275 0.5014035945044172
4309.501299493319 8.73859616703828 0.500073701114789
4312.681925145509 9.404987682704082 0.5180631612964344
4315.863594742143 8.96140532101705 0.5161846276567937
4319.046297868912 8.660526988941303 0.5186381057799492
4322.230115208525 8.802734690400017 0.520471417702927
4325.414973852416 9.360418897564616 0.5276224470344042
4328.600863790767 8.338069286534331 0.5107647686142186
4331.787853932603 7.876214631361502 0.5046924336849965
4334.975864319975 8.781293496316373 0.5163913582062336
4338.164917160651 7.979517215574005 0.505860484676559
4341.355039789289 9.415005010777538 0.517632020403468
4344.546257518406 9.868464515739326 0.5231831315797252
4347.738415922548 9.357127147922627 0.511509114859518
4350.931722666293 11.213851521036364 0.5382584228264111
4354.1260340243625 11.52510276628495 0.5467312176835633
4357.321391258023 12.348903474901034 0.5621934457795931
4360.51775708096 11.151635254437782 0.5476926681415133
4363.715186695938 13.161029501643894 0.5693194413028227
4366.913653581458 12.673604045520905 0.5677369991144279
4370.113152133132 12.561495360522088 0.5638399995764699
4373.313658987043 12.722190051218679 0.5630232856182044
4376.515261585698 13.662022169005661 0.5741058742263259
4379.717833534967 12.193381667746706 0.5539027213989075
4382.921473598843 12.705936876100603 0.5592323098308738
4386.126016955571 12.149530131323413 0.541348302725119
4389.331799051198 12.249649344299938 0.5434238970364389
4392.538498880635 12.98177478635938 0.5511349605143193
4395.746247186791 12.12742470980154 0.5432556309088808
4398.954971692579 11.879704575630686 0.541069223870416
4402.164756974125 10.95816108975159 0.5345304271643471
4405.375572560968 13.427209350528182 0.5649054489844113
4408.587362376244 12.085285321927229 0.5479385039457507
4411.800208757359 13.38911932537421 0.5659006198923521
4415.0140527184885 13.48260740839123 0.5677936468842962
4418.228900504325 12.902637085433323 0.5644939909944072
4421.444749794961 13.789110488281837 0.5739014219061432
4424.661668152321 15.642760097477083 0.5916681623817557
4427.879384409844 14.43213050011103 0.5742705642613396
4431.098434336447 14.148287812539424 0.5727619052411874
4434.318333738896 13.368355210282706 0.564423580702368
4437.539246530691 14.213682774479006 0.5692806146970166
4440.761145528243 13.346779059466908 0.5593256083737421
4443.984061224854 14.022547122593556 0.5662587307268241
4447.207951576073 14.448556353161575 0.5718425617530347
4450.432875884332 13.780176764939148 0.5605183197413027
4453.657784561129 15.976140153864181 0.5942917519848868
4456.88567502541 12.351048847601184 0.5427548337734567
4460.113567478622 12.78644875741937 0.541780696134638
4463.342465208311 13.82322290654005 0.5585462915744474
4466.57233666617 13.399468589256983 0.5521761263242887
4469.803214708819 13.60675709609839 0.5536216945085446
4473.035070696688 14.66763778770328 0.5658305760699563
4476.267919110496 14.25026952618631 0.5592348795038288
4479.501660351202 14.054880083139969 0.5527221476205146
4482.736554613811 13.53750733828681 0.5505584356006314
4485.972343732817 12.914182815773952 0.5435051867286724
4489.209135247868 14.721942898350477 0.5607006987027408
4492.446827521433 13.652032673529122 0.5493295307967543
4495.6856085914205 13.547823666281234 0.5505709485951431
4498.925192616494 13.445339644557286 0.5460559138553674
4502.165985581054 12.423645643984386 0.53737134484956
4505.407646277481 12.268921189589019 0.5376140585425655
4508.6502579104545 11.99488704241545 0.5345920096534474
4511.89385807745 11.926072413815117 0.5318574952485515
4515.138452107399 12.311392999123635 0.5361577111359417
4518.38399624695 12.95920283398168 0.54270433463218
4521.630466514267 11.752197701221254 0.526940484678729
4524.87796766145 12.91998903126001 0.5354969134122827
4528.126399167362 11.772410811747019 0.5222345600259908
4531.375781831733 11.57093991435313 0.5173428075396409
4534.626140986334 11.86029181199559 0.5220746196305881
4537.8774165913 11.451059134677523 0.513947835684517
4541.12972397649 12.18742512656669 0.5220444743756845
4544.382951667351 11.126357075582161 0.5158109326336733
4547.637145539612 11.704809898292826 0.5193102876835718
4550.892268050615 10.829469981819036 0.5042117462621428
4554.148357560434 10.363088308059643 0.5023112702481423
4557.405399103213 10.838025844251705 0.5027407519245739
4560.663373525487 11.201319337768336 0.5093424396853704
4563.922323449007 11.394412709493517 0.511416092934346
4567.182164461274 11.116850098465244 0.5054005778496149
4570.442940050465 11.752800270389455 0.5096342485934701
4573.704807250163 12.461894301870737 0.5219314946388806
4576.967496415447 10.967767955128858 0.5034252351596097
4580.231147994028 12.541540614221285 0.5150014029080362
4583.49573638933 12.280688601142813 0.5116889715145522
4586.761268668997 12.127995229995562 0.508789683165667
4590.027728113372 13.508372068141544 0.5210889833224976
4593.29502911793 12.682871509213362 0.5100335964883956
4596.563463363833 13.56188720448811 0.5235608181354383
4599.832733776083 14.508385241395178 0.532464562158254
4603.102910201194 14.18103056955737 0.5264111680944025
4606.3740436435 15.699639505401777 0.5390701848596647
4609.646057497607 15.015864921355014 0.5333567616241971
4612.91899445387 16.244807112198767 0.542262456301891
4616.192832138611 16.452133752616227 0.5440370617323455
4619.468555199416 16.646104343524456 0.5526972824357598
4622.743480950915 15.846528051010202 0.5420322781102223
4626.020142015678 16.919276061404094 0.550489758364654
4629.297706916257 17.186031799407033 0.550602423800011
4632.57619701276 16.93658540458262 0.5479308038164211
4635.855620383226 18.603672235933516 0.563214242819159
4639.135927922591 17.37153764737438 0.5497167458333125
4642.417144306742 18.005293099112592 0.5521937657239305
4645.699277401172 17.174152019158896 0.5481778158705528
4648.982342790196 18.22750368614983 0.5563330465582493
4652.266305501183 18.64424050549883 0.5623735612630058
4655.551150452386 17.45920712609038 0.5520891649594655
4658.836936096711 18.191441999819226 0.5585922563898491
4662.1236086800545 18.184126670438857 0.5610219955767344
4665.4111797608475 17.95803292101327 0.5517904657055875
4668.699639217278 18.833048346334902 0.5590164900517609
4671.989057214074 17.750548558538394 0.5505206429707105
4675.279336219021 18.15373919770274 0.5510691849855683
4678.57052236012 18.25442866259033 0.5520055182326727
4681.862578356726 17.371099976454996 0.5434055207345195
4685.155570121876 17.833266520463702 0.5478144029981502
4688.449438544681 18.557691539066514 0.5558769372797036
4691.744198761034 17.89209268355967 0.5493402474248573
4695.039853712538 17.99345897681819 0.5478338513887014
4698.336369045917 17.70706237976781 0.544987246559894
4701.633813883461 19.190421138455836 0.5550564663797366
4704.93215394551 18.440331337298005 0.5496017306357918
4708.231348316354 17.717848843989287 0.5381261835547321
4711.531415590564 16.78997632779375 0.53129159180084
4714.8324154855945 16.98616407211285 0.5359492778381304
4718.134273500168 17.23139849267082 0.5384262741033523
4721.437014624767 17.48099664024214 0.5398475006006475
4724.740634051707 18.586584561784566 0.546633507966813
4728.045127705585 17.98047536055401 0.5432357605460205
4731.35047215111 17.50685745617415 0.5346396825913471
4734.656668584764 14.93698080843247 0.5092096649033867
4737.963832314212 14.347735054232254 0.5037416020344848
4741.271829013233 15.497408913756304 0.5117826075554163
4744.580689353183 15.512079420900163 0.5091113077377455
4747.890435324451 16.125081779912154 0.5170382785009157
4751.20102286655 14.720206589719211 0.5024854985968068
4754.512481948125 14.734747475083172 0.5037382891037744
4757.8247569804225 14.401103939441914 0.4958358885735881
4761.137989327168 13.936678707752232 0.490157013100234
4764.452046070922 12.692857351650954 0.47662921772817923
4767.76697959802 12.826823275377622 0.48020417435949986
4771.082766419903 13.913104158162774 0.4877185485688472
4774.3992447860355 13.719960092825955 0.4844128637881399
4777.7168996489145 13.954907228542643 0.4920305424676173
4781.035210287124 13.258924383585372 0.4817046702405212
4784.354459052141 13.144430680606861 0.48155171826354937
4787.674208297973 12.495642617810415 0.46645568375350166
4790.995433366492 13.108049794450073 0.47865950858978645
4794.317147499554 12.486847784467571 0.4685653789268305
4797.63978741804 12.273922743364727 0.4663790751433393
4800.963257571755 12.302841413615873 0.46826913570223
4804.28751120647 11.307806397058851 0.4561128472100979
4807.612660549303 11.151662055945938 0.4527810681367899
4810.938711494034 11.495213173345414 0.4578912985412531
4814.265527823939 10.757643737864882 0.45001204352383006
4817.593202979681 10.346457683842747 0.4448470261854994
4820.921676224777 9.584044432930677 0.4366152067574095
4824.25108619396 10.146109943975999 0.4439162483630315
4827.581279859443 9.774293294023398 0.44064205769301035
4830.912274622127 9.584138375895751 0.43790815793793325
4834.244135691068 9.39204791926696 0.43416827472650843
4837.576760222114 8.915139785808204 0.42404506938213865
4840.9103876886375 8.80915493331259 0.4296154107089872
4844.244650176617 9.398351942810889 0.43098375123800603
4847.579912374607 8.98706037183678 0.4264912873187024
4850.915953982202 9.976679162743611 0.43879392057524264
4854.252813300668 10.26386285537939 0.4398824639207532
4857.590249660846 10.25016384674746 0.42731456032340137
4860.9289366868115 11.106717999240203 0.4411905885362503
4864.268296631116 11.850011887860166 0.45044722831540746
4867.608391467124 13.023693656848053 0.46016143427018286
4870.94939553475 14.447637377223062 0.4798891091698107
4874.291070821284 14.87211326617134 0.4821766487096271
4877.633748754434 15.130452940243222 0.4893970077163897
4880.977140844745 15.360568983465935 0.49009056815654034
4884.321358978945 17.236429058186733 0.5087329941198248
4887.666398364943 17.44516817689101 0.5093540890251962
4891.012140532285 17.16393044950165 0.5045759728513652
4894.3588631580305 17.541714688806 0.5098956475916223
4897.706281706101 18.085083984344543 0.5136464244865017
4901.054591152749 18.537961998495483 0.5206017527697377
4904.403611747141 18.360191840930824 0.5178095597176462
4907.753536460237 19.288440808809174 0.5275264510776001
4911.104123193987 18.02892521091685 0.5137288817620592
4914.455676806422 17.512564472440797 0.5093687053378961
4917.807926967431 17.157396971247415 0.5031232490306148
4921.161038146505 17.9770278575271 0.5111250248043107
4924.514919768285 17.657041404479717 0.508833407256977
4927.869589924344 18.35693068932963 0.5149544824295798
4931.225060582587 17.706697365386468 0.5087463193644518
4934.5813159709 17.249957969477897 0.5041276053251379
4937.938386122843 19.316954901996628 0.5211184893760042
4941.296239995479 18.748061866304518 0.5175493035553027
4944.654868688746 18.877053637628336 0.5164105313522571
4948.014285822684 20.85857905676552 0.5349054833510812
4951.374421037601 24.630315883749798 0.563996378692037
4954.73520877389 24.737785767767043 0.559194970431245
4958.097219888689 24.980964888006124 0.565333364900558
4961.459858277902 21.35978952824169 0.5367904631640769
4964.823244066381 20.030180824498665 0.5278532258168763
4968.18737372439 19.91084537383695 0.5280324975588677
4971.5523000010535 20.466758937576763 0.5310274944417472
4974.9179861452885 19.60223802583952 0.523675323646877
4978.284438573223 20.672112335975925 0.5298279959912281
4981.651716647817 19.8518726257566 0.5209857068974398
4985.019734418685 19.50278749245417 0.5176836653651179
4988.38852629982 19.309681096217894 0.5151837046350456
4991.758028139145 18.38566969989517 0.5057972911923271
4995.1282416675895 18.40531623808437 0.5034782012872971
4998.499510596483 17.543197984674933 0.4944195287305636
5001.87142535458 17.64028077449306 0.49673841237328037
5005.244052351941 17.42041949327507 0.4898268089918755
5008.617478895704 16.407594207724497 0.48058871610199055
5011.9915992685455 15.662762833001537 0.4710342681755214
5015.3665767898465 16.27202586668191 0.47392839579068663
5018.742238646272 15.37342365881479 0.46579218302553077
5022.118768691657 15.885981251689287 0.4681162123135124
5025.495979123844 15.983316221322585 0.47050535749298106
5028.873965026549 15.947953066961386 0.46974801591150084
5032.252710726042 16.10245335416678 0.47028813535756364
5035.632222775881 16.749231827471863 0.47665153164694757
5039.012463073692 16.49328404614676 0.47220615123224075
5042.393483093042 16.66395309968291 0.4724424754963081
5045.775247153594 17.443982115276786 0.4787590776815247
5049.157752168004 17.491294777878 0.47983847330223023
5052.54093022564 17.87668473157386 0.4820880039377462
5055.925018787872 18.565753899080125 0.4909700039714777
5059.30975844923 19.348546976562243 0.4959818020851802
5062.695250658732 17.85451331016766 0.48569533767903467
5066.081513111253 17.948108149998575 0.4882632460192102
5069.468474934378 17.66012772602378 0.48130604986526687
5072.8562083050465 17.62094277285258 0.47940600012297785
5076.2446684712 17.936958070398767 0.4809871422997265
5079.63382454018 18.349869817932046 0.48330395848959673
5083.0238496029015 18.014089408708717 0.4845501421616253
5086.414527643068 18.30977822941749 0.48632393066090385
5089.805876189666 18.61775576258401 0.4844729058215854
5093.198110555695 19.596732505448056 0.49655180662912096
5096.59091612152 19.30633852651684 0.4927426731941527
5099.984420093124 20.598512832912554 0.5014670816133615
5103.378895509547 21.38332189148271 0.508491282187051
5106.773976385541 19.861849343847133 0.49570084157601974
5110.169774550644 19.558338210216547 0.493028441936948
5113.566356455753 17.374950738219713 0.4760959316827715
5116.963599676696 16.9016372208832 0.46816987505414104
5120.361594918435 17.55182597551904 0.4746355991228584
5123.760301542231 15.685897594353102 0.45647233958738087
5127.159707763622 17.140933635967542 0.46793820186824764
5130.559878848425 16.522225474934054 0.46303710609488274
5133.960758844725 15.926902898988024 0.4582401950624579
5137.362298550072 15.09901547895799 0.4479008560052392
5140.764646590225 14.97441924949396 0.447840861077807
5144.167615676573 14.690426119181492 0.4427722834780879
5147.571659208883 15.060798238596167 0.44229041161906
5150.97583724943 13.915475332194132 0.4351053882420385
5154.380955188121 13.405991931258244 0.42845854825295276
5157.786780659735 12.959573313364434 0.4224500749000375
5161.193408516194 12.254411992037548 0.41421261304064744
5164.600714195708 12.2895383698143 0.41212289689543125
5168.008738875595 11.98122734651924 0.4076068100441095
5171.417462251012 12.742237104058523 0.41459078627523166
5174.82683507879 13.243045567032535 0.41835555150158477
5178.236956952656 12.399645174006341 0.40915875990870504
5181.6477915435835 12.67312695422017 0.41422333918782606
5185.059289605289 13.509409304986049 0.42051798760715825
5188.471541535045 12.870680606264191 0.41903953842864916
5191.884410191514 13.334957645032826 0.42445303577005306
5195.298065158132 14.05407109212707 0.4396049996742448
5198.712378342683 14.290368161965223 0.44206768843361766
5202.127336596844 13.242533929305832 0.43052640014327553
5205.543065782344 15.078115607849707 0.4477779013308973
5208.9594130508 15.3177588828845 0.44227754114744106
5212.376568283055 15.718044101737354 0.44245556619585313
5215.7942268158395 14.867830014632416 0.4306522526310512
5219.21279197745 15.71702525363078 0.4414445914100965
5222.631944839943 15.96092117727195 0.44175757100704377
5226.051787886092 15.592787792686766 0.4396792641315416
5229.47231366083 15.9537131695091 0.44035274742284664
5232.893525602282 15.970640535745686 0.4409158205444147
5236.315454931329 16.594203766445016 0.44717602868207923
5239.737896126479 15.363100960609097 0.43270743423404073
5243.161284366944 15.438289047716607 0.43661841962903264
5246.585096733958 17.045569837127083 0.44597579343598726
5250.009842159467 17.088524504670847 0.447929070930607
5253.4351029707395 17.037333452248156 0.4478979500884073
5256.861066630379 16.817840006247863 0.44139068994903863
5260.2877462884735 17.36095448510893 0.44813680060121114
5263.715029097747 16.721067949349855 0.4378275050182536
5267.143062671528 16.46393271482212 0.43393837748903635
5270.571728077461 17.339872238355916 0.4440641970711327
5274.001015563179 16.31182198893618 0.434097014990332
5277.431006484135 16.172515368727687 0.4326375750635941
5280.86170117472 16.18502693047084 0.43116941332525094
5284.2930405606785 16.500678014557014 0.4366108284302451
5287.724944777113 16.61395606890117 0.4353812471065772
5291.157658190688 16.067281736983315 0.4307343428559327
5294.591036740587 16.924834723196316 0.44004342684293685
5298.024970589892 15.76254624512388 0.4279740658819665
5301.45954460881 16.883835997180547 0.43625524325195253
5304.89497019191 16.091217078514457 0.4321545938306804
5308.330939223403 16.21460744142136 0.4346899242637399
5311.767476899955 16.638569356472576 0.4325954791182193
5315.204831854084 15.979424935455196 0.4302653177474882
5318.6427439875815 15.298304505108064 0.4211568872622587
5322.081328606411 16.16466970136123 0.426962267761667
5325.520579282292 15.582723775936747 0.42328568927266247
5328.960410811825 16.12682385504267 0.42541198354537074
5332.401016528225 16.641726539948674 0.43074897538461704
5335.842194492118 16.214858471065135 0.4270922315857364
5339.284059792245 17.044319535496747 0.4376388389687444
5342.726526450809 16.270428337266786 0.4272345344407543
5346.1696666626285 17.10832181893044 0.43614607693575663
5349.613433035969 16.27663943825923 0.42847226835778174
5353.057813864019 16.320137841320733 0.4301804302096649
5356.502926057593 17.074088684323048 0.4344832330649217
5359.948619574464 15.909123141797611 0.42389448468935925
5363.394968892498 16.778606881047253 0.4320682573396056
5366.841981107425 16.790106184871235 0.4323950079651915
5370.289342819848 16.357419783680687 0.42631783586391586
5373.737858838845 16.976117262933442 0.43334009212344965
5377.186723228509 17.14768033276374 0.43425046490686253
5380.636258037302 18.01783139017834 0.44123086527927535
5384.08636244717 17.426471063674303 0.43511821213296414
5387.537170141422 17.168469552165984 0.4315167857658345
5390.988554644852 16.830460306003562 0.42766769317785097
5394.44071174475 16.987835974203627 0.4316082298845852
5397.89335006486 16.160405390999603 0.4228739501346694
5401.3466199287295 17.376817908608096 0.43170481906703234
5404.80052382048 16.7667540624804 0.42341909352949
5408.255083340737 17.08349579051624 0.42677743146720126
5411.710338323914 16.97840359111617 0.4281968433738531
5415.166081386042 17.156480654063785 0.4270655949665461
5418.622517220291 16.8191813909961 0.42548457977061344
5422.079575696521 17.412185928450597 0.4316688607386996
5425.537210092496 16.888322183585068 0.42306671337020313
5428.995565800775 17.70240656368417 0.4330567000855651
5432.4544947042305 17.013152675393442 0.4279412280629145
5435.9139894846685 16.748372112803494 0.4238988619829473
5439.374045599383 16.221947247805993 0.416692970286168
5442.834859318207 16.991541501457963 0.42470111391315185
5446.296063029911 16.61323241283229 0.42131766080647426
5449.758189978015 16.413454270491815 0.42154231879011617
5453.220774755774 17.34108918656352 0.4278272679918635
5456.683796782275 16.51873900554245 0.4196515716206039
5460.147755250404 16.677390917957194 0.42244064480928273
5463.6121811021685 15.728098664317491 0.41427421428909816
5467.077195106974 16.282380578683405 0.4180553725120515
5470.542635037001 16.337974646689716 0.4153542660644068
5474.009017149589 16.499668599395367 0.4176666431747062
5477.475785181529 17.3376090311661 0.42452006689232774
5480.943228718961 16.49342721632857 0.41702113601094676
5484.411223795595 16.296755092777282 0.4143294490684772
5487.8797769263065 15.699570522767358 0.41037748371755545
5491.349125150823 16.293190276306063 0.41530078211843885
5494.818946616705 15.792113205478865 0.41236905463650053
5498.289351749634 15.40854373699625 0.40740314030061253
5501.760314916819 16.265679073184184 0.4125600822231629
5505.231980206091 16.40920946060552 0.41846643994670707
5508.704137688035 15.561716957832664 0.4091601440520228
5512.176954749592 15.90204717859747 0.41143777652013236
5515.65028829284 16.38407913089037 0.41518021905507785
5519.124303038788 15.69970710015738 0.4111550259567453
5522.59885913393 16.039462639191903 0.41347589072870633
5526.073860352025 14.982946125073253 0.39946961095757255
5529.549681675659 15.694721023393331 0.40505931294925024
5533.025997876962 15.27693127944286 0.4003593922488902
5536.502887904387 14.834132066832819 0.3971263700556059
5539.9802403375115 14.957710684721844 0.4006860838603176
5543.458430183514 14.63933883399699 0.3991684072626813
5546.937095540573 15.357175641468078 0.40482487791940464
5550.41630451685 15.101718581861995 0.4011198036366031
5553.896113202914 15.342300263491207 0.4031023611265425
5557.376502528058 15.202800274438385 0.4026970518201654
5560.857366637074 15.131623736512148 0.4009958558997067
5564.338973004745 15.304972327714186 0.4051307566595393
5567.821058580915 15.407294851648098 0.4446505526065975
5571.30366579445 15.816825831340712 0.5262414320292108
5574.78688663507 15.237482009902223 0.5666124150795055
5578.270709615079 15.499265331048898 0.5714637832347604
5581.755099779341 15.341695560125972 0.5666995522174004
5585.240106283934 15.68373467852345 0.516252286233234
5588.7257388742 15.482445243044504 0.42793504471597976
5592.211870495536 15.380540865006502 0.4020472126333679
5595.698467610979 15.526912913443159 0.40171830174636175
5599.185743192112 15.553657335829556 0.4011865198322926
5602.673521937384 14.990203763046305 0.39814925372549226
5606.161733352132 15.965346301437284 0.4046373705183583
5609.650795891118 16.360330512931665 0.409772378861746
5613.140285640505 15.681538108383762 0.40422083552434834
5616.630286533337 14.719359444427203 0.39424258789559163
5620.1208438608455 15.216990818774859 0.39481051657848526
5623.611984849686 14.95397304201118 0.39283493260196833
5627.103620401695 15.398910037250372 0.3965903267204253
5630.595963151889 15.278564100646076 0.3968144273678758
5634.08876743351 15.69850958308171 0.3993709870341945
5637.582079727289 16.02338748077906 0.4018648273891189
5641.07605453116 15.453826402682838 0.3963228037897871
5644.570400489677 15.278431529332039 0.3928755033543487
5648.065527800726 14.39129825515526 0.3862853849108445
5651.561089698731 14.698743536515815 0.3892040004222621
5655.057213736219 14.974860056169023 0.3906936976878652
5658.553593824674 13.912218778893212 0.3764463031758813
5662.051120892149 15.043659414212494 0.3909157503790252
5665.548822347213 14.809789640561037 0.38921062107818766
5669.046897556675 14.339340128643986 0.3828261501535306
5672.545734538805 13.76497829632676 0.37724619712922913
5676.04527978016 14.408318682043753 0.38439417205249843
5679.545283439386 14.398856911408613 0.38488780558359975
5683.0456523602 14.744018278130723 0.38919916490191614
5686.546595553969 13.852712556837513 0.3781391033012591
5690.04828729248 14.346084898613785 0.38591349761291566
5693.550310417102 13.929759937063208 0.37993589762299856
5697.052949721842 14.86623968305127 0.38963907981428153
5700.556060854939 14.524796322763509 0.3844328684931252
5704.059758266113 14.426442106893395 0.38316558683759033
5707.563934600019 14.26574725806251 0.3812843443717492
5711.0686612855025 14.124679801971963 0.37899495179429
5714.573927263692 14.127712912090162 0.3785230190141143
5718.079625850362 14.818579292209725 0.3834968905149434
5721.585690751703 14.423929394090033 0.375827858507758
5725.092898978187 13.920203235139915 0.376015574441944
5728.600262942097 14.433672319234791 0.3812482805480345
5732.108199635823 14.394887408947255 0.3820073363761643
5735.6166206129465 14.298417296245871 0.3796023847421617
5739.125440513764 13.978118546444934 0.37539492421030485
5742.6349070376 14.117760280695826 0.375225819551763
5746.144910586205 13.908039430221343 0.37357698973172676
5749.655496854273 14.05520587447619 0.37534680381502555
5753.166537239248 13.95921100813274 0.3743287621889524
5756.6777414425305 13.12378709970193 0.3613813850670082
5760.190186202873 14.696614456554666 0.3853661719802625
5763.702621287196 13.622930385404079 0.36985695950238756
5767.215802078826 13.905044296136616 0.375141069904516
5770.729322001993 13.570076099289558 0.3704860679262124
5774.243536882351 14.3133034438549 0.37737596495590653
5777.758076470917 13.898637557248883 0.3735145017638331
5781.273210767127 13.09943820713556 0.3628743420366111
5784.788901015346 14.234994606674709 0.37628444852914966
5788.305037744085 13.649682792552392 0.3721364718448088
5791.821807814066 13.588630384903341 0.37198899666807617
5795.338650234529 14.227993988204332 0.3738987935477253
5798.856663347523 14.012190984950552 0.3777605600680915
5802.374860645831 14.108243401318955 0.378672679537336
5805.893464725638 14.121904471453625 0.3781560489033484
5809.412702331153 14.398742358379112 0.38130712177384496
5812.932389938757 13.991821123320834 0.37872943313894836
5816.452511550822 14.440335824642531 0.3802769007417538
5819.973211916321 13.721291192239692 0.37429062786362766
5823.4944729194485 14.197116573164582 0.3812674753211042
5827.01596360568 13.8716984774121 0.37620550611159315
5830.538269614649 13.52927204349687 0.37272134317365435
5834.060984168225 13.501224587674585 0.3736971725842049
5837.584193241186 12.93432738050297 0.3690515767309964
5841.10789651704 14.21669571965459 0.38149241104642284
5844.632048579143 14.244179374252639 0.3810466178553604
5848.156637472502 14.20721817131801 0.3811949906832963
5851.6817832588395 13.425488029131177 0.3726957267448386
5855.207237524847 14.446094619373172 0.37894950287548296
5858.733617896207 13.941480631602891 0.38167499109704733
5862.260165077079 14.462668242806455 0.3878505083067973
5865.787276698824 13.541453156306194 0.3793836541527093
5869.314852780391 14.040054523282716 0.38498449752738206
5872.8429990572495 13.219898653137191 0.37822476635141145
5876.37147516465 13.47208504913714 0.3755226847669073
5879.900592564945 13.382309076312682 0.38166731647054525
5883.429994732915 12.695330672376565 0.39168186614096445
5886.960040326392 12.319127953824507 0.410412822507362
5890.490504170709 12.732989382988693 0.4284839345710605
5894.0214740410065 13.39196238390264 0.43932353224475673
5897.5529235663425 12.868025336403544 0.42235972735139365
5901.0848345038075 13.283907928047014 0.40354705245101297
5904.617281150876 12.739812820879594 0.3828064335439282
5908.150184344335 13.410778327618615 0.3774849099269515
5911.683521726604 12.885057379680093 0.3697583454622277
5915.217370891324 13.155688487289867 0.37491184258003957
5918.751583276242 12.744326903272814 0.36862019367950016
5922.286422977693 13.519646598176628 0.3775416251038976
5925.821628332777 13.133308113867486 0.37175199394273717
5929.357337846524 13.138042147979409 0.37232653230907314
5932.893450774021 13.143849903505018 0.36827848702230676
5936.430106490949 13.963410156886109 0.37680179781305223
5939.967282188904 13.31278932651332 0.37133380988983683
5943.504850063038 14.20283740011835 0.37953296631876743
5947.042820352024 13.488136067705875 0.37014305524275554
5950.581346285856 13.543069672948088 0.3728789992156638
5954.12036715836 13.46598212467417 0.3730745730400285
5957.6595580334815 14.037875713030223 0.37511037007402287
5961.199688713813 13.805118575155852 0.3757033735971282
5964.740015554867 13.448820701105744 0.3713926413530141
5968.2807980090865 14.18906104121909 0.37582137652223707
5971.822096354206 13.471122490695077 0.3709530942291944
5975.363819363846 13.713179540032753 0.37256494959690944
5978.906022868154 14.704391701281725 0.38216608293182897
5982.448503246927 14.304770793501769 0.37646784549106443
5985.991707358349 14.722222332395239 0.3796133854778938
5989.5348275090855 14.274461285969956 0.3721910721511431
5993.07928624628 13.98271158206375 0.37219540700316656
5996.623533967689 13.552995440944184 0.367111765080665
6000.168633531856 13.078328146736174 0.3651368050162011
6003.713769127069 12.206280101215446 0.3506758267811244
6007.259729218463 13.889156191794754 0.3682066312010356
6010.8060101192805 13.694342531647287 0.36903422302398764
6014.352674050487 13.676849920001528 0.3656608405307815
6017.899840693345 13.326135366473888 0.36293256940059015
6021.447476072249 13.401305100017527 0.3649881369802087
6024.995443600139 13.895097121831048 0.3684551977309413
6028.543807777788 13.092631004052876 0.3607094809117243
6032.092853313986 13.7564003372822 0.3680790751802346
6035.642234316573 13.253370175721459 0.3647161135382098
6039.1918948712555 13.33661317445929 0.36425658716524295
6042.742243746627 13.671243412110908 0.3667366830867364
6046.292950352308 14.280186531412498 0.3731855361612678
6049.844075852856 13.384953027303563 0.36444417930399087
6053.395598765605 14.293758998310267 0.37135593253755456
6056.947578011452 13.456869898286335 0.3651419125848893
6060.50001206549 14.08950563401219 0.3707934602784389
6064.052857229909 13.351050640360679 0.36365250643277364
6067.606177689984 14.45817418487568 0.3747673144778955
6071.15988472132 13.512754326813111 0.3661534804300118
6074.713905320771 13.072617877309776 0.3595444759864006
6078.2686337595005 13.462355521392613 0.3630338095820067
6081.823724489084 13.267089114852503 0.3640603836085566
6085.379102664394 13.541243237909674 0.3639753378104641
6088.934871207476 14.246652353642945 0.36975428023504153
6092.4913460137195 13.28026553365946 0.3648499075508781
6096.04803395896 13.938719505612985 0.370407953612893
6099.605166238171 12.776548757125793 0.35670246371724396
6103.162764759367 13.836586770545217 0.36887955307207315
6106.720818654828 13.345903924673712 0.36620407640557434
6110.279260291031 13.762126149446896 0.3694708586979543
6113.837964845099 13.386378480049062 0.36426958808480264
6117.397322845436 14.153344418471606 0.3718563970394198
6120.957018219868 13.49846925592149 0.36450114983895493
6124.517189650928 14.459068336359291 0.37590724234044476
6128.077659902026 13.155728995408193 0.363104683108703
6131.638583926371 13.683949896509215 0.3670031212396557
6135.199951797614 13.879411422187992 0.3703288859309551
6138.761745309424 13.787074756148765 0.3714417704376279
6142.323924223992 13.672205417903893 0.36883150440274454
6145.885235277697 13.207985637073497 0.36430604884992873
6149.449600926939 14.490636856612825 0.3796408753146426
6153.012990454297 13.550519634740214 0.37042479259899586
6156.576702739701 13.704389675247935 0.3664412439285953
6160.141082359907 13.660410440490159 0.36653021727814883
6163.705620119804 13.423447734864636 0.36467172436968726
6167.270701526046 13.334945296007401 0.3651683453075996
6170.836303299089 14.376501401729998 0.3776612519841887
6174.402121083955 13.942881683370938 0.37202917015369236
6177.968525619959 13.868200981277164 0.37300787320205064
6181.535110590145 12.965136364969041 0.36308667860618044
6185.1023486890745 14.121498670825078 0.3745360804374021
6188.66979406241 13.318624765244232 0.36461117977898727
6192.237739950724 12.498819319549721 0.36072831895810886
6195.80606511037 14.221783143005567 0.3760496133611213
6199.374722784644 13.150364630982818 0.3653582420515272
6202.943875403167 13.298940034635168 0.36810617066998313
6206.513383415153 13.496474336704273 0.372099689070471
6210.083302975794 13.898340642990386 0.37618531788060267
6213.6535877483675 13.691679516508412 0.3723654813935484
6217.22432937708 13.842785904408775 0.37567348833206426
6220.795394151656 13.78672873231942 0.3726997628077093
6224.366870749949 13.37237573993376 0.36792365343227423
6227.938759395546 13.766970358930974 0.3755710624316076
6231.511070984527 12.810082913280171 0.3709931397872767
6235.083741395573 13.04050935083457 0.3750276898729866
6238.656767228112 12.71042137964215 0.3710441402950752
6242.230228359121 12.26699115418749 0.36675255266203044
6245.804017928353 13.007762932339206 0.3699011622432418
6249.378349884734 12.615350361582612 0.36593787876003925
6252.952943551629 12.612446245007481 0.3658994554728885
6256.527965110079 13.226858670463804 0.37431602113351775
6260.103393894637 13.0750173756586 0.3761543124231928
6263.679065350572 12.39396737744031 0.36668108287012147
6267.255326975897 13.5771372782476 0.37587007434770436
6270.831879865414 13.146591183125093 0.3680123587964294
6274.408828342216 13.364712145127701 0.36807897410042356
6277.98614240977 12.61391754082934 0.3583020986964634
6281.563881761138 12.89271956304894 0.36623260956173836
6285.141913971884 12.403119368498455 0.3649329446797638
6288.720408280839 12.799105564403213 0.37453420739842563
6292.299128400294 13.334972560588309 0.44138490559855637
6295.878292870097 13.912011412403844 0.5308664505991723
6299.4578795091375 14.09425695354877 0.5531561918396791
6303.037847846168 14.238716195447322 0.5562462549992974
6306.61820203696 14.053458953034045 0.5452243431810411
6310.1989890361365 13.13433942694042 0.4587204977467959
6313.780196478302 13.218774461463058 0.37718375981280544
6317.361653561192 12.854957662885742 0.3679046383633132
6320.943388977157 13.557588112796186 0.37143400009544447
6324.5257306091635 13.050567835456519 0.3727563574727664
6328.108316232779 12.859145684106595 0.3748149885171509
6331.69128201881 13.672155387948122 0.3807142336319294
6335.274605249002 13.248952676260826 0.3765317842197522
6338.858278015484 12.99609323402578 0.37022929394858023
6342.44233369923 13.161883902426766 0.37077412790699626
6346.026711945487 13.104244754295214 0.37194407598843554
6349.61147647702 11.98500470119195 0.3609330570279427
6353.196740818474 13.148314411719026 0.3821409552601844
6356.782184595345 12.042031088760323 0.39866718838666093
6360.368035513643 12.521271830440497 0.43418919676395884
6363.954280044891 12.14091975574364 0.43189829446718764
6367.540886637111 12.139442523371823 0.4281542139458885
6371.127874712585 12.002960922511646 0.4184376470189621
6374.715269277424 12.386423947223122 0.3864189871616092
6378.302993448011 12.754751509309335 0.37172877184425396
6381.891033025587 11.906312139414931 0.3636849472029435
6385.479413247185 12.440960113782236 0.36944900735216735
6389.06811051149 11.71058326010263 0.36228333645708466
6392.657329942192 11.843089578778372 0.3633351132872282
6396.2467602176075 11.30310972931008 0.3569421433912234
6399.836627909744 11.208622385690283 0.3570300694001619
6403.426811887819 11.332588025490603 0.3550928525570619
6407.017316589843 11.279941503855609 0.35479984853243673
6410.608234260056 11.21745147591484 0.3549524487790988
6414.199388173647 10.434576274470807 0.34792940630375396
6417.791027957895 10.57927929020059 0.3509533823184206
6421.38298375357 10.119734106474045 0.3460065831849945
6424.9752416143765 9.610839047789659 0.34076295634253306
6428.567906920019 9.357597398755173 0.3363220950148723
6432.160885392113 9.229086305463527 0.33569437434812166
6435.75420798083 8.40987178234206 0.3256311102641186
6439.347859556495 8.260293731193569 0.32272252959154346
6442.941896265224 8.4907869550709 0.3255558259808554
6446.536271103321 8.131960879546721 0.32361999884220477
6450.130976468884 8.639020769303972 0.3275726983457326
6453.726028043721 7.754065254778718 0.3206216857475054
6457.321411672156 7.481054859980721 0.3188632932287352
6460.917146657071 7.386286559761924 0.3179241973965698
6464.513212108102 7.148988641717481 0.3201932975130121
6468.10945766032 7.285386914688684 0.31706254898682346
6471.706318893437 6.8889131924534 0.31448254652922425
6475.303458982965 6.96188996552804 0.3150764076133337
6478.90090743163 6.452664948175255 0.3059220638374804
6482.498652519185 6.44975782435246 0.30152541673823635
6486.096603152498 6.781868041552034 0.30259370524266077
6489.695141133075 6.338308232885973 0.2992329448864317
6493.293905636066 6.040014900641311 0.3012824783518174
6496.893063490255 5.902864264061898 0.3037411576781895
6500.492530210175 6.902539544656455 0.31837293735458777
6504.092291721545 6.512621824898505 0.3161753218440417
6507.692384298218 6.537360736671845 0.312461371069958
6511.292845645744 6.290890949121809 0.30340555915685735
6514.893609599062 6.645183611008822 0.3095576087721344
6518.494682578766 6.681838763912502 0.30811739979229
6522.096056744234 6.882173959224392 0.3090586799191672
6525.697858791633 7.30275210584989 0.3182425933169963
6529.299962142685 7.9792668957021835 0.3320137007625935
6532.902366944895 7.972295571387538 0.3322036238938133
6536.505094910325 8.361449975275189 0.33559895972485676
6540.108103819194 8.771051344068878 0.34087942531367754
6543.711464208743 9.168845300819273 0.3402963556599261
6547.315229246541 9.60454079216681 0.3490913652959171
6550.919283018472 10.442135280893662 0.36045222519087283
6554.523641752618 11.149431026835792 0.36870729341885505
6558.128292425959 11.8754626180968 0.3802729820603252
6561.7333283939115 13.295786622598404 0.3952476636541779
6565.3386447897765 13.707818090962974 0.3984516621382988
6568.944280915497 14.367433478420468 0.4054512163596637
6572.550242489978 15.541847942447163 0.4156391707530693
6576.156481650782 16.078575608681337 0.41648101377084995
6579.763104804875 16.54639375048412 0.4213548798749519
6583.369971396196 17.2883004693542 0.4281021155348904
6586.977234360326 18.33703690999209 0.43852419556039557
6590.584748994776 19.369532425069337 0.44461107136982775
6594.1926064100135 19.405158431368644 0.4452281394917302
6597.800768792568 20.512125828151138 0.45540869067905887
6601.40921122071 20.628764559003216 0.4571907136127705
6605.018026729305 21.133464495523064 0.46394144281757405
6608.627103521526 21.989981347819505 0.4717619391493555
6612.23651975649 21.634065990147207 0.4681840393237611
6615.846230118165 22.68126211196556 0.47649825715601934
6619.4562658307195 23.951863991762004 0.4866944809931857
6623.066563746579 22.971034468870815 0.47857907779200864
6626.677212569911 23.602223789672635 0.48303246339411304
6630.2881425191235 23.48027642331852 0.484316574324823
6633.899381922539 23.558506061750997 0.4826569171184682
6637.510922049735 24.34015270710743 0.48998304222244704
6641.122796038765 24.871179056568614 0.49670795890965713
6644.734898845235 23.879823444116916 0.48627955957638086
6648.347389699668 23.745273643934787 0.4851335802065081
6651.960138524583 24.822269147984024 0.49368853835997967
6655.573182159992 23.942743736158437 0.4845387469217014
6659.186546187376 24.29701103134445 0.48934612255235294
6662.800251019469 24.703260211923222 0.4947942634426625
6666.41417178194 24.18056301125631 0.48954905705773816
6670.028466530376 24.80933480966861 0.49494442503333236
6673.642982270262 26.284613222447962 0.5058522312557201
6677.25744114172 29.021625844646476 0.5210925291510656
6680.870452013874 33.693189804886714 0.5545725136609659
6684.485671022459 46.39480597923549 0.6591509480771908
6688.10370438041 39.30324658231968 0.5886506874594535
6691.719195863762 47.80833811401411 0.6572155527354316
6695.337795907688 29.981522547617732 0.5217165456751548
6698.953168991804 23.19878214270095 0.48263128156962776
6702.569956069957 25.495757900895057 0.499243105704489
6706.187166074062 26.98734435113398 0.5118602393636044
6709.8046577343175 27.219875944490052 0.5135628263340094
6713.422449576948 26.9693161745639 0.5116209656531805
6717.040509645047 23.522356737678596 0.4825494393801926
6720.65900451461 22.336513142931064 0.4758364469852916
6724.277599603916 21.163139798285584 0.46472082263157827
6727.8965602608905 20.736314944892136 0.46184801912381057
6731.515787417363 20.497097288521548 0.46031515442047927
6735.135263365911 20.00087548268199 0.4568115385016526
6738.755079709325 20.44013415139883 0.4599972882505204
6742.375164191496 19.80167464541245 0.45512025064787676
6745.995498187744 20.41153503109882 0.45816509665450406
6749.616134922065 19.198430073469158 0.44727450586669043
6753.237071020155 18.382982674115887 0.44120664842917007
6756.858274615301 19.339841971228395 0.44964371330256636
6760.479781320492 19.360551084280914 0.4508443751973235
6764.101563513682 19.102598138727057 0.4480131882972105
6767.723587797592 17.56397839125828 0.4347475928579273
6771.34594375393 18.317653442534372 0.4426675753821795
6774.968508914336 17.22278984976181 0.43025752773133136
6778.591421118678 16.990034581392628 0.4303464372649756
6782.214474453474 16.65751758439232 0.4248223953618192
6785.838025054396 17.529283951456424 0.4352287051908337
6789.461721735834 16.089162986209697 0.4216541662131159
6793.085736898178 17.129681822721068 0.4313624156076295
6796.709986120368 16.01291838789985 0.423217830210111
6800.3345348876555 16.236020435362533 0.42433534794912736
6803.959348581743 16.43042675701522 0.4262499174376122
6807.584444022375 16.28824734864486 0.4239399102848122
6811.20978012141 15.568056207189242 0.41686513437263806
6814.835425859632 15.857143133135592 0.4198976083655931
6818.461284465406 15.26797723006982 0.4138150866242938
6822.087466536828 15.781569871667584 0.422289546666459
6825.7138853467895 14.729613162268494 0.4217227741964023
6829.340586128142 14.073754473767755 0.4227105237030451
6832.967491196826 14.783619968481174 0.4283213205652024
6836.594812613059 16.630295914833873 0.4461799213129635
6840.222099903345 16.936030121200098 0.4400842604700569
6843.849887915246 17.281175204155595 0.4400274956307307
6847.477932545858 17.79631409746169 0.4378855918859661
6851.106252119632 17.1671102848781 0.42953242653323187
6854.734998337633 16.213507365258756 0.42525264186167155
6858.3638349126695 16.555850050487496 0.4353141292253298
6861.992395824869 14.641372593450424 0.41723311461681417
6865.622125461908 13.43666638034958 0.40143146635682037
6869.251945999641 10.985321267852141 0.3719820292089757
6872.881843877525 9.644516029759608 0.3472249580433785
6876.512048205349 10.426072456289804 0.34145682294033114
6880.14247120354 11.06402356771755 0.34904792903844356
6883.773120961884 11.191789747317959 0.35456992675764926
6887.404044286119 11.715345653285631 0.36343941768959764
6891.035214754873 10.594787792070338 0.3507592202117527
6894.666667769699 11.027699033652121 0.3549082381834946
6898.2983696067695 11.50278523201393 0.36081399077376275
6901.930308604102 11.82260807320925 0.36221980607159304
6905.5625253813805 12.484986229470154 0.37573425483720435
6909.194989502748 11.871599199401569 0.3737163276376991
6912.82768623349 11.349852634280673 0.36938975479680264
6916.460666211357 12.202811784920925 0.3829437295320485
6920.0938709124675 11.741017554286577 0.38284678994770055
6923.727356823069 12.074503677369828 0.3859462961067346
6927.3610587789735 11.397884881792935 0.3765999342453918
6930.995061438051 11.144487931065155 0.3755368322810617
6934.629238696701 10.673683275455868 0.36527908892026645
6938.2637826670825 11.259752048387105 0.37042985073878637
6941.898438069134 11.271520222241998 0.37316782473312504
6945.533475079091 11.032391989243814 0.3793189893421044
6949.168680650435 10.450386035566579 0.37323709690122026
6952.804178666753 10.850570909930596 0.37735439086992933
6956.43990835877 11.203064075667355 0.38076896307451763
6960.07588880225 11.508508601623618 0.3808517227682173
6963.712114715182 11.805039597158821 0.3832684583714641
6967.348568631463 11.810453571021135 0.3855704979609456
6970.985265304207 11.479987685168963 0.3834624919464885
6974.622209464444 11.878200771252857 0.3934056140581702
6978.259388253964 11.519721474514716 0.3901156915877301
6981.896815397641 10.802830526688302 0.3763999979187064
6985.534510600989 11.193235921368549 0.3801708779950135
6989.172461319239 11.607643938701532 0.37983377399611695
6992.810607682032 11.20643627300734 0.37314847301740034
6996.4490165429925 11.012861787101269 0.3719113541958425
7000.087667411493 11.213102416462544 0.3734298354979588
7003.726542691003 11.280768062461453 0.37536016637098474
7007.365664564646 11.140648667874995 0.37556040990995915
7011.004994509517 10.466520508796497 0.36730798425428157
7014.64460107663 10.844970913696768 0.3701265986010434
7018.28444817036 11.170491809118174 0.374955956271011
7021.924472159644 11.562095344227991 0.37330692872514126
7025.5647796129315 11.06524069251975 0.3703667017812616
7029.205384661888 12.073552785787045 0.38255061531368156
7032.846138189684 11.300660177208501 0.37515248580044386
7036.487146025682 10.999631073745403 0.3734363798840667
7040.128356507422 10.737462897717704 0.37275175661287835
7043.769866865613 11.770732242169082 0.38548809688044583
7047.411545616601 11.007891050890136 0.37821258835819804
7051.053486809916 10.980156853376409 0.37812879513405423
7054.695666606475 10.900846890743056 0.3784437126697159
7058.33808359835 11.366626625342763 0.3813854300201269
7061.980690237706 10.914619326683422 0.3765164294594688
7065.623584013832 11.74508473021981 0.38594721386426384
7069.266665334771 11.595803156132105 0.38514701670253243
7072.90999483418 12.145875887141408 0.3900155537770944
7076.5534939035 10.564141420785417 0.37418306755208874
7080.197282047542 11.275321474935158 0.381059539004589
7083.841297753871 11.358809479862842 0.3827703569963696
7087.485402998592 11.026713363613318 0.37871515924953686
7091.129930833832 11.2685986974691 0.38173739625150693
7094.774544486541 12.106305368864868 0.38775804543381137
7098.419560276366 11.701583029471717 0.38440637299430463
7102.064676857779 11.562980983786348 0.38316475644609194
7105.709990657984 11.048580891310968 0.37541975683986495
7109.355551536747 11.103365237795593 0.37688695779703624
7113.001270511187 11.285268665672604 0.3795310566820092
7116.647404573934 11.255137829548252 0.37945105155789677
7120.293622416515 10.925955256037707 0.3752032855547368
7123.940100972928 11.957038252686184 0.38889813852832134
7127.586656878615 11.029319202023123 0.3769229041493738
7131.233675204289 11.541784264493197 0.3845555839028573
7134.88080078898 11.791675237444256 0.38828641402303693
7138.528102501884 10.67867514997479 0.3764513199144708
7142.175633562174 11.319361073021781 0.3823526310612198
7145.82342772829 10.929752127183997 0.37706203658104726
7149.471365561703 10.58449737021144 0.37441915787481483
7153.119604046538 11.533108429379428 0.3812791999713555
7156.76799364468 10.961867438136418 0.3723492380533915
7160.416670267144 10.663108400626806 0.3712504875131378
7164.065516990495 10.499612534445072 0.36527158240231256
7167.7145625931935 10.33753264147202 0.36021604022898857
7171.363812746814 9.565142206970519 0.34485167142145895
7175.013312327503 9.17373400995567 0.3404511491376102
7178.663000441906 9.23856416068109 0.3386568317874467
7182.31297238651 9.176278485053139 0.33843445311031495
7185.962974079075 9.823518662837081 0.34174051163001073
7189.61333122683 9.682846595226664 0.3402940005904664
7193.263972601844 9.13325714849446 0.3346718653064976
7196.914729570286 9.122286622560425 0.3341705884055816
7200.565666226487 8.039054344837142 0.3221766679198099
7204.2168330050745 9.090770233362322 0.3361114909136281
7207.868223344682 8.659436988334697 0.33475865381052483
7211.519835758881 10.237765736926544 0.35439079654204425
7215.171631299726 10.744782089106426 0.36565717128927955
7218.823644379512 10.93865612683222 0.3697670189404619
7222.4757896287265 10.169765175447973 0.3623945376925915
7226.128234847199 9.886758835090538 0.35787200501590266
7229.78086267793 9.8655482258273 0.35613540987892106
7233.433627748623 9.755730849856427 0.3623067199439164
7237.086635525615 8.633463638416872 0.36921525425201673
7240.739869379246 9.313977732373035 0.3913366568458258
7244.393273606586 8.846832673835173 0.39025942212287984
7248.046934489578 9.404391896064823 0.39744248694173195
7251.7007747556445 8.717553399442117 0.37401759179387273
7255.354868752259 9.596844810930556 0.3659048216177219
7259.009126575603 9.231283593853503 0.34935488220068195
7262.663577787347 9.629443083954998 0.3501146122211251
7266.318231255023 9.790032820426145 0.35417989567465175
7269.9729379307 9.256328659707625 0.36322890400171076
7273.628037817037 8.936290346002123 0.37937402845525
7277.283275650184 9.28138578889216 0.38701852195185815
7280.938701893632 8.985760223030676 0.39293284073111656
7284.594356427028 9.661642165394467 0.39630565443110827
7288.250232233602 9.706189798449152 0.3743130327633997
7291.906232256429 8.827802177998956 0.3587789737548512
7295.562518949729 9.795815625583105 0.36165007442979047
7299.2189056832385 9.166197529452052 0.3525091172989871
7302.875547843496 9.969539450740928 0.3656720248968138
7306.532339609794 9.399364906916556 0.3580336057718525
7310.189318255727 8.982985735032253 0.36966227066662166
7313.846502690308 9.251588585452117 0.38347488735319335
7317.503919874584 10.247207214754095 0.39281263837718305
7321.161463745499 9.968854681550846 0.39297303999951483
7324.819275441007 10.504755942746597 0.4048956715453293
7328.477263799406 9.575192628957865 0.37571629197959644
7332.1353926315005 10.393067529774981 0.3817845732408285
7335.793747952005 10.7896137280951 0.4126655790233022
7339.452295758035 10.653694430584883 0.4106809387718839
7343.111017197643 10.329843527227334 0.4024493042857789
7346.769954577355 10.647804633789617 0.40655432965943
7350.429078753192 9.955600999404188 0.3874287927592997
7354.088405264759 10.580125500459046 0.38069718972329225
7357.747894874655 10.669184631038437 0.3801027031854964
7361.407467908608 10.558554183423501 0.3827441542987474
7365.067402429053 10.845676928775843 0.40001165516419424
7368.727441862393 10.209961416078386 0.3939142374252719
7372.387690563086 10.7369384171753 0.39280307179220364
7376.0481218758705 11.139288145699851 0.39745843596422725
7379.708668203353 11.021193013456264 0.38064827198543616
7383.369529594903 10.087391202465104 0.36447169171391647
7387.030507211892 10.274737828547954 0.37148481630164415
7390.69157627212 9.87702551442187 0.36637395615845925
7394.352977732149 9.727932246947221 0.3729260995880902
7398.01450059824 10.553271655508158 0.39129907000447656
7401.676206346345 10.148726715147486 0.3853982902451877
7405.338104982697 10.974732759374707 0.3889591564434683
7409.000180753129 10.455489953123914 0.3830093330929464
7412.662446883594 10.019006943154766 0.3676646490109166
7416.324905177407 11.08475676683674 0.374488265065494
7419.987510109655 10.653582689245562 0.3711772290576642
7423.650288361186 10.489030319930418 0.37141785854481624
7427.313228520548 10.373212432667154 0.37101935500236777
7430.9763819098725 9.68999987145017 0.3684856816581561
7434.639708306494 10.527457766156028 0.3820225128001686
7438.303197212749 10.226466885231046 0.3773163189245257
7441.96689818011 9.69950137237818 0.36925417216407996
7445.630777060033 10.426986159249365 0.3741159026056731
7449.294825655989 10.158496304969653 0.36525887952639613
7452.959024095265 9.84741717593678 0.3582749597685828
7456.623435643304 10.596997752714449 0.36997377655456
7460.287994159557 10.487093901544894 0.3694943993078368
7463.952692029548 9.822868673438974 0.36343867184575
7467.617605848823 9.642099570404229 0.36547562145164436
7471.282697602169 9.982350822064612 0.37420651416660866
7474.947959593652 9.872123464082726 0.3753209399115654
7478.613386132708 9.99004287664508 0.38131947209570527
7482.279006643833 10.171049761455302 0.37897938243087986
7485.9447871404755 9.951985890162714 0.3731271623285369
7489.6107437705905 9.896065941161455 0.3698070343030393
7493.276887379676 10.551963229664327 0.37091268476401124
7496.943185949468 10.123114485718547 0.3631040781354393
7500.609637292625 10.053890731119596 0.3615374122303539
7504.276279188027 10.243031798296101 0.36076207505130004
7507.943079672853 9.812684058899382 0.35743444785666123
7511.610050616199 10.211049157975626 0.3626654325855511
7515.27717345199 9.538718705481955 0.3604492550979142
7518.944456716251 10.026932385713396 0.3805008653355378
7522.611937968719 9.963871582716617 0.38502336068209364
7526.279561412891 8.84817667434983 0.37490057794734755
7529.947387161902 9.923916913244618 0.3874209216710704
7533.61540282158 10.08326147148533 0.37779641574751477
7537.283543344289 9.527967228227563 0.361449120981028
7540.951891705252 10.37504982424442 0.3664025017695117
7544.620348954317 9.58833261500348 0.3543818831226946
7548.288969251078 9.645843999409733 0.35459198207055664
7551.957803906643 9.607999845691465 0.35609772121088484
7555.626772180256 9.716003265870858 0.3584038427087759
7559.295876464462 9.553104906326057 0.35495850483918984
7562.965199796875 9.861689993043608 0.36406249405748564
7566.634633891436 9.518639967156385 0.36840527314994775
7570.3042691841965 9.69170487728332 0.37076852317951403
7573.973987087059 9.85199044967265 0.3701096021516929
7577.644014792239 10.127533459975426 0.37575412693230126
7581.314099233351 9.33459610667394 0.3621760808565521
7584.984433515994 10.19835802345234 0.36102537569580917
7588.654842076835 9.101742687000263 0.3432361861368314
7592.325448186338 7.342341213695473 0.3144824938838329
7595.996163965827 5.110224160485 0.2707896221740774
7599.667005713359 3.4817466127437946 0.22676270686051783
7603.338092175746 2.4628115970949853 0.1968706325267986
7607.009293290413 2.4466123558024324 0.19213772908588428
7610.680754916977 3.3607666844458683 0.21053600081744964
7614.352262449335 4.731444363586216 0.24125078461849858
7618.024063110991 5.711035942742941 0.261731710236403
7621.695277488608 5.931668763955029 0.26497531576704414
7625.36793476104 5.429261607695467 0.2644394438201356
7629.040131550781 5.048766881046567 0.2514360669685078
7632.7124365154705 4.345612474529771 0.24003658779314632
7636.38491170526 4.611348495132532 0.2418280146720793
7640.057598068762 5.087081752420792 0.24692145574041624
7643.730392129196 5.909995184819453 0.2607660288390888
7647.403365016982 6.4833003336516875 0.27423169945718695
7651.0764546418395 6.760643115838651 0.2819548655930676
7654.749726916015 7.426960972219839 0.2964005057863139
7658.423151354293 7.910375509186093 0.30891452690256926
7662.096585449185 7.6904241453149025 0.308499424000425
7665.770404905503 8.379700130668862 0.322159912056825
7669.444275011482 8.524577735735129 0.3293095574844624
7673.118309859266 9.470835366636534 0.33927497780904153
7676.792382386315 8.700885582951958 0.33260443461097755
7680.466798246388 9.468684365726041 0.3490648998314393
7684.141241924654 8.861028076919736 0.3451958989193641
7687.8158874488045 9.774900044080116 0.36071299359913933
7691.490582077625 9.738361829440272 0.3593340642749542
7695.165593889998 10.010208783684735 0.3686216080638208
7698.84065728552 8.955318259323997 0.355553922577831
7702.515906253767 9.588209730907177 0.3648519737653434
7706.191231497191 9.778000228044391 0.3925407827749174
7709.866714470244 9.437306232942506 0.419374489238048
7713.542382993378 9.42744910092398 0.4301613891726396
7717.218194246791 9.415565303003179 0.43510320151882304
7720.894168074457 9.334486102286618 0.4319313045649143
7724.570322664972 9.580079426308183 0.4103956775944032
7728.246620648519 9.419645716633822 0.38028685189845207
7731.923023636256 9.396297170911422 0.37881665244669205
7735.599585172932 9.695656610411714 0.372232470221523
7739.276280571248 9.243121454865667 0.3676045647415269
7742.95287944064 9.541951163890122 0.3948875894353217
7746.630030156073 8.689477790367768 0.41456969054431353
7750.307188785334 9.223172571724037 0.4222861518011134
7753.984424121256 8.615604489793805 0.4304874546290373
7757.661884999821 9.369073462997573 0.434367108776019
7761.339473137189 8.631281404708325 0.38518551189599926
7765.017210916316 9.206624303668406 0.3880309170930432
7768.6949711126845 8.58420833665132 0.3766531922391211
7772.372996966129 8.77794708203026 0.37168258272450405
7776.051135661167 7.919469000757172 0.37204786186678657
7779.729474567044 8.77009241587315 0.3810848771106631
7783.407839724812 7.148424572587016 0.3619292794671803
7787.08641147243 8.65880597693752 0.4041841538246396
7790.765088795967 8.107813823369744 0.40102232475125016
7794.4439587813085 8.490306895709686 0.4006859286743899
7798.122920337429 8.380956049853006 0.4035466109990007
7801.802074195309 8.600254814214034 0.40632111531724785
7805.481335392641 7.550688126791895 0.3702437226982142
7809.160768129104 8.755597425566922 0.38225680219760827
7812.84026868028 8.870039214980274 0.40488085799958073
7816.519951391712 9.74676494497583 0.4336095067404017
7820.199707095889 8.556130112205839 0.41507356524365807
7823.879722923905 9.183806828173957 0.4207348407029134
7827.559826912399 9.131872431849681 0.4195115060714337
7831.240090747097 9.007564690945696 0.3825689840104081
7834.920461985232 8.864052481049455 0.3804866758155742
7838.600918141016 8.887053404951848 0.3825416593082272
7842.282903919322 10.07940285825042 0.3963871074493044
7845.962347183927 9.762383157371016 0.4314463607849159
7849.643243020435 9.517023502765271 0.43987553226099624
7853.32429569608 9.668316845761192 0.4467344699791041
7857.00546467674 9.420523717012653 0.45037150544674
7860.686802489944 9.228076572463722 0.43866502684169345
7864.368265489128 9.130158658736217 0.42095451925119787
7868.049865719564 9.482844886070648 0.41557378592396865
7871.731570519661 9.297793502873192 0.41241818304200706
7875.413391411298 9.957535140366705 0.4254035734570875
7879.095459909121 9.943670675354744 0.41644763729045947
7882.777572626671 9.709198733188202 0.42018266695858225
7886.459802477251 9.13716655498086 0.41738709432109805
7890.142231700497 9.727743473966237 0.4122530373813065
7893.824738655445 9.308817606774097 0.40511536275347637
7897.5072672667475 9.693477432429551 0.39596953340111946
7901.190200744477 9.49674729520078 0.3796295471508198
7904.873091034002 9.549189736425392 0.4082763068016939
7908.55607725284 8.84224542240905 0.43715189059382376
7912.239257996465 9.348611276568485 0.4510836412261801
7915.922545010686 9.465087068785515 0.4693462666056347
7919.60588744036 9.764539577787547 0.46401801352111177
7923.289602992686 9.423164401222628 0.4274563805818857
7926.973325320044 9.571347241954356 0.422313133870436
7930.657162273597 9.507827248830633 0.4052520404547529
7934.341153519653 10.945627808280323 0.41326352264826904
7938.025198925092 8.802469700953798 0.39018306083554327
7941.709391828087 9.499357964046078 0.39041155456001897
7945.393755957396 9.549516184924748 0.3960029614068091
7949.078266408383 9.445367770155016 0.39293312597421304
7952.762821793788 8.613688589306273 0.3837569718758724
7956.447521903375 9.170103103482747 0.4111356404985248
7960.13235844631 8.86091403267193 0.419269383476582
7963.817359599041 9.25945765144302 0.4219195244599933
7967.502436553976 8.911297293329417 0.423565065174093
7971.187547648722 8.494791380009605 0.4198227815026934
7974.8730645220185 8.778595422718514 0.39847924949848795
7978.558518742427 10.070726454872252 0.40606138964977795
7982.244159443313 9.637432604385427 0.41216142784346954
7985.929860041313 9.233570117925513 0.4363356232022084
7989.615695233234 8.483658078984613 0.423479861995051
7993.301721165703 9.652382949722426 0.43169004682578066
7996.987759833589 9.404806461978577 0.43263980474394287
8000.674070154145 8.411687851959442 0.3941293004268357
8004.360451858921 8.8038754990749 0.37510647276687864
8008.046967437766 9.679672038826626 0.3924433518263832
8011.7335438372065 8.581927101032656 0.3817583541083966
8015.42026695396 9.143182886965459 0.39391978207805933
8019.107063286837 8.577650405384693 0.41435281951676056
8022.794074802355 9.777623448147931 0.42424954073972343
8026.481153367876 8.774625416701168 0.4098516854899056
8030.168380304185 8.697849834477168 0.4080745578051796
8033.855763480796 8.993086248525016 0.38642591733703474
8037.543248767407 9.245587379435015 0.3753449646912362
8041.230798658744 8.462333761037053 0.3663934213715186
8044.918468829 9.141484280180695 0.3826777542734357
8048.606346395414 8.735910953405346 0.3773522348611138
8052.294260607464 9.289167876354156 0.39151992038753186
8055.982331823549 9.173563587364193 0.4022405849151301
8059.670517908181 8.791295484189439 0.39246499902121634
8063.358818830173 8.984972076496032 0.3910530945072028
8067.047185247366 8.646685465735565 0.38216875150866664
8070.735823845774 8.987407070474545 0.37579165282456845
8074.424471751108 8.403018941201212 0.3650504242636712
8078.113284431071 9.419699388041815 0.37969782372506466
8081.802180667443 8.108418513608214 0.3633572903232467
8085.491195168874 7.993101065784957 0.3627222983391484
8089.180280264393 9.225803589172314 0.3774848104439403
8092.869606318786 8.956593805023438 0.3776237234610028
8096.558970213252 8.841041500696734 0.3788612017377747
8100.248486427811 8.941375082017034 0.37848871826227787
8103.938086816046 8.466771043923016 0.36965661753249507
8107.627831374045 8.783798974502707 0.3730888364997809
8111.317681989448 9.023501319496633 0.36707863866252344
8115.007598660419 8.59995510966608 0.357919059264446
8118.697665510906 8.239598247716735 0.3557634267495777
8122.387904536811 7.807664619066572 0.3495684499677212
8126.078216774476 7.385253121000503 0.34207729488351496
8129.768673086003 8.257142097246422 0.35552234364819285
8133.459134480116 7.289928090198081 0.34221821887982623
8137.149786530471 7.450386921342312 0.33958415560749683
8140.840605568552 6.9717126417993125 0.33292792330220633
8144.531536371957 7.847486785448284 0.34514143649932827
8148.222478955673 7.633429528255864 0.3363894215499894
8151.913647563525 6.94634891315088 0.3290431375478287
8155.604914128268 7.3661776956676785 0.3316699454975538
8159.296203670267 6.301288431632093 0.31290213654988036
8162.987692264685 6.950615360473553 0.3209540574294119
8166.679222713226 7.11454284829106 0.3247800467338828
8170.370968486135 7.29191527934152 0.3298050629581483
8174.062777889387 6.983846368771338 0.3260212885469415
8177.754674978532 6.974436516422289 0.3269597749413619
8181.4467100555175 7.279580125246643 0.3309932784072778
8185.138848527399 7.514919424620777 0.33855243865392126
8188.8310551150835 7.092036442665155 0.3336842234282704
8192.52348309756 7.151888685234729 0.33404222665478484
8196.215950856724 7.078388389167632 0.33660734211239185
8199.908554311045 7.626861802395181 0.3458075742528621
8203.601255605043 7.815899596244658 0.34898085117089384
8207.294002994975 7.312734079316927 0.3438345706735966
8210.987008478916 7.8303135788462574 0.34840957240946413
8214.680045952204 7.653213938666999 0.34383969081113375
8218.373173102602 6.648893958699438 0.323657987798482
8222.066444496015 6.02373008417 0.31005474720645726
8225.75980950631 6.202938877092178 0.3104641249644041
8229.453239811812 5.9566672261713025 0.30654286802944614
8233.146841463837 6.524694779895528 0.3173984715507335
8236.840599240315 7.224223757344016 0.33635038013795887
8240.534401692414 7.318458746691123 0.3443187101754579
8244.228324306814 7.614645585040878 0.35012370834135714
8247.922373966354 7.6477421820875335 0.34854209662019864
8251.61628438729 7.03454013932449 0.33814505405887024
8255.310755252438 7.018315821062873 0.3389721019804631
8259.005093289636 7.435323247233748 0.3418703912982326
8262.699611404954 7.824808323783965 0.34950397502247715
8266.39414141262 6.965510617431147 0.33968947327692417
8270.088811534984 7.463330241208411 0.36367754388936646
8273.783520101193 7.0215192413656204 0.3701839964648717
8277.478435482653 7.0536826835786135 0.3969680277262809
8281.173425727293 7.0137444995305005 0.41575672508101297
8284.868552257156 7.0067805366832205 0.41474609495482256
8288.563748332575 6.795560131878713 0.4308807875248318
8292.25912696519 7.96081472306407 0.4436835043226544
8295.954581470301 7.174905600544135 0.40731169961950264
8299.6501245415 7.456329441316321 0.4164053469006472
8303.345811644618 7.197006815532799 0.39901979258193115
8307.041632837123 7.589796507628821 0.36883502940333424
8310.737517185236 7.961752680525427 0.37191330964631863
8314.43350318251 7.780931291930542 0.3663208116979024
8318.129615251242 7.604917704138768 0.3515505979906344
8321.825803262138 7.754881499483264 0.35195585853151284
8325.52194750968 7.847120250674904 0.34912824004860304
8329.218484380473 7.793832109649599 0.3571288162161126
8332.91486728876 7.533043662246213 0.41861125020404616
8336.611445303719 8.021602696029085 0.4810937652499507
8340.308164326807 7.255400259450516 0.47981909633886993
8344.004956367811 7.029420145617446 0.5027170393191172
8347.701954518925 8.15708729685698 0.49880918677847474
8351.399026883402 7.10335604953632 0.4057312206877921
8355.096197257388 7.768960933137785 0.4123027240431159
8358.793482057987 7.665241451014659 0.3853274258403819
8362.490842851 8.03825545096819 0.37795389757307185
8366.188295650267 7.310971385320174 0.37089167052552935
8369.885699944209 8.200650574055759 0.38327763969289724
8373.583509881211 7.634728246750118 0.38977648289437516
8377.281257311066 7.50961598092811 0.3886387479831566
8380.97915971463 8.138334857839942 0.3974944595293344
8384.677070728058 8.304168684072769 0.4013163357307362
8388.37513581807 7.785605447278598 0.44411878202739047
8392.073309641137 8.038544586376156 0.4604765171036451
8395.771613862618 7.665516971613035 0.45048972291445405
8399.469979650092 7.360703484406491 0.45149800003389184
8403.168528941089 7.612861758468014 0.43013947011500603
8406.86711395888 5.801992494133319 0.37012124101655713
8410.565848082791 6.40233574927579 0.37926852140247225
8414.264624364343 6.462948337786064 0.3866793796349269
8417.96346429346 6.843782288182857 0.4349144589522857
8421.662459849627 5.438455784525563 0.4447082000063108
8425.361588151558 4.977524706784822 0.43275152600643785
8429.060798419672 5.8822232908973575 0.4487754314637595
8432.760168613051 5.285382250325326 0.4190761187874024
8436.459584028007 4.619663263393998 0.32966541137166977
8440.159168416545 5.2702747065566795 0.3509817160541053
8443.858714643347 4.096032511075015 0.34847662603177487
8447.558523982254 5.733098200769367 0.3689982538978396
8451.258247218293 4.073581237459246 0.36711682365516657
8454.958177439612 4.033108897967766 0.4099051783847814
8458.658198233912 3.252565580861331 0.3831540745658393
8462.358350559132 3.8374078342547078 0.3872091109438594
8466.058561519665 2.7110731928017855 0.3768034960172543
8469.75897541582 3.503824227149879 0.33052453187671427
8473.459439590606 3.4324254226412507 0.30249454304872847
8477.159968036509 3.1296224783600395 0.29819137324697087
8480.860588066795 3.1466193900744703 0.3087831867268511
8484.561327023339 3.1901223912714225 0.3218241087623825
8488.262175271004 3.207946551026837 0.31921586793927537
8491.963081131313 3.1359286183855994 0.349059394336527
8495.6641410405 3.5049551308057456 0.3678971754973589
8499.365297862689 3.246446824342625 0.3468362956731201
8503.066531983137 3.218645062308552 0.34776400072824365
8506.767922548694 3.7073414808288345 0.34392080838682076
8510.469382441073 3.528020820091701 0.3056526311158274
8514.170946330698 3.5907973693965394 0.3068625943341896
8517.87255922224 3.9101286451750714 0.3084035128214239
8521.57433334824 4.455679744257801 0.3193097501893558
8525.27617481978 4.3770331757208085 0.3242341142947791
8528.978141756035 4.037487623961218 0.3211888943055916
8532.68021678986 4.840140414755666 0.333419751138092
8536.382316435913 4.231459133950653 0.33859402861519455
8540.084570136209 4.640318159703633 0.35241362370453394
8543.786961466527 5.5478622995605695 0.3581323491140305
8547.489374349387 5.324395933811389 0.3566718763359544
8551.191961433264 5.567220971102172 0.3555567572213108
8554.894563388361 5.246772517859737 0.3367203368018303
8558.59734942138 5.500570253704945 0.34362877463108316
8562.300188123489 5.5284593339526245 0.3458426329592139
8566.002946058825 5.2477773907634315 0.3386869674577098
8569.706120899147 5.366050259302748 0.34282752416944773
8573.409298095828 6.195005520710368 0.3590300773919039
8577.112540265432 5.910453794168788 0.35886040209774966
8580.815860999171 5.615987009273783 0.35386247752190636
8584.519302022089 6.058749328755991 0.3692453712082436
8588.222791911932 5.31108175902143 0.3574222105134935
8591.926420959684 4.709786806497867 0.34568588639273873
8595.63013799073 5.837209991578235 0.36017468703676
8599.3340307686 6.30092369470343 0.3711670358498734
8603.037916072954 5.643043295336892 0.3672173854506914
8606.741927643345 5.781534544008748 0.38439883584837
8610.44600265235 5.451505793183902 0.40248942390463155
8614.15022499001 6.487644793097309 0.4429054160462538
8617.854511398957 5.595538751450249 0.45141827380222355
8621.558904100084 5.292318671041692 0.4596389580612284
8625.26345072179 5.707511424538163 0.462162963192004
8628.968078288408 6.121566942356362 0.4548712352379883
8632.672823518622 6.540291784017586 0.4429727731801039
8636.377608497742 5.760220814711241 0.42668565009685444
8640.082537604425 6.686449288363357 0.4430694290706035
8643.78751984182 6.584518583718839 0.4540455174302758
8647.49261636715 6.753546393861829 0.4757038199859069
8651.197806905875 6.69082843434806 0.48391918253500205
8654.903105549574 6.213341554618221 0.4755108851183446
8658.608495961189 5.9633942427398186 0.4627312324765815
8662.314049048882 7.8767321798191245 0.4749420649604972
8666.019619629127 6.61250127649229 0.449915461718228
8669.72532338201 6.225924372538392 0.4274957428565106
8673.431129513878 6.901885458708456 0.42479119786584496
8677.137057685088 7.647816963717015 0.42461716068900546
8680.842982791606 7.513927860827903 0.4128857117718214
8684.54909849505 8.391609436081314 0.4206428575982838
8688.255287306252 7.12580321996236 0.4016554160330176
8691.961603029873 8.894038497697952 0.4271019423381495
8695.667950627245 8.773974981006777 0.4254899565886246
8699.374419494094 8.064073536795782 0.413779724381083
8703.080979504051 8.220078857300976 0.41434015633864474
8706.787667543636 9.190936917433183 0.42823992820361756
8710.49441972304 9.080068501993985 0.4255449170400965
8714.20127960475 9.800882058642955 0.4308848770519244
8717.908220416684 9.328119369433777 0.4273406779650875
8721.615264757826 9.211815447524872 0.42793828317017635
8725.322428964702 10.34247848755929 0.4428087121818577
8729.02966108818 9.862078088287257 0.4391415222316858
8732.736975549116 10.78204214206301 0.4519907718314457
8736.444456102274 10.932746894804197 0.4537375341836074
8740.151944421556 10.460814319103331 0.4493070260437043
8743.859517283197 10.865551823834217 0.48701436513569635
8747.56714527547 9.622217580593944 0.5171824597859223
8751.274911341638 11.121258039924406 0.5792540045068668
8754.982818092858 9.378780002375407 0.6017430780229066
8758.690861391808 10.456900311050328 0.6121743747687995
8762.398950253582 10.513034293919189 0.6301339772200223
8766.107198611373 11.217661457410374 0.6299729622038028
8769.815533126168 11.037458219239157 0.5754049646442061
8773.523940560182 11.371153924935424 0.58294136162345
8777.232452035174 10.214964276609551 0.5482410171439748
8780.94109256794 11.275914615080197 0.49836368989668983
8784.649807800306 11.092035337073769 0.49972831649939353
8788.358615144087 11.061761309004918 0.4934128454719518
8792.067524896936 10.295855827524083 0.46128100789831644
8795.776550191147 11.005156890274531 0.46653711094213607
8799.485579374383 10.605720062702297 0.46483129999612816
8803.194781886443 10.365588410177116 0.461397759575917
8806.903958047962 9.962332387582553 0.47354580399724794
8810.61319322132 10.387701106817175 0.608499740558706
8814.322627161895 9.643050596107056 0.6614373664285107
8818.032218831298 12.10496794441391 0.69997989885832
8821.741845798275 10.757856489430287 0.7379835332892557
8825.451670770284 10.86439473179336 0.6740825507025704
8829.16157961789 10.776025829773904 0.5665228054938339
8832.871528325228 10.272460201560106 0.5559023963175552
8836.581639286009 10.412838251588962 0.5146864109289679
8840.291803766342 9.904503416065397 0.4884447141199211
8844.002033482335 10.128256072804529 0.4930430550429837
8847.712396592913 10.850825418467611 0.5014238753474465
8851.422755233541 9.825012571883407 0.5168302364190253
8855.133303211016 10.236563691109685 0.5260052168572709
8858.843901743541 9.377188495819697 0.5159762632461203
8862.554659162057 9.758714389085736 0.5160605868727356
8866.26543760627 9.073748685809399 0.5099117583367333
8869.976299393233 10.048339748933985 0.6088592657869869
8873.687336289066 10.914208092203143 0.6330630731639382
8877.398390023352 10.069753186937868 0.6235074981447664
8881.109654737134 9.443724510155436 0.6163552084973896
8884.821009552692 9.371715487296244 0.5561656457204409
8888.532458147785 10.06505071983846 0.5422625872436219
8892.243913511847 8.635982485241666 0.527529168948935
8895.955522949605 8.474019796049156 0.528225279331703
8899.667171821691 8.427650656359809 0.5500716474857488
8903.378962632121 10.074398018815327 0.644242630135002
8907.090868798672 10.416565702025084 0.6511778460129438
8910.802834693328 8.701920657160315 0.6304111489401992
8914.514942847858 9.053315966468436 0.6323453792807404
8918.227265671874 9.263330698109364 0.5311344245019967
8921.939558704495 8.124600154243588 0.45707821695876305
8925.651880524216 8.131581159125895 0.5013191674926235
8929.364341900768 8.04998291024472 0.5089598356964792
8933.076950854369 8.45729766587289 0.5127757719305984
8936.789549557434 6.999103598583321 0.5022815241648793
8940.50229224768 7.20902090346249 0.5725746786743849
8944.215189891802 7.756148359466837 0.5668001270825347
8947.928136129482 6.466449635579053 0.5458408185542665
8951.641220421538 6.984338354256925 0.5555204487180958
8955.354492321325 7.074852605575794 0.4869133991486391
8959.067777577407 6.3322575854340455 0.41297710923122805
8962.781191030166 7.542672779109314 0.43609850450120025
8966.494633819995 7.5958098086943515 0.4426517356488048
8970.208124321001 6.5253840128716565 0.44623981810688257
8973.921748442735 5.566243513622306 0.4319149796108112
8977.63546643592 6.220628273064524 0.4447244221734117
8981.349327288044 6.549041014599169 0.48525729258706246
8985.06326534586 6.2684793036390625 0.5036341216491369
8988.77732533185 6.1404342239526795 0.48981023661928974
8992.491496657773 6.88411884061267 0.5018993757154113
8996.20577050484 6.551189086501232 0.48045118765230416
8999.92020983588 6.793955480568271 0.4310316284682408
9003.634655657483 6.759910764978503 0.42336296376437627
9007.34919542221 6.884256328662344 0.42740641990481243
9011.063814380415 6.4782119110424565 0.4232148778281752
9014.778561877229 7.448867291704218 0.4501752328697056
9018.49336109994 7.075115526767638 0.46070818536030195
9022.208295519678 7.449907696782578 0.47624924198697777
9025.923322046507 6.966114903498259 0.46882018505086853
9029.63839094931 6.684120245916538 0.4944832678982554
9033.353692316396 8.543315791910972 0.5294950080458055
9037.069008992105 7.483319510853907 0.5023474926036335
9040.784444880932 7.845192653822235 0.5152530538416333
9044.49999898122 6.973853357760638 0.48363913872171477
9048.215693073715 7.925386545156883 0.47007817627811344
9051.931410854453 6.8437677836493185 0.45109615044932716
9055.647053582656 6.614380706815967 0.4425423936557106
9059.363117662251 6.743494512529305 0.4488447660883774
9063.079172256012 5.8971725042533585 0.426424565291683
9066.795323721044 6.532194150877115 0.4369300509005767
9070.511540019197 6.3677632831196025 0.43878934885037
9074.227908942265 6.912269014555526 0.4509081134094934
9077.944267664001 5.755456292252264 0.43707047308311003
9081.660837360769 7.0522116372304025 0.476088417520184
9085.37741212357 5.697361088819088 0.4607303182178472
9089.094195148436 6.429634462272055 0.4673544269832352
9092.810875319417 6.531053896191729 0.4676145830087959
9096.528018521156 6.8485210707219375 0.4694513581028304
9100.24501987312 6.072100599390431 0.43939986390076563
9103.962221979667 7.1588478582775625 0.46298807724690416
9107.679439394895 6.236010833443716 0.44480929139604647
9111.396815557273 6.8658354295004385 0.4525853304946436
9115.113807559761 6.366699622955386 0.44676306641728397
9118.831779170547 5.852167555828821 0.4351108901786097
9122.549418368983 5.693246808888472 0.4329829581672262
9126.267171728565 5.96962446056357 0.4482597733896067
9129.985020900229 5.8784685321675 0.45231077131703346
9133.702976713632 6.180792682195791 0.46308439254804445
9137.421050693882 6.560189000487602 0.47499642804738484
9141.139020783261 5.527033890086271 0.4613880062101114
9144.857456858317 6.279277542459975 0.48079249911636074
9148.575844847324 7.001620356360833 0.4907120756279133
9152.294326187246 6.158359446730789 0.47292150157775753
9156.012844366518 5.915154856637628 0.4565089561632547
9159.731635535083 6.904382321921909 0.472484264176128
9163.450225045939 6.77805289189468 0.4719097614882489
9167.169287109176 6.7123473511364 0.476805219952542
9170.888212277081 5.652451659750882 0.4614050100054656
9174.607343240208 6.812526800633761 0.4888496181706639
9178.326491701844 7.208026684676932 0.49801536068443863
9182.045871813307 7.960592476501931 0.5148063125149102
9185.765248351361 6.928889281288547 0.4974503844663098
9189.484576155199 7.023640557935964 0.5063743117036235
9193.20436496945 7.063429008363094 0.5092443756673704
9196.924048606763 6.8057646381600465 0.5092268346446103
9200.643924915166 7.9845735750542985 0.5348714714094065
9204.3637523517 6.007108188496003 0.5061793155171815
9208.083844623976 7.287060206827811 0.5356048607631965
9211.803953919736 6.289045464673122 0.5100305940939803
9215.524237648024 7.535372117261752 0.5323456761012374
9219.244603256455 7.41829829158047 0.5230388254604638
9222.96505440596 7.432849968140442 0.5210038609646135
9226.685628593701 8.069539646814198 0.5374958830983555
9230.406256922952 7.015484379485176 0.520437773006501
9234.127029479885 7.107072999954676 0.522583229687341
9237.847893248314 6.6885827173933405 0.5207097445045075
9241.568706650427 6.559740871877115 0.5155313643705606
9245.289984061492 7.562347826255873 0.5420100776259995
9249.011136665666 7.485635345170649 0.5351913629240214
9252.732450410616 5.7790619508422765 0.5001270288155214
9256.453871077661 6.5737966194316435 0.5187822375131375
9260.175401402514 5.814417643236448 0.4963830551021972
9263.896973876565 5.15475967393156 0.48471584375190246
9267.618712851361 6.078713832988102 0.5037897207750854
9271.340542313128 5.303175830970768 0.4960183743113926
9275.062545426692 5.685633518505426 0.504830913460169
9278.784478274933 4.083886462059891 0.4837047729705297
9282.506619529802 4.604315669152559 0.573068511774226
9286.228814189866 4.135796834067953 0.6501899486707532
9289.95123921465 6.437001487674964 0.8078419752461143
9293.673689250621 2.9193906177702496 0.7836546431931829
9297.39627546481 1.8506210652795831 0.7594625568909309
9301.119025881531 2.6627908946097234 0.7606405509581908
9304.841922077348 3.9467711897499265 0.6615701706293494
9308.564851178182 3.131051632010075 0.5817198024107477
9312.287873143587 2.0486918649635095 0.534193864538677
9316.011130279276 3.211851320843027 0.48571698792269574
9319.734319171468 1.7648496302060146 0.41255036623049446
9323.45769369995 2.0313949560023543 0.4322191050810914
9327.181230240481 2.571786413379404 0.4493611508215964
9330.904802968087 2.318621713603973 0.42965271647518066
9334.628543978977 3.010761441539891 0.45961170726691264
9338.352331878727 2.5596413758825056 0.448476340648947
9342.07628768851 2.925498764652635 0.4482021429326655
9345.80028858537 3.6646064606461226 0.50602733511567
9349.52424316832 1.6085150123126162 0.6787223071484094
9353.24855623133 2.178934584029074 0.8366148492099339
9356.972962540854 3.5941653513618768 0.862258278712147
9360.697435119293 3.0889327621169205 0.8706332957367473
9364.422101074872 3.703579715665177 0.7740764711217081
9368.146940292583 4.79135900915614 0.5615131723303983
9371.871749277403 4.870799530875144 0.5513141238983075
9375.596634776777 4.730025768645746 0.5758860522776094
9379.321650496498 4.3180889004451695 0.5785984925730142
9383.046785260067 3.5018045401124582 0.5623992359432479
9386.772060375817 4.531819541423457 0.583877181277019
9390.497533418104 6.434327252554046 0.6234761507364351
9394.222854363581 3.3353211446044537 0.6160373525567678
9397.948501951169 3.8269125882730894 0.643414292238646
9401.674199028723 3.968623626094874 0.6497825357882057
9405.400095342437 4.609374293870847 0.6576593302608196
9409.126015558382 4.644135641236872 0.615429966531622
9412.852092568397 5.488756672094834 0.710385947087043
9416.578149320958 2.2101635539784663 0.6767312371470446
9420.30451074456 4.222125886847893 0.7230940175725445
9424.030852798855 2.1650667158802137 0.6914533839969987
9427.75750554595 4.70942778101287 0.6829041904933891
9431.484058517024 3.198763850569505 0.6482794887794733
9435.210840661926 3.5059473328081845 0.680621035992095
9438.937678628938 3.037442572478475 0.6604468322148226
9442.664712808968 3.9628926441524337 0.6920262980137352
9446.391789803563 3.3279467684172803 0.6485170202213255
9450.119000334224 3.942300744113948 0.7323882469522801
9453.846331655184 3.5149126144204366 0.740562888868241
9457.573789427732 3.7643109085488033 0.7474848476170098
9461.301359373498 3.2895212230480415 0.7327178485900528
9465.029110079979 4.000955986265898 0.6615924555250609
9468.75701372216 5.8185564302527935 0.645067983440887
9472.484826479445 3.7510142525755312 0.6060195332364304
9476.212790084151 2.520635111456638 0.6429591726675977
9479.940986607198 3.4432568563238224 0.6733577859226133
9483.669293657887 4.874514674806417 0.7138669027665934
9487.397742977699 5.868608622009096 0.733260614928911
9491.126258807739 4.500252253981634 0.643930387643666
9494.85475062847 4.432668446306782 0.6072646166665182
9498.58360176437 3.130551856248783 0.5698104549824837
9502.312515686253 4.498755541774806 0.6162898175858913
9506.04151653959 5.089211048448776 0.654459242722389
9509.770568267357 3.497102556661355 0.6230258383412842
9513.49981663349 4.340575450752718 0.6448956602252172
9517.229188598993 4.072195020925257 0.6343858914052501
9520.958603773492 3.8714944618835063 0.6515644430928461
9524.688216044535 4.396050273673134 0.724168398037858
9528.417931049153 4.702748044928579 0.7270627120557509
9532.147797534104 5.555390841664708 0.7675284672564173
9535.87766066474 3.1541666525611634 0.7386798390181386
9539.60775243836 3.5376406319115716 0.8011247507731796
9543.337980176197 4.2179573129414685 0.8139193396306927
9547.068308972313 4.289750484510915 0.8235201120671358
9550.798791792104 4.628973649679025 0.8194330483176421
9554.529432580717 4.4769565117368915 0.7070898295221716
9558.260065853194 3.2802821703819305 0.6411585932596395
9561.99102428436 6.045853455757209 0.7046353661036584
9565.72183433176 3.25724056658223 0.6361297929868326
9569.452975672799 4.3498206102339525 0.6560319713060662
9573.184130720518 4.213571480209197 0.6717312307641282
9576.915499102684 6.014929772152203 0.7559104249944594
9580.646877846526 4.679696861647414 0.7439627482858278
9584.378466379952 4.9554626129197 0.7540557974563117
9588.110147936488 5.556695642073294 0.7942159616657801
9591.841972744756 5.255216342132131 0.8079585310518858
9595.573878500616 4.228712221944979 0.7618010768669381
9599.306006238912 6.635701457261922 0.845606767411618
9603.03822623318 6.964864427510595 0.8488191008087668
9606.77057564683 7.182292780654362 0.825538088958433
9610.503008308948 6.526223663500207 0.8091531326599188
9614.235575934234 6.314567482350906 0.8067285302451185
9617.968294886878 6.8965631084969585 0.8187187745361945
9621.701120861297 6.707765593794562 0.8245762225934067
9625.434059242736 5.87646027327649 0.8088920622811328
9629.16715776005 6.526637309208699 0.8189734363903696
9632.900353732648 6.369278023731282 0.8328315704449495
9636.633668894563 4.128352312063243 0.8512581255110528
9640.367128824197 6.4650719462129835 0.8774484975162302
9644.100751310982 5.735090440524578 0.9146771353566678
