4250.0 0.9136542287972367
4259.2 4.126977016084161
4268.4 2.2094097287412486
4277.6 3.8875339846051897
4286.8 2.529292358736754
4296.0 1.0616982764879366
4305.2 1.1387050887338312
4314.4 3.2931248715800963
4323.6 2.5400352924670297
4332.8 2.189620569201745
4342.0 1.5194541565387694
4351.2 1.1476011012872862
4360.4 1.4022660473312591
4369.6 2.1686314952118564
4378.8 1.6474434659054205
4388.0 0.7710341313877481
4397.2 1.571273193362918
4406.4 2.5108961152307105
4415.6 1.435134289470037
4424.8 1.8489917757561152
4434.0 1.8849454197187825
4443.2 1.3749546279400553
4452.4 1.1342360725382967
4461.6 2.135627141099897
4470.8 1.2366307117177446
4480.0 1.1774389283413869
4489.2 1.4011366904561529
4498.4 1.0728191166915277
4507.6 2.25200068884812
4516.8 0.26824396685118534
4526.0 1.533462397457829
4535.2 1.7302252412642651
4544.4 1.2473469832112385
4553.6 1.3613236650211302
4562.8 0.2808974047205894
4572.0 2.120197313870014
4581.2 1.638545624789826
4590.4 2.4548210095538945
4599.6 1.1431429267653668
4608.8 0.41928626055328744
4618.0 1.45048912167279
4627.2 1.7010789908315698
4636.4 1.0994223406906916
4645.6 2.5141725280191025
4654.8 1.9775384597228396
4664.0 1.218302435639777
4673.2 1.9570509854318743
4682.4 1.2593486781033356
4691.6 1.4746164444833794
4700.8 1.2093341388968304
4710.0 1.5678915991390912
4719.2 1.5353148468861064
4728.4 1.4862995457998112
4737.6 1.373646156412577
4746.8 0.4181364052151857
4756.0 1.5121016909234974
4765.2 1.6732721133848187
4774.4 1.1344396460619195
4783.6 1.031083635184555
4792.8 1.2155494032262208
4802.0 1.5275044155649484
4811.2 1.4873294999343887
4820.4 0.8741773113037452
4829.6 1.1021329197765775
4838.8 1.2429203861979348
4848.0 1.1632171323985123
4857.2 1.1540492816709755
4866.4 1.3741465854459187
4875.6 1.085640261184379
4884.8 1.373835065505147
4894.0 1.5718812505332924
4903.2 1.5062951769844326
4912.4 0.8014857160927674
4921.6 1.4255386624000561
4930.8 1.1886428269540927
4940.0 1.564848200970871
4949.2 1.0402684762738759
4958.4 1.4906007629585638
4967.6 0.682503500654739
4976.8 1.018916779141186
4986.0 1.0503032680448672
4995.2 1.7542877864119029
5004.4 1.697143192081945
5013.6 0.9939959592634074
5022.8 1.6676707152811139
5032.0 1.5857431479852901
5041.2 0.6310946120087754
5050.4 1.2853792620632307
5059.6 1.8340239796355338
5068.8 1.3813060302623954
5078.0 1.2955412984197394
5087.2 1.5488403348022326
5096.4 1.4413917608945483
5105.6 1.0839424733483347
5114.8 1.1505227106147016
5124.0 1.2101287831113814
5133.2 1.4006186266330871
5142.4 0.6613272644857057
5151.6 1.1009511223198027
5160.8 1.2745987161493015
5170.0 1.285663476524057
5179.2 0.9043084674698146
5188.4 1.4708394867544612
5197.6 1.4217450868792694
5206.8 1.023561976340001
5216.0 1.1526203377745856
5225.2 1.3182852574713355
5234.4 0.7761859543758015
5243.6 1.4090818827613554
5252.8 1.1846621208097792
5262.0 0.9896014667080548
5271.2 1.2083175073874954
5280.4 1.0203417343389063
5289.6 0.7986603775256806
5298.8 1.1189576769702754
5308.0 0.9148154889307748
5317.2 1.1879028005257628
5326.4 0.8550152819116275
5335.6 0.9375664831145071
5344.8 1.0378013360188898
5354.0 1.0827727885990184
5363.2 0.9856842803648505
5372.4 1.0993439241712812
5381.6 0.6486170787856654
5390.8 1.086196927401778
5400.0 1.28283796155012
5409.2 1.0173557472720176
5418.4 1.0959016752395776
5427.6 0.9010174647414152
5436.8 0.7314897802756614
5446.0 1.2027371953598183
5455.2 0.7364329209316595
5464.4 1.4908607561024942
5473.6 1.1240684285545506
5482.8 0.9397925603989857
5492.0 0.532354364265917
5501.2 1.1094913354073772
5510.4 1.0687495762806805
5519.6 1.1352902485890974
5528.8 1.0750287548638349
5538.0 1.163404689825087
5547.2 1.0436742935068526
5556.4 1.0794913274060154
5565.6 0.6422205126541451
5574.8 1.114630920309061
5584.0 0.8357782208679742
5593.2 1.1080167955727132
5602.4 1.002596676225326
5611.6 0.797674838305097
5620.8 1.2093034037399801
5630.0 0.7092717253032838
5639.2 1.426058185585628
5648.4 1.2678984774450743
5657.6 0.8847467227584616
5666.8 0.76527564435068
5676.0 0.9621379845891014
5685.2 0.6662958541023727
5694.4 1.264964470830161
5703.6 0.7416652341498489
5712.8 0.9451774044682427
5722.0 0.9694847421359866
5731.2 0.5546571037856052
5740.4 1.3257671223370564
5749.6 0.468961379247012
5758.8 0.7684126412989828
5768.0 0.68556248028208
5777.2 1.0590028530417632
5786.4 1.1570254544938405
5795.6 0.7667058807431448
5804.8 0.7351985267733052
5814.0 0.9495196275683504
5823.2 1.2361150904818508
5832.4 0.8783397546107129
5841.6 0.6114509700640938
5850.8 0.8622267763740037
5860.0 0.8126484657988138
5869.2 1.1428485364336556
5878.4 0.7029403776290499
5887.6 0.9769569964410038
5896.8 0.7546838031078338
5906.0 0.7317060052271945
5915.2 0.7497900504471565
5924.4 0.900309830176367
5933.6 0.8694972058957852
5942.8 0.9629202711547237
5952.0 0.8796980214014369
5961.2 1.0382479309949737
5970.4 0.6085366356110754
5979.6 1.0333235938111547
5988.8 0.9017521000045939
5998.0 0.8707905230262011
6007.2 0.9955560899892891
6016.4 1.1370546214353983
6025.6 0.9974823721106383
6034.8 0.9858532297827479
6044.0 1.1640776733472278
6053.2 1.0865529623698569
6062.4 0.8516134754507084
6071.6 0.9064019279748476
6080.8 1.0218054860289396
6090.0 0.8762071234820847
6099.2 0.9540900219639775
6108.4 0.9266875498287941
6117.6 0.9939979174354774
6126.8 1.0603258053477098
6136.0 0.8372712545700726
6145.2 0.8815060825600384
6154.4 0.8477187906504184
6163.6 1.0848953037982512
6172.8 0.7084055485134486
6182.0 0.8317145885141345
6191.2 0.8549063999503822
6200.4 0.6894906591536447
6209.6 0.9574295187204745
6218.8 1.1169375876928789
6228.0 0.8897233384039931
6237.2 1.023302732372119
6246.4 0.6885280432338861
6255.6 0.9396577515471536
6264.8 0.4972718711650208
6274.0 0.6990987367440298
6283.2 0.8332343577336306
6292.4 0.6203177320026408
6301.6 0.7786113924811559
6310.8 0.7334681880390556
6320.0 0.7256567806556713
6329.2 0.7794974036813135
6338.4 1.0633270359671234
6347.6 0.7727668931248023
6356.8 0.6283146243791534
6366.0 0.6771785836945892
6375.2 0.5851607184880245
6384.4 0.9539602874291454
6393.6 0.8755129082050128
6402.8 0.7492950587504078
6412.0 0.7212299761639928
6421.2 0.8297048352942791
6430.4 0.8073222278855556
6439.6 0.6796196996571713
6448.8 0.958115610015923
6458.0 1.0519088957663052
6467.2 0.5349497046119057
6476.4 0.9489832237883082
6485.6 0.9931075703971833
6494.8 0.37039664174106685
6504.0 0.8772087816558295
6513.2 0.17181326752105902
6522.4 0.6881116775765006
6531.6 0.5222186139986338
6540.8 0.4779673508769054
6550.0 0.6941324910083646
6559.2 0.5130820500546115
6568.4 0.6736333080463309
6577.6 0.8047192745482539
6586.8 0.6299092252890373
6596.0 0.8400331336242192
6605.2 0.7366444763750457
6614.4 0.9587873149855115
6623.6 0.8678305053784726
6632.8 0.845605298863812
6642.0 0.916165808112123
6651.2 0.9426764393861926
6660.4 0.9633384280562403
6669.6 0.8431504266289132
6678.8 0.6466841205884314
6688.0 0.623223563273483
6697.2 0.9050809479357438
6706.4 0.731514556695451
6715.6 0.7398208288588568
6724.8 0.9202426864376579
6734.0 0.6672673166250981
6743.2 0.4981950381998153
6752.4 1.1577840093829912
6761.6 1.239473074143018
6770.8 0.9335133941743694
6780.0 0.9049696803452668
6789.2 0.8829637581171048
6798.4 1.0409151197812674
6807.6 0.710354192496575
6816.8 0.7206492839726504
6826.0 0.8289407042458026
6835.2 0.6927580489868304
6844.4 0.8787343982139052
6853.6 0.5832394065009999
6862.8 0.9792438662800931
6872.0 0.7124485354888724
6881.2 0.962715849643637
6890.4 0.9805027952043749
6899.6 0.6416208458431512
6908.8 0.8070725699118758
6918.0 0.3725438603088435
6927.2 0.6297810500335311
6936.4 0.5332194764192791
6945.6 0.7507316024560741
6954.8 0.7229095099595078
6964.0 0.7299952245971715
6973.2 0.7133318808511959
6982.4 0.7540065384076309
6991.6 0.6419514205075867
7000.8 0.7638678
7010.0 0.5846055776605429
7019.2 0.37074334090264277
7028.4 0.7396733519951929
7037.6 0.6912856468147022
7046.8 0.603963473104497
7056.0 0.6673573300764989
7065.2 0.7447083569265786
7074.4 0.9896063946608536
7083.6 0.8484639170043253
7092.8 0.42632171788043555
7102.0 0.4038658106166123
7111.2 0.5753928583890984
7120.4 0.4426559027396185
7129.6 0.8160284077821072
7138.8 0.5762884571841845
7148.0 0.4578280214584791
7157.2 0.6960376140833825
7166.4 0.8537809115242597
7175.6 0.7974882881683442
7184.8 0.7161173616718047
7194.0 0.44386072049696995
7203.2 1.0170265516543011
7212.4 0.5593976249178921
7221.6 0.40852859070410263
7230.8 0.6065820246907647
7240.0 0.8429067303750657
7249.2 0.38905216394433956
7258.4 0.9167854742933074
7267.6 0.6488232624971045
7276.8 0.5374181944095097
7286.0 0.795607627442182
7295.2 0.31739037801886305
7304.4 0.453842256811962
7313.6 0.5888339029827733
7322.8 0.6202805073788581
7332.0 0.6798617434460199
7341.2 0.6472908065694453
7350.4 0.5019243219297329
7359.6 0.6292945913973697
7368.8 0.7994381347720799
7378.0 0.5774630677127166
7387.2 0.2899685997912564
7396.4 0.9417594213464888
7405.6 0.8079056056062573
7414.8 0.6323392458222826
7424.0 0.6799933238223965
7433.2 0.7930522241903727
7442.4 0.40990245646893314
7451.6 0.4788518156112787
7460.8 0.329503026770615
7470.0 0.6301331632485049
7479.2 0.41963298330692683
7488.4 0.6984667166278509
7497.6 0.7055266709536425
7506.8 0.7120248928774173
7516.0 1.2100736159385457
7525.2 0.5538477663171818
7534.4 0.5733657190762891
7543.6 0.20804913048445745
7552.8 0.6574551886250434
7562.0 0.44678457452080467
7571.2 0.6913161830042398
7580.4 0.6356933503942526
7589.6 0.18500086644220579
7598.8 0.17575880319939524
7608.0 -0.32641695309697166
7617.2 0.6817513139640818
7626.4 0.7022282845449969
7635.6 0.7004110423964055
7644.8 0.06089984833100191
7654.0 0.9644578293897695
7663.2 -0.10675900791546884
7672.4 0.3918394009871466
7681.6 0.365656761332149
7690.8 0.29821705745440874
7700.0 0.5800875670638785
7709.2 0.664171437524354
7718.4 0.27480736825610097
7727.6 0.5130160296198963
7736.8 0.3569416050583201
7746.0 0.5680732187251463
7755.2 1.1149670921793222
7764.4 0.6637012691793124
7773.6 0.05971390988465603
7782.8 0.4018810358259963
7792.0 1.3939003398285943
7801.2 0.7400774095572713
7810.4 1.4192714221618046
7819.6 0.6397892942205695
7828.8 0.35151820153986413
7838.0 0.37892790591185727
7847.2 0.3824711348539547
7856.4 0.0196769194828531
7865.6 0.20681467615694876
7874.8 0.5504890529889778
7884.0 0.9004471553262003
7893.2 0.6699554988779297
7902.4 -0.04780642425052403
7911.6 0.7954752643304893
7920.8 1.3508131405588477
7930.0 1.8170699316501928
7939.2 0.39049933081399124
7948.4 0.49601059530883806
7957.6 0.8096888885890708
7966.8 0.5279740718550959
7976.0 0.7772668524698687
7985.2 0.705291640868182
7994.4 0.3525956265322766
