3348.75781250001  5.109398E-17
3351.73867487908  6.000104E-17
3354.71953725816  5.714434E-17
3357.70039963723  4.724358E-17
3360.6812620163  4.389357E-17
3363.66212439538  4.432060E-17
3366.64298677445  6.507703E-17
3369.62384915353  7.401391E-17
3372.6047115326  6.516448E-17
3375.58557391167  5.899481E-17
3378.56643629075  5.734431E-17
3381.54729866982  6.482436E-17
3384.5281610489  6.607991E-17
3387.50902342797  7.736907E-17
3390.48988580705  7.812698E-17
3393.47074818612  6.107161E-17
3396.45161056519  5.558497E-17
3399.43247294427  6.400270E-17
3402.41333532334  9.358142E-17
3405.39419770242  1.040562E-16
3408.37506008149  9.866392E-17
3411.35592246056  8.708515E-17
3414.33678483964  9.332776E-17
3417.31764721871  1.028829E-16
3420.29850959779  1.006321E-16
3423.27937197686  1.167057E-16
3426.26023435594  1.204539E-16
3429.24109673501  1.100135E-16
3432.22195911408  1.211165E-16
3435.20282149316  1.318376E-16
3438.18368387223  1.031315E-16
3441.16454625131  1.068692E-16
3444.14540863038  1.152377E-16
3447.12627100945  1.202367E-16
3450.10713338853  1.242961E-16
3453.0879957676  1.239056E-16
3456.06885814668  1.268048E-16
3459.04972052575  1.356948E-16
3462.03058290482  1.387593E-16
3465.0114452839  1.389945E-16
3467.99230766297  1.516201E-16
3470.97317004205  1.440733E-16
3473.95403242112  1.504487E-16
3476.9348948002  1.685766E-16
3479.91575717927  1.710290E-16
3482.89661955834  1.659589E-16
3485.87748193742  1.724514E-16
3488.85834431649  1.732994E-16
3491.83920669557  1.919922E-16
3494.82006907464  2.123626E-16
3497.80093145371  2.180552E-16
3500.78179383279  2.261852E-16
3503.76265621186  2.286227E-16
3506.74351859094  2.342250E-16
3509.72438097001  2.390629E-16
3512.70524334908  2.353680E-16
3515.68610572816  2.240095E-16
3518.66696810723  2.358440E-16
3521.64783048631  2.564712E-16
3524.62869286538  2.629884E-16
3527.60955524445  2.698202E-16
3530.59041762353  2.673330E-16
3533.5712800026  2.767052E-16
3536.55214238168  2.597489E-16
3539.53300476075  2.664090E-16
3542.51386713982  2.854446E-16
3545.4947295189  2.801062E-16
3548.47559189797  2.670271E-16
3551.45645427705  2.454052E-16
3554.43731665612  2.575646E-16
3557.4181790352  2.521579E-16
3560.39904141427  2.407939E-16
3563.37990379334  2.604113E-16
3566.36076617242  2.737183E-16
3569.34162855149  2.445644E-16
3572.32249093057  2.475991E-16
3575.30335330964  2.664624E-16
3578.28421568871  2.576486E-16
3581.26507806779  2.635816E-16
3584.24594044686  2.643687E-16
3587.22680282594  2.502573E-16
3590.20766520501  2.635472E-16
3593.18852758408  2.762574E-16
3596.16938996316  2.714059E-16
3599.15025234223  2.541658E-16
3602.13111472131  2.520001E-16
3605.11197710038  2.796364E-16
3608.09283947946  2.920740E-16
3611.07370185853  2.840275E-16
3614.0545642376  2.807722E-16
3617.03542661668  2.800517E-16
3620.01628899575  2.901579E-16
3622.99715137483  2.972726E-16
3625.9780137539  2.974599E-16
3628.95887613297  2.870379E-16
3631.93973851205  2.899194E-16
3634.92060089112  2.946152E-16
3637.9014632702  2.882758E-16
3640.88232564927  2.921335E-16
3643.86318802834  2.931157E-16
3646.84405040742  2.956237E-16
3649.82491278649  2.969065E-16
3652.80577516557  2.918035E-16
3655.78663754464  2.883789E-16
3658.76749992372  2.856021E-16
3661.74836230279  2.815694E-16
3664.72922468186  2.772266E-16
3667.71008706094  2.741336E-16
3670.69094944001  2.718584E-16
3673.67181181909  2.661958E-16
3676.65267419816  2.643622E-16
3679.63353657723  2.720954E-16
3682.61439895631  2.792744E-16
3685.59526133538  2.748796E-16
3688.57612371446  2.663348E-16
3691.55698609353  2.713521E-16
3694.5378484726  2.790285E-16
3697.51871085168  2.775479E-16
3700.49957323075  2.832499E-16
3703.48043560983  2.927903E-16
3706.4612979889  2.935142E-16
3709.44216036797  2.870594E-16
3712.42302274705  2.806419E-16
3715.40388512612  2.799448E-16
3718.3847475052  2.786854E-16
3721.36560988427  2.784170E-16
3724.34647226334  2.800922E-16
3727.32733464242  2.819353E-16
3730.30819702149  2.842498E-16
3733.28905940057  2.943451E-16
3736.26992177964  2.912615E-16
3739.25078415872  2.955165E-16
3742.23164653779  2.899377E-16
3745.21250891686  2.965169E-16
3748.19337129594  2.992206E-16
3751.17423367501  2.977893E-16
3754.15509605409  3.070241E-16
3757.13595843316  3.139386E-16
3760.11682081223  3.065748E-16
3763.09768319131  3.031022E-16
3766.07854557038  3.048896E-16
3769.05940794946  3.091530E-16
3772.04027032853  3.072125E-16
3775.0211327076  3.030680E-16
3778.00199508668  2.994432E-16
3780.98285746575  2.981808E-16
3783.96371984483  3.013651E-16
3786.9445822239  2.980594E-16
3789.92544460298  2.883227E-16
3792.90630698205  2.821518E-16
3795.88716936112  2.927079E-16
3798.8680317402  2.930868E-16
3801.84889411927  2.773397E-16
3804.82975649835  2.784021E-16
3807.81061887742  2.818491E-16
3810.79148125649  2.735137E-16
3813.77234363557  2.603842E-16
3816.75320601464  2.510218E-16
3819.73406839372  2.524089E-16
3822.71493077279  2.566208E-16
3825.69579315187  2.536163E-16
3828.67665553094  2.495247E-16
3831.65751791001  2.452879E-16
3834.63838028909  2.370388E-16
3837.61924266816  2.302095E-16
3840.60010504724  2.298853E-16
3843.58096742631  2.277803E-16
3846.56182980538  2.205910E-16
3849.54269218446  2.150135E-16
3852.52355456353  2.117836E-16
3855.50441694261  2.099038E-16
3858.48527932168  2.046920E-16
3861.46614170075  1.927183E-16
3864.44700407983  1.876175E-16
3867.4278664589  1.813010E-16
3870.40872883798  1.747415E-16
3873.38959121705  1.668906E-16
3876.37045359612  1.631580E-16
3879.3513159752  1.570296E-16
3882.33217835427  1.494699E-16
3885.31304073335  1.445528E-16
3888.29390311242  1.376317E-16
3891.2747654915  1.318326E-16
3894.25562787057  1.271701E-16
3897.23649024964  1.243862E-16
3900.21735262872  1.219417E-16
3903.19821500779  1.184670E-16
3906.17907738687  1.135420E-16
3909.15993976594  1.100688E-16
3912.14080214501  1.058684E-16
3915.12166452409  1.051583E-16
3918.10252690316  1.073296E-16
3921.08338928224  1.067675E-16
3924.06425166131  1.088299E-16
3927.04511404038  1.133617E-16
3930.02597641946  1.168960E-16
3933.00683879853  1.159990E-16
3935.98770117761  1.175819E-16
3938.96856355668  1.224630E-16
3941.94942593575  1.245745E-16
3944.93028831483  1.237390E-16
3947.9111506939  1.292850E-16
3950.89201307298  1.288905E-16
3953.87287545205  1.268953E-16
3956.85373783113  1.295198E-16
3959.8346002102  1.323627E-16
3962.81546258927  1.322729E-16
3965.79632496835  1.303249E-16
3968.77718734742  1.314623E-16
3971.7580497265  1.324679E-16
3974.73891210557  1.339962E-16
3977.71977448464  1.352081E-16
3980.70063686372  1.338584E-16
3983.68149924279  1.333736E-16
3986.66236162187  1.365182E-16
3989.64322400094  1.363950E-16
3992.62408638001  1.344988E-16
3995.60494875909  1.338173E-16
3998.58581113816  1.361328E-16
4001.56667351724  1.380600E-16
4004.54753589631  1.399902E-16
4007.52839827539  1.387889E-16
4010.50926065446  1.435493E-16
4013.49012303353  1.506477E-16
4016.47098541261  1.553764E-16
4019.45184779168  1.582452E-16
4022.43271017076  1.605538E-16
4025.41357254983  1.643262E-16
4028.3944349289  1.729608E-16
4031.37529730798  1.794299E-16
4034.35615968705  1.773447E-16
4037.33702206613  1.782093E-16
4040.3178844452  1.857048E-16
4043.29874682427  1.953355E-16
4046.27960920335  2.078501E-16
4049.26047158242  2.143206E-16
4052.2413339615  2.203426E-16
4055.22219634057  2.284669E-16
4058.20305871965  2.351964E-16
4061.18392109872  2.489791E-16
4064.16478347779  2.541100E-16
4067.14564585687  2.656171E-16
4070.12650823594  2.715852E-16
4073.10737061502  2.750234E-16
4076.08823299409  2.833070E-16
4079.06909537316  2.891851E-16
4082.04995775224  2.931183E-16
4085.03082013131  2.948674E-16
4088.01168251039  3.010865E-16
4090.99254488946  3.056867E-16
4093.97340726853  3.100714E-16
4096.95426964761  3.169193E-16
4099.93513202668  3.199447E-16
4102.91599440576  3.239927E-16
4105.89685678483  3.280270E-16
4108.8777191639  3.315931E-16
4111.85858154298  3.330819E-16
4114.83944392205  3.380907E-16
4117.82030630113  3.433063E-16
4120.8011686802  3.455755E-16
4123.78203105928  3.480462E-16
4126.76289343835  3.481174E-16
4129.74375581742  3.550869E-16
4132.7246181965  3.590067E-16
4135.70548057557  3.615921E-16
4138.68634295465  3.651166E-16
4141.66720533372  3.646155E-16
4144.64806771279  3.653495E-16
4147.62893009187  3.676567E-16
4150.60979247094  3.701809E-16
4153.59065485002  3.681943E-16
4156.57151722909  3.473871E-16
4159.55237960816  3.458798E-16
4162.53324198724  3.453072E-16
4165.51410436631  3.518238E-16
4168.49496674539  3.467243E-16
4171.47582912446  3.369021E-16
4174.45669150353  3.262630E-16
4177.43755388261  3.171808E-16
4180.41841626168  3.118539E-16
4183.39927864076  3.067618E-16
4186.38014101983  2.997502E-16
4189.3610033989  2.926429E-16
4192.34186577798  2.838595E-16
4195.32272815705  2.762214E-16
4198.30359053613  2.746470E-16
4201.2844529152  2.738694E-16
4204.26531529428  2.689141E-16
4207.24617767335  2.665810E-16
4210.22704005242  2.653836E-16
4213.2079024315  2.631684E-16
4216.18876481057  2.613041E-16
4219.16962718965  2.612536E-16
4222.15048956872  2.610430E-16
4225.1313519478  2.684638E-16
4228.11221432687  2.707088E-16
4231.09307670594  2.720845E-16
4234.07393908502  2.724213E-16
4237.05480146409  2.746815E-16
4240.03566384317  2.854394E-16
4243.01652622224  2.857658E-16
4245.99738860132  2.937385E-16
4248.97825098039  2.984473E-16
4251.95911335946  2.990487E-16
4254.93997573853  3.028866E-16
4257.92083811761  3.129545E-16
4260.90170049668  3.134042E-16
4263.88256287576  3.125565E-16
4266.86342525483  3.182291E-16
4269.84428763391  3.218831E-16
4272.82515001298  3.252314E-16
4275.80601239206  3.288112E-16
4278.78687477113  3.330996E-16
4281.7677371502  3.382776E-16
4284.74859952928  3.414376E-16
4287.72946190835  3.412228E-16
4290.71032428743  3.435629E-16
4293.6911866665  3.423056E-16
4296.67204904557  3.462165E-16
4299.65291142465  3.475120E-16
4302.63377380372  3.455057E-16
4305.6146361828  3.450018E-16
4308.59549856187  3.488390E-16
4311.57636094094  3.493856E-16
4314.55722332002  3.501229E-16
4317.53808569909  3.524710E-16
4320.51894807817  3.508804E-16
4323.49981045724  3.477493E-16
4326.48067283632  3.464519E-16
4329.46153521539  3.445536E-16
4332.44239759446  3.409719E-16
4335.42325997354  3.368472E-16
4338.40412235261  3.293401E-16
4341.38498473169  3.253618E-16
4344.36584711076  3.235906E-16
4347.34670948983  3.209080E-16
4350.32757186891  3.157089E-16
4353.30843424798  3.092036E-16
4356.28929662706  3.093593E-16
4359.27015900613  3.102758E-16
4362.2510213852  3.083514E-16
4365.23188376428  3.040647E-16
4368.21274614335  2.996251E-16
4371.19360852243  2.975547E-16
4374.1744709015  2.954234E-16
4377.15533328057  2.920292E-16
4380.13619565965  2.928615E-16
4383.11705803872  2.887735E-16
4386.0979204178  2.857090E-16
4389.07878279687  2.886694E-16
4392.05964517594  2.892763E-16
4395.04050755502  2.888225E-16
4398.02136993409  2.909244E-16
4401.00223231317  2.876672E-16
4403.98309469224  2.846961E-16
4406.96395707132  2.823161E-16
4409.94481945039  2.802556E-16
4412.92568182946  2.776535E-16
4415.90654420854  2.715816E-16
4418.88740658761  2.675477E-16
4421.86826896669  2.677561E-16
4424.84913134576  2.620469E-16
4427.82999372483  2.573055E-16
4430.81085610391  2.550203E-16
4433.79171848298  2.480921E-16
4436.77258086206  2.390632E-16
4439.75344324113  2.358424E-16
4442.7343056202  2.362433E-16
4445.71516799928  2.376858E-16
4448.69603037835  2.366272E-16
4451.67689275743  2.346768E-16
4454.6577551365  2.346873E-16
4457.63861751557  2.321320E-16
4460.61947989465  2.292134E-16
4463.60034227372  2.258689E-16
4466.5812046528  2.230840E-16
4469.56206703187  2.222409E-16
4472.54292941095  2.214542E-16
4475.52379179002  2.178676E-16
4478.50465416909  2.141827E-16
4481.48551654817  2.131008E-16
4484.46637892724  2.122685E-16
4487.44724130632  2.097157E-16
4490.42810368539  2.090314E-16
4493.40896606446  2.079695E-16
4496.38982844354  2.030843E-16
4499.37069082261  1.871599E-16
4502.35155320169  1.827327E-16
4505.33241558076  1.788974E-16
4508.31327795983  1.774821E-16
4511.29414033891  1.781975E-16
4514.27500271798  1.731084E-16
4517.25586509706  1.698889E-16
4520.23672747613  1.677986E-16
4523.2175898552  1.691597E-16
4526.19845223428  1.660910E-16
4529.17931461335  1.650656E-16
4532.16017699243  1.593447E-16
4535.1410393715  1.641038E-16
4538.12190175058  1.661167E-16
4541.10276412965  1.723660E-16
4544.08362650872  1.701564E-16
4547.0644888878  1.683037E-16
4550.04535126687  1.617407E-16
4553.02621364595  1.695312E-16
4556.00707602502  1.759454E-16
4558.98793840409  1.818716E-16
4561.96880078317  1.789184E-16
4564.94966316224  1.888229E-16
4567.93052554132  1.947226E-16
4570.91138792039  1.938279E-16
4573.89225029946  1.965695E-16
4576.87311267854  2.013456E-16
4579.85397505761  2.076796E-16
4582.83483743669  2.012756E-16
4585.81569981576  2.049223E-16
4588.79656219484  2.051279E-16
4591.77742457391  2.078635E-16
4594.75828695298  2.108403E-16
4597.73914933206  2.159685E-16
4600.72001171113  2.187052E-16
4603.70087409021  2.182677E-16
4606.68173646928  2.160237E-16
4609.66259884835  2.163138E-16
4612.64346122743  2.188414E-16
4615.6243236065  2.222920E-16
4618.60518598558  2.221590E-16
4621.58604836465  2.203688E-16
4624.56691074372  2.210716E-16
4627.5477731228  2.208627E-16
4630.52863550187  2.185062E-16
4633.50949788095  2.168876E-16
4636.49036026002  2.148316E-16
4639.4712226391  2.105904E-16
4642.45208501817  2.089934E-16
4645.43294739724  2.052369E-16
4648.41380977632  2.030899E-16
4651.39467215539  2.040816E-16
4654.37553453447  2.023164E-16
4657.35639691354  2.009136E-16
4660.33725929261  2.009550E-16
4663.31812167169  2.013870E-16
4666.29898405076  2.029710E-16
4669.27984642984  2.050479E-16
4672.26070880891  1.951053E-16
4675.24157118798  1.943000E-16
4678.22243356706  1.990199E-16
4681.20329594613  2.061622E-16
4684.18415832521  2.108834E-16
4687.16502070428  2.153543E-16
4690.14588308336  2.175384E-16
4693.12674546243  2.216332E-16
4696.1076078415  2.279889E-16
4699.08847022058  2.304269E-16
4702.06933259965  2.338986E-16
4705.05019497873  2.388867E-16
4708.0310573578  2.385469E-16
4711.01191973687  2.403126E-16
4713.99278211595  2.412825E-16
4716.97364449502  2.434968E-16
4719.9545068741  2.462189E-16
4722.93536925317  2.480135E-16
4725.91623163224  2.490375E-16
4728.89709401132  2.480949E-16
4731.87795639039  2.492318E-16
4734.85881876947  2.509490E-16
4737.83968114854  2.509997E-16
4740.82054352761  2.523432E-16
4743.80140590669  2.533913E-16
4746.78226828576  2.564038E-16
4749.76313066484  2.596815E-16
4752.74399304391  2.622320E-16
4755.72485542299  2.577657E-16
4758.70571780206  2.588305E-16
4761.68658018113  2.617555E-16
4764.66744256021  2.628437E-16
4767.64830493928  2.617324E-16
4770.62916731836  2.595185E-16
4773.61002969743  2.582736E-16
4776.5908920765  2.549137E-16
4779.57175445558  2.526902E-16
4782.55261683465  2.514902E-16
4785.53347921373  2.495080E-16
4788.5143415928  2.468321E-16
4791.49520397187  2.447336E-16
4794.47606635095  2.464974E-16
4797.45692873002  2.498864E-16
4800.4377911091  2.496013E-16
4803.41865348817  2.450302E-16
4806.39951586725  2.439740E-16
4809.38037824632  2.448982E-16
4812.36124062539  2.441602E-16
4815.34210300447  2.454879E-16
4818.32296538354  2.448067E-16
4821.30382776262  2.419265E-16
4824.28469014169  2.420108E-16
4827.26555252076  2.427429E-16
4830.24641489984  2.415614E-16
4833.22727727891  2.436819E-16
4836.20813965799  2.467325E-16
4839.18900203706  2.469729E-16
4842.16986441613  2.424989E-16
4845.15072679521  2.423241E-16
4848.13158917428  2.466122E-16
4851.11245155336  2.465024E-16
4854.09331393243  2.448043E-16
4857.07417631151  2.436665E-16
4860.05503869058  2.413982E-16
4863.03590106965  2.428998E-16
4866.01676344873  2.448299E-16
4868.9976258278  2.397285E-16
4871.97848820687  2.371715E-16
4874.95935058595  2.349465E-16
4877.94021296502  2.313531E-16
4880.9210753441  2.257766E-16
4883.90193772317  2.224214E-16
4886.88280010225  2.251130E-16
4889.86366248132  2.182344E-16
4892.84452486039  2.112290E-16
4895.82538723947  2.050220E-16
4898.80624961854  2.030687E-16
4901.78711199762  2.015261E-16
4904.76797437669  2.015663E-16
4907.74883675577  1.986555E-16
4910.72969913484  1.966101E-16
4913.71056151391  1.935467E-16
4916.69142389299  1.910722E-16
4919.67228627206  1.935907E-16
4922.65314865114  1.950757E-16
4925.63401103021  1.949015E-16
4928.61487340928  1.958536E-16
4931.59573578836  1.954742E-16
4934.57659816743  1.957665E-16
4937.55746054651  1.905282E-16
4940.53832292558  1.881635E-16
4943.51918530465  1.894192E-16
4946.50004768373  1.919782E-16
4949.4809100628  1.929629E-16
4952.46177244188  1.962907E-16
4955.44263482095  1.928801E-16
4958.42349720003  1.960920E-16
4961.4043595791  1.988169E-16
4964.38522195817  1.979228E-16
4967.36608433725  1.972716E-16
4970.34694671632  1.867704E-16
4973.3278090954  1.864008E-16
4976.30867147447  1.885155E-16
4979.28953385354  1.845361E-16
4982.27039623262  1.797101E-16
4985.25125861169  1.842069E-16
4988.23212099077  1.825382E-16
4991.21298336984  1.777660E-16
4994.19384574891  1.741072E-16
4997.17470812799  1.724212E-16
5000.15557050706  1.724158E-16
5003.13643288614  1.682518E-16
5006.11729526521  1.675887E-16
5009.09815764428  1.647277E-16
5012.07902002336  1.629220E-16
5015.05988240243  1.631826E-16
5018.04074478151  1.655302E-16
5021.02160716058  1.677456E-16
5024.00246953965  1.633513E-16
5026.98333191873  1.620252E-16
5029.9641942978  1.637773E-16
5032.94505667688  1.644223E-16
5035.92591905595  1.687778E-16
5038.90678143503  1.722221E-16
5041.8876438141  1.762734E-16
5044.86850619317  1.779086E-16
5047.84936857225  1.757876E-16
5050.83023095132  1.759382E-16
5053.8110933304  1.751992E-16
5056.79195570947  1.747174E-16
5059.77281808854  1.715972E-16
5062.75368046762  1.713635E-16
5065.73454284669  1.718638E-16
5068.71540522577  1.667606E-16
5071.69626760484  1.646282E-16
5074.67712998391  1.629103E-16
5077.65799236299  1.574541E-16
5080.63885474206  1.516002E-16
5083.61971712114  1.513172E-16
5086.60057950021  1.497272E-16
5089.58144187929  1.433188E-16
5092.56230425836  1.389356E-16
5095.54316663743  1.377516E-16
5098.52402901651  1.320215E-16
5101.50489139558  1.297604E-16
5104.48575377466  1.303928E-16
5107.46661615373  1.261358E-16
5110.4474785328  1.228988E-16
5113.42834091188  1.186626E-16
5116.40920329095  1.194011E-16
5119.39006567003  1.187054E-16
5122.3709280491  1.151081E-16
5125.35179042818  1.123562E-16
5128.33265280725  1.134030E-16
5131.31351518632  1.154167E-16
5134.2943775654  1.158986E-16
5137.27523994447  1.170274E-16
5140.25610232354  1.180915E-16
5143.23696470262  1.199301E-16
5146.21782708169  1.228555E-16
5149.19868946077  1.245070E-16
5152.17955183984  1.256144E-16
5155.16041421892  1.276641E-16
5158.14127659799  1.292115E-16
5161.12213897707  1.302923E-16
5164.10300135614  1.328208E-16
5167.08386373521  1.339983E-16
5170.06472611429  1.329240E-16
5173.04558849336  1.336810E-16
5176.02645087244  1.346163E-16
5179.00731325151  1.372791E-16
5181.98817563058  1.361657E-16
5184.96903800966  1.358468E-16
5187.94990038873  1.340408E-16
5190.93076276781  1.339504E-16
5193.91162514688  1.383120E-16
5196.89248752595  1.419877E-16
5199.87334990503  1.421578E-16
5202.8542122841  1.432637E-16
5205.83507466318  1.441033E-16
5208.81593704225  1.434487E-16
5211.79679942132  1.456550E-16
5214.7776618004  1.455601E-16
5217.75852417947  1.426959E-16
5220.73938655855  1.432561E-16
5223.72024893762  1.424678E-16
5226.70111131669  1.429345E-16
5229.68197369577  1.429804E-16
5232.66283607484  1.410692E-16
5235.64369845392  1.399076E-16
5238.62456083299  1.428573E-16
5241.60542321206  1.459358E-16
5244.58628559114  1.444497E-16
5247.56714797021  1.434830E-16
5250.54801034929  1.449993E-16
5253.52887272836  1.429015E-16
5256.50973510744  1.405607E-16
5259.49059748651  1.427768E-16
5262.47145986558  1.451677E-16
5265.45232224466  1.443343E-16
5268.43318462373  1.464426E-16
5271.41404700281  1.491094E-16
5274.39490938188  1.503657E-16
5277.37577176095  1.510568E-16
5280.35663414003  1.498731E-16
5283.3374965191  1.501774E-16
5286.31835889818  1.530916E-16
5289.29922127725  1.531549E-16
5292.28008365632  1.537724E-16
5295.2609460354  1.565999E-16
5298.24180841447  1.561526E-16
5301.22267079355  1.532395E-16
5304.20353317262  1.540100E-16
5307.18439555169  1.558706E-16
5310.16525793077  1.580616E-16
5313.14612030984  1.609368E-16
5316.12698268892  1.610065E-16
5319.10784506799  1.607347E-16
5322.08870744707  1.619068E-16
5325.06956982614  1.632123E-16
5328.05043220521  1.620479E-16
5331.03129458429  1.640273E-16
5334.01215696336  1.661814E-16
5336.99301934244  1.676281E-16
5339.97388172151  1.702312E-16
5342.95474410058  1.720852E-16
5345.93560647966  1.719432E-16
5348.91646885873  1.724752E-16
5351.89733123781  1.746848E-16
5354.87819361688  1.760479E-16
5357.85905599595  1.764813E-16
5360.83991837503  1.747160E-16
5363.8207807541  1.749400E-16
5366.80164313318  1.807063E-16
5369.78250551225  1.815033E-16
5372.76336789133  1.796726E-16
5375.7442302704  1.820566E-16
5378.72509264947  1.850078E-16
5381.70595502855  1.820120E-16
5384.68681740762  1.829169E-16
5387.6676797867  1.848635E-16
5390.64854216577  1.835323E-16
5393.62940454484  1.806478E-16
5396.61026692392  1.802752E-16
5399.59112930299  1.779943E-16
5402.57199168206  1.758435E-16
5405.55285406114  1.791367E-16
5408.53371644021  1.762914E-16
5411.51457881929  1.727425E-16
5414.49544119836  1.732449E-16
5417.47630357744  1.756511E-16
5420.45716595651  1.752088E-16
5423.43802833558  1.720671E-16
5426.41889071466  1.705448E-16
5429.39975309373  1.708223E-16
5432.38061547281  1.700921E-16
5435.36147785188  1.699284E-16
5438.34234023096  1.704894E-16
5441.32320261003  1.720622E-16
5444.3040649891  1.750928E-16
5447.28492736818  1.741754E-16
5450.26578974725  1.745178E-16
5453.24665212633  1.735134E-16
5456.2275145054  1.769915E-16
5459.20837688448  1.795314E-16
5462.18923926355  1.783703E-16
5465.17010164262  1.790407E-16
5468.1509640217  1.817020E-16
5471.13182640077  1.811176E-16
5474.11268877984  1.821137E-16
5477.09355115892  1.808844E-16
5480.07441353799  1.811598E-16
5483.05527591707  1.804815E-16
5486.03613829614  1.819149E-16
5489.01700067521  1.824502E-16
5491.99786305429  1.804192E-16
5494.97872543336  1.770438E-16
5497.95958781244  1.761153E-16
5500.94045019151  1.753282E-16
5503.92131257058  1.706164E-16
5506.90217494966  1.683518E-16
5509.88303732873  1.631518E-16
5512.86389970781  1.602741E-16
5515.84476208688  1.574423E-16
5518.82562446596  1.523317E-16
5521.80648684503  1.501210E-16
5524.78734922411  1.449114E-16
5527.76821160318  1.436937E-16
5530.74907398225  1.392177E-16
5533.72993636133  1.331513E-16
5536.7107987404  1.347144E-16
5539.69166111948  1.321482E-16
5542.67252349855  1.290382E-16
5545.65338587762  1.273048E-16
5548.6342482567  1.265474E-16
5551.61511063577  1.260416E-16
5554.59597301485  1.231430E-16
5557.57683539392  1.186594E-16
5560.55769777299  1.246099E-16
5563.53856015207  1.217911E-16
5566.51942253114  1.248323E-16
5569.50028491022  1.327970E-16
5572.48114728929  1.385885E-16
5575.46200966836  1.336499E-16
5578.44287204744  1.282610E-16
5581.42373442651  1.310487E-16
5584.40459680559  1.385619E-16
5587.38545918466  1.287585E-16
5590.36632156374  1.385308E-16
5593.34718394281  1.358041E-16
5596.32804632188  1.288752E-16
5599.30890870096  1.287963E-16
5602.28977108003  1.288751E-16
5605.27063345911  1.301081E-16
5608.25149583818  1.317143E-16
5611.23235821725  1.322130E-16
5614.21322059633  1.342230E-16
5617.1940829754  1.355077E-16
5620.17494535448  1.370909E-16
5623.15580773355  1.358440E-16
5626.13667011263  1.370424E-16
5629.1175324917  1.412654E-16
5632.09839487077  1.413222E-16
5635.07925724985  1.411004E-16
5638.06011962892  1.397070E-16
5641.040982008  1.380803E-16
5644.02184438707  1.413561E-16
5647.00270676614  1.404829E-16
5649.98356914522  1.391267E-16
5652.96443152429  1.409271E-16
5655.94529390337  1.392015E-16
5658.92615628244  1.375884E-16
5661.90701866151  1.380259E-16
5664.88788104059  1.384648E-16
5667.86874341966  1.389068E-16
5670.84960579874  1.387093E-16
5673.83046817781  1.393146E-16
5676.81133055688  1.389852E-16
5679.79219293596  1.378182E-16
5682.77305531503  1.362052E-16
5685.75391769411  1.338411E-16
5688.73478007318  1.326012E-16
5691.71564245225  1.317364E-16
5694.69650483133  1.287995E-16
5697.6773672104  1.299028E-16
5700.65822958948  1.285699E-16
5703.63909196855  1.261393E-16
5706.61995434763  1.259040E-16
5709.6008167267  1.249914E-16
5712.58167910577  1.219681E-16
5715.56254148485  1.188377E-16
5718.54340386392  1.177355E-16
5721.524266243  1.154673E-16
5724.50512862207  1.134616E-16
5727.48599100115  1.126041E-16
5730.46685338022  1.106629E-16
5733.44771575929  1.071675E-16
5736.42857813837  1.081154E-16
5739.40944051744  1.085332E-16
5742.39030289651  1.074794E-16
5745.37116527559  1.076027E-16
5748.35202765466  1.058599E-16
5751.33289003374  1.051751E-16
5754.31375241281  1.066768E-16
5757.29461479188  1.052616E-16
5760.27547717096  1.049146E-16
5763.25633955003  1.079473E-16
5766.23720192911  1.097565E-16
5769.21806430818  1.106957E-16
5772.19892668725  1.141583E-16
5775.17978906633  1.148789E-16
5778.1606514454  1.155707E-16
5781.14151382448  1.190498E-16
5784.12237620355  1.194041E-16
5787.10323858263  1.216179E-16
5790.0841009617  1.253631E-16
5793.06496334077  1.272160E-16
5796.04582571985  1.283419E-16
5799.02668809892  1.325896E-16
5802.007550478  1.353188E-16
5804.98841285707  1.354919E-16
5807.96927523615  1.390397E-16
5810.95013761522  1.386245E-16
5813.93099999429  1.402410E-16
5816.91186237337  1.432967E-16
5819.89272475244  1.435049E-16
5822.87358713151  1.435112E-16
5825.85444951059  1.471644E-16
5828.83531188966  1.478067E-16
5831.81617426874  1.470009E-16
5834.79703664781  1.465109E-16
5837.77789902689  1.459138E-16
5840.75876140596  1.483707E-16
5843.73962378503  1.477196E-16
5846.72048616411  1.451901E-16
5849.70134854318  1.438144E-16
5852.68221092226  1.426492E-16
5855.66307330133  1.430978E-16
5858.64393568041  1.424438E-16
5861.62479805948  1.410872E-16
5864.60566043855  1.446856E-16
5867.58652281763  1.445074E-16
5870.5673851967  1.440535E-16
5873.54824757578  1.481293E-16
5876.52910995485  1.460362E-16
5879.50997233392  1.438925E-16
5882.490834713  1.439941E-16
5885.47169709207  1.435889E-16
5888.45255947115  1.439060E-16
5891.43342185022  1.425628E-16
5894.41428422929  1.396961E-16
5897.39514660837  1.393170E-16
5900.37600898744  1.428265E-16
5903.35687136652  1.451282E-16
5906.33773374559  1.469567E-16
5909.31859612466  1.471880E-16
5912.29945850374  1.448853E-16
5915.28032088281  1.426241E-16
5918.26118326189  1.432238E-16
5921.24204564096  1.452138E-16
5924.22290802003  1.487805E-16
5927.20377039911  1.503812E-16
5930.18463277818  1.464637E-16
5933.16549515726  1.460784E-16
5936.14635753633  1.469630E-16
5939.1272199154  1.449781E-16
5942.10808229448  1.447701E-16
5945.08894467355  1.473297E-16
5948.06980705263  1.466626E-16
5951.0506694317  1.448881E-16
5954.03153181078  1.438603E-16
5957.01239418985  1.449828E-16
5959.99325656892  1.453869E-16
5962.974118948  1.445796E-16
5965.95498132707  1.430854E-16
5968.93584370615  1.435771E-16
5971.91670608522  1.426325E-16
5974.89756846429  1.416843E-16
5977.87843084337  1.451934E-16
5980.85929322244  1.476085E-16
5983.84015560152  1.443384E-16
5986.82101798059  1.423401E-16
5989.80188035966  1.419328E-16
5992.78274273874  1.405955E-16
5995.76360511781  1.419149E-16
5998.74446749689  1.426439E-16
6001.72532987596  1.415805E-16
6004.70619225504  1.393731E-16
6007.68705463411  1.378342E-16
6010.66791701318  1.365512E-16
6013.64877939226  1.358221E-16
6016.62964177133  1.345598E-16
6019.61050415041  1.330687E-16
6022.59136652948  1.307871E-16
6025.57222890855  1.311612E-16
6028.55309128763  1.309446E-16
6031.5339536667  1.289679E-16
6034.51481604578  1.275778E-16
6037.49567842485  1.259391E-16
6040.47654080392  1.242660E-16
6043.457403183  1.243092E-16
6046.43826556207  1.237712E-16
6049.41912794115  1.209290E-16
6052.39999032022  1.210813E-16
6055.38085269929  1.200530E-16
6058.36171507837  1.192692E-16
6061.34257745744  1.181121E-16
6064.32343983652  1.175191E-16
6067.30430221559  1.150916E-16
6070.28516459466  1.145983E-16
6073.26602697374  1.145719E-16
6076.24688935281  1.127744E-16
6079.22775173189  1.133500E-16
6082.20861411096  1.130734E-16
6085.18947649004  1.141120E-16
6088.17033886911  1.146937E-16
6091.15120124818  1.138582E-16
6094.13206362726  1.156468E-16
6097.11292600633  1.178802E-16
6100.09378838541  1.168701E-16
6103.07465076448  1.160691E-16
6106.05551314355  1.181735E-16
6109.03637552263  1.193722E-16
6112.0172379017  1.200893E-16
6114.99810028078  1.212527E-16
6117.97896265985  1.205501E-16
6120.95982503892  1.201955E-16
6123.940687418  1.235944E-16
6126.92154979707  1.253703E-16
6129.90241217615  1.255373E-16
6132.88327455522  1.244819E-16
6135.8641369343  1.258029E-16
6138.84499931337  1.239394E-16
6141.82586169244  1.259694E-16
6144.80672407152  1.272589E-16
6147.78758645059  1.281162E-16
6150.76844882967  1.305460E-16
6153.74931120874  1.297608E-16
6156.73017358782  1.287489E-16
6159.71103596689  1.306678E-16
6162.69189834596  1.325457E-16
6165.67276072504  1.310173E-16
6168.65362310411  1.298717E-16
6171.63448548318  1.296136E-16
6174.61534786226  1.305742E-16
6177.59621024133  1.317170E-16
6180.57707262041  1.333664E-16
6183.55793499948  1.364189E-16
6186.53879737856  1.361402E-16
6189.51965975763  1.346849E-16
6192.5005221367  1.358440E-16
6195.48138451578  1.379465E-16
6198.46224689485  1.392917E-16
6201.44310927393  1.390644E-16
6204.423971653  1.389027E-16
6207.40483403207  1.392269E-16
6210.38569641115  1.396392E-16
6213.36655879022  1.382217E-16
6216.3474211693  1.382750E-16
6219.32828354837  1.399334E-16
6222.30914592745  1.397927E-16
6225.29000830652  1.401512E-16
6228.27087068559  1.389990E-16
6231.25173306467  1.395690E-16
6234.23259544374  1.411967E-16
6237.21345782282  1.403939E-16
6240.19432020189  1.419278E-16
6243.17518258096  1.409853E-16
6246.15604496004  1.388121E-16
6249.13690733911  1.395285E-16
6252.11776971819  1.410500E-16
6255.09863209726  1.411357E-16
6258.07949447633  1.390477E-16
6261.06035685541  1.382390E-16
6264.04121923448  1.377230E-16
6267.02208161356  1.370275E-16
6270.00294399263  1.378050E-16
6272.98380637171  1.372068E-16
6275.96466875078  1.345620E-16
6278.94553112985  1.349089E-16
6281.92639350893  1.317169E-16
6284.907255888  1.301246E-16
6287.88811826708  1.302646E-16
6290.86898064615  1.292985E-16
6293.84984302522  1.295887E-16
6296.8307054043  1.312188E-16
6299.81156778337  1.308330E-16
6302.79243016245  1.303341E-16
6305.77329254152  1.281002E-16
6308.75415492059  1.279702E-16
6311.73501729967  1.263934E-16
6314.71587967874  1.243509E-16
6317.69674205782  1.249639E-16
6320.67760443689  1.268528E-16
6323.65846681597  1.265643E-16
6326.63932919504  1.221665E-16
6329.62019157411  1.205388E-16
6332.60105395319  1.201657E-16
6335.58191633226  1.192215E-16
6338.56277871134  1.190632E-16
6341.54364109041  1.187207E-16
6344.52450346948  1.166622E-16
6347.50536584856  1.145681E-16
6350.48622822763  1.170188E-16
6353.46709060671  1.160958E-16
6356.44795298578  1.101339E-16
6359.42881536485  1.067528E-16
6362.40967774393  1.040759E-16
6365.390540123  1.030697E-16
6368.37140250208  9.726996E-17
6371.35226488115  9.467335E-17
6374.33312726022  9.138942E-17
6377.3139896393  8.887796E-17
6380.29485201837  8.509691E-17
6383.27571439745  8.114132E-17
6386.25657677652  7.870650E-17
6389.2374391556  7.688204E-17
6392.21830153467  7.732345E-17
6395.19916391374  7.571040E-17
6398.18002629282  7.083558E-17
6401.16088867189  6.751849E-17
6404.14175105097  6.451250E-17
6407.12261343004  6.391010E-17
6410.10347580911  6.304997E-17
6413.08433818819  6.064242E-17
6416.06520056726  5.824549E-17
6419.04606294634  5.584662E-17
6422.02692532541  5.413380E-17
6425.00778770448  5.458503E-17
6427.98865008356  5.294489E-17
6430.96951246263  5.173893E-17
6433.95037484171  5.087881E-17
6436.93123722078  4.903581E-17
6439.91209959985  4.957644E-17
6442.89296197893  4.966092E-17
6445.873824358  4.875109E-17
6448.85468673708  4.820337E-17
6451.83554911615  4.754515E-17
6454.81641149522  4.833184E-17
6457.7972738743  4.902718E-17
6460.77813625337  4.732990E-17
6463.75899863245  4.860496E-17
6466.73986101152  5.063057E-17
6469.7207233906  4.971391E-17
6472.70158576967  5.014243E-17
6475.68244814874  5.192911E-17
6478.66331052782  5.400483E-17
6481.64417290689  5.446754E-17
6484.62503528597  5.542759E-17
6487.60589766504  5.804009E-17
6490.58676004412  5.886676E-17
6493.56762242319  6.052506E-17
6496.54848480226  6.294331E-17
6499.52934718134  6.456547E-17
6502.51020956041  6.526323E-17
6505.49107193949  6.731608E-17
6508.47193431856  7.051499E-17
6511.45279669763  7.172048E-17
6514.43365907671  7.251822E-17
6517.41452145578  7.407510E-17
6520.39538383486  7.530506E-17
6523.37624621393  7.925072E-17
6526.357108593  8.213918E-17
6529.33797097208  8.508213E-17
6532.31883335115  8.683692E-17
6535.29969573023  8.813373E-17
6538.2805581093  8.907121E-17
6541.26142048837  9.082941E-17
6544.24228286745  9.367696E-17
6547.22314524652  9.552540E-17
6550.2040076256  9.706538E-17
6553.18487000467  9.775433E-17
6556.16573238375  9.836981E-17
6559.14659476282  1.000627E-16
6562.12745714189  1.009734E-16
6565.10831952097  1.026581E-16
6568.08918190004  1.037841E-16
6571.07004427912  1.064279E-16
6574.05090665819  1.086308E-16
6577.03176903726  1.092690E-16
6580.01263141634  1.106343E-16
6582.99349379541  1.107412E-16
6585.97435617449  1.145029E-16
6588.95521855356  1.170238E-16
6591.93608093263  1.159282E-16
6594.91694331171  1.151707E-16
6597.89780569078  1.167495E-16
6600.87866806986  1.186764E-16
6603.85953044893  1.187842E-16
6606.84039282801  1.199905E-16
6609.82125520708  1.224452E-16
6612.80211758615  1.222243E-16
6615.78297996523  1.224457E-16
6618.7638423443  1.246248E-16
6621.74470472337  1.254517E-16
6624.72556710245  1.264782E-16
6627.70642948152  1.249650E-16
6630.6872918606  1.253749E-16
6633.66815423967  1.262583E-16
6636.64901661875  1.283784E-16
6639.62987899782  1.291890E-16
6642.61074137689  1.288649E-16
6645.59160375597  1.314829E-16
6648.57246613504  1.327739E-16
6651.55332851412  1.315116E-16
6654.53419089319  1.294450E-16
6657.51505327226  1.287326E-16
6660.49591565134  1.291902E-16
6663.47677803041  1.283545E-16
6666.45764040949  1.285468E-16
6669.43850278856  1.288601E-16
6672.41936516763  1.286300E-16
6675.40022754671  1.279665E-16
6678.38108992578  1.278808E-16
6681.36195230486  1.271788E-16
6684.34281468393  1.261932E-16
6687.323677063  1.261526E-16
6690.30453944208  1.257670E-16
6693.28540182115  1.272849E-16
6696.26626420023  1.236334E-16
6699.2471265793  1.252001E-16
6702.22798895838  1.269939E-16
6705.20885133745  1.269049E-16
6708.18971371652  1.273900E-16
6711.1705760956  1.261419E-16
6714.15143847467  1.257292E-16
6717.13230085375  1.266180E-16
6720.11316323282  1.259225E-16
6723.09402561189  1.258366E-16
6726.07488799097  1.251016E-16
6729.05575037004  1.242970E-16
6732.03661274912  1.252754E-16
6735.01747512819  1.252405E-16
6737.99833750726  1.255085E-16
6740.97919988634  1.253577E-16
6743.96006226541  1.233088E-16
6746.94092464449  1.219792E-16
6749.92178702356  1.215226E-16
6752.90264940263  1.213570E-16
6755.88351178171  1.222703E-16
6758.86437416078  1.208850E-16
6761.84523653986  1.186516E-16
6764.82609891893  1.181202E-16
6767.80696129801  1.192467E-16
6770.78782367708  1.201995E-16
6773.76868605615  1.180294E-16
6776.74954843523  1.166341E-16
6779.7304108143  1.174928E-16
6782.71127319338  1.161092E-16
6785.69213557245  1.157241E-16
6788.67299795152  1.154641E-16
6791.6538603306  1.169070E-16
6794.63472270967  1.169139E-16
6797.61558508875  1.143384E-16
6800.59644746782  1.120038E-16
6803.57730984689  1.115686E-16
6806.55817222597  1.120927E-16
6809.53903460504  1.131456E-16
6812.51989698412  1.132693E-16
6815.50075936319  1.122809E-16
6818.48162174227  1.116321E-16
6821.46248412134  1.131392E-16
6824.44334650041  1.113115E-16
6827.42420887949  1.112889E-16
6830.40507125856  1.110235E-16
6833.38593363763  1.082597E-16
6836.36679601671  1.078246E-16
6839.34765839578  1.078469E-16
6842.32852077486  1.070471E-16
6845.30938315393  1.081782E-16
6848.29024553301  1.076001E-16
6851.27110791208  1.061157E-16
6854.25197029115  1.057674E-16
6857.23283267023  1.067233E-16
6860.2136950493  1.062987E-16
6863.19455742838  1.058741E-16
6866.17541980745  1.054495E-16
6869.15628218653  1.050249E-16
6872.1371445656  1.046002E-16
6875.11800694468  1.041756E-16
6878.09886932375  1.037510E-16
6881.07973170282  1.033264E-16
6884.0605940819  1.029018E-16
6887.04145646097  1.024771E-16
6890.02231884004  1.020525E-16
6893.00318121912  1.016279E-16
6895.98404359819  1.012033E-16
6898.96490597727  1.007787E-16
6901.94576835634  1.003540E-16
6904.92663073542  9.992939E-17
6907.90749311449  9.950476E-17
6910.88835549356  9.908020E-17
6913.86921787264  9.865556E-17
6916.85008025171  9.823093E-17
6919.83094263079  9.780630E-17
6922.81180500986  9.738166E-17
6925.79266738893  9.695710E-17
6928.77352976801  9.653247E-17
6931.75439214708  9.610783E-17
6934.73525452616  9.664246E-17
6937.71611690523  9.679611E-17
6940.6969792843  9.578859E-17
6943.67784166338  9.619481E-17
6946.65870404245  9.489694E-17
6949.63956642153  9.463668E-17
6952.6204288006  9.583179E-17
6955.60129117967  9.607622E-17
6958.58215355875  9.703764E-17
6961.56301593782  9.605823E-17
6964.5438783169  9.598941E-17
6967.52474069597  9.585413E-17
6970.50560307505  9.632447E-17
6973.48646545412  9.697529E-17
6976.46732783319  9.645720E-17
6979.44819021227  9.484281E-17
6982.42905259134  9.512424E-17
6985.40991497042  9.436284E-17
6988.39077734949  9.420769E-17
6991.37163972856  9.597623E-17
6994.35250210764  9.601251E-17
6997.33336448671  9.490930E-17
7000.31422686579  9.256840E-17
7003.29508924486  9.071071E-17
7006.27595162393  9.198354E-17
7009.25681400301  9.269554E-17
7012.23767638208  9.207375E-17
7015.21853876116  9.234854E-17
7018.19940114023  9.327704E-17
7021.1802635193  9.352169E-17
7024.16112589838  9.272751E-17
7027.14198827746  9.184249E-17
7030.12285065653  9.297747E-17
7033.1037130356  9.407882E-17
7036.08457541468  9.381897E-17
7039.06543779375  9.293683E-17
7042.04630017282  9.153831E-17
7045.0271625519  9.147538E-17
7048.00802493097  9.179068E-17
7050.98888731005  9.121040E-17
7053.96974968912  9.145572E-17
7056.9506120682  9.176044E-17
7059.93147444727  9.151059E-17
7062.91233682634  9.120349E-17
7065.89319920542  9.003260E-17
7068.87406158449  9.054946E-17
7071.85492396357  9.115041E-17
7074.83578634264  9.072224E-17
7077.81664872171  9.092495E-17
7080.79751110079  9.071954E-17
7083.77837347986  8.740196E-17
7086.75923585894  8.662329E-17
7089.74009823801  8.709645E-17
7092.72096061708  8.679140E-17
7095.70182299616  8.637070E-17
7098.68268537523  8.607477E-17
7101.66354775431  8.602072E-17
7104.64441013338  8.742645E-17
7107.62527251245  8.670017E-17
7110.60613489153  8.558997E-17
7113.5869972706  8.718269E-17
7116.56785964968  8.706035E-17
7119.54872202875  8.596467E-17
7122.52958440782  8.429405E-17
7125.5104467869  8.484985E-17
7128.49130916597  8.521595E-17
7131.47217154505  8.427716E-17
7134.45303392412  8.446789E-17
7137.4338963032  8.150064E-17
7140.41475868227  8.078774E-17
7143.39562106134  8.314807E-17
7146.37648344042  8.241772E-17
7149.35734581949  8.299231E-17
7152.33820819857  8.360181E-17
7155.31907057764  8.280938E-17
7158.29993295671  8.202834E-17
7161.28079533579  8.015407E-17
7164.26165771486  7.930296E-17
7167.24252009394  7.791740E-17
7170.22338247301  7.700583E-17
7173.20424485209  7.643058E-17
7176.18510723116  7.429085E-17
7179.16596961023  7.402928E-17
7182.14683198931  7.185623E-17
7185.12769436838  7.352462E-17
7188.10855674746  7.438408E-17
7191.08941912653  7.208571E-17
7194.0702815056  7.291559E-17
7197.05114388468  7.298643E-17
7200.03200626375  7.518107E-17
7203.01286864282  7.486032E-17
7205.9937310219  7.693917E-17
7208.97459340097  7.718256E-17
7211.95545578005  7.741761E-17
7214.93631815912  7.916446E-17
7217.9171805382  7.970421E-17
7220.89804291727  7.798751E-17
7223.87890529634  7.786366E-17
7226.85976767542  7.796120E-17
7229.84063005449  7.654065E-17
7232.82149243357  7.605537E-17
7235.80235481264  7.617226E-17
7238.78321719172  7.620839E-17
7241.76407957079  7.441506E-17
7244.74494194986  7.319205E-17
7247.72580432894  7.497477E-17
7250.70666670801  7.395315E-17
7253.68752908709  7.287821E-17
7256.66839146616  7.328330E-17
7259.64925384523  7.428016E-17
7262.63011622431  7.499245E-17
7265.61097860338  7.559854E-17
7268.59184098246  7.389239E-17
7271.57270336153  7.500579E-17
7274.5535657406  7.457119E-17
7277.53442811968  7.429765E-17
7280.51529049875  7.588988E-17
7283.49615287783  7.719332E-17
7286.4770152569  7.547607E-17
7289.45787763597  7.590211E-17
7292.43874001505  7.530315E-17
7295.41960239412  7.437716E-17
7298.4004647732  7.523824E-17
7301.38132715227  7.489358E-17
7304.36218953134  7.510654E-17
7307.34305191042  7.503999E-17
7310.32391428949  7.622594E-17
7313.30477666857  7.498985E-17
7316.28563904764  7.524697E-17
7319.26650142672  7.465557E-17
7322.24736380579  7.727749E-17
7325.22822618486  7.627813E-17
7328.20908856394  7.606130E-17
7331.18995094301  7.796625E-17
7334.17081332209  7.772742E-17
7337.15167570116  7.687214E-17
7340.13253808023  7.699273E-17
7343.11340045931  7.859658E-17
7346.09426283838  7.799166E-17
7349.07512521746  7.688997E-17
7352.05598759653  7.612063E-17
7355.03684997561  7.728350E-17
7358.01771235468  7.698294E-17
7360.99857473375  7.676580E-17
7363.97943711283  7.638207E-17
7366.9602994919  7.608976E-17
7369.94116187097  7.729806E-17
7372.92202425005  7.700419E-17
7375.90288662912  7.734409E-17
7378.8837490082  7.675454E-17
7381.86461138727  7.664506E-17
7384.84547376635  7.662785E-17
7387.82633614542  7.766607E-17
7390.80719852449  7.757619E-17
7393.78806090357  7.675860E-17
7396.76892328264  7.726255E-17
7399.74978566172  7.551683E-17
7402.73064804079  7.452586E-17
7405.71151041986  7.608867E-17
7408.69237279894  7.779419E-17
7411.67323517801  7.704917E-17
7414.65409755709  7.659951E-17
7417.63495993616  7.717513E-17
7420.61582231523  7.743275E-17
7423.59668469431  7.705588E-17
7426.57754707338  7.651346E-17
7429.55840945246  7.640376E-17
7432.53927183153  7.548368E-17
7435.5201342106  7.591999E-17
7438.50099658968  7.561250E-17
7441.48185896875  7.407565E-17
7444.46272134783  7.568846E-17
7447.4435837269  7.714267E-17
7450.42444610598  7.652466E-17
7453.40530848505  7.626464E-17
7456.38617086412  7.625636E-17
7459.3670332432  7.666030E-17
7462.34789562227  7.681377E-17
7465.32875800135  7.658861E-17
7468.30962038042  7.630863E-17
7471.29048275949  7.636936E-17
7474.27134513857  7.692098E-17
7477.25220751764  7.704513E-17
7480.23306989672  7.510849E-17
7483.21393227579  7.661308E-17
7486.19479465487  7.767140E-17
7489.17565703394  7.730049E-17
7492.15651941301  7.554387E-17
7495.13738179209  7.573397E-17
7498.11824417116  7.565500E-17
7501.09910655024  7.642569E-17
7504.07996892931  7.660142E-17
7507.06083130839  7.692127E-17
7510.04169368746  7.628794E-17
7513.02255606653  7.607678E-17
7516.00341844561  7.522309E-17
7518.98428082468  7.584394E-17
7521.96514320375  7.695525E-17
7524.94600558283  7.760166E-17
7527.9268679619  7.712176E-17
7530.90773034098  7.642888E-17
7533.88859272005  7.658035E-17
7536.86945509913  7.603047E-17
7539.8503174782  7.652717E-17
7542.83117985727  7.645947E-17
7545.81204223635  7.543558E-17
7548.79290461542  7.462810E-17
7551.7737669945  7.485421E-17
7554.75462937357  7.524636E-17
7557.73549175264  7.585304E-17
7560.71635413172  7.561856E-17
7563.69721651079  7.487028E-17
7566.67807888987  7.436333E-17
7569.65894126894  7.469167E-17
7572.63980364801  7.379932E-17
7575.62066602709  7.206120E-17
7578.60152840616  7.230023E-17
7581.58239078524  7.210639E-17
7584.56325316431  7.191255E-17
7587.54411554339  7.171876E-17
7590.52497792246  7.152492E-17
7593.50584030153  7.133108E-17
7596.48670268061  7.113725E-17
7599.46756505968  7.094341E-17
7602.44842743876  7.074960E-17
7605.42928981783  7.055577E-17
7608.4101521969  7.036194E-17
7611.39101457598  7.016810E-17
7614.37187695505  6.997426E-17
7617.35273933413  6.978045E-17
7620.3336017132  6.958662E-17
7623.31446409227  6.939278E-17
7626.29532647135  6.919895E-17
7629.27618885042  6.900511E-17
7632.2570512295  6.881131E-17
7635.23791360857  6.861747E-17
7638.21877598764  6.842363E-17
7641.19963836672  6.822980E-17
7644.18050074579  6.803596E-17
7647.16136312487  6.784216E-17
7650.14222550394  6.764832E-17
7653.12308788302  6.745449E-17
7656.10395026209  6.726065E-17
7659.08481264116  6.706681E-17
7662.06567502024  6.687298E-17
7665.04653739931  6.667917E-17
7668.02739977839  6.648534E-17
7671.00826215746  6.629150E-17
7673.98912453653  6.609767E-17
7676.96998691561  6.590383E-17
7679.95084929468  6.571002E-17
7682.93171167376  6.551619E-17
7685.91257405283  6.532235E-17
7688.8934364319  6.512852E-17
7691.87429881098  6.493468E-17
7694.85516119005  6.474088E-17
7697.83602356913  6.454704E-17
7700.8168859482  6.435320E-17
7703.79774832727  6.177509E-17
7706.77861070635  6.269695E-17
7709.75947308542  6.362018E-17
7712.7403354645  6.182225E-17
7715.72119784357  6.307538E-17
7718.70206022265  6.360123E-17
7721.68292260172  6.472561E-17
7724.66378498079  6.148898E-17
7727.64464735987  6.054572E-17
7730.62550973894  5.836875E-17
7733.60637211802  5.812341E-17
7736.58723449709  5.870809E-17
7739.56809687616  5.839155E-17
7742.54895925524  5.962073E-17
7745.52982163431  5.914930E-17
7748.51068401339  6.045322E-17
7751.49154639246  6.076620E-17
7754.47240877153  5.863259E-17
7757.45327115061  6.043962E-17
7760.43413352968  6.045851E-17
7763.41499590876  5.423553E-17
7766.39585828783  5.754813E-17
7769.3767206669  5.974407E-17
7772.35758304598  5.444626E-17
7775.33844542505  5.321606E-17
7778.31930780413  5.549855E-17
7781.3001701832  5.576977E-17
7784.28103256227  5.599665E-17
7787.26189494135  5.866289E-17
7790.24275732042  5.881087E-17
7793.2236196995  5.583946E-17
7796.20448207857  5.344500E-17
7799.18534445765  5.702640E-17
7802.16620683672  6.091149E-17
7805.1470692158  5.526862E-17
7808.12793159487  5.237252E-17
7811.10879397394  5.049334E-17
7814.08965635302  5.509851E-17
7817.07051873209  5.199369E-17
7820.05138111116  4.858824E-17
7823.03224349024  5.047769E-17
7826.01310586931  4.936414E-17
7828.99396824839  5.092415E-17
7831.97483062746  5.062850E-17
7834.95569300654  5.131029E-17
7837.93655538561  4.830157E-17
7840.91741776468  4.846534E-17
7843.89828014376  5.438582E-17
7846.87914252283  5.038069E-17
7849.86000490191  5.024077E-17
7852.84086728098  4.862719E-17
7855.82172966005  4.512777E-17
7858.80259203913  5.138685E-17
7861.7834544182  4.897741E-17
7864.76431679728  4.430706E-17
7867.74517917635  4.750795E-17
7870.72604155543  4.696851E-17
7873.7069039345  4.589368E-17
7876.68776631357  4.391015E-17
7879.66862869265  4.320053E-17
7882.64949107172  4.364725E-17
7885.6303534508  4.478446E-17
7888.61121582987  4.552218E-17
7891.59207820894  4.592869E-17
7894.57294058802  4.494019E-17
7897.55380296709  4.317927E-17
7900.53466534617  4.402707E-17
7903.51552772524  4.504708E-17
7906.49639010431  4.374909E-17
7909.47725248339  4.540797E-17
7912.45811486246  4.687365E-17
7915.43897724154  4.568522E-17
7918.41983962061  4.699486E-17
7921.40070199969  4.766092E-17
7924.38156437876  4.472386E-17
7927.36242675783  4.626475E-17
7930.34328913691  4.757805E-17
7933.32415151598  4.833617E-17
7936.30501389506  5.131870E-17
7939.28587627413  5.016752E-17
7942.2667386532  4.905905E-17
7945.24760103228  4.822528E-17
7948.22846341135  5.006599E-17
7951.20932579043  5.038075E-17
7954.1901881695  4.948833E-17
7957.17105054857  5.040161E-17
7960.15191292765  4.934942E-17
7963.13277530672  5.041191E-17
7966.1136376858  5.090732E-17
7969.09450006487  5.172416E-17
7972.07536244394  5.141747E-17
7975.05622482302  5.063010E-17
7978.03708720209  5.267492E-17
7981.01794958117  5.209346E-17
7983.99881196024  5.049544E-17
7986.97967433932  4.896058E-17
7989.96053671839  5.041181E-17
7992.94139909746  5.150263E-17
7995.92226147654  5.155467E-17
7998.90312385561  5.303769E-17
8001.88398623468  5.169680E-17
8004.86484861376  5.009053E-17
8007.84571099283  5.158920E-17
8010.82657337191  5.126220E-17
8013.80743575098  5.295347E-17
8016.78829813006  5.321760E-17
8019.76916050913  5.340924E-17
8022.7500228882  5.387004E-17
8025.73088526728  5.422194E-17
8028.71174764635  5.601450E-17
8031.69261002543  5.425358E-17
8034.6734724045  5.480385E-17
8037.65433478357  5.542464E-17
8040.63519716265  5.492277E-17
8043.61605954172  5.616453E-17
8046.5969219208  5.564582E-17
8049.57778429987  5.560934E-17
8052.55864667894  5.657228E-17
8055.53950905802  5.692228E-17
8058.52037143709  5.573053E-17
8061.50123381617  5.697636E-17
8064.48209619524  5.648594E-17
8067.46295857431  5.689997E-17
8070.44382095339  5.841250E-17
8073.42468333246  5.767960E-17
8076.40554571154  5.819912E-17
8079.38640809061  5.978154E-17
8082.36727046969  5.823592E-17
8085.34813284876  6.000428E-17
8088.32899522783  5.914804E-17
8091.30985760691  5.946174E-17
8094.29071998598  5.947243E-17
8097.27158236506  5.825772E-17
8100.25244474413  5.887697E-17
8103.2333071232  6.096477E-17
8106.21416950228  6.149666E-17
8109.19503188135  5.933372E-17
8112.17589426043  5.964930E-17
8115.1567566395  5.986047E-17
8118.13761901857  6.047872E-17
8121.11848139765  6.159001E-17
8124.09934377672  6.064143E-17
8127.0802061558  6.165000E-17
8130.06106853487  6.136365E-17
8133.04193091394  6.161289E-17
8136.02279329302  6.134158E-17
8139.00365567209  6.086040E-17
8141.98451805117  6.008547E-17
8144.96538043024  5.768337E-17
8147.94624280932  5.791618E-17
8150.92710518839  5.850358E-17
8153.90796756746  5.729977E-17
8156.88882994654  5.820165E-17
8159.86969232561  5.731834E-17
8162.85055470469  5.757601E-17
8165.83141708376  5.971348E-17
8168.81227946283  6.098638E-17
8171.79314184191  6.153439E-17
8174.77400422098  6.294989E-17
8177.75486660006  6.277059E-17
8180.73572897913  6.204540E-17
8183.7165913582  6.032059E-17
8186.69745373728  6.124886E-17
8189.67831611635  6.232433E-17
8192.65917849543  6.264140E-17
8195.6400408745  6.402493E-17
8198.62090325358  6.373904E-17
8201.60176563265  6.292728E-17
8204.58262801172  6.165311E-17
8207.5634903908  6.292504E-17
8210.54435276987  6.630332E-17
8213.52521514895  6.812640E-17
8216.50607752802  6.718802E-17
8219.4869399071  6.526729E-17
8222.46780228617  6.406666E-17
8225.44866466524  6.226394E-17
8228.42952704432  6.088857E-17
8231.41038942339  5.992544E-17
8234.39125180247  5.904728E-17
8237.37211418154  5.870783E-17
8240.35297656061  6.076812E-17
8243.33383893969  6.414202E-17
8246.31470131876  6.492856E-17
8249.29556369784  6.517267E-17
8252.27642607691  6.499304E-17
8255.25728845599  6.388913E-17
8258.23815083506  6.510559E-17
8261.21901321413  6.546443E-17
8264.19987559321  6.482710E-17
8267.18073797228  6.676736E-17
8270.16160035135  6.716458E-17
8273.14246273043  6.507239E-17
8276.1233251095  6.288210E-17
8279.10418748858  6.115195E-17
8282.08504986765  6.113635E-17
8285.06591224673  6.226202E-17
8288.0467746258  6.132480E-17
8291.02763700488  6.049067E-17
8294.00849938395  6.323076E-17
8296.98936176302  6.386016E-17
8299.9702241421  6.116786E-17
8302.95108652117  6.089475E-17
8305.93194890025  6.165945E-17
8308.91281127932  5.989268E-17
8311.89367365839  6.074000E-17
8314.87453603747  6.419831E-17
8317.85539841654  6.470037E-17
8320.83626079562  6.296077E-17
8323.81712317469  6.147352E-17
8326.79798555376  5.904645E-17
8329.77884793284  5.568400E-17
8332.75971031191  5.358434E-17
8335.74057269099  5.079074E-17
8338.72143507006  5.210862E-17
8341.70229744914  5.280405E-17
8344.68315982821  5.301392E-17
8347.66402220728  5.542102E-17
8350.64488458636  5.779962E-17
8353.62574696543  5.933488E-17
8356.60660934451  5.685532E-17
8359.58747172358  5.449210E-17
8362.56833410265  5.406796E-17
8365.54919648173  5.459478E-17
8368.5300588608  5.590130E-17
8371.51092123987  5.378544E-17
8374.49178361895  5.200720E-17
8377.47264599802  5.175872E-17
8380.4535083771  5.175757E-17
8383.43437075617  5.532002E-17
8386.41523313525  5.866291E-17
8389.39609551432  5.770547E-17
8392.37695789339  5.954706E-17
8395.35782027247  6.107380E-17
8398.33868265154  5.707468E-17
8401.31954503062  5.725337E-17
8404.30040740969  5.604941E-17
8407.28126978877  5.359115E-17
8410.26213216784  5.124876E-17
8413.24299454691  5.162122E-17
8416.22385692599  5.049175E-17
8419.20471930506  5.353347E-17
8422.18558168413  5.704918E-17
8425.16644406321  5.796671E-17
8428.14730644228  5.405135E-17
8431.12816882136  5.264494E-17
8434.10903120043  5.402487E-17
8437.08989357951  5.312132E-17
8440.07075595858  5.010616E-17
8443.05161833765  4.634503E-17
8446.03248071673  4.483275E-17
8449.0133430958  4.637458E-17
8451.99420547488  4.895861E-17
8454.97506785395  5.195781E-17
8457.95593023302  5.418017E-17
8460.9367926121  5.748703E-17
8463.91765499117  6.128586E-17
8466.89851737025  5.961041E-17
8469.87937974932  5.461278E-17
8472.86024212839  5.367539E-17
8475.84110450747  5.299106E-17
8478.82196688654  5.075873E-17
8481.80282926562  4.873637E-17
8484.78369164469  4.986042E-17
8487.76455402376  5.138534E-17
8490.74541640284  5.074650E-17
8493.72627878191  5.026223E-17
8496.70714116099  4.916507E-17
8499.68800354006  5.057379E-17
8502.66886591914  5.319817E-17
8505.64972829821  5.259054E-17
8508.63059067728  5.307201E-17
8511.61145305636  5.381563E-17
8514.59231543543  5.305104E-17
8517.57317781451  5.443506E-17
8520.55404019358  5.456660E-17
8523.53490257265  5.242347E-17
8526.51576495173  5.177367E-17
8529.4966273308  5.213339E-17
8532.47748970988  5.281589E-17
8535.45835208895  5.240878E-17
8538.43921446802  5.097107E-17
8541.4200768471  5.085799E-17
8544.40093922617  5.077120E-17
8547.38180160525  5.084709E-17
8550.36266398432  5.210150E-17
8553.3435263634  5.225039E-17
8556.32438874247  5.231391E-17
8559.30525112154  5.339797E-17
8562.28611350062  5.284495E-17
8565.26697587969  5.038831E-17
8568.24783825877  4.963095E-17
8571.22870063784  5.029442E-17
8574.20956301691  5.083372E-17
8577.19042539599  5.151133E-17
8580.17128777506  5.164819E-17
8583.15215015413  5.061768E-17
8586.13301253321  4.966304E-17
8589.11387491228  5.024994E-17
8592.09473729136  5.101387E-17
8595.07559967043  5.019401E-17
8598.05646204951  5.013389E-17
8601.03732442858  4.972883E-17
8604.01818680765  4.946174E-17
8606.99904918673  4.842239E-17
8609.9799115658  4.829366E-17
8612.96077394488  4.961191E-17
8615.94163632395  4.852052E-17
8618.92249870303  4.789225E-17
8621.9033610821  4.644705E-17
8624.88422346117  4.455195E-17
8627.86508584025  4.278751E-17
8630.84594821932  4.248443E-17
8633.8268105984  4.330711E-17
8636.80767297747  4.297801E-17
8639.78853535654  4.444845E-17
8642.76939773562  4.413280E-17
8645.75026011469  4.385168E-17
8648.73112249377  4.519058E-17
8651.71198487284  4.592293E-17
8654.69284725191  4.600427E-17
8657.67370963099  4.386359E-17
8660.65457201006  4.269208E-17
8663.63543438914  3.900442E-17
8666.61629676821  4.232430E-17
8669.59715914728  4.280446E-17
8672.57802152636  4.457005E-17
8675.55888390543  4.714266E-17
8678.53974628451  4.592468E-17
8681.52060866358  4.379473E-17
8684.50147104266  4.038330E-17
8687.48233342173  4.262516E-17
8690.4631958008  4.225635E-17
8693.44405817988  4.423696E-17
8696.42492055895  4.269121E-17
8699.40578293803  4.186244E-17
8702.3866453171  4.260578E-17
8705.36750769617  4.263985E-17
8708.34837007525  4.134561E-17
8711.32923245432  4.053370E-17
8714.3100948334  3.946843E-17
8717.29095721247  4.012245E-17
8720.27181959154  4.307461E-17
8723.25268197062  4.253244E-17
8726.23354434969  4.154333E-17
8729.21440672877  4.134348E-17
8732.19526910784  4.129122E-17
8735.17613148692  4.128435E-17
8738.15699386599  4.156844E-17
8741.13785624506  4.066737E-17
8744.11871862414  4.221189E-17
8747.09958100321  4.453921E-17
8750.08044338228  4.488816E-17
8753.06130576136  4.389911E-17
8756.04216814043  4.135741E-17
8759.02303051951  4.040842E-17
8762.00389289858  4.054178E-17
8764.98475527766  4.424521E-17
8767.96561765673  4.666718E-17
8770.9464800358  4.609260E-17
8773.92734241488  4.419667E-17
8776.90820479395  4.343376E-17
8779.88906717303  4.066833E-17
8782.8699295521  4.215209E-17
8785.85079193117  4.526903E-17
8788.83165431025  4.663990E-17
8791.81251668932  4.854456E-17
8794.7933790684  4.853383E-17
8797.77424144747  4.797450E-17
8800.75510382654  4.741535E-17
8803.73596620562  4.685602E-17
8806.71682858469  4.629688E-17
8809.69769096377  4.573773E-17
8812.67855334284  4.517840E-17
8815.65941572191  4.461925E-17
8818.64027810099  4.405992E-17
8821.62114048006  4.350077E-17
8824.60200285914  4.294163E-17
8827.58286523821  4.238229E-17
8830.56372761729  4.182315E-17
8833.54458999636  4.126382E-17
8836.52545237543  4.070467E-17
8839.50631475451  4.014552E-17
8842.48717713358  3.958619E-17
8845.46803951266  4.345330E-17
8848.44890189173  4.475015E-17
8851.4297642708  4.559508E-17
8854.41062664988  4.824273E-17
8857.39148902895  5.012664E-17
8860.37235140803  5.239500E-17
8863.3532137871  5.185753E-17
8866.33407616617  5.185413E-17
8869.31493854525  5.185073E-17
8872.29580092432  5.184732E-17
8875.2766633034  5.184392E-17
8878.25752568247  5.184052E-17
8881.23838806154  5.183711E-17
8884.21925044062  5.183371E-17
8887.2001128197  5.183030E-17
8890.18097519877  5.182690E-17
8893.16183757784  5.182350E-17
8896.14269995692  5.193342E-17
8899.12356233599  5.145684E-17
8902.10442471506  5.098042E-17
8905.08528709414  5.050400E-17
8908.06614947321  5.002742E-17
8911.04701185229  4.955100E-17
8914.02787423136  4.907442E-17
8917.00873661044  4.859800E-17
8919.98959898951  4.812158E-17
8922.97046136858  4.764500E-17
8925.95132374766  4.716858E-17
8928.93218612673  4.669200E-17
8931.91304850581  4.621558E-17
8934.89391088488  4.573915E-17
8937.87477326395  4.526258E-17
8940.85563564303  4.731588E-17
8943.8364980221  5.430208E-17
8946.81736040118  5.684778E-17
8949.79822278025  5.400382E-17
8952.77908515932  5.398976E-17
8955.7599475384  5.204203E-17
8958.74080991747  5.025012E-17
8961.72167229655  4.659767E-17
8964.70253467562  4.310688E-17
8967.68339705469  4.312828E-17
8970.66425943377  4.738638E-17
8973.64512181284  5.055551E-17
8976.62598419192  4.961920E-17
8979.60684657099  4.765098E-17
8982.58770895007  4.694628E-17
8985.56857132914  4.633044E-17
8988.54943370821  4.367533E-17
8991.53029608729  4.163009E-17
8994.51115846636  4.216971E-17
8997.49202084544  4.141760E-17
9000.47288322451  4.354848E-17
9003.45374560358  4.586468E-17
9006.43460798266  4.485652E-17
9009.41547036173  4.314128E-17
9012.39633274081  4.183173E-17
9015.37719511988  4.283909E-17
9018.35805749895  4.490708E-17
9021.33891987803  4.506499E-17
9024.3197822571  4.477846E-17
9027.30064463618  4.480505E-17
9030.28150701525  4.514090E-17
9033.26236939433  4.492031E-17
9036.2432317734  4.498937E-17
9039.22409415247  4.550063E-17
9042.20495653155  4.726792E-17
9045.18581891062  4.589835E-17
9048.1666812897  4.675383E-17
9051.14754366877  4.766036E-17
9054.12840604784  4.835875E-17
9057.10926842692  4.832860E-17
9060.09013080599  4.660076E-17
9063.07099318506  4.402333E-17
9066.05185556414  4.272972E-17
9069.03271794321  4.171825E-17
9072.01358032229  4.210344E-17
9074.99444270136  4.426306E-17
9077.97530508044  4.445842E-17
9080.95616745951  4.355592E-17
9083.93702983858  4.463851E-17
9086.91789221766  4.315587E-17
9089.89875459673  4.079087E-17
9092.87961697581  4.007619E-17
9095.86047935488  3.945540E-17
9098.84134173396  4.004687E-17
9101.82220411303  4.280602E-17
9104.8030664921  4.492145E-17
9107.78392887118  4.486782E-17
9110.76479125025  4.388758E-17
9113.74565362932  4.601040E-17
9116.7265160084  4.675465E-17
9119.70737838747  4.441421E-17
9122.68824076655  4.137213E-17
9125.66910314562  3.969991E-17
9128.6499655247  3.962364E-17
9131.63082790377  4.085082E-17
9134.61169028284  4.193266E-17
9137.59255266192  4.389556E-17
9140.57341504099  4.580669E-17
9143.55427742007  4.478603E-17
9146.53513979914  4.433373E-17
9149.51600217821  4.498149E-17
9152.49686455729  4.446651E-17
9155.47772693636  4.290887E-17
9158.45858931544  4.163666E-17
9161.43945169451  4.230027E-17
9164.42031407359  4.194324E-17
9167.40117645266  4.312371E-17
9170.38203883173  4.453158E-17
9173.36290121081  4.590515E-17
9176.34376358988  4.570569E-17
9179.32462596895  4.525509E-17
9182.30548834803  4.828086E-17
9185.2863507271  5.222568E-17
9188.26721310618  4.725979E-17
9191.24807548525  4.380391E-17
9194.22893786433  4.616884E-17
9197.2098002434  4.708377E-17
9200.19066262247  4.824925E-17
9203.17152500155  4.890622E-17
9206.15238738062  5.075268E-17
9209.1332497597  5.003041E-17
9212.11411213877  4.813935E-17
9215.09497451785  4.585296E-17
9218.07583689692  4.458970E-17
9221.05669927599  4.366884E-17
9224.03756165507  4.440655E-17
9227.01842403414  4.454695E-17
9229.99928641321  4.549767E-17
9232.98014879229  4.616632E-17
9235.96101117136  4.714569E-17
9238.94187355044  4.844384E-17
9241.92273592951  4.841727E-17
9244.90359830859  4.456990E-17
9247.88446068766  4.371864E-17
9250.86532306673  4.310093E-17
