3297.11682894227  1.721864E-17
3299.04656350588  -1.063229E-17
3300.97629176668  -1.182974E-17
3302.90601376639  -6.520444E-17
3304.83572954672  4.129047E-17
3306.7654391493  1.285022E-17
3308.69514261575  -1.595009E-17
3310.62483998763  2.855535E-17
3312.55453130647  1.197657E-17
3314.48421661375  4.034629E-17
3316.41389595093  -4.665893E-18
3318.3435693594  1.608311E-17
3320.27323688053  -5.706810E-18
3322.20289855564  -1.100306E-17
3324.13255442602  3.877696E-17
3326.0622045329  1.501536E-17
3327.99184891749  2.372204E-17
3329.92148762093  9.177858E-17
3331.85112068437  8.001783E-17
3333.78074814887  1.878319E-16
3335.71037005547  1.152419E-16
3337.63998644516  4.855936E-17
3339.56959735892  5.310561E-17
3341.49920283764  1.053117E-17
3343.42880292222  5.203107E-17
3345.35839765347  4.682503E-17
3347.28798707221  -4.500906E-17
3349.21757121918  1.653774E-17
3351.14715013509  1.380896E-17
3353.07672386062  7.182935E-17
3355.00629243641  2.412589E-17
3356.93585590304  7.167600E-17
3358.86541430107  9.512471E-17
3360.79496767101  9.268102E-17
3362.72451605334  5.572853E-17
3364.65405948847  3.754635E-17
3366.58359801682  8.854983E-17
3368.51313167871  9.351653E-17
3370.44266051447  4.414375E-17
3372.37218456437  5.080391E-17
3374.30170386864  4.264874E-17
3376.23121846746  1.049273E-16
3378.16072840099  4.561390E-17
3380.09023370933  -2.469316E-17
3382.01973443256  2.547918E-17
3383.9492306107  6.267036E-17
3385.87872228375  6.688394E-17
3387.80820949165  2.757215E-17
3389.73769227432  1.797694E-18
3391.66717067161  7.448950E-17
3393.59664472337  8.495121E-17
3395.52611446938  5.257216E-17
3397.45557994938  6.089996E-17
3399.3850412031  -5.259094E-17
3401.31449827019  5.245026E-17
3403.2439511903  5.432013E-17
3405.173400003  2.256178E-19
3407.10284474784  4.570201E-17
3409.03228546435  5.757126E-17
3410.96172219198  5.769915E-18
3412.89115497016  4.913183E-17
3414.8205838383  2.751130E-17
3416.75000883573  6.244323E-17
3418.67943000177  6.680996E-17
3420.60884737569  1.234463E-16
3422.53826099672  1.741072E-17
3424.46767090406  7.804632E-17
3426.39707713685  6.206657E-17
3428.32647973421  1.534513E-16
3430.25587873521  -1.083298E-17
3432.18527417889  5.778897E-18
3434.11466610423  3.275767E-17
3436.04405455019  8.571457E-17
3437.97343955569  5.093690E-17
3439.90282115961  4.823368E-17
3441.83219940076  6.413763E-17
3443.76157431796  3.543337E-17
3445.69094594996  7.575704E-17
3447.62031433548  3.153111E-17
3449.54967951319  3.356311E-17
3451.47904152173  3.358064E-17
3453.4084003997  6.028646E-17
3455.33775618567  3.679946E-17
3457.26710891814  -1.767908E-17
3459.19645863561  6.389559E-17
3461.1258053765  5.463831E-17
3463.05514917924  7.012023E-18
3464.98449008217  5.397520E-17
3466.91382812362  1.874105E-17
3468.84316334187  2.246785E-17
3470.77249577518  2.233312E-17
3472.70182546175  2.724077E-17
3474.63115243974  6.118404E-18
3476.56047674728  2.427628E-17
3478.48979842246  1.432774E-17
3480.41911750333  3.051185E-17
3482.3484340279  3.727822E-17
3484.27774803414  2.369427E-17
3486.20705955999  5.794190E-17
3488.13636864333  3.835677E-17
3490.06567532202  2.314429E-17
3491.99497963388  4.225674E-17
3493.92428161668  1.803653E-17
3495.85358130816  3.293884E-17
3497.78287874602  -1.026786E-17
3499.71217396791  3.062803E-17
3501.64146701147  3.815402E-17
3503.57075791426  7.960758E-18
3505.50004671384  2.262325E-17
3507.4293334477  5.431229E-18
3509.35861815331  2.676056E-17
3511.2879008681  3.390399E-18
3513.21718162945  2.041882E-17
3515.14646047472  9.396912E-18
3517.07573744122  2.271055E-17
3519.0050125662  5.531496E-17
3520.93428588692  2.624060E-17
3522.86355744056  7.021750E-17
3524.79282726428  5.734436E-17
3526.72209539519  3.401663E-17
3528.65136187037  -1.937436E-17
3530.58062672687  2.762577E-17
3532.50989000168  4.918294E-17
3534.43915173176  3.403413E-17
3536.36841195405  6.569400E-18
3538.29767070541  6.671425E-17
3540.22692802271  1.133743E-17
3542.15618394275  1.312244E-17
3544.0854385023  4.661453E-17
3546.01469173809  4.777486E-17
3547.94394368681  2.098959E-17
3549.87319438513  1.292621E-17
3551.80244386964  4.839619E-17
3553.73169217694  1.562021E-17
3555.66093934357  4.669237E-17
3557.59018540601  2.641050E-17
3559.51943040075  3.790252E-17
3561.44867436419  5.836381E-17
3563.37791733274  5.712922E-17
3565.30715934273  3.916133E-18
3567.23640043047  3.820338E-18
3569.16564063225  4.806106E-17
3571.09487998428  1.896445E-17
3573.02411852278  3.179451E-17
3574.95335628388  6.474580E-17
3576.88259330372  3.193536E-17
3578.81182961838  2.727155E-17
3580.74106526389  6.489557E-17
3582.67030027627  4.216246E-17
3584.59953469147  9.563795E-17
3586.52876854544  2.323529E-17
3588.45800187405  6.946330E-17
3590.38723471317  3.852064E-17
3592.3164670986  4.500721E-17
3594.24569906613  2.594604E-17
3596.17493065149  5.435606E-17
3598.10416189039  9.027900E-17
3600.03339281849  7.224709E-17
3601.96262347141  1.672027E-17
3603.89185388474  5.490571E-17
3605.82108409403  3.520574E-17
3607.75031413479  3.995244E-17
3609.67954404251  7.671643E-17
3611.6087738526  7.420332E-17
3613.53800360048  4.966921E-17
3615.46723332151  4.663382E-17
3617.396463051  1.218672E-17
3619.32569282424  5.252287E-17
3621.25492267649  3.597791E-17
3623.18415264295  3.730612E-17
3625.11338275878  3.778955E-17
3627.04261305914  5.141402E-17
3628.97184357912  2.222414E-17
3630.90107435377  4.671119E-17
3632.83030541813  3.422624E-17
3634.75953680716  5.867374E-17
3636.68876855583  6.724946E-17
3638.61800069904  7.684561E-17
3640.54723327166  5.913194E-17
3642.47646630854  5.240269E-17
3644.40569984446  4.404125E-17
3646.33493391418  2.287855E-17
3648.26416855244  6.785563E-17
3650.19340379391  4.761021E-17
3652.12263967325  6.156691E-17
3654.05187622506  4.098864E-17
3655.98111348392  6.597069E-17
3657.91035148436  6.779820E-17
3659.83959026089  1.815751E-17
3661.76882984796  7.325418E-17
3663.69807028  3.837872E-17
3665.6273115914  2.286650E-17
3667.5565538165  9.194267E-17
3669.48579698963  3.061794E-17
3671.41504114505  3.706005E-17
3673.344286317  2.810714E-17
3675.27353253969  4.834847E-17
3677.20277984728  4.849002E-17
3679.1320282739  3.418111E-17
3681.06127785364  5.300419E-17
3682.99052862055  1.235106E-17
3684.91978060865  4.951594E-17
3686.84903385192  2.293735E-17
3688.7782883843  6.117355E-17
3690.70754423969  3.577390E-17
3692.63680145197  3.278848E-17
3694.56606005497  4.806250E-17
3696.49532008247  3.119488E-17
3698.42458156825  3.741478E-17
3700.35384454601  4.965371E-17
3702.28310904945  1.930627E-17
3704.21237511221  2.119489E-17
3706.1416427679  3.738770E-17
3708.0709120501  1.143463E-17
3710.00018299235  3.176109E-17
3711.92945562814  6.419924E-17
3713.85872999093  5.958466E-18
3715.78800611416  5.229490E-17
3717.71728403122  3.755212E-17
3719.64656377545  3.700487E-17
3721.57584538018  2.808800E-17
3723.50512887869  1.571954E-17
3725.43441430422  2.363378E-17
3727.36370168998  5.128999E-17
3729.29299106913  2.731819E-17
3731.22228247482  2.731991E-17
3733.15157594014  2.360583E-17
3735.08087149815  3.009958E-17
3737.01016918188  3.142580E-17
3738.93946902432  2.600422E-17
3740.86877105841  1.858566E-17
3742.79807531708  4.679176E-17
3744.72738183319  3.797736E-17
3746.65669063961  1.435723E-17
3748.58600176913  4.629322E-17
3750.51531525451  5.737991E-17
3752.44463112851  6.588822E-17
3754.3739494238  4.761504E-17
3756.30327017306  3.691220E-17
3758.23259340891  4.425199E-17
3760.16191916394  3.137108E-17
3762.0912474707  3.936080E-17
3764.02057836171  3.517895E-17
3765.94991186945  4.636287E-17
3767.87924802636  2.859408E-17
3769.80858686485  3.927790E-17
3771.73792841728  5.017568E-17
3773.66727271601  4.914243E-17
3775.59661979332  3.155432E-17
3777.52596968149  3.016801E-17
3779.45532241273  2.002265E-17
3781.38467801925  3.248892E-17
3783.31403653319  6.220506E-17
3785.24339798667  3.948756E-17
3787.17276241179  4.781612E-17
3789.10212984058  5.552316E-17
3791.03150030507  5.107151E-17
3792.96087383721  1.664968E-17
3794.89025046896  -1.630926E-18
3796.81963023223  4.098075E-17
3798.74901315886  4.735649E-17
3800.67839928072  4.493706E-17
3802.60778862957  1.075029E-17
3804.5371812372  3.589941E-17
3806.46657713532  5.131704E-17
3808.39597635563  6.273865E-17
3810.32537892977  2.751168E-17
3812.25478488936  4.746938E-17
3814.184194266  4.195634E-17
3816.11360709122  1.270551E-17
3818.04302339654  4.143885E-17
3819.97244321343  3.819046E-17
3821.90186657333  2.581911E-17
3823.83129350765  4.736658E-17
3825.76072404776  2.924943E-17
3827.69015822498  2.310175E-17
3829.61959607062  3.935313E-17
3831.54903761594  2.868317E-17
3833.47848289217  3.885195E-17
3835.40793193049  2.961718E-17
3837.33738476207  4.558731E-17
3839.26684141803  3.493386E-17
3841.19630192944  2.430733E-17
3843.12576632737  5.220825E-17
3845.05523464281  5.199407E-17
3846.98470690677  3.973586E-17
3848.91418315016  4.385548E-17
3850.84366340392  5.188893E-17
3852.77314769891  3.761243E-17
3854.70263606596  2.656901E-17
3856.63212853588  3.232063E-17
3858.56162513944  2.635074E-17
3860.49112590738  1.906020E-17
3862.42063087038  4.875349E-17
3864.35014005911  6.414267E-17
3866.27965350419  3.938747E-17
3868.20917123623  4.327620E-17
3870.13869328577  4.261778E-17
3872.06821968334  4.123321E-17
3873.99775045943  3.579986E-17
3875.92728564448  4.830220E-17
3877.85682526891  4.039904E-17
3879.7863693631  4.583283E-17
3881.71591795741  4.447464E-17
3883.64547108214  2.390421E-17
3885.57502876757  4.040344E-17
3887.50459104394  4.915496E-17
3889.43415794146  4.990461E-17
3891.36372949029  4.758705E-17
3893.29330572059  1.252786E-17
3895.22288666244  1.881089E-17
3897.15247234593  5.231297E-17
3899.08206280107  3.434958E-17
3901.01165805787  1.856842E-17
3902.94125814629  4.287078E-17
3904.87086309626  2.014664E-17
3906.80047293768  4.144133E-17
3908.7300877004  1.150277E-17
3910.65970741424  2.976706E-17
3912.58933210901  5.707689E-17
3914.51896181444  3.074098E-17
3916.44859656027  2.063479E-17
3918.37823637618  4.807543E-17
3920.30788129182  3.292757E-17
3922.23753133681  2.979743E-17
3924.16718654072  2.352330E-17
3926.09684693311  2.174732E-17
3928.0265125435  3.399995E-17
3929.95618340135  3.258721E-17
3931.88585953611  3.696286E-17
3933.8155409772  3.702002E-17
3935.74522775399  5.118985E-17
3937.67491989582  3.373972E-17
3939.60461743199  4.342278E-17
3941.53432039179  3.330226E-17
3943.46402880444  4.677009E-17
3945.39374269915  4.213517E-17
3947.32346210509  2.507804E-17
3949.2531870514  4.858898E-17
3951.18291756718  4.837836E-17
3953.11265368149  2.240167E-17
3955.04239542336  4.879937E-17
3956.9721428218  2.823761E-17
3958.90189590576  4.872630E-17
3960.83165470419  2.187788E-17
3962.76141924596  5.244761E-17
3964.69118955996  3.266446E-17
3966.62096567499  3.837778E-17
3968.55074761986  3.345639E-17
3970.48053542333  4.572165E-17
3972.41032911412  4.871244E-17
3974.34012872092  4.745951E-17
3976.26993427239  5.302883E-17
3978.19974579715  5.105492E-17
3980.12956332379  5.009756E-17
3982.05938688088  4.465573E-17
3983.98921649692  4.485912E-17
3985.91905220041  5.155116E-17
3987.8488940198  5.181475E-17
3989.77874198352  2.487508E-17
3991.70859611994  3.775395E-17
3993.63845645741  3.902878E-17
3995.56832302427  6.028453E-17
3997.49819584879  3.629969E-17
3999.42807495922  3.643654E-17
4001.35796038379  3.876745E-17
4003.28785215067  5.797196E-17
4005.21775028801  5.569411E-17
4007.14765482393  5.014267E-17
4009.07756578651  3.781879E-17
4011.00748320381  5.241599E-17
4012.93740710383  2.926430E-17
4014.86733751456  6.090430E-17
4016.79727446395  7.814132E-17
4018.72721797991  5.036594E-17
4020.65716809031  6.787163E-17
4022.58712482302  6.453590E-17
4024.51708820584  6.417204E-17
4026.44705826655  4.998420E-17
4028.37703503291  7.272245E-17
4030.30701853262  5.423802E-17
4032.23700879336  5.407025E-17
4034.16700584278  7.586408E-17
4036.09700970849  4.964094E-17
4038.02702041808  4.733288E-17
4039.95703799909  4.762799E-17
4041.88706247903  5.792901E-17
4043.81709388539  6.540782E-17
4045.7471322456  4.383342E-17
4047.67717758709  7.276086E-17
4049.60722993724  4.897425E-17
4051.53728932338  3.778966E-17
4053.46735577284  5.736329E-17
4055.39742931289  4.300988E-17
4057.32750997079  7.185515E-17
4059.25759777374  7.751206E-17
4061.18769274893  5.143698E-17
4063.11779492351  8.775926E-17
4065.04790432458  5.935904E-17
4066.97802097925  7.520767E-17
4068.90814491454  7.249961E-17
4070.83827615748  6.105066E-17
4072.76841473505  6.021834E-17
4074.6985606742  6.259360E-17
4076.62871400185  5.507862E-17
4078.55887474488  6.651619E-17
4080.48904293014  5.727060E-17
4082.41921858445  5.867448E-17
4084.3494017346  5.486850E-17
4086.27959240733  6.214180E-17
4088.20979062938  5.779401E-17
4090.13999642741  3.902448E-17
4092.0702098281  7.621703E-17
4094.00043085805  7.796258E-17
4095.93065954387  5.748327E-17
4097.86089591209  5.560887E-17
4099.79113998925  7.765575E-17
4101.72139180184  7.982397E-17
4103.65165137631  6.571595E-17
4105.58191873909  7.443587E-17
4107.51219391657  6.755320E-17
4109.44247693511  7.166766E-17
4111.37276782104  7.983470E-17
4113.30306660065  7.215625E-17
4115.2333733002  6.836618E-17
4117.16368794593  7.715701E-17
4119.09401056403  7.050349E-17
4121.02434118066  7.358668E-17
4122.95467982195  6.636405E-17
4124.88502651401  7.309650E-17
4126.81538128291  5.987272E-17
4128.74574415467  6.364127E-17
4130.67611515529  5.846865E-17
4132.60649431076  6.761787E-17
4134.53688164699  8.157810E-17
4136.46727718991  5.130327E-17
4138.39768096539  6.183665E-17
4140.32809299925  6.231077E-17
4142.25851331731  8.478337E-17
4144.18894194536  7.276657E-17
4146.11937890912  9.118389E-17
4148.04982423431  6.484639E-17
4149.98027794661  8.924798E-17
4151.91074007167  6.244502E-17
4153.8412106351  7.763457E-17
4155.77168966249  6.383083E-17
4157.70217717938  7.359441E-17
4159.6326732113  8.706556E-17
4161.56317778372  8.001024E-17
4163.49369092211  7.803423E-17
4165.42421265188  7.044163E-17
4167.35474299843  7.448853E-17
4169.28528198711  6.209323E-17
4171.21582964325  6.342786E-17
4173.14638599215  7.922974E-17
4175.07695105906  7.325125E-17
4177.00752486921  1.095994E-16
4178.93810744782  7.664704E-17
4180.86869882003  7.161176E-17
4182.79929901099  9.904917E-17
4184.7299080458  9.376045E-17
4186.66052594953  6.791071E-17
4188.59115274721  6.765938E-17
4190.52178846386  6.821902E-17
4192.45243312446  7.222414E-17
4194.38308675393  6.900267E-17
4196.31374937721  6.534879E-17
4198.24442101916  8.825637E-17
4200.17510170464  7.330418E-17
4202.10579145846  6.885938E-17
4204.03649030541  5.694567E-17
4205.96719827024  6.190633E-17
4207.89791537767  7.672772E-17
4209.8286416524  7.545517E-17
4211.75937711909  8.354486E-17
4213.69012180235  9.379487E-17
4215.62087572679  6.021375E-17
4217.55163891697  6.011363E-17
4219.48241139743  6.462366E-17
4221.41319319266  6.634163E-17
4223.34398432714  6.382823E-17
4225.2747848253  5.670963E-17
4227.20559471155  5.026649E-17
4229.13641401027  6.649530E-17
4231.0672427458  6.570842E-17
4232.99808094245  4.561821E-17
4234.92892862451  4.331285E-17
4236.85978581622  4.424794E-17
4238.79065254181  4.784699E-17
4240.72152882547  4.590911E-17
4242.65241469134  5.468427E-17
4244.58331016355  3.048593E-17
4246.51421526621  3.600549E-17
4248.44513002336  3.723637E-17
4250.37605445905  3.512354E-17
4252.30698859727  3.266884E-17
4254.237932462  4.783685E-17
4256.16888607716  3.482276E-17
4258.09984946668  3.230413E-17
4260.03082265442  4.282985E-17
4261.96180566423  3.786592E-17
4263.89279851992  4.491302E-17
4265.82380124528  6.176820E-17
4267.75481386407  3.530376E-17
4269.68583639999  4.419444E-17
4271.61686887674  5.530410E-17
4273.54791131798  4.245616E-17
4275.47896374734  3.394609E-17
4277.41002618841  3.117983E-17
4279.34109866476  2.877883E-17
4281.27218119993  3.874916E-17
4283.20327381743  2.281401E-17
4285.13437654072  3.777716E-17
4287.06548939325  2.273617E-17
4288.99661239843  1.215972E-18
4290.92774557964  3.160555E-17
4292.85888896024  1.983342E-17
4294.79004256355  1.784675E-17
4296.72120641284  3.040920E-17
4298.6523805314  2.916053E-17
4300.58356494243  2.475044E-17
4302.51475966914  4.356935E-17
4304.4459647347  2.149847E-17
4306.37718016224  2.350893E-17
4308.30840597487  3.487371E-17
4310.23964219566  2.884181E-17
4312.17088884766  2.173117E-17
4314.10214595388  4.503324E-17
4316.0334135373  2.833417E-17
4317.96469162089  3.424092E-17
4319.89598022756  2.818469E-17
4321.8272793802  2.740235E-17
4323.75858910168  2.902165E-17
4325.68990941483  3.115245E-17
4327.62124034244  2.361380E-17
4329.5525819073  2.718684E-17
4331.48393413213  1.951828E-17
4333.41529703966  4.072391E-17
4335.34667065255  2.504741E-17
4337.27805499347  4.261347E-17
4339.20945008502  3.537546E-17
4341.1408559498  3.682758E-17
4343.07227261037  3.986362E-17
4345.00370008925  2.920887E-17
4346.93513840895  3.363724E-17
4348.86658759193  4.187441E-17
4350.79804766063  2.860578E-17
4352.72951863746  3.765910E-17
4354.6610005448  2.886578E-17
4356.59249340499  4.822527E-17
4358.52399724035  4.572114E-17
4360.45551207317  3.284698E-17
4362.38703792571  3.849054E-17
4364.3185748202  2.130562E-17
4366.25012277883  4.404814E-17
4368.18168182376  5.483691E-17
4370.11325197715  5.310496E-17
4372.0448332611  5.017874E-17
4373.97642569768  2.196525E-17
4375.90802930895  3.035439E-17
4377.83964411691  3.903874E-17
4379.77127014357  3.542719E-17
4381.70290741087  4.480845E-17
4383.63455594076  4.581513E-17
4385.56621575512  4.479274E-17
4387.49788687583  3.457541E-17
4389.42956932472  3.239990E-17
4391.36126312361  3.282714E-17
4393.29296829427  4.868487E-17
4395.22468485846  4.170062E-17
4397.1564128379  3.447235E-17
4399.08815225427  4.045216E-17
4401.01990312925  3.369305E-17
4402.95166548446  3.183371E-17
4404.8834393415  5.680957E-17
4406.81522472195  3.546916E-17
4408.74702164736  2.644454E-17
4410.67883013922  2.622595E-17
4412.61065021904  4.060786E-17
4414.54248190826  1.987994E-17
4416.4743252283  3.140807E-17
4418.40618020058  5.310737E-17
4420.33804684644  3.969962E-17
4422.26992518723  4.777551E-17
4424.20181524426  2.919907E-17
4426.1337170388  3.620445E-17
4428.06563059211  6.127043E-17
4429.9975559254  6.468185E-17
4431.92949305986  4.491234E-17
4433.86144201666  3.194539E-17
4435.79340281693  3.105491E-17
4437.72537548176  5.038772E-17
4439.65736003224  3.968984E-17
4441.5893564894  5.240004E-17
4443.52136487427  4.516296E-17
4445.45338520782  4.688027E-17
4447.38541751102  5.679262E-17
4449.31746180479  3.261399E-17
4451.24951811003  3.586628E-17
4453.18158644761  4.622419E-17
4455.11366683836  5.361822E-17
4457.04575930312  4.662796E-17
4458.97786386264  5.080060E-17
4460.90998053769  5.421254E-17
4462.84210934899  5.224330E-17
4464.77425031724  6.285966E-17
4466.7064034631  6.578127E-17
4468.63856880721  6.391816E-17
4470.57074637018  6.110836E-17
4472.50293617259  6.695722E-17
4474.43513823498  4.813389E-17
4476.36735257789  6.677833E-17
4478.2995792218  7.386432E-17
4480.23181818718  5.922667E-17
4482.16406949447  6.242511E-17
4484.09633316406  6.149847E-17
4486.02860921635  8.051269E-17
4487.96089767167  7.069106E-17
4489.89319855035  7.803437E-17
4491.82551187268  5.990527E-17
4493.75783765892  5.855680E-17
4495.69017592932  8.880858E-17
4497.62252670407  6.944494E-17
4499.55489000335  6.948862E-17
4501.48726584731  7.056447E-17
4503.41965425607  8.696407E-17
4505.35205524972  6.476422E-17
4507.28446884833  7.273092E-17
4509.21689507193  6.429803E-17
4511.14933394053  8.567511E-17
4513.08178547409  7.492028E-17
4515.01424969259  6.513051E-17
4516.94672661593  4.965435E-17
4518.879216264  7.690498E-17
4520.81171865668  7.266611E-17
4522.74423381379  7.826410E-17
4524.67676175514  7.040154E-17
4526.60930250052  7.015437E-17
4528.54185606967  5.562111E-17
4530.47442248231  7.539634E-17
4532.40700175815  8.288988E-17
4534.33959391684  7.481227E-17
4536.27219897802  7.703775E-17
4538.20481696131  6.733811E-17
4540.13744788628  6.895001E-17
4542.07009177249  7.627293E-17
4544.00274863946  7.196437E-17
4545.93541850669  7.477624E-17
4547.86810139364  8.022628E-17
4549.80079731977  7.463403E-17
4551.73350630447  6.346096E-17
4553.66622836715  4.801412E-17
4555.59896352714  7.828961E-17
4557.53171180378  6.595558E-17
4559.46447321638  7.454856E-17
4561.39724778419  7.054743E-17
4563.33003552648  7.964129E-17
4565.26283646245  7.022894E-17
4567.19565061129  7.367019E-17
4569.12847799216  7.734954E-17
4571.0613186242  7.770408E-17
4572.99417252652  6.839284E-17
4574.92703971818  8.713011E-17
4576.85992021825  7.127083E-17
4578.79281404573  5.486448E-17
4580.72572121963  6.240665E-17
4582.65864175891  7.666336E-17
4584.59157568251  7.542544E-17
4586.52452300933  6.141835E-17
4588.45748375827  8.414732E-17
4590.39045794818  6.485471E-17
4592.32344559789  5.823308E-17
4594.25644672619  6.987121E-17
4596.18946135186  6.989627E-17
4598.12248949364  6.903592E-17
4600.05553117025  8.404796E-17
4601.98858640039  7.396514E-17
4603.92165520271  5.660256E-17
4605.85473759584  6.122871E-17
4607.7878335984  6.747102E-17
4609.72094322896  6.195532E-17
4611.65406650609  6.808579E-17
4613.58720344829  6.699926E-17
4615.52035407407  8.803497E-17
4617.4535184019  6.494131E-17
4619.38669645023  6.032871E-17
4621.31988823746  7.009553E-17
4623.25309378199  7.343360E-17
4625.18631310217  7.228321E-17
4627.11954621634  7.953394E-17
4629.05279314281  7.402447E-17
4630.98605389985  7.476518E-17
4632.91932850572  6.325426E-17
4634.85261697864  7.286427E-17
4636.78591933681  5.631330E-17
4638.7192355984  6.178778E-17
4640.65256578155  6.094953E-17
4642.58590990438  6.647317E-17
4644.51926798497  6.446774E-17
4646.45264004139  6.879050E-17
4648.38602609167  5.469720E-17
4650.31942615382  5.935860E-17
4652.25284024582  7.084282E-17
4654.18626838562  6.962627E-17
4656.11971059115  7.234459E-17
4658.05316688032  6.518523E-17
4659.98663727098  7.004205E-17
4661.92012178099  5.068810E-17
4663.85362042817  6.925474E-17
4665.78713323031  7.047425E-17
4667.72066020516  6.365139E-17
4669.65420137048  6.567427E-17
4671.58775674397  7.098433E-17
4673.52132634332  7.611754E-17
4675.45491018618  6.344084E-17
4677.38850829019  7.883672E-17
4679.32212067295  7.262039E-17
4681.25574735203  7.506653E-17
4683.18938834499  7.174315E-17
4685.12304366934  6.243377E-17
4687.0567133426  7.568906E-17
4688.99039738223  7.148875E-17
4690.92409580567  6.999487E-17
4692.85780863034  7.079562E-17
4694.79153587363  7.500475E-17
4696.7252775529  7.638248E-17
4698.6590336855  7.979250E-17
4700.59280428873  8.272512E-17
4702.52658937988  6.920018E-17
4704.46038897621  7.831834E-17
4706.39420309494  8.284412E-17
4708.32803175329  6.892179E-17
4710.26187496843  7.041251E-17
4712.19573275751  8.255145E-17
4714.12960513767  7.409034E-17
4716.06349212599  9.369961E-17
4717.99739373956  7.354035E-17
4719.93130999542  7.699120E-17
4721.86524091058  6.524977E-17
4723.79918650205  6.651347E-17
4725.73314678679  6.360921E-17
4727.66712178175  7.816635E-17
4729.60111150384  8.935673E-17
4731.53511596995  7.055531E-17
4733.46913519693  6.632866E-17
4735.40316920164  7.891990E-17
4737.33721800088  8.939308E-17
4739.27128161143  7.141706E-17
4741.20536005005  7.558590E-17
4743.13945333347  7.019453E-17
4745.07356147841  7.119540E-17
4747.00768450154  7.562895E-17
4748.94182241952  5.711460E-17
4750.87597524897  7.117681E-17
4752.81014300649  6.974656E-17
4754.74432570867  5.244188E-17
4756.67852337204  6.746838E-17
4758.61273601315  7.050450E-17
4760.54696364848  8.446932E-17
4762.48120629451  6.716538E-17
4764.41546396768  7.848862E-17
4766.34973668441  7.556073E-17
4768.28402446111  7.442606E-17
4770.21832731413  8.274460E-17
4772.15264525983  6.414090E-17
4774.08697831451  6.267370E-17
4776.02132649448  7.750301E-17
4777.95568981599  7.143203E-17
4779.8900682953  7.977791E-17
4781.8244619486  6.512627E-17
4783.75887079209  5.457009E-17
4785.69329484194  6.990953E-17
4787.62773411428  6.203962E-17
4789.56218862522  7.002720E-17
4791.49665839086  7.324469E-17
4793.43114342724  5.231784E-17
4795.36564375041  7.243807E-17
4797.30015937638  8.022240E-17
4799.23469032113  6.125718E-17
4801.16923660062  6.496653E-17
4803.10379823077  7.183438E-17
4805.03837522751  5.162908E-17
4806.97296760671  6.617852E-17
4808.90757538423  6.666016E-17
4810.8421985759  7.915571E-17
4812.77683719752  4.876891E-17
4814.71149126489  6.106850E-17
4816.64616079374  6.154169E-17
4818.58084579981  5.980358E-17
4820.51554629882  7.403952E-17
4822.45026230643  6.854872E-17
4824.3849938383  6.834721E-17
4826.31974091007  6.697706E-17
4828.25450353732  6.456505E-17
4830.18928173565  6.379674E-17
4832.12407552061  6.089789E-17
4834.05888490772  5.885225E-17
4835.99370991248  6.554727E-17
4837.92855055038  6.045244E-17
4839.86340683687  7.531240E-17
4841.79827878738  5.937915E-17
4843.7331664173  5.621037E-17
4845.66806974202  6.847345E-17
4847.60298877688  5.926021E-17
4849.53792353722  6.564851E-17
4851.47287403835  5.566259E-17
4853.40784029553  5.596387E-17
4855.34282232402  4.899132E-17
4857.27782013904  6.661876E-17
4859.21283375581  6.142087E-17
4861.14786318949  6.209425E-17
4863.08290845524  4.800476E-17
4865.0179695682  7.348412E-17
4866.95304654346  5.510048E-17
4868.88813939609  5.035152E-17
4870.82324814117  6.948783E-17
4872.75837279371  5.995918E-17
4874.69351336872  6.510491E-17
4876.62866988117  5.771395E-17
4878.56384234603  5.648724E-17
4880.49903077823  4.669894E-17
4882.43423519266  4.432186E-17
4884.36945560422  4.785365E-17
4886.30469202775  5.388475E-17
4888.23994447809  5.264547E-17
4890.17521297005  5.631286E-17
4892.11049751841  5.579908E-17
4894.04579813792  7.150274E-17
4895.98111484333  4.332240E-17
4897.91644764933  5.330224E-17
4899.85179657061  4.273719E-17
4901.78716162184  3.726627E-17
4903.72254281765  3.254697E-17
4905.65794017265  5.366637E-17
4907.59335370143  5.749738E-17
4909.52878341855  4.986321E-17
4911.46422933854  5.662792E-17
4913.39969147593  4.744023E-17
4915.33516984519  5.378693E-17
4917.27066446081  3.814898E-17
4919.20617533721  4.882801E-17
4921.14170248881  4.440380E-17
4923.07724593001  4.483156E-17
4925.01280567517  3.950646E-17
4926.94838173864  4.721774E-17
4928.88397413474  5.412577E-17
4930.81958287776  5.976978E-17
4932.75520798197  4.999152E-17
4934.69084946162  5.069825E-17
4936.62650733094  4.344877E-17
4938.56218160412  4.173533E-17
4940.49787229534  4.633830E-17
4942.43357941875  5.739841E-17
4944.36930298847  5.028614E-17
4946.30504301861  4.661334E-17
4948.24079952325  3.038489E-17
4950.17657251644  3.721011E-17
4952.11236201222  5.441095E-17
4954.04816802458  2.967192E-17
4955.98399056752  3.926784E-17
4957.91982965499  4.216818E-17
4959.85568530093  3.360797E-17
4961.79155751925  4.412410E-17
4963.72744632383  3.782980E-17
4965.66335172855  4.354972E-17
4967.59927374723  2.778961E-17
4969.53521239371  2.867576E-17
4971.47116768177  4.763582E-17
4973.40713962517  3.744506E-17
4975.34312823766  3.540926E-17
4977.27913353298  3.489552E-17
4979.2151555248  3.749916E-17
4981.15119422681  4.927858E-17
4983.08724965266  5.440638E-17
4985.02332181598  3.987635E-17
4986.95941073036  4.900332E-17
4988.89551640939  4.755519E-17
4990.83163886662  2.815316E-17
4992.76777811559  3.395944E-17
4994.7039341698  4.871401E-17
4996.64010704275  3.556445E-17
4998.57629674789  3.062424E-17
5000.51250329866  4.704523E-17
5002.44872670847  4.912941E-17
5004.38496699073  4.246346E-17
5006.32122415879  5.025172E-17
5008.25749822601  2.882743E-17
5010.1937892057  4.511935E-17
5012.13009711116  4.305917E-17
5014.06642195567  3.968577E-17
5016.00276375248  3.604549E-17
5017.93912251481  3.505698E-17
5019.87549825588  5.829775E-17
5021.81189098887  5.099402E-17
5023.74830072693  4.677305E-17
5025.6847274832  5.306449E-17
5027.62117127079  4.894167E-17
5029.55763210279  4.758046E-17
5031.49410999227  4.489883E-17
5033.43060495228  3.701311E-17
5035.36711699582  3.983349E-17
5037.3036461359  4.493939E-17
5039.24019238549  4.120395E-17
5041.17675575755  3.830325E-17
5043.11333626499  3.926907E-17
5045.04993392073  4.337017E-17
5046.98654873765  4.949086E-17
5048.9231807286  4.301894E-17
5050.85982990642  4.271778E-17
5052.79649628393  5.018895E-17
5054.73317987392  4.934640E-17
5056.66988068914  4.454513E-17
5058.60659874236  5.619661E-17
5060.54333404628  4.530172E-17
5062.48008661361  4.891345E-17
5064.41685645702  5.407077E-17
5066.35364358916  3.664177E-17
5068.29044802268  4.670622E-17
5070.22726977017  4.857780E-17
5072.16410884422  4.689545E-17
5074.10096525738  6.081283E-17
5076.03783902222  4.253150E-17
5077.97473015123  6.013419E-17
5079.91163865691  4.916139E-17
5081.84856455173  4.687654E-17
5083.78550784815  5.827607E-17
5085.72246855859  4.993147E-17
5087.65944669545  5.059878E-17
5089.59644227112  4.950558E-17
5091.53345529796  5.009122E-17
5093.47048578829  3.704457E-17
5095.40753375444  5.026612E-17
5097.3445992087  4.224144E-17
5099.28168216333  5.327294E-17
5101.21878263058  5.440652E-17
5103.15590062268  5.844876E-17
5105.09303615183  4.401173E-17
5107.0301892302  6.011535E-17
5108.96735986996  6.694185E-17
5110.90454808325  5.338608E-17
5112.84175388216  5.848157E-17
5114.77897727879  5.128334E-17
5116.71621828522  3.828352E-17
5118.65347691349  5.972777E-17
5120.59075317561  4.615972E-17
5122.5280470836  5.175663E-17
5124.46535864942  5.617428E-17
5126.40268788505  4.748967E-17
5128.3400348024  6.134618E-17
5130.27739941341  4.539276E-17
5132.21478172995  4.211989E-17
5134.15218176389  6.156339E-17
5136.08959952709  5.646572E-17
5138.02703503137  5.700643E-17
5139.96448828852  3.969212E-17
5141.90195931033  5.221151E-17
5143.83944810856  3.991531E-17
5145.77695469494  4.449587E-17
5147.71447908119  5.976204E-17
5149.65202127901  5.219113E-17
5151.58958130006  4.300101E-17
5153.52715915599  4.467954E-17
5155.46475485843  5.408725E-17
5157.40236841898  4.308648E-17
5159.33999984923  6.008773E-17
5161.27764916074  4.684691E-17
5163.21531636504  5.069369E-17
5165.15300147367  5.091789E-17
5167.0907044981  4.690359E-17
5169.02842544983  5.413575E-17
5170.96616434029  4.982675E-17
5172.90392118093  5.423888E-17
5174.84169598315  5.153146E-17
5176.77948875835  5.663403E-17
5178.71729951787  4.327810E-17
5180.65512827308  5.394526E-17
5182.59297503529  5.185858E-17
5184.53083981581  6.342478E-17
5186.46872262591  5.012858E-17
5188.40662347686  4.779347E-17
5190.34454237988  5.331854E-17
5192.28247934621  4.217738E-17
5194.22043438703  4.605823E-17
5196.15840751351  5.634023E-17
5198.0963987368  5.568876E-17
5200.03440806804  5.799407E-17
5201.97243551833  5.114205E-17
5203.91048109877  6.857150E-17
5205.8485448204  5.598477E-17
5207.78662669429  6.288338E-17
5209.72472673145  6.137882E-17
5211.66284494289  5.650849E-17
5213.60098133959  5.115836E-17
5215.53913593249  5.962986E-17
5217.47730873256  5.610166E-17
5219.41549975069  6.462969E-17
5221.35370899778  5.670444E-17
5223.29193648472  5.263510E-17
5225.23018222236  5.986537E-17
5227.16844622152  5.021189E-17
5229.10672849301  6.292061E-17
5231.04502904764  5.424230E-17
5232.98334789616  4.961472E-17
5234.92168504932  6.466621E-17
5236.86004051786  6.083344E-17
5238.79841431248  5.550407E-17
5240.73680644385  4.528106E-17
5242.67521692266  4.773146E-17
5244.61364575953  5.013061E-17
5246.5520929651  5.526596E-17
5248.49055854996  4.934483E-17
5250.42904252469  5.699452E-17
5252.36754489986  4.490672E-17
5254.306065686  4.902050E-17
5256.24460489362  6.119824E-17
5258.18316253324  6.209522E-17
5260.12173861531  4.645384E-17
5262.06033315031  4.900118E-17
5263.99894614866  5.119391E-17
5265.93757762078  6.135023E-17
5267.87622757705  3.757204E-17
5269.81489602786  5.178374E-17
5271.75358298356  4.741435E-17
5273.69228845447  5.748326E-17
5275.63101245091  4.394892E-17
5277.56975498317  3.945509E-17
5279.50851606151  5.049237E-17
5281.44729569619  5.641353E-17
5283.38609389743  4.852234E-17
5285.32491067545  5.301890E-17
5287.26374604042  4.802559E-17
5289.20260000253  4.401354E-17
5291.1414725719  5.742702E-17
5293.08036375867  4.956482E-17
5295.01927357295  4.950143E-17
5296.95820202482  4.988524E-17
5298.89714912434  4.008055E-17
5300.83611488156  5.085318E-17
5302.7750993065  5.342690E-17
5304.71410240917  4.886077E-17
5306.65312419954  5.087179E-17
5308.5921646876  3.911379E-17
5310.53122388326  5.444255E-17
5312.47030179647  5.400720E-17
5314.40939843711  4.980176E-17
5316.34851381508  6.365409E-17
5318.28764794024  5.151689E-17
5320.22680082242  5.322438E-17
5322.16597247144  6.100183E-17
5324.10516289712  4.587568E-17
5326.04437210923  5.676948E-17
5327.98360011753  5.358103E-17
5329.92284693177  4.112914E-17
5331.86211256166  5.404357E-17
5333.80139701691  4.340793E-17
5335.7407003072  5.074726E-17
5337.68002244218  4.479559E-17
5339.6193634315  5.355671E-17
5341.55872328479  4.652558E-17
5343.49810201164  5.741955E-17
5345.43749962163  5.172763E-17
5347.37691612433  6.264372E-17
5349.31635152927  4.137023E-17
5351.25580584599  4.975905E-17
5353.19527908398  5.187274E-17
5355.13477125271  4.867955E-17
5357.07428236167  5.444252E-17
5359.01381242028  5.263257E-17
5360.95336143798  6.791216E-17
5362.89292942416  5.321810E-17
5364.83251638821  4.282923E-17
5366.77212233949  5.009246E-17
5368.71174728734  4.271859E-17
5370.6513912411  4.394169E-17
5372.59105421006  4.740753E-17
5374.53073620351  4.013695E-17
5376.47043723072  4.363097E-17
5378.41015730093  6.338465E-17
5380.34989642337  5.074829E-17
5382.28965460724  3.858647E-17
5384.22943186174  5.031150E-17
5386.16922819603  3.467547E-17
5388.10904361925  3.536120E-17
5390.04887814055  5.374756E-17
5391.98873176902  5.606023E-17
5393.92860451376  4.979627E-17
5395.86849638384  2.969593E-17
5397.80840738832  3.763079E-17
5399.74833753621  4.289402E-17
5401.68828683654  5.268250E-17
5403.6282552983  3.901492E-17
5405.56824293046  4.259309E-17
5407.50824974198  4.447968E-17
5409.44827574179  5.149629E-17
5411.38832093881  5.066654E-17
5413.32838534194  4.428633E-17
5415.26846896006  3.736926E-17
5417.20857180202  4.743039E-17
5419.14869387666  4.972367E-17
5421.0888351928  4.740223E-17
5423.02899575926  4.987229E-17
5424.9691755848  3.515882E-17
5426.90937467819  4.039550E-17
5428.84959304817  4.768105E-17
5430.78983070348  3.631250E-17
5432.73008765281  3.168910E-17
5434.67036390485  3.585763E-17
5436.61065946828  3.886125E-17
5438.55097435174  4.709187E-17
5440.49130856386  3.235621E-17
5442.43166211326  3.829256E-17
5444.37203500852  3.087442E-17
5446.31242725821  3.462087E-17
5448.2528388709  4.690433E-17
5450.19326985513  4.088596E-17
5452.13372021939  4.527920E-17
5454.07418997221  4.243355E-17
5456.01467912204  5.193616E-17
5457.95518767737  4.473517E-17
5459.89571564662  4.596347E-17
5461.83626303822  4.960263E-17
5463.77682986057  4.941773E-17
5465.71741612207  3.632447E-17
5467.65802183108  4.158753E-17
5469.59864699594  4.213626E-17
5471.53929162499  4.159107E-17
5473.47995572655  3.968674E-17
5475.42063930889  4.261624E-17
5477.3613423803  2.728638E-17
5479.30206494903  3.772646E-17
5481.24280702332  4.248687E-17
5483.18356861138  3.904822E-17
5485.12434972143  5.103291E-17
5487.06515036164  3.365003E-17
5489.00597054017  3.597064E-17
5490.94681026516  3.080435E-17
5492.88766954476  2.264933E-17
5494.82854838706  4.327038E-17
5496.76944680015  3.462006E-17
5498.71036479211  3.587673E-17
5500.65130237098  3.772333E-17
5502.59225954481  4.820808E-17
5504.5332363216  5.005211E-17
5506.47423270937  1.837881E-17
5508.41524871608  3.846099E-17
5510.3562843497  3.272696E-17
5512.29733961818  2.784246E-17
5514.23841452944  4.868628E-17
5516.17950909138  3.302159E-17
5518.1206233119  2.768558E-17
5520.06175719887  3.921514E-17
5522.00291076014  3.342778E-17
5523.94408400354  3.905157E-17
5525.8852769369  3.010476E-17
5527.82648956801  2.657983E-17
5529.76772190465  3.999081E-17
5531.70897395458  2.820231E-17
5533.65024572555  3.766405E-17
5535.59153722529  3.530014E-17
5537.53284846151  3.452673E-17
5539.47417944189  4.787790E-17
5541.41553017412  4.470385E-17
5543.35690066584  3.461506E-17
5545.29829092469  3.172639E-17
5547.23970095829  4.039204E-17
5549.18113077425  4.503600E-17
5551.12258038014  3.772393E-17
5553.06404978354  3.922008E-17
5555.00553899199  3.909015E-17
5556.94704801303  4.811249E-17
5558.88857685416  3.171131E-17
5560.83012552289  4.108119E-17
5562.77169402668  3.276732E-17
5564.713282373  3.862884E-17
5566.6548905693  4.092473E-17
5568.59651862298  3.745931E-17
5570.53816654148  4.068767E-17
5572.47983433216  3.879978E-17
5574.42152200241  5.517723E-17
5576.36322955958  4.879195E-17
5578.30495701101  5.056812E-17
5580.246704364  1.133146E-17
5582.18847162588  3.192312E-17
5584.13025880392  3.171271E-17
5586.07206590539  3.568551E-17
5588.01389293753  3.350725E-17
5589.95573990759  3.484869E-17
5591.89760682277  3.717624E-17
5593.83949369027  2.984586E-17
5595.78140051728  3.568824E-17
5597.72332731095  3.451573E-17
5599.66527407843  4.632837E-17
5601.60724082685  3.878050E-17
5603.54922756332  4.043697E-17
5605.49123429494  4.436562E-17
5607.43326102877  2.722432E-17
5609.37530777188  2.962945E-17
5611.31737453131  3.220763E-17
5613.25946131409  2.431896E-17
5615.20156812723  3.659974E-17
5617.14369497771  3.116401E-17
5619.0858418725  3.546720E-17
5621.02800881858  2.676593E-17
5622.97019582286  2.554891E-17
5624.91240289228  2.931439E-17
5626.85463003375  3.894283E-17
5628.79687725414  4.345331E-17
5630.73914456034  3.145007E-17
5632.68143195918  3.952057E-17
5634.62373945753  2.063956E-17
5636.56606706218  2.687951E-17
5638.50841477996  3.328178E-17
5640.45078261763  3.040791E-17
5642.39317058199  3.112600E-17
5644.33557867976  2.603411E-17
5646.27800691771  1.989450E-17
5648.22045530253  2.274523E-17
5650.16292384094  3.046349E-17
5652.10541253962  3.190766E-17
5654.04792140523  3.409720E-17
5655.99045044444  3.321921E-17
5657.93299966388  5.406905E-17
5659.87556907017  2.174309E-17
5661.8181586699  3.937534E-17
5663.76076846967  3.527804E-17
5665.70339847604  2.630965E-17
5667.64604869557  3.499301E-17
5669.58871913479  2.756014E-17
5671.53140980022  3.772225E-17
5673.47412069837  2.217784E-17
5675.41685183571  3.734317E-17
5677.35960321873  3.263959E-17
5679.30237485387  2.875344E-17
5681.24516674757  3.276517E-17
5683.18797890625  3.753905E-17
5685.13081133631  2.369789E-17
5687.07366404415  2.954713E-17
5689.01653703612  2.861888E-17
5690.9594303186  4.643042E-17
5692.90234389791  4.030393E-17
5694.84527778037  3.972123E-17
5696.7882319723  3.198302E-17
5698.73120647999  4.938574E-17
5700.6742013097  3.557551E-17
5702.61721646769  3.683758E-17
5704.56025196021  2.925747E-17
5706.50330779347  3.855451E-17
5708.44638397369  3.333869E-17
5710.38948050706  2.020348E-17
5712.33259739976  3.575663E-17
5714.27573465794  2.849196E-17
5716.21889228775  3.784156E-17
5718.16207029531  4.384813E-17
5720.10526868674  4.460366E-17
5722.04848746813  3.321410E-17
5723.99172664557  4.607499E-17
5725.93498622511  2.947905E-17
5727.87826621281  3.399005E-17
5729.82156661469  3.687398E-17
5731.76488743677  2.900582E-17
5733.70822868505  3.627921E-17
5735.65159036552  4.103493E-17
5737.59497248414  3.677911E-17
5739.53837504686  2.482038E-17
5741.48179805963  3.523696E-17
5743.42524152835  3.242443E-17
5745.36870545894  4.409248E-17
5747.31218985729  3.754072E-17
5749.25569472926  2.047239E-17
5751.19922008071  3.669907E-17
5753.14276591749  3.609295E-17
5755.08633224543  2.921435E-17
5757.02991907032  4.007597E-17
5758.97352639796  3.541329E-17
5760.91715423415  2.972802E-17
5762.86080258463  2.933971E-17
5764.80447145516  4.054591E-17
5766.74816085147  3.771229E-17
5768.69187077926  3.943349E-17
5770.63560124426  3.875810E-17
5772.57935225213  3.388672E-17
5774.52312380855  3.835744E-17
5776.46691591917  2.669493E-17
5778.41072858964  3.702866E-17
5780.35456182558  2.263655E-17
5782.29841563259  4.090100E-17
5784.24229001626  3.316159E-17
5786.18618498218  3.363794E-17
5788.13010053591  3.240559E-17
5790.07403668298  3.546570E-17
5792.01799342894  2.918547E-17
5793.96197077929  2.361710E-17
5795.90596873955  4.459827E-17
5797.84998731519  1.763251E-17
5799.79402651169  3.416998E-17
5801.73808633449  3.926543E-17
5803.68216678904  2.746675E-17
5805.62626788076  2.512778E-17
5807.57038961507  3.039889E-17
5809.51453199735  3.549577E-17
5811.45869503299  3.211999E-17
5813.40287872734  3.041999E-17
5815.34708308577  2.513753E-17
5817.29130811359  3.784103E-17
5819.23555381613  3.202356E-17
5821.1798201987  2.070798E-17
5823.12410726657  3.040748E-17
5825.06841502503  3.353100E-17
5827.01274347933  2.054287E-17
5828.95709263472  4.577231E-17
5830.90146249643  3.572869E-17
5832.84585306966  3.080773E-17
5834.79026435962  3.046969E-17
5836.7346963715  3.261192E-17
5838.67914911045  4.009305E-17
5840.62362258164  3.338594E-17
5842.56811679021  3.483080E-17
5844.51263174127  2.746101E-17
5846.45716743994  2.301672E-17
5848.40172389131  3.395995E-17
5850.34630110047  2.788791E-17
5852.29089907248  4.327919E-17
5854.2355178124  2.974461E-17
5856.18015732524  3.881256E-17
5858.12481761605  3.848533E-17
5860.06949868982  3.009080E-17
5862.01420055155  3.874003E-17
5863.95892320622  2.520697E-17
5865.90366665879  3.464487E-17
5867.84843091421  3.726567E-17
5869.7932159774  3.830139E-17
5871.7380218533  5.129081E-17
5873.68284854681  5.384031E-17
5875.62769606281  3.875146E-17
5877.57256440619  3.328386E-17
5879.5174535818  4.374245E-17
5881.46236359449  4.446081E-17
5883.4072944491  5.631993E-17
5885.35224615044  3.869705E-17
5887.29721870333  3.244085E-17
5889.24221211254  3.440465E-17
5891.18722638285  3.208568E-17
5893.13226151903  3.707774E-17
5895.07731752582  4.029675E-17
5897.02239440796  4.659203E-17
5898.96749217016  3.153115E-17
5900.91261081712  3.704456E-17
5902.85775035355  3.364700E-17
5904.8029107841  3.355992E-17
5906.74809211345  4.206299E-17
5908.69329434625  5.835495E-17
5910.63851748712  4.060399E-17
5912.58376154068  3.757040E-17
5914.52902651155  3.808856E-17
5916.47431240431  3.423508E-17
5918.41961922354  4.334372E-17
5920.3649469738  3.971100E-17
5922.31029565964  3.912305E-17
5924.25566528559  3.600325E-17
5926.20105585619  3.866032E-17
5928.14646737593  5.420605E-17
5930.09189984931  4.505663E-17
5932.03735328081  3.558753E-17
5933.98282767489  4.219325E-17
5935.928323036  4.951178E-17
5937.87383936859  4.872676E-17
5939.81937667708  3.211871E-17
5941.76493496587  3.015672E-17
5943.71051423937  4.408204E-17
5945.65611450196  4.368756E-17
5947.601735758  3.511067E-17
5949.54737801185  3.888498E-17
5951.49304126786  3.804744E-17
5953.43872553034  4.428336E-17
5955.38443080362  4.371956E-17
5957.330157092  4.774537E-17
5959.27590439976  3.333981E-17
5961.22167273117  5.332692E-17
5963.1674620905  3.860394E-17
5965.11327248199  3.875549E-17
5967.05910390988  3.226745E-17
5969.00495637838  4.217620E-17
5970.9508298917  2.936329E-17
5972.89672445403  5.420272E-17
5974.84264006955  4.441298E-17
5976.78857674243  3.165327E-17
5978.73453447681  4.224105E-17
5980.68051327684  3.666728E-17
5982.62651314665  4.430141E-17
5984.57253409033  3.822223E-17
5986.518576112  5.216962E-17
5988.46463921573  3.781720E-17
5990.4107234056  3.415565E-17
5992.35682868567  3.677267E-17
5994.30295505997  4.197798E-17
5996.24910253256  3.200445E-17
5998.19527110743  4.055220E-17
6000.1414607886  3.918802E-17
6002.08767158007  3.543654E-17
6004.0339034858  4.018513E-17
6005.98015650977  4.286436E-17
6007.92643065592  3.846234E-17
6009.87272592821  4.863740E-17
6011.81904233055  3.247923E-17
6013.76537986686  4.381826E-17
6015.71173854104  3.771850E-17
6017.65811835698  4.383617E-17
6019.60451931854  3.420289E-17
6021.5509414296  3.994562E-17
6023.497384694  3.880530E-17
6025.44384911559  3.192994E-17
6027.39033469817  3.982032E-17
6029.33684144556  2.797970E-17
6031.28336936156  4.567981E-17
6033.22991844995  4.391204E-17
6035.1764887145  3.696919E-17
6037.12308015898  3.945082E-17
6039.06969278712  4.247747E-17
6041.01632660266  3.530004E-17
6042.96298160933  3.417502E-17
6044.90965781082  2.553108E-17
6046.85635521083  4.241083E-17
6048.80307381305  3.712791E-17
6050.74981362114  4.503667E-17
6052.69657463876  3.235449E-17
6054.64335686955  3.614307E-17
6056.59016031715  3.947602E-17
6058.53698498517  3.322443E-17
6060.48383087723  2.206838E-17
6062.4306979969  4.068652E-17
6064.37758634779  3.352026E-17
6066.32449593344  3.396734E-17
6068.27142675743  2.825226E-17
6070.21837882328  3.223144E-17
6072.16535213454  2.970475E-17
6074.11234669473  3.153480E-17
6076.05936250734  3.194952E-17
6078.00639957588  4.078003E-17
6079.95345790381  2.912183E-17
6081.90053749463  3.778946E-17
6083.84763835177  3.171112E-17
6085.79476047868  2.053885E-17
6087.7419038788  2.924965E-17
6089.68906855555  1.793352E-17
6091.63625451233  2.162692E-17
6093.58346175253  3.107091E-17
6095.53069027955  2.444011E-17
6097.47794009675  2.473508E-17
6099.42521120749  3.369472E-17
6101.37250361512  2.774887E-17
6103.31981732297  3.233061E-17
6105.26715233436  2.613621E-17
6107.21450865261  2.199092E-17
6109.16188628101  2.921631E-17
6111.10928522284  2.453784E-17
6113.05670548139  2.882347E-17
6115.00414705991  3.323304E-17
6116.95160996165  2.685544E-17
6118.89909418986  3.625304E-17
6120.84659974775  3.065973E-17
6122.79412663854  2.291398E-17
6124.74167486543  2.560059E-17
6126.68924443162  3.387033E-17
6128.63683534028  2.859643E-17
6130.58444759457  2.185460E-17
6132.53208119766  2.480099E-17
6134.47973615268  2.664736E-17
6136.42741246277  2.966312E-17
6138.37511013104  3.327541E-17
6140.32282916059  2.639946E-17
6142.27056955455  3.092972E-17
6144.21833131596  3.260518E-17
6146.16611444792  1.360446E-17
6148.11391895349  3.029854E-17
6150.0617448357  3.014516E-17
6152.00959209761  2.021364E-17
6153.95746074223  2.644464E-17
6155.90535077257  2.835294E-17
6157.85326219165  3.751634E-17
6159.80119500245  2.861158E-17
6161.74914920795  3.326803E-17
6163.69712481111  2.189160E-17
6165.64512181491  2.274261E-17
6167.59314022226  2.443874E-17
6169.54118003613  2.530401E-17
6171.48924125941  2.028974E-17
6173.43732389503  3.412250E-17
6175.38542794587  3.149318E-17
6177.33355341484  2.404292E-17
6179.28170030481  2.441972E-17
6181.22986861863  2.349848E-17
6183.17805835917  2.354032E-17
6185.12626952927  3.288851E-17
6187.07450213174  2.711178E-17
6189.02275616943  2.547257E-17
6190.97103164513  2.441772E-17
6192.91932856164  3.291916E-17
6194.86764692175  3.961840E-17
6196.81598672823  2.510575E-17
6198.76434798385  1.667777E-17
6200.71273069135  3.357565E-17
6202.66113485349  3.697282E-17
6204.60956047297  3.625560E-17
6206.55800755254  3.266351E-17
6208.50647609489  2.652314E-17
6210.45496610273  2.076104E-17
6212.40347757873  1.950599E-17
6214.35201052558  3.043050E-17
6216.30056494593  2.613557E-17
6218.24914084244  2.491394E-17
6220.19773821775  2.441989E-17
6222.1463570745  2.759451E-17
6224.09499741529  3.023178E-17
6226.04365924275  3.297615E-17
6227.99234255947  2.426214E-17
6229.94104736803  2.476259E-17
6231.88977367101  2.853242E-17
6233.83852147099  3.292279E-17
6235.78729077051  3.422829E-17
6237.73608157211  2.070362E-17
6239.68489387834  2.689781E-17
6241.63372769171  2.618417E-17
6243.58258301474  2.461822E-17
6245.53145984993  2.960244E-17
6247.48035819976  2.524721E-17
6249.42927806672  2.720751E-17
6251.37821945328  3.168591E-17
6253.32718236189  2.588295E-17
6255.27616679501  2.567515E-17
6257.22517275506  3.551073E-17
6259.17420024449  2.432494E-17
6261.1232492657  3.215602E-17
6263.0723198211  2.818127E-17
6265.02141191309  3.573178E-17
6266.97052554405  2.193614E-17
6268.91966071635  2.367079E-17
6270.86881743237  2.599326E-17
6272.81799569444  3.044035E-17
6274.76719550492  2.482998E-17
6276.71641686614  2.179858E-17
6278.66565978042  3.857033E-17
6280.61492425008  2.518062E-17
6282.56421027741  1.985468E-17
6284.51351786471  1.767658E-17
6286.46284701425  2.440679E-17
6288.41219772832  2.801040E-17
6290.36157000916  2.113957E-17
6292.31096385904  1.963399E-17
6294.26037928018  3.849704E-17
6296.20981627483  3.013504E-17
6298.1592748452  3.369035E-17
6300.1087549935  2.936055E-17
6302.05825672192  2.983791E-17
6304.00778003267  1.802430E-17
6305.95732492792  1.890392E-17
6307.90689140984  2.289992E-17
6309.85647948059  2.129036E-17
6311.80608914231  2.046982E-17
6313.75572039716  2.361605E-17
6315.70537324724  3.005031E-17
6317.6550476947  2.777111E-17
6319.60474374163  2.657928E-17
6321.55446139014  3.184692E-17
6323.50420064231  2.002458E-17
6325.45396150024  2.950433E-17
6327.40374396597  3.945242E-17
6329.35354804158  2.327103E-17
6331.30337372912  3.529072E-17
6333.25322103062  2.435462E-17
6335.20308994812  2.747180E-17
6337.15298048364  1.999543E-17
6339.10289263919  1.653629E-17
6341.05282641677  2.192007E-17
6343.00278181838  3.008678E-17
6344.95275884599  1.594812E-17
6346.90275750157  3.015041E-17
6348.8527777871  2.471469E-17
6350.80281970452  2.787052E-17
6352.75288325578  1.554602E-17
6354.70296844281  3.094962E-17
6356.65307526754  3.396537E-17
6358.60320373188  2.383987E-17
6360.55335383774  2.613099E-17
6362.50352558701  2.873975E-17
6364.45371898157  3.738366E-17
6366.40393402332  2.565888E-17
6368.35417071411  2.466285E-17
6370.3044290558  4.234482E-17
6372.25470905024  2.286205E-17
6374.20501069927  3.367465E-17
6376.15533400472  3.319631E-17
6378.10567896841  2.728328E-17
6380.05604559215  3.120375E-17
6382.00643387775  3.358709E-17
6383.956843827  2.719407E-17
6385.90727544167  3.659777E-17
6387.85772872355  2.866762E-17
6389.8082036744  2.482410E-17
6391.75870029597  2.794263E-17
6393.70921859002  3.656940E-17
6395.65975855828  4.030225E-17
6397.61032020247  3.789435E-17
6399.56090352432  3.440424E-17
6401.51150852554  3.122773E-17
6403.46213520783  3.542558E-17
6405.41278357288  3.265177E-17
6407.36345362236  2.840640E-17
6409.31414535797  3.990463E-17
6411.26485878136  3.417414E-17
6413.21559389419  4.473405E-17
6415.1663506981  3.365690E-17
6417.11712919474  3.602286E-17
6419.06792938573  3.561627E-17
6421.01875127268  3.304059E-17
6422.96959485723  3.545033E-17
6424.92046014096  3.118116E-17
6426.87134712546  2.859497E-17
6428.82225581234  2.606337E-17
6430.77318620315  3.208467E-17
6432.72413829947  3.500505E-17
6434.67511210285  5.088774E-17
6436.62610761485  2.894484E-17
6438.57712483701  4.053786E-17
6440.52816377086  4.250881E-17
6442.47922441792  2.341574E-17
6444.4303067797  3.277873E-17
6446.38141085772  3.577680E-17
6448.33253665347  3.218927E-17
6450.28368416844  3.951206E-17
6452.23485340411  3.740634E-17
6454.18604436195  3.136449E-17
6456.13725704342  3.711090E-17
6458.08849144999  3.028609E-17
6460.03974758309  2.889135E-17
6461.99102544417  5.063767E-17
6463.94232503465  3.046595E-17
6465.89364635596  3.730246E-17
6467.8449894095  3.759519E-17
6469.79635419668  4.945499E-17
6471.7477407189  4.172361E-17
6473.69914897755  3.153850E-17
6475.65057897399  3.113362E-17
6477.60203070961  3.696832E-17
6479.55350418577  3.511796E-17
6481.50499940381  2.698678E-17
6483.45651636509  2.616449E-17
6485.40805507095  2.994663E-17
6487.3596155227  3.478445E-17
6489.31119772168  3.621122E-17
6491.2628016692  3.172666E-17
6493.21442736655  4.244321E-17
6495.16607481505  3.225017E-17
6497.11774401597  4.014818E-17
6499.06943497059  3.182564E-17
6501.0211476802  3.356338E-17
6502.97288214605  3.179485E-17
6504.92463836939  2.868896E-17
6506.87641635148  3.426342E-17
6508.82821609357  3.918350E-17
6510.78003759687  2.846603E-17
6512.73188086261  4.176269E-17
6514.68374589201  3.386401E-17
6516.63563268628  3.261734E-17
6518.58754124661  4.347404E-17
6520.53947157421  3.658694E-17
6522.49142367026  3.617100E-17
6524.44339753592  4.218089E-17
6526.39539317238  2.540296E-17
6528.34741058078  3.612861E-17
6530.29944976229  3.499090E-17
6532.25151071806  3.484457E-17
6534.20359344921  2.908033E-17
6536.15569795688  3.640616E-17
6538.10782424219  3.672934E-17
6540.05997230625  3.663784E-17
6542.01214215018  3.134883E-17
6543.96433377507  3.262683E-17
6545.91654718201  3.732782E-17
6547.86878237209  3.419995E-17
6549.82103934639  3.867099E-17
6551.77331810596  3.451423E-17
6553.72561865189  2.669580E-17
6555.67794098521  3.315512E-17
6557.63028510697  2.872727E-17
6559.58265101822  4.496450E-17
6561.53503871998  3.516823E-17
6563.48744821328  3.767140E-17
6565.43987949914  3.722276E-17
6567.39233257856  4.399517E-17
6569.34480745255  3.905920E-17
6571.29730412209  3.080649E-17
6573.24982258819  2.404188E-17
6575.20236285181  3.681922E-17
6577.15492491393  3.697204E-17
6579.10750877552  4.150210E-17
6581.06011443752  3.513001E-17
6583.0127419009  2.174079E-17
6584.96539116659  4.122895E-17
6586.91806223554  3.291227E-17
6588.87075510867  4.156686E-17
6590.8234697869  3.566193E-17
6592.77620627114  4.055864E-17
6594.72896456231  2.784502E-17
6596.68174466131  3.413412E-17
6598.63454656902  3.393322E-17
6600.58737028634  3.946360E-17
6602.54021581414  2.867699E-17
6604.49308315329  3.909645E-17
6606.44597230467  3.318010E-17
6608.39888326912  2.994894E-17
6610.3518160475  2.477373E-17
6612.30477064066  2.755322E-17
6614.25774704942  4.848042E-17
6616.21074527463  2.786582E-17
6618.1637653171  3.874065E-17
6620.11680717765  3.323861E-17
6622.06987085709  3.040006E-17
6624.02295635622  3.020455E-17
6625.97606367585  2.453020E-17
6627.92919281675  2.736662E-17
6629.88234377971  3.828719E-17
6631.83551656551  2.541282E-17
6633.78871117491  2.774501E-17
6635.74192760868  3.610939E-17
6637.69516586758  3.530983E-17
6639.64842595234  3.926304E-17
6641.60170786372  3.758375E-17
6643.55501160244  2.519058E-17
6645.50833716925  3.450530E-17
6647.46168456486  2.418692E-17
6649.41505378998  3.384375E-17
6651.36844484533  3.748577E-17
6653.32185773161  2.808973E-17
6655.27529244951  3.245204E-17
6657.22874899972  2.916617E-17
6659.18222738294  3.353694E-17
6661.13572759983  2.599043E-17
6663.08924965106  3.155204E-17
6665.04279353729  1.983824E-17
6666.9963592592  2.034006E-17
6668.94994681742  3.188890E-17
6670.9035562126  3.189029E-17
6672.85718744539  3.395508E-17
6674.8108405164  2.801942E-17
6676.76451542627  2.430633E-17
6678.71821217562  2.346285E-17
6680.67193076506  3.317070E-17
6682.6256711952  3.658092E-17
6684.57943346664  3.170496E-17
6686.53321757997  3.296429E-17
6688.48702353578  3.403088E-17
6690.44085133465  2.939353E-17
6692.39470097716  2.824297E-17
6694.34857246389  3.884502E-17
6696.30246579539  2.591841E-17
6698.25638097221  3.258358E-17
6700.21031799493  2.649000E-17
6702.16427686407  3.436379E-17
6704.11825758018  2.008366E-17
6706.07226014379  3.171517E-17
6708.02628455543  2.693306E-17
6709.98033081562  2.327768E-17
6711.93439892489  3.072085E-17
6713.88848888372  2.891944E-17
6715.84260069264  3.656381E-17
6717.79673435214  3.855643E-17
6719.75088986272  4.231612E-17
6721.70506722485  3.449029E-17
6723.65926643902  3.615675E-17
6725.6134875057  3.087302E-17
6727.56773042537  2.329385E-17
6729.52199519848  2.287437E-17
6731.4762818255  2.650894E-17
6733.43059030688  2.053592E-17
6735.38492064305  3.430822E-17
6737.33927283447  2.989911E-17
6739.29364688156  2.935699E-17
6741.24804278476  2.418473E-17
6743.20246054449  3.126006E-17
6745.15690016117  3.192928E-17
6747.11136163521  3.278610E-17
6749.06584496701  2.994515E-17
6751.02035015699  3.332698E-17
6752.97487720552  3.691236E-17
6754.92942611301  2.508776E-17
6756.88399687984  2.440285E-17
6758.83858950639  3.236290E-17
6760.79320399303  3.857882E-17
6762.74784034012  2.066150E-17
6764.70249854804  3.527483E-17
6766.65717861715  2.604184E-17
6768.61188054778  2.489769E-17
6770.5666043403  3.162039E-17
6772.52134999504  2.817080E-17
6774.47611751233  3.391954E-17
6776.43090689251  2.613872E-17
6778.38571813591  3.635553E-17
6780.34055124284  3.325458E-17
6782.29540621363  3.163294E-17
6784.25028304857  2.913573E-17
6786.20518174798  3.593071E-17
6788.16010231215  2.913394E-17
6790.11504474139  3.648677E-17
6792.07000903597  3.255376E-17
6794.02499519619  3.807301E-17
6795.98000322232  2.758697E-17
6797.93503311463  2.310897E-17
6799.89008487341  2.371764E-17
6801.8451584989  2.064360E-17
6803.80025399137  3.170416E-17
6805.75537135108  4.568297E-17
6807.71051057827  3.751577E-17
6809.66567167318  2.445457E-17
6811.62085463606  3.666086E-17
6813.57605946715  2.985087E-17
6815.53128616666  2.395541E-17
6817.48653473483  3.480618E-17
6819.44180517188  3.055312E-17
6821.39709747801  2.493135E-17
6823.35241165345  2.932261E-17
6825.30774769839  4.211662E-17
6827.26310561303  3.136592E-17
6829.21848539758  2.834192E-17
6831.17388705222  3.402720E-17
6833.12931057714  4.112039E-17
6835.08475597253  3.077922E-17
6837.04022323855  2.507227E-17
6838.99571237538  2.938289E-17
6840.95122338319  2.876772E-17
6842.90675626215  3.704402E-17
6844.8623110124  2.536416E-17
6846.81788763411  2.880544E-17
6848.77348612743  2.708067E-17
6850.72910649249  3.238379E-17
6852.68474872945  2.961488E-17
6854.64041283843  1.883408E-17
6856.59609881957  3.049347E-17
6858.55180667299  1.737401E-17
6860.50753639883  2.850567E-17
6862.46328799718  2.668234E-17
6864.41906146818  2.975415E-17
6866.37485681193  2.837063E-17
6868.33067402853  1.814995E-17
6870.28651311809  2.012295E-17
6872.2423740807  2.274760E-17
6874.19825691645  2.636782E-17
6876.15416162543  1.945877E-17
6878.11008820773  2.638024E-17
6880.06603666343  2.669508E-17
6882.0220069926  2.649757E-17
6883.97799919531  2.409013E-17
6885.93401327163  2.600723E-17
6887.89004922162  3.095061E-17
6889.84610704534  1.762662E-17
6891.80218674284  2.469131E-17
6893.75828831418  2.626706E-17
6895.71441175941  2.744520E-17
6897.67055707855  3.187358E-17
6899.62672427166  2.568624E-17
6901.58291333877  2.417721E-17
6903.5391242799  2.704670E-17
6905.49535709509  8.059286E-18
6907.45161178435  2.949875E-17
6909.40788834771  2.410301E-17
6911.36418678518  2.264086E-17
6913.32050709677  2.505181E-17
6915.27684928248  1.717568E-17
6917.23321334232  2.155221E-17
6919.18959927629  2.955827E-17
6921.14600708439  2.796229E-17
6923.1024367666  3.483156E-17
6925.05888832292  2.408567E-17
6927.01536175332  3.150030E-17
6928.97185705779  3.142081E-17
6930.92837423631  2.456109E-17
6932.88491328884  2.506390E-17
6934.84147421536  2.425599E-17
6936.79805701583  3.712633E-17
6938.75466169021  1.577365E-17
6940.71128823847  2.870804E-17
6942.66793666056  3.264377E-17
6944.62460695642  3.392017E-17
6946.58129912601  3.095931E-17
6948.53801316926  2.531885E-17
6950.49474908613  2.062643E-17
6952.45150687655  3.039262E-17
6954.40828654045  2.498123E-17
6956.36508807776  3.652672E-17
6958.32191148841  2.945161E-17
6960.27875677232  1.817982E-17
6962.23562392941  2.149746E-17
6964.19251295959  2.861266E-17
6966.14942386279  3.290617E-17
6968.10635663891  3.814056E-17
6970.06331128786  2.446880E-17
6972.02028780954  3.385364E-17
6973.97728620385  3.518005E-17
6975.93430647069  3.758796E-17
6977.89134860995  2.040458E-17
6979.84841262152  3.107278E-17
6981.80549850529  3.387478E-17
6983.76260626114  2.651973E-17
6985.71973588896  2.636459E-17
6987.67688738861  2.219584E-17
6989.63406075998  2.343285E-17
6991.59125600294  2.366421E-17
6993.54847311735  2.388239E-17
6995.50571210309  2.482363E-17
6997.46297296  2.396908E-17
6999.42025568796  2.975100E-17
7001.37756028682  1.318942E-17
7003.33488675643  2.744582E-17
7005.29223509664  2.632724E-17
7007.2496053073  1.489373E-17
7009.20699738825  1.630324E-17
7011.16441133934  2.765127E-17
7013.12184716041  1.614181E-17
7015.07930485128  3.060087E-17
7017.0367844118  2.009471E-17
7018.99428584179  3.188585E-17
7020.95180914108  2.887133E-17
7022.90935430949  2.390036E-17
7024.86692134686  1.532914E-17
7026.82451025299  1.709046E-17
7028.7821210277  1.340979E-17
7030.73975367081  2.044139E-17
7032.69740818213  1.512400E-17
7034.65508456146  1.459464E-17
7036.61278280862  1.878974E-17
7038.5705029234  2.451172E-17
7040.52824490561  1.549292E-17
7042.48600875504  2.508860E-17
7044.44379447149  2.062203E-17
7046.40160205475  2.456123E-17
7048.35943150461  6.535894E-18
7050.31728282087  2.037481E-17
7052.2751560033  1.886017E-17
7054.23305105169  1.704114E-17
7056.19096796582  2.216220E-17
7058.14890674546  2.342276E-17
7060.1068673904  1.428119E-17
7062.0648499004  2.196764E-17
7064.02285427525  1.289055E-17
7065.98088051469  1.854258E-17
7067.93892861852  1.923277E-17
7069.89699858647  1.653346E-17
7071.85509041833  1.352925E-17
7073.81320411384  1.915610E-17
7075.77133967277  1.749797E-17
7077.72949709486  1.845828E-17
7079.68767637988  1.962618E-17
7081.64587752758  1.283947E-17
7083.60410053769  1.442801E-17
7085.56234540997  7.878517E-18
7087.52061214417  2.064378E-17
7089.47890074002  1.396123E-17
7091.43721119726  1.589507E-17
7093.39554351564  2.240929E-17
7095.35389769489  1.349719E-17
7097.31227373473  1.551288E-17
7099.27067163491  1.388673E-17
7101.22909139516  1.308248E-17
7103.1875330152  4.328882E-18
7105.14599649476  1.152600E-17
7107.10448183356  1.014568E-17
7109.06298903133  1.090963E-17
7111.02151808778  1.644549E-17
7112.98006900263  1.159018E-17
7114.93864177561  1.581863E-17
7116.89723640642  1.195682E-17
7118.85585289478  1.498203E-18
7120.8144912404  4.822540E-18
7122.77315144299  1.693857E-17
7124.73183350225  1.830625E-17
7126.6905374179  1.100060E-17
7128.64926318963  2.828797E-17
7130.60801081716  1.322585E-17
7132.56678030017  1.115654E-17
7134.52557163838  1.429607E-17
7136.48438483147  1.351039E-17
7138.44321987916  1.083505E-17
7140.40207678111  1.348879E-17
7142.36095553704  1.805241E-17
7144.31985614664  2.095370E-17
7146.27877860958  1.898399E-17
7148.23772292557  1.148617E-17
7150.19668909429  1.348379E-17
7152.15567711542  1.324472E-17
7154.11468698865  1.590956E-17
7156.07371871366  1.315309E-17
7158.03277229013  1.452438E-17
7159.99184771775  1.336058E-17
7161.95094499618  3.009655E-17
7163.91006412511  1.744714E-17
7165.86920510422  2.010433E-17
7167.82836793317  1.524776E-17
7169.78755261165  9.767537E-18
7171.74675913932  1.852418E-17
7173.70598751585  1.818854E-17
7175.66523774091  2.088969E-17
7177.62450981418  9.464174E-18
7179.58380373532  1.341103E-17
7181.54311950399  2.091125E-17
7183.50245711986  2.575314E-17
7185.46181658259  1.615880E-17
7187.42119789186  1.627390E-17
7189.3806010473  1.805437E-17
7191.3400260486  1.864013E-17
7193.2994728954  2.187663E-17
7195.25894158737  1.693077E-17
7197.21843212416  2.059179E-17
7199.17794450543  1.196009E-17
7201.13747873084  2.431364E-17
7203.09703480003  1.598861E-17
7205.05661271267  2.642669E-17
7207.01621246841  1.760082E-17
7208.97583406689  1.117857E-17
7210.93547750777  2.427204E-17
7212.89514279069  2.339510E-17
7214.85482991532  1.758591E-17
7216.81453888129  1.791891E-17
7218.77426968826  1.493502E-17
7220.73402233586  2.213081E-17
7222.69379682375  8.030431E-18
7224.65359315158  2.166748E-17
7226.61341131898  1.691538E-17
7228.5732513256  1.664274E-17
7230.53311317109  1.616740E-17
7232.49299685508  2.572645E-17
7234.45290237722  2.113947E-17
7236.41282973715  1.697294E-17
7238.37277893451  2.209645E-17
7240.33274996895  2.360172E-17
7242.2927428401  2.375752E-17
7244.25275754759  2.534551E-17
7246.21279409108  1.944164E-17
7248.17285247019  2.661449E-17
7250.13293268457  2.358085E-17
7252.09303473385  3.312056E-17
7254.05315861768  1.949898E-17
7256.01330433567  1.940039E-17
7257.97347188748  2.205165E-17
7259.93366127274  1.424411E-17
7261.89387249108  1.432966E-17
7263.85410554214  2.481708E-17
7265.81436042556  2.061034E-17
7267.77463714096  2.334939E-17
7269.73493568798  1.916087E-17
7271.69525606626  2.107518E-17
7273.65559827543  2.415754E-17
7275.61596231513  2.283230E-17
7277.57634818497  2.783905E-17
7279.53675588461  2.584538E-17
7281.49718541368  1.605752E-17
7283.45763677179  2.673534E-17
7285.4181099586  1.747714E-17
7287.37860497373  2.692124E-17
7289.33912181681  2.210241E-17
7291.29966048748  3.093439E-17
7293.26022098537  1.895410E-17
7295.2208033101  2.439717E-17
7297.18140746133  3.500931E-17
7299.14203343867  2.305463E-17
7301.10268124176  2.384042E-17
7303.06335087023  2.031901E-17
7305.02404232371  1.171998E-17
7306.98475560185  2.066808E-17
7308.94549070426  1.539558E-17
7310.90624763059  2.516547E-17
7312.86702638047  1.640160E-17
7314.82782695353  2.675158E-17
7316.7886493494  2.679055E-17
7318.74949356772  2.696397E-17
7320.71035960813  2.406046E-17
7322.67124747025  1.556111E-17
7324.63215715372  3.342744E-17
7326.59308865818  2.041417E-17
7328.55404198327  2.315254E-17
7330.51501712861  1.763280E-17
7332.47601409385  2.674126E-17
7334.43703287862  2.668233E-17
7336.39807348256  3.324400E-17
7338.3591359053  2.733222E-17
7340.32022014649  3.243422E-17
7342.28132620576  3.386350E-17
7344.24245408275  1.913297E-17
7346.2036037771  1.740498E-17
7348.16477528845  1.083750E-17
7350.12596861644  2.368239E-17
7352.08718376071  1.628585E-17
7354.04842072091  2.474459E-17
7356.00967949666  2.515382E-17
7357.97096008763  2.790240E-17
7359.93226249345  1.601180E-17
7361.89358671376  2.310608E-17
7363.85493274821  1.669378E-17
7365.81630059645  3.119578E-17
7367.77769025812  2.006530E-17
7369.73910173287  2.257075E-17
7371.70053502035  1.566607E-17
7373.6619901202  2.612609E-17
7375.62346703207  3.136652E-17
7377.58496575562  1.320124E-17
7379.54648629049  1.532199E-17
7381.50802863634  1.831110E-17
7383.46959279282  1.813705E-17
7385.43117875958  2.620344E-17
7387.39278653629  2.466421E-17
7389.35441612258  2.288256E-17
7391.31606751813  2.144718E-17
7393.27774072258  2.633563E-17
7395.2394357356  2.329911E-17
7397.20115255685  2.135484E-17
7399.16289118598  2.201029E-17
7401.12465162266  2.332119E-17
7403.08643386655  1.890962E-17
7405.04823791731  1.942174E-17
7407.01006377462  2.115264E-17
7408.97191143813  2.781248E-17
7410.93378090751  1.170820E-17
7412.89567218243  2.840018E-17
7414.85758526256  2.287661E-17
7416.81952014758  1.855134E-17
7418.78147683714  1.536808E-17
7420.74345533094  2.402703E-17
7422.70545562864  2.939945E-17
7424.66747772991  2.584164E-17
7426.62952163444  2.086026E-17
7428.5915873419  1.888409E-17
7430.55367485198  2.900446E-17
7432.51578416435  2.244986E-17
7434.4779152787  2.471937E-17
7436.44006819471  1.538137E-17
7438.40224291207  2.357973E-17
7440.36443943046  2.515585E-17
7442.32665774958  1.848903E-17
7444.28889786911  1.464358E-17
7446.25115978874  2.218795E-17
7448.21344350818  3.125522E-17
7450.1757490271  2.723626E-17
7452.13807634522  2.705658E-17
7454.10042546222  2.649809E-17
7456.06279637781  1.644975E-17
7458.02518909168  2.673223E-17
7459.98760360355  1.726942E-17
7461.95003991311  1.889042E-17
7463.91249802008  2.633849E-17
7465.87497792415  1.915055E-17
7467.83747962504  1.458769E-17
7469.80000312247  1.846408E-17
7471.76254841613  1.646851E-17
7473.72511550576  2.604819E-17
7475.68770439106  1.610970E-17
7477.65031507175  1.727780E-17
7479.61294754757  1.723326E-17
7481.57560181821  2.133076E-17
7483.53827788342  2.291907E-17
7485.50097574292  2.783778E-17
7487.46369539643  2.606833E-17
7489.42643684369  2.374615E-17
7491.38920008443  1.721824E-17
7493.35198511839  1.292531E-17
7495.31479194529  1.242109E-17
7497.27762056487  1.937918E-17
7499.24047097689  7.572499E-18
7501.20334318107  1.566772E-17
7503.16623717717  2.018036E-17
7505.12915296493  1.836004E-17
7507.0920905441  2.268610E-17
7509.05504991443  2.021278E-17
7511.01803107568  2.076922E-17
7512.98103402759  2.059882E-17
7514.94405876993  1.608259E-17
7516.90710530245  1.890641E-17
7518.87017362492  2.537108E-17
7520.83326373711  2.105562E-17
7522.79637563877  2.130260E-17
7524.75950932968  1.700700E-17
7526.72266480961  1.367073E-17
7528.68584207833  2.607745E-17
7530.64904113562  1.786070E-17
7532.61226198125  2.583485E-17
7534.57550461502  1.238318E-17
7536.53876903669  1.302440E-17
7538.50205524606  1.578598E-17
7540.46536324292  1.301349E-17
7542.42869302705  2.017073E-17
7544.39204459825  2.535276E-17
7546.35541795631  2.316513E-17
7548.31881310103  2.413801E-17
7550.28223003222  1.878002E-17
7552.24566874968  1.550944E-17
7554.2091292532  1.962223E-17
7556.17261154261  2.470408E-17
7558.13611561771  1.664399E-17
7560.09964147832  2.024897E-17
7562.06318912425  1.834405E-17
7564.02675855532  2.212090E-17
7565.99034977136  1.402360E-17
7567.95396277219  2.070127E-17
7569.91759755764  8.519582E-18
7571.88125412753  1.671564E-17
7573.84493248171  2.322988E-17
7575.80863262  1.677332E-17
7577.77235454225  2.767802E-17
7579.7360982483  1.941079E-17
7581.69986373799  1.966891E-17
7583.66365101117  1.967250E-17
7585.6274600677  1.043518E-17
7587.59129090742  1.930945E-17
7589.55514353019  2.107219E-17
7591.51901793588  1.196488E-17
7593.48291412433  3.839324E-18
7595.44683209543  1.410804E-17
7597.41077184904  1.075199E-17
7599.37473338502  7.334888E-18
7601.33871670327  5.695243E-18
7603.30272180364  6.648962E-18
7605.26674868603  2.504224E-18
7607.23079735031  7.400207E-18
7609.19486779639  8.392903E-18
7611.15896002413  9.110506E-18
7613.12307403345  1.447830E-17
7615.08720982424  1.706382E-17
7617.05136739639  1.188421E-17
7619.01554674982  1.645690E-17
7620.97974788442  1.949665E-17
7622.94397080011  5.798983E-18
7624.90821549681  1.603566E-17
7626.87248197442  4.545491E-18
7628.83677023287  1.400774E-17
7630.80108027208  8.604340E-18
7632.76541209199  3.700856E-18
7634.72976569251  7.453879E-18
7636.69414107359  5.590409E-18
7638.65853823516  7.734199E-18
7640.62295717717  1.639629E-17
7642.58739789955  1.897501E-17
7644.55186040226  6.427758E-18
7646.51634468524  1.361484E-17
7648.48085074845  1.480383E-17
7650.44537859186  1.904809E-17
7652.40992821541  1.518601E-17
7654.37449961909  8.626602E-18
7656.33909280286  1.287341E-17
7658.30370776668  7.288142E-18
7660.26834451055  1.420667E-17
7662.23300303444  1.235679E-17
7664.19768333833  2.364320E-17
7666.16238542221  1.422258E-17
7668.12710928607  1.781126E-17
7670.09185492992  1.355078E-17
7672.05662235374  1.671435E-17
7674.02141155755  1.677825E-17
7675.98622254134  2.023150E-17
7677.95105530514  1.265119E-17
7679.91590984895  1.949583E-17
7681.8807861728  1.474904E-17
7683.84568427671  1.059724E-17
7685.8106041607  1.793938E-17
7687.7755458248  1.576328E-17
7689.74050926906  1.565120E-17
7691.7054944935  1.482536E-17
7693.67050149818  1.386530E-17
7695.63553028313  1.635034E-17
7697.60058084841  2.010901E-17
7699.56565319408  1.363785E-17
7701.53074732019  2.097773E-17
7703.4958632268  1.061529E-17
7705.461000914  9.927094E-18
7707.42616038183  9.803295E-18
7709.39134163039  1.408862E-17
7711.35654465975  1.714185E-17
7713.32176946999  1.744985E-17
7715.28701606121  2.274868E-17
7717.25228443349  2.062290E-17
7719.21757458694  1.832163E-17
7721.18288652165  2.655604E-17
7723.14822023774  6.124458E-18
7725.1135757353  1.848575E-17
7727.07895301446  1.613928E-17
7729.04435207533  1.063417E-17
7731.00977291804  2.106843E-17
7732.97521554271  1.871923E-17
7734.94067994948  2.547331E-17
7736.90616613848  2.406646E-17
7738.87167410986  2.622358E-17
7740.83720386375  2.344854E-17
7742.80275540032  1.443388E-17
7744.76832871971  1.387939E-17
7746.73392382208  1.096254E-17
7748.6995407076  2.113736E-17
7750.66517937643  2.333130E-17
7752.63083982875  1.520161E-17
7754.59652206474  8.914029E-18
7756.56222608457  8.842816E-18
7758.52795188844  1.703910E-17
7760.49369947654  1.873585E-17
7762.45946884906  1.246345E-17
7764.4252600062  5.634819E-18
7766.39107294818  1.164836E-17
7768.35690767519  1.413212E-18
7770.32276418746  1.073420E-17
7772.28864248521  1.422883E-17
7774.25454256866  9.840608E-18
7776.22046443804  1.690857E-17
7778.18640809359  1.489073E-17
7780.15237353554  1.536281E-17
7782.11836076415  1.598073E-17
7784.08436977965  5.461290E-18
7786.05040058232  8.606382E-18
7788.0164531724  1.839588E-17
7789.98252755016  1.152048E-17
7791.94862371586  2.142732E-17
7793.91474166979  1.355263E-17
7795.88088141223  2.972925E-18
7797.84704294346  1.199309E-17
7799.81322626377  8.851603E-18
7801.77943137345  1.270798E-17
7803.7456582728  1.675282E-17
7805.71190696213  1.283694E-17
7807.67817744176  9.602019E-18
7809.64446971199  1.160369E-17
7811.61078377315  2.204192E-17
7813.57711962556  1.375605E-17
7815.54347726956  1.264574E-17
7817.50985670548  1.742801E-17
7819.47625793367  2.084030E-17
7821.44268095447  1.480950E-17
7823.40912576823  1.891496E-17
7825.37559237531  1.303485E-17
7827.34208077609  5.101627E-18
7829.30859097091  8.640185E-18
7831.27512296017  1.601547E-17
7833.24167674424  1.230112E-17
7835.2082523235  1.530958E-17
7837.17484969835  8.489702E-18
7839.14146886917  1.687000E-17
7841.10810983639  1.629676E-18
7843.07477260039  8.040473E-18
7845.0414571616  1.526270E-17
7847.00816352043  1.590976E-17
7848.97489167731  2.469258E-17
7850.94164163266  1.396253E-17
7852.90841338693  3.163697E-17
7854.87520694054  1.592206E-17
7856.84202229396  1.179568E-17
7858.80885944763  1.278663E-17
7860.77571840201  1.371496E-17
7862.74259915757  1.098721E-17
7864.70950171477  1.200106E-17
7866.67642607408  6.417664E-18
7868.643372236  1.749484E-17
7870.610340201  1.605827E-17
7872.57732996959  2.973889E-18
7874.54434154225  1.261681E-17
7876.5113749195  2.615658E-17
7878.47843010183  1.694348E-17
7880.44550708979  1.107991E-17
7882.41260588387  1.615332E-17
7884.37972648462  2.358060E-17
7886.34686889256  2.184505E-17
7888.31403310823  1.844303E-17
7890.28121913219  1.897541E-17
7892.24842696499  8.520692E-18
7894.21565660717  8.173152E-18
7896.18290805932  8.270284E-18
7898.15018132199  6.686764E-18
7900.11747639577  7.637247E-18
7902.08479328124  1.635638E-17
7904.05213197898  2.278302E-17
7906.0194924896  2.163152E-17
7907.98687481368  2.427659E-17
7909.95427895185  3.503645E-18
7911.92170490472  2.853130E-17
7913.8891526729  4.147053E-18
7915.85662225703  6.779643E-18
7917.82411365772  1.664959E-17
7919.79162687563  1.938527E-17
7921.7591619114  2.037330E-17
7923.72671876568  1.360003E-17
7925.69429743914  6.191704E-18
7927.66189793242  5.558989E-18
7929.62952024621  1.947809E-17
7931.59716438118  1.774334E-17
7933.56483033801  7.498925E-18
7935.5325181174  1.659845E-17
7937.50022772005  5.475653E-18
7939.46795914665  1.407185E-17
7941.43571239792  1.075143E-17
7943.40348747456  1.318647E-17
7945.37128437732  2.032140E-17
7947.33910310691  1.445670E-17
7949.30694366407  1.282680E-17
7951.27480604954  1.244000E-17
7953.24269026409  7.797767E-18
7955.21059630844  1.093541E-17
7957.17852418339  1.056942E-17
7959.14647388968  1.378694E-17
7961.1144454281  8.134002E-18
7963.08243879944  1.288892E-17
7965.05045400447  9.841654E-18
7967.01849104401  1.276919E-17
7968.98654991885  1.985481E-17
7970.9546306298  1.691403E-17
7972.92273317767  8.620876E-18
7974.89085756331  1.345176E-17
7976.85900378753  2.438219E-17
7978.82717185117  1.453885E-17
7980.79536175507  1.610515E-17
7982.7635735001  9.915491E-18
7984.73180708711  1.080701E-17
7986.70006251695  8.430842E-18
7988.66833979052  2.037636E-17
7990.63663890867  1.482945E-17
7992.60495987232  1.642145E-17
7994.57330268234  1.284857E-17
7996.54166733964  9.487881E-18
7998.51005384512  6.639082E-18
8000.47846219971  9.502471E-18
8002.44689240432  1.668675E-17
8004.41534445988  1.285673E-17
8006.38381836733  2.102404E-17
8008.35231412762  1.981618E-19
8010.32083174169  1.292224E-17
8012.28937121051  9.977823E-18
8014.25793253504  3.033855E-18
8016.22651571625  1.640858E-17
8018.19512075512  1.058378E-17
8020.16374765265  9.179555E-18
8022.13239640982  9.717521E-18
8024.10106702764  1.254418E-17
8026.06975950711  1.334845E-17
8028.03847384926  3.615754E-18
8030.00721005512  1.042292E-17
8031.97596812571  2.540301E-17
8033.94474806206  1.194326E-17
8035.91354986524  8.352225E-18
8037.88237353629  6.382789E-18
8039.85121907627  1.374511E-17
8041.82008648627  1.121489E-17
8043.78897576734  4.746642E-18
8045.75788692059  1.733928E-17
8047.72681994709  7.983420E-18
8049.69577484795  1.181210E-17
8051.66475162429  1.692400E-17
8053.6337502772  -1.077221E-18
8055.60277080782  4.999248E-18
8057.57181321729  1.140484E-17
8059.54087750672  8.699181E-18
8061.50996367728  1.699983E-17
8063.47907173012  1.232067E-17
8065.44820166639  1.778253E-17
8067.41735348727  5.875343E-18
8069.38652719395  1.963553E-17
8071.35572278759  6.876010E-18
8073.32494026939  1.295561E-17
8075.29417964056  8.320604E-18
8077.2634409023  1.118786E-17
8079.23272405584  1.636428E-17
8081.2020291024  2.375845E-17
8083.1713560432  1.710614E-17
8085.14070487949  1.078782E-17
8087.11007561253  9.239853E-18
8089.07946824356  2.014764E-17
8091.04888277385  1.081302E-17
8093.01831920468  1.347557E-18
8094.98777753732  1.423390E-17
8096.95725777307  1.796706E-17
8098.92675991321  1.772293E-17
8100.89628395907  1.566991E-17
8102.86582991195  1.106131E-17
8104.83539777317  1.070381E-17
8106.80498754407  1.097242E-17
8108.77459922598  1.693152E-17
8110.74423282024  4.037147E-18
8112.71388832822  1.278429E-17
8114.68356575128  1.278616E-17
8116.65326509079  1.681405E-17
8118.62298634812  2.029992E-17
8120.59272952467  8.948429E-18
8122.56249462183  1.246322E-17
8124.53228164101  1.551773E-17
8126.50209058362  1.265274E-17
8128.47192145109  8.534875E-18
8130.44177424483  3.390603E-18
8132.4116489663  1.697289E-17
8134.38154561694  5.853462E-18
8136.3514641982  -1.077190E-18
8138.32140471154  1.130312E-17
8140.29136715846  1.230766E-17
8142.26135154041  8.774833E-18
8144.23135785889  1.260051E-17
8146.20138611541  2.918860E-18
8148.17143631147  1.197649E-17
8150.14150844857  1.053507E-17
8152.11160252826  9.104034E-18
8154.08171855206  1.731969E-17
8156.05185652151  1.217939E-17
8158.02201643816  1.350261E-17
8159.99219830358  7.117291E-18
8161.96240211933  1.117479E-17
8163.93262788699  1.064123E-17
8165.90287560814  6.301022E-18
8167.87314528438  1.350000E-17
8169.84343691731  1.339985E-17
8171.81375050855  -3.484566E-19
8173.78408605971  1.070239E-17
8175.75444357242  4.424143E-18
8177.72482304833  1.483781E-17
8179.69522448908  1.035969E-17
8181.66564789633  9.461801E-18
8183.63609327174  1.909209E-17
8185.60656061699  2.222650E-17
8187.57704993377  2.029445E-17
8189.54756122376  9.083198E-18
8191.51809448867  4.561421E-18
8193.4886497302  2.004087E-17
8195.45922695009  1.057494E-17
8197.42982615006  1.420760E-17
8199.40044733184  6.824469E-18
8201.37109049719  2.900490E-17
8203.34175564786  1.578608E-17
8205.31244278561  1.509497E-17
8207.28315191223  3.088779E-18
8209.2538830295  1.615855E-17
8211.2246361392  2.853193E-18
8213.19541124315  7.598285E-18
8215.16620834315  2.047007E-17
8217.13702744104  6.034789E-18
8219.10786853863  7.040126E-18
8221.07873163777  9.936758E-18
8223.04961674031  1.629874E-17
8225.0205238481  2.529260E-18
8226.99145296302  1.369452E-17
8228.96240408695  6.314768E-18
8230.93337722177  7.668768E-18
8232.90437236938  7.323323E-18
8234.87538953168  1.395569E-17
8236.84642871059  1.534981E-17
8238.81748990804  1.269201E-17
8240.78857312596  4.842764E-18
8242.7596783663  2.083219E-17
8244.73080563101  1.318524E-17
8246.70195492205  1.454254E-17
8248.6731262414  1.499451E-17
8250.64431959104  1.137174E-17
8252.61553497297  1.413671E-17
8254.58677238919  1.705363E-17
8256.55803184169  1.359080E-17
8258.52931333253  1.671522E-17
8260.50061686371  7.642788E-18
8262.47194243729  9.833657E-18
8264.44329005532  1.763256E-17
8266.41465971985  1.110190E-17
8268.38605143296  -1.280490E-17
8270.35746519673  2.447728E-17
8272.32890101324  2.438424E-17
8274.30035888462  1.139234E-17
8276.27183881295  1.692360E-17
8278.24334080036  1.133367E-17
8280.21486484898  5.416437E-18
8282.18641096095  1.051678E-17
8284.15797913843  1.459331E-17
8286.12956938357  2.152645E-17
8288.10118169855  3.399919E-17
8290.07281608554  2.542240E-17
8292.04447254674  3.583121E-18
8294.01615108434  1.985911E-17
8295.98785170055  1.009656E-17
8297.95957439761  2.467751E-17
8299.93131917774  2.676758E-17
8301.90308604318  -8.265292E-18
8303.87487499617  3.733886E-18
8305.846686039  3.885444E-18
8307.81851917391  4.276431E-18
8309.79037440321  1.452659E-17
8311.76225172918  2.095218E-17
8313.73415115413  4.765441E-18
8315.70607268036  1.298869E-17
8317.6780163102  9.810262E-18
8319.64998204598  9.815917E-18
8321.62196989006  9.571165E-18
8323.59397984477  1.973460E-17
8325.56601191249  -1.721338E-18
8327.53806609561  1.240598E-17
8329.51014239649  1.498350E-17
8331.48224081753  9.395366E-18
8333.45436136116  2.176264E-17
8335.42650402977  1.027040E-18
8337.3986688258  2.201428E-17
8339.37085575169  2.652549E-17
8341.34306480989  6.755109E-18
8343.31529600285  6.535860E-19
8345.28754933305  1.501686E-17
8347.25982480297  1.041786E-17
8349.23212241509  1.283081E-17
8351.20444217194  2.805714E-18
8353.176784076  1.075796E-17
8355.14914812982  4.316919E-18
8357.12153433591  9.102758E-18
8359.09394269684  7.267886E-18
8361.06637321515  9.552613E-18
8363.03882589341  6.935679E-18
8365.0113007342  2.105414E-17
8366.98379774011  9.286255E-18
8368.95631691374  2.202245E-18
8370.9288582577  2.464115E-17
8372.9014217746  3.634715E-18
8374.87400746708  1.616137E-17
8376.84661533779  1.952892E-17
8378.81924538937  2.164985E-17
8380.7918976245  1.425474E-17
8382.76457204584  2.440527E-17
8384.73726865609  8.967242E-18
8386.70998745794  9.153740E-18
8388.68272845411  2.876378E-18
8390.65549164731  3.032357E-17
8392.62827704027  -5.517361E-18
8394.60108463573  8.676384E-18
8396.57391443646  3.149685E-17
8398.54676644521  1.224338E-17
8400.51964066476  -1.696756E-18
8402.49253709789  1.570122E-18
8404.46545574741  1.413622E-19
8406.43839661612  9.317869E-18
8408.41135970685  1.533651E-17
8410.38434502242  1.015032E-17
8412.35735256568  3.947137E-18
8414.33038233949  1.398489E-17
8416.30343434671  -6.036032E-19
8418.27650859022  1.555303E-17
8420.2496050729  2.919967E-17
8422.22272379765  2.001287E-17
8424.1958647674  1.982032E-17
8426.16902798506  1.891232E-17
8428.14221345355  2.833055E-19
8430.11542117584  6.763467E-18
8432.08865115488  1.667111E-17
8434.06190339363  1.094902E-17
8436.03517789508  1.983991E-17
8438.00847466222  1.178446E-17
8439.98179369805  1.338746E-17
8441.95513500559  9.791301E-19
8443.92849858786  -6.230221E-18
8445.9018844479  2.041409E-17
8447.87529258876  1.825861E-17
8449.84872301351  -1.280457E-17
8451.82217572521  2.001367E-17
8453.79565072696  6.976347E-18
8455.76914802184  7.283895E-18
8457.74266761297  -9.090286E-18
8459.71620950347  1.755121E-17
8461.68977369647  2.020650E-17
8463.6633601951  -2.779238E-18
8465.63696900254  2.880596E-17
8467.61060012195  -3.337082E-18
8469.58425355649  2.514695E-18
8471.55792930938  -4.389768E-19
8473.53162738381  1.276543E-17
8475.50534778299  6.467546E-18
8477.47909051016  1.058856E-17
8479.45285556854  1.642870E-17
8481.4266429614  1.176661E-17
8483.40045269199  -6.653181E-18
8485.3742847636  9.167753E-18
8487.3481391795  6.973249E-18
8489.322015943  1.610328E-17
8491.29591505741  1.838857E-17
8493.26983652604  2.737509E-17
8495.24378035225  1.087585E-17
8497.21774653937  1.112715E-17
8499.19173509077  2.264964E-18
8501.16574600981  1.414746E-18
8503.13977929989  5.819174E-19
8505.11383496439  7.507587E-18
8507.08791300673  2.037609E-17
8509.06201343032  1.629606E-17
8511.03613623861  2.926305E-18
8513.01028143503  1.407213E-17
8514.98444902305  5.700111E-18
8516.95863900613  3.561583E-18
8518.93285138776  1.325394E-17
8520.90708617143  8.139713E-18
8522.88134336065  6.379965E-18
8524.85562295894  6.795223E-18
