4001.4382 3.70947570709118
4010.7478 3.08455786525493
4020.0575 2.52807150192054
4029.3672 1.78388893518017
4038.6768 1.10009087100963
4047.9865 0.462420555638825
4057.2961 0.954394915314946
4066.6058 1.49281103825002
4075.9155 2.06949954376482
4085.2251 1.96872563517664
4094.5348 1.85241615107949
4103.8445 1.72259549184248
4113.1541 1.96713675408778
4122.4638 2.22047128850707
4131.7735 2.48160671847789
4141.0831 2.72381296850702
4150.3928 3.00947856587146
4159.7025 3.33053487460991
4169.0121 3.52414978287553
4178.3218 3.49387378962274
4187.6315 3.28484705525624
4196.9411 2.98819024311152
4206.2508 3.08583414931669
4215.5605 3.53665829831513
4224.8701 4.07989092630078
4234.1798 4.22612897983153
4243.4895 3.99401653978279
4252.7991 3.56730176305179
4262.1088 3.28014738816514
4271.4185 3.11556218995307
4280.7281 2.87432966556563
4290.0378 2.64039445728499
4299.3475 2.41340902987839
4308.6571 2.6593652615166
4317.9668 3.12794206388892
4327.2764 3.80590494339301
4336.5861 4.43675377633521
4345.8958 4.62914003867425
4355.2054 4.40765163336508
4364.5151 3.79614531292364
4373.8248 3.28784015012661
4383.1344 2.87709257615576
4392.4441 2.47199742283022
4401.7538 2.15582296230487
4411.0634 1.92303069261832
4420.3731 1.9794116201907
4429.6828 2.1363075984827
4438.9924 2.38394544336027
4448.3021 2.36056690609634
4457.6118 2.18237355759407
4466.9214 1.85662149080782
4476.2311 2.04563755507059
4485.5408 2.46499374061425
4494.8504 3.11615049597051
4504.1601 3.2807498311755
4513.4698 3.18510240746498
4522.7794 2.85305534881114
4532.0891 2.58790484180734
4541.3988 2.46223017455406
4550.7084 2.46259884660397
4560.0181 2.5222360628445
4569.3278 2.68741122187274
4578.6374 2.93421222199772
4587.9471 3.59046836147151
4597.2568 4.36389550072207
4606.5664 5.21693865197069
4615.8761 5.77013371681293
4625.1857 6.0301883465027
4634.4954 6.04651340867249
4643.8051 5.93891838783065
4653.1147 5.80330129691803
4662.4244 5.62416611407824
4671.7341 5.1465941777436
4681.0437 4.56701007499773
4690.3534 3.84519578530596
4699.6631 3.3053345926323
4708.9727 3.03616745065981
4718.2824 3.02567857937339
4727.5921 3.21749231706156
4736.9017 3.3455837878531
4746.2114 3.42374284792856
4755.5211 3.40458601033847
4764.8307 3.4056995441204
4774.1404 3.42685430100846
4783.4501 3.16821729177085
4792.7597 2.80335815446888
4802.0694 2.33382236688961
4811.3791 2.24156463451788
4820.6887 2.2648186979525
4829.9984 2.40192991286985
4839.3081 2.47431515963367
4848.6177 2.66781112180781
4857.9274 2.98070747782313
4867.2371 3.06883989701687
4876.5467 3.01095877209175
4885.8564 2.80909799559782
4895.1661 2.89922777044877
4904.4757 3.07466229764015
4913.7854 3.33423337919217
4923.0950 3.36500745743236
4932.4047 3.36635635174251
4941.7144 3.3398074404162
4951.0240 3.31986938248408
4960.3337 3.40064341186491
4969.6434 3.59066872505529
4978.9530 3.73684970517365
4988.2627 3.78080484561757
4997.5724 3.71349319797612
5006.8820 3.52903895760053
5016.1917 3.3258523588037
5025.5014 3.12212078082288
5034.8110 2.94147439789902
5044.1207 2.78109802489572
5053.4304 2.66218251204348
5062.7400 2.50494503949156
5072.0497 2.45027860682129
5081.3594 2.507573755693
5090.6690 2.59449632732926
5099.9787 2.61997970692223
5109.2884 2.59378254089773
5118.5980 2.44850210436414
5127.9077 2.27885481982915
5137.2174 2.10306643242182
5146.5270 2.1275908854985
5155.8367 2.25779698466033
5165.1464 2.49033024097845
5174.4560 2.54946197012803
5183.7657 2.67352219194665
5193.0754 2.84855113956256
5202.3850 3.2020409818608
5211.6947 3.48167655885214
5221.0043 3.67112850696473
5230.3140 3.72577794376908
5239.6237 3.89366299872364
5248.9333 4.13182148989343
5258.2430 4.37096461215529
5267.5527 4.49296971840323
5276.8623 4.60461523570146
5286.1720 4.67971265035892
5295.4817 4.76295680162099
5304.7913 4.80741491714719
5314.1010 4.92597482123232
5323.4107 5.16806162691963
5332.7203 5.55322214987006
5342.0300 5.79417047943351
5351.3397 5.79242825958413
5360.6493 5.49253005946035
5369.9590 4.97646787517742
5379.2687 4.57802243385154
5388.5783 4.26450438903315
5397.8880 4.1264505988754
5407.1977 4.07265619891441
5416.5073 4.10792950453281
5425.8170 4.25072150254366
5435.1267 4.40142748374074
5444.4363 4.56304474774558
5453.7460 4.73225347034793
5463.0557 4.90126927205056
5472.3653 5.06079793067847
5481.6750 5.07340521396439
5490.9846 5.08544533370889
5500.2943 5.07653178125397
5509.6040 5.08806432291935
5518.9136 5.0038290104979
5528.2233 4.822175264966
5537.5330 4.56599116752715
5546.8426 4.39768032371956
5556.1523 4.27627314984195
5565.4620 4.129358821394
5574.7716 3.92719722027939
5584.0813 3.67632743877222
5593.3910 3.45372169487818
5602.7006 3.29947921932101
5612.0103 3.20037077031978
5621.3200 3.17825587224672
5630.6296 3.12553766876896
5639.9393 3.03283241686831
5649.2490 2.84529192969147
5658.5586 2.68645873669206
5667.8683 2.58009219305472
5677.1780 2.57388508015349
5686.4876 2.62272915236151
5695.7973 2.72838151656572
5705.1070 2.72558446596697
5714.4166 2.69828792781418
5723.7263 2.65034864870628
5733.0360 2.67579048584664
5742.3456 2.63236704267819
5751.6553 2.5241873778879
5760.9650 2.31958102552789
5770.2746 2.22642612536435
5779.5843 2.24361251460908
5788.8939 2.46932237520193
5798.2036 2.65452851685213
5807.5133 2.78916742776977
5816.8229 2.84229445535892
5826.1326 2.91375457808044
5835.4423 3.01806213508833
5844.7519 3.08513610927969
5854.0616 3.14611069919508
5863.3713 3.20109715955388
5872.6809 3.46802700995413
5881.9906 3.64789967579424
5891.3003 3.7787155536846
5900.6099 3.76493808744771
5909.9196 3.78898507111211
5919.2293 3.78180292878759
5928.5389 3.96918878252226
5937.8486 4.10544093048764
5947.1583 4.20758091558607
5956.4679 4.00142255645901
5965.7776 3.75561257914006
5975.0873 3.45535980974355
5984.3969 3.48259057805944
5993.7066 3.55704992303717
6003.0163 3.67162021164483
6012.3259 3.47962676197972
6021.6356 3.19745840472126
6030.9453 2.83136585264443
6040.2549 2.73171082577053
6049.5646 2.68460109731346
6058.8743 2.67804225371009
6068.1839 2.68758898917375
6077.4936 2.75222155839142
6086.8032 2.87446596697635
6096.1129 2.9194588194906
6105.4226 2.88380820569858
6114.7322 2.76489455250451
6124.0419 2.62817299457998
6133.3516 2.47088205622966
6142.6612 2.29989125508992
6151.9709 2.21460234873754
6161.2806 2.11696213766951
6170.5902 2.01146822731205
6179.8999 1.6965676708124
6189.2096 1.46045418040955
6198.5192 1.30784448538987
6207.8289 1.50658325044863
6217.1386 1.71140345956328
6226.4482 1.91961941521438
6235.7579 2.03261850716124
6245.0676 2.10138773631237
6254.3772 2.13330828925938
6263.6869 1.95106261247049
6272.9966 1.74789226810313
6282.3062 1.531832450063
6291.6159 1.75803122730913
6300.9256 2.1543518961635
6310.2352 2.7223588380164
6319.5449 3.16022986347479
6328.8546 3.47567863309663
6338.1642 3.64717993848007
6347.4739 3.65773150533937
6356.7836 3.65626455494829
6366.0932 3.62575343764034
6375.4029 3.57279962907915
6384.7125 3.52424456921654
6394.0222 3.47792786125616
6403.3319 3.42549959987405
6412.6415 3.36773480155066
6421.9512 3.30588148162062
6431.2609 3.28646900159171
6440.5705 3.28943248914736
6449.8802 3.30875151806638
6459.1899 3.06399539875854
6468.4995 2.89718794011488
6477.8092 2.79228059833906
6487.1189 2.86200060406961
6496.4285 2.98709977997855
6505.7382 3.18146648253926
6515.0479 3.49002375016743
6524.3575 3.68600255126615
6533.6672 3.77451789057302
6542.9769 3.57584454143358
6552.2865 3.38399136460956
6561.5962 3.20008474198776
6570.9059 3.17017850975293
6580.2155 3.130844418451
6589.5252 3.0820653554036
6598.8349 2.95265587143698
6608.1445 2.85334536966651
6617.4542 2.78419066723428
6626.7639 2.9226360109939
6636.0735 3.125660672715
6645.3832 3.39387521857931
6654.6928 3.38064734782514
6664.0025 3.19682901643035
6673.3122 2.86440351919616
6682.6218 2.62778151885617
6691.9315 2.53104917246526
6701.2412 2.56799579406875
6710.5508 2.70282724921252
6719.8605 2.73256580959972
6729.1702 2.65271476965825
6738.4798 2.34540107419097
6747.7895 2.06155099703129
6757.0992 1.81436745003456
6766.4088 1.78550773438235
6775.7185 1.78270404625863
6785.0282 1.80057518616608
6794.3378 1.59060137040593
6803.6475 1.36287716386229
6812.9572 1.1242600761485
6822.2668 0.941764316427828
6831.5765 0.875922424870606
6840.8862 0.930384142718018
6850.1958 1.08366666125717
6859.5055 1.15730388199294
6868.8152 1.13776157975598
6878.1248 0.953974301800955
6887.4345 0.829564006842635
6896.7442 0.77211036407584
6906.0538 0.92922182970465
6915.3635 1.09333982007815
6924.6732 1.26815548243254
6933.9828 1.37163024061449
6943.2925 1.44299383570925
6952.6021 1.48160414864928
6961.9118 1.48993470861887
6971.2215 1.5939344901782
6980.5311 1.79028510634707
6989.8408 2.15015203210958
6999.1505 2.38343871409773
7008.4601 2.49285116791818
7017.7698 2.26455358232306
7027.0795 2.06084100822938
7036.3891 1.88819327983234
7045.6988 1.77685123185938
7055.0085 1.67182091775775
7064.3181 1.57492290301141
7073.6278 1.58797981203027
7082.9375 1.57191991797064
7092.2471 1.52767362427384
7101.5568 1.30755807702839
7110.8665 1.13028649696921
7120.1761 0.999164012164018
7129.4858 0.931643221300255
7138.7955 0.896720366853461
7148.1051 0.895145391909571
7157.4148 1.00702204571821
7166.7245 1.18645574607804
7176.0341 1.43899144306744
7185.3438 1.58735020929395
7194.6535 1.5897090861255
7203.9631 1.41408670168776
7213.2728 1.18755298005142
7222.5825 1.08188629307827
7231.8921 1.11160142176543
7241.2018 1.31090596313136
7250.5114 1.47891310487681
7259.8211 1.604589487306
7269.1308 1.62478707108696
7278.4404 1.56707347740709
7287.7501 1.43785759144312
7297.0598 1.12713284085143
7306.3694 0.982573062797154
7315.6791 1.00452221471193
7324.9888 1.34415754729951
7334.2984 1.58537530807562
7343.6081 1.73830061614529
7352.9178 1.6927850500875
7362.2274 1.69036445835083
7371.5371 1.71660160368331
7380.8468 1.49816528470455
7390.1564 1.29508987682622
7399.4661 1.11348535579745
7408.7758 1.3999837551121
7418.0854 1.73406529611705
7427.3951 2.11689942881964
7436.7048 1.98654742171937
7446.0144 1.66336254249062
7455.3241 1.1569108160792
7464.6338 0.887255781145641
7473.9434 0.784497845573116
7483.2531 0.849991951473492
7492.5628 1.0406900598362
