# 2021-01-25T23:21:29.562 59239.973259
4020.0 0.685681463996
4029.2 0.463512228213
4038.4 1.10455092396
4047.6 0.370498507716
4056.8 1.03895166282
4066.0 0.62729005193
4075.2 0.835757946199
4084.4 0.538064893025
4093.6 0.748617135648
4102.8 1.35899158011
4112.0 0.545963426229
4121.2 0.895082033882
4130.4 0.68907485876
4139.6 0.651461668444
4148.8 1.25924930522
4158.0 0.493076348335
4167.2 0.457103061333
4176.4 0.611481681076
4185.6 0.365326689679
4194.8 0.624396764965
4204.0 0.832531709071
4213.2 0.90328649483
4222.4 0.584058460532
4231.6 0.780732659847
4240.8 0.53413193761
4250.0 0.521006715784
4259.2 0.425058727089
4268.4 0.487067644208
4277.6 0.84093849582
4286.8 0.656148756287
4296.0 0.462071602429
4305.2 0.600322850932
4314.4 0.715209898611
4323.6 0.478641408849
4332.8 0.385534073713
4342.0 0.374872945997
4351.2 0.615492185622
4360.4 0.812011799871
4369.6 0.667811475708
4378.8 0.578651057474
4388.0 0.570110145709
4397.2 0.501797121993
4406.4 0.684446084764
4415.6 1.30191279636
4424.8 0.524858886141
4434.0 0.615219787385
4443.2 0.512027252586
4452.4 0.442420896248
4461.6 0.593502084042
4470.8 0.655228479576
4480.0 0.727628843424
4489.2 0.712134942014
4498.4 0.531152688779
4507.6 0.421718448096
4516.8 0.798624114235
4526.0 0.582029681662
4535.2 0.624287947099
4544.4 0.512866158588
4553.6 0.639849438546
4562.8 0.696577174062
4572.0 0.548406623851
4581.2 0.607244635064
4590.4 0.609085270213
4599.6 0.617387995031
4608.8 0.55957274155
4618.0 0.385502556845
4627.2 0.444665225169
4636.4 0.650874671137
4645.6 0.457242246416
4654.8 0.470082288469
4664.0 0.588541979945
4673.2 0.524041984486
4682.4 0.526210194017
4691.6 0.452068636543
4700.8 0.463649750092
4710.0 0.575872957565
4719.2 0.613642785377
4728.4 0.59765354936
4737.6 0.616021870813
4746.8 0.477187612142
4756.0 0.583984328247
4765.2 0.498782061727
4774.4 0.372733886931
4783.6 0.532317284844
4792.8 0.577444915425
4802.0 0.600353665751
4811.2 0.433431643997
4820.4 0.448877512649
4829.6 0.594529199194
4838.8 0.549110133575
4848.0 0.585115110765
4857.2 0.593857469261
4866.4 0.528368843683
4875.6 0.513892471121
4884.8 0.65162014757
4894.0 0.623284095279
4903.2 0.54130898752
4912.4 0.579331670351
4921.6 0.495246068603
4930.8 0.545142152429
4940.0 0.58416740842
4949.2 0.580636757338
4958.4 0.577401566074
4967.6 0.493390573969
4976.8 0.564962432723
4986.0 0.480958916022
4995.2 0.580609155006
5004.4 0.531739428232
5013.6 0.54805032048
5022.8 0.582681929737
5032.0 0.432302901286
5041.2 0.462021335412
5050.4 0.502419905147
5059.6 0.45160343769
5068.8 0.508529119263
5078.0 0.531711216386
5087.2 0.484940100661
5096.4 0.565000821474
5105.6 0.555223632294
5114.8 0.539862423644
5124.0 0.533293297523
5133.2 0.485495526568
5142.4 0.509754157523
5151.6 0.549911081558
5160.8 0.484200385684
5170.0 0.474186477473
5179.2 0.516873131895
5188.4 0.508783686167
5197.6 0.444517997466
5206.8 0.522223440455
5216.0 0.522518848985
5225.2 0.492441649368
5234.4 0.464871854623
5243.6 0.516283296844
5252.8 0.496187572312
5262.0 0.428187726166
5271.2 0.50456015979
5280.4 0.442760209457
5289.6 0.486685362393
5298.8 0.419389864276
5308.0 0.443325075518
5317.2 0.527577988466
5326.4 0.436854510733
5335.6 0.335393728852
5344.8 0.467249784246
5354.0 0.443989888855
5363.2 0.489956971075
5372.4 0.501885035666
5381.6 0.474528372299
5390.8 0.412029730428
5400.0 0.407886800408
5409.2 0.433698485053
5418.4 0.477490711426
5427.6 0.421497548747
5436.8 0.460093685043
5446.0 0.470508976297
5455.2 0.476542355627
5464.4 0.437296987594
5473.6 0.406567026584
5482.8 0.405628423394
5492.0 0.394318783505
5501.2 0.382161263234
5510.4 0.445470649999
5519.6 0.398143039107
5528.8 0.439081166994
5538.0 0.409579958983
5547.2 0.421441476684
5556.4 0.46600467479
5565.6 0.383841151832
5574.8 0.432585973544
5584.0 0.478409018306
5593.2 0.418657282149
5602.4 0.417636461905
5611.6 0.41455921198
5620.8 0.442499734691
5630.0 0.446218782527
5639.2 0.449148910759
5648.4 0.462188549119
5657.6 0.444483498928
5666.8 0.421196176413
5676.0 0.410262928
5685.2 0.419954116461
5694.4 0.408697297454
5703.6 0.419654226278
5712.8 0.420103893378
5722.0 0.399608010065
5731.2 0.34692218252
5740.4 0.399558593327
5749.6 0.364170790497
5758.8 0.395099188498
5768.0 0.416500094948
5777.2 0.453532943968
5786.4 0.407455120492
5795.6 0.387501146813
5804.8 0.435110964877
5814.0 0.407469643851
5823.2 0.42593308387
5832.4 0.470948286517
5841.6 0.378476640312
5850.8 0.385352295797
5860.0 0.407673772976
5869.2 0.409149643187
5878.4 0.385836531665
5887.6 0.426328860345
5896.8 0.374631527047
5906.0 0.483470447179
5915.2 0.389686575319
5924.4 0.502631761609
5933.6 0.394551406149
5942.8 0.437580069309
5952.0 0.421544040352
5961.2 0.392228806214
5970.4 0.384204522032
5979.6 0.36223888714
5988.8 0.362174757153
5998.0 0.385334282263
6007.2 0.410460164564
6016.4 0.387900483725
6025.6 0.440566418051
6034.8 0.352520345806
6044.0 0.359536356587
6053.2 0.397256436359
6062.4 0.36626203952
6071.6 0.368633003207
6080.8 0.404296797182
6090.0 0.399045644148
6099.2 0.373862336247
6108.4 0.367250779688
6117.6 0.421926542353
6126.8 0.417677777606
6136.0 0.377402235144
6145.2 0.376544360488
6154.4 0.36733157745
6163.6 0.392444611087
6172.8 0.345760978756
6182.0 0.364802003213
6191.2 0.374952836403
6200.4 0.397180371815
6209.6 0.350541294721
6218.8 0.365353234483
6228.0 0.353392991733
6237.2 0.401323852508
6246.4 0.367050355668
6255.6 0.37850434635
6264.8 0.332022618041
6274.0 0.344556289697
6283.2 0.369708640926
6292.4 0.355493156054
6301.6 0.353373600886
6310.8 0.346990909074
6320.0 0.300511532925
6329.2 0.332327355526
6338.4 0.317078680532
6347.6 0.351772239698
6356.8 0.322782750427
6366.0 0.336335355191
6375.2 0.338984199242
6384.4 0.321884680168
6393.6 0.337244535344
6402.8 0.31919611321
6412.0 0.352004379247
6421.2 0.346752664882
6430.4 0.342838921264
6439.6 0.348720917576
6448.8 0.313583142987
6458.0 0.366520714304
6467.2 0.383657829924
6476.4 0.34354911269
6485.6 0.346082606768
6494.8 0.37577568094
6504.0 0.395851307163
6513.2 0.449791314771
6522.4 0.380615442837
6531.6 0.358172027305
6540.8 0.400662166754
6550.0 0.39541303539
6559.2 0.386127060532
6568.4 0.351446846289
6577.6 0.373248150865
6586.8 0.397934742751
6596.0 0.384957368496
6605.2 0.353956077804
6614.4 0.344096278025
6623.6 0.398829661068
6632.8 0.364072623203
6642.0 0.365609360125
6651.2 0.382389160233
6660.4 0.385963264962
6669.6 0.364907414382
6678.8 0.397367873141
6688.0 0.374705752945
6697.2 0.380521759892
6706.4 0.336023239236
6715.6 0.371134792849
6724.8 0.347869631908
6734.0 0.380299810559
6743.2 0.327886201518
6752.4 0.378005659577
6761.6 0.339854158149
6770.8 0.36891323485
6780.0 0.377829622517
6789.2 0.321089212571
6798.4 0.355282239128
6807.6 0.351682827875
6816.8 0.312778418797
6826.0 0.333909516174
6835.2 0.263935718421
6844.4 0.306556231095
6853.6 0.340800567648
6862.8 0.343982626849
6872.0 0.352592177246
6881.2 0.335946997487
6890.4 0.293699418503
6899.6 0.304723204724
6908.8 0.330358694462
6918.0 0.317725219376
6927.2 0.294449235411
6936.4 0.315079129238
6945.6 0.292807450346
6954.8 0.261304240811
6964.0 0.346375087763
6973.2 0.325483309341
6982.4 0.294271060929
6991.6 0.244987618647
7000.8 0.305612912159
7010.0 0.306961570737
7019.2 0.27879917077
7028.4 0.292396686464
7037.6 0.344979291907
7046.8 0.283776575874
7056.0 0.28404563412
7065.2 0.247593657231
7074.4 0.288390492048
7083.6 0.290202000035
7092.8 0.240523389651
7102.0 0.259667859945
7111.2 0.277459330588
7120.4 0.246516346901
7129.6 0.258288936697
7138.8 0.257571230959
7148.0 0.268451070247
7157.2 0.234205021707
7166.4 0.239995562172
7175.6 0.261463113544
7184.8 0.255055188957
7194.0 0.301692505603
7203.2 0.291064519806
7212.4 0.250606274846
7221.6 0.274232554153
7230.8 0.233113986073
7240.0 0.262003663643
7249.2 0.229743339648
7258.4 0.254967254423
7267.6 0.211170097547
7276.8 0.242379909846
7286.0 0.284124038262
7295.2 0.282233683496
7304.4 0.221451846108
7313.6 0.286158893585
7322.8 0.233131882351
7332.0 0.267318426754
7341.2 0.25959788132
7350.4 0.247361431
7359.6 0.277317610762
7368.8 0.237808430214
7378.0 0.230585202744
7387.2 0.203980490875
7396.4 0.245468080176
7405.6 0.201777386673
7414.8 0.209649466429
7424.0 0.288846381359
7433.2 0.264790510403
7442.4 0.254934248608
7451.6 0.249882113071
7460.8 0.268994672834
7470.0 0.301060430947
7479.2 0.224815283973
7488.4 0.234217440355
7497.6 0.26904092475
7506.8 0.251529507146
7516.0 0.281967102432
7525.2 0.215711120747
7534.4 0.242850720452
7543.6 0.214564344288
7552.8 0.254831503039
7562.0 0.279658609775
7571.2 0.27614589027
7580.4 0.290064817787
7589.6 0.267517446434
7598.8 0.311678432001
7608.0 0.209321159814
7617.2 0.210075889937
7626.4 0.226844042184
7635.6 0.238420138663
7644.8 0.214527014231
7654.0 0.214635738921
7663.2 0.190781325728
7672.4 0.200884716915
7681.6 0.263659693331
7690.8 0.251671123549
7700.0 0.218079223307
7709.2 0.254681844367
7718.4 0.166291580066
7727.6 0.229630600176
7736.8 0.25551216427
7746.0 0.222363100161
7755.2 0.250084061029
7764.4 0.286312863183
7773.6 0.208005745619
7782.8 0.245935802842
7792.0 0.260953577686
7801.2 0.186506468777
7810.4 0.29338207258
7819.6 0.217849097422
7828.8 0.206275895771
7838.0 0.221377245941
7847.2 0.158246883143
7856.4 0.181373732691
7865.6 0.200049825186
7874.8 0.13882422181
7884.0 0.181713124708
7893.2 0.184322906497
7902.4 0.211891944017
7911.6 0.225352660949
7920.8 0.235074743193
7930.0 0.190090062959
7939.2 0.107600159825
7948.4 0.151553927633
7957.6 0.176395234424
7966.8 0.223528283214
7976.0 0.216953062349
7985.2 0.228662888322
7994.4 0.231728656612
