3392.44646180833  8.085355E-15
3397.20286178702  8.567266E-15
3401.95926176571  6.141156E-15
3406.7156617444  6.403705E-15
3411.47206172308  8.541463E-15
3416.22846170177  9.062226E-15
3420.98486168046  8.095828E-15
3425.74126165915  6.767432E-15
3430.49766163783  6.037646E-15
3435.25406161652  6.954483E-15
3440.01046159521  8.381259E-15
3444.76686157389  6.966178E-15
3449.52326155258  7.213123E-15
3454.27966153127  7.430109E-15
3459.03606150996  7.784899E-15
3463.79246148864  6.204016E-15
3468.54886146733  6.084386E-15
3473.30526144602  7.416593E-15
3478.06166142471  7.907151E-15
3482.81806140339  8.134151E-15
3487.57446138208  8.457232E-15
3492.33086136077  7.629622E-15
3497.08726133945  7.828655E-15
3501.84366131814  8.303758E-15
3506.60006129683  8.543056E-15
3511.35646127552  8.857472E-15
3516.1128612542  8.537695E-15
3520.86926123289  9.069178E-15
3525.62566121158  8.043038E-15
3530.38206119027  7.913730E-15
3535.13846116895  7.798898E-15
3539.89486114764  7.960322E-15
3544.65126112633  8.266010E-15
3549.40766110501  8.322834E-15
3554.1640610837  7.913017E-15
3558.92046106239  8.083912E-15
3563.67686104108  7.822055E-15
3568.43326101976  8.021031E-15
3573.18966099845  7.940689E-15
3577.94606097714  7.927775E-15
3582.70246095583  7.517679E-15
3587.45886093451  7.722152E-15
3592.2152609132  7.032317E-15
3596.97166089189  7.261017E-15
3601.72806087058  7.331322E-15
3606.48446084926  8.046405E-15
3611.24086082795  7.732475E-15
3615.99726080664  7.450315E-15
3620.75366078532  7.564514E-15
3625.51006076401  7.759172E-15
3630.2664607427  7.781543E-15
3635.02286072139  8.053299E-15
3639.77926070007  7.704368E-15
3644.53566067876  7.417803E-15
3649.29206065745  7.962623E-15
3654.04846063614  8.116188E-15
3658.80486061482  8.025143E-15
3663.56126059351  7.720515E-15
3668.3176605722  7.775852E-15
3673.07406055089  7.692337E-15
3677.83046052957  8.274662E-15
3682.58686050826  8.025906E-15
3687.34326048695  7.715704E-15
3692.09966046563  7.712721E-15
3696.85606044432  7.985934E-15
3701.61246042301  7.484381E-15
3706.3688604017  7.606874E-15
3711.12526038038  7.403320E-15
3715.88166035907  7.034920E-15
3720.63806033776  7.099597E-15
3725.39446031645  6.522396E-15
3730.15086029513  6.138073E-15
3734.90726027382  6.450522E-15
3739.66366025251  6.369944E-15
3744.42006023119  5.970694E-15
3749.17646020988  5.784061E-15
3753.93286018857  5.817677E-15
3758.68926016726  5.411810E-15
3763.44566014594  5.304734E-15
3768.20206012463  4.767846E-15
3772.95846010332  4.472705E-15
3777.71486008201  4.400930E-15
3782.47126006069  4.157290E-15
3787.22766003938  4.059723E-15
3791.98406001807  3.783128E-15
3796.74045999676  3.650837E-15
3801.49685997544  3.880896E-15
3806.25325995413  3.827775E-15
3811.00965993282  4.248631E-15
3815.7660599115  4.425468E-15
3820.52245989019  4.321056E-15
3825.27885986888  4.328292E-15
3830.03525984757  4.405037E-15
3834.79165982625  4.338718E-15
3839.54805980494  4.371319E-15
3844.30445978363  4.121603E-15
3849.06085976232  3.829273E-15
3853.817259741  3.933492E-15
3858.57365971969  3.812770E-15
3863.33005969838  3.739102E-15
3868.08645967707  3.705584E-15
3872.84285965575  3.600206E-15
3877.59925963444  3.637348E-15
3882.35565961313  3.749698E-15
3887.11205959182  3.960045E-15
3891.8684595705  4.243229E-15
3896.62485954919  4.420966E-15
3901.38125952788  4.731259E-15
3906.13765950656  4.886257E-15
3910.89405948525  5.069631E-15
3915.65045946394  5.481984E-15
3920.40685944263  5.972424E-15
3925.16325942131  6.382350E-15
3929.9196594  6.478299E-15
3934.67605937869  6.891142E-15
3939.43245935738  7.127155E-15
3944.18885933606  7.238457E-15
3948.94525931475  7.528002E-15
3953.70165929344  8.073429E-15
3958.45805927212  8.221565E-15
3963.21445925081  8.252910E-15
3967.9708592295  8.181990E-15
3972.72725920819  8.319991E-15
3977.48365918687  8.426032E-15
3982.24005916556  8.549536E-15
3986.99645914425  8.848043E-15
3991.75285912294  9.123985E-15
3996.50925910162  8.893076E-15
4001.26565908031  9.313907E-15
4006.022059059  9.708870E-15
4010.77845903769  9.790450E-15
4015.53485901637  9.899531E-15
4020.29125899506  9.980777E-15
4025.04765897375  9.757980E-15
4029.80405895243  9.629348E-15
4034.56045893112  9.428131E-15
4039.31685890981  9.401640E-15
4044.0732588885  9.186143E-15
4048.82965886718  9.172078E-15
4053.58605884587  8.781882E-15
4058.34245882456  8.680747E-15
4063.09885880325  8.672593E-15
4067.85525878193  8.418428E-15
4072.61165876062  8.469774E-15
4077.36805873931  8.365745E-15
4082.12445871799  8.588580E-15
4086.88085869668  8.505116E-15
4091.63725867537  8.801931E-15
4096.39365865406  8.791907E-15
4101.15005863274  8.854072E-15
4105.90645861143  8.978189E-15
4110.66285859012  8.873727E-15
4115.41925856881  9.046159E-15
4120.17565854749  9.104910E-15
4124.93205852618  9.283051E-15
4129.68845850487  9.197418E-15
4134.44485848356  9.329495E-15
4139.20125846224  9.433532E-15
4143.95765844093  9.440861E-15
4148.71405841962  9.352015E-15
4153.4704583983  9.423535E-15
4158.22685837699  9.475154E-15
4162.98325835568  9.210729E-15
4167.73965833437  9.157904E-15
4172.49605831305  8.917227E-15
4177.25245829174  9.031679E-15
4182.00885827043  8.933948E-15
4186.76525824912  8.831574E-15
4191.5216582278  8.536434E-15
4196.27805820649  8.254638E-15
4201.03445818518  8.051766E-15
4205.79085816386  7.922120E-15
4210.54725814255  7.926413E-15
4215.30365812124  7.781909E-15
4220.06005809993  7.791807E-15
4224.81645807861  7.726498E-15
4229.5728580573  7.432548E-15
4234.32925803599  7.478971E-15
4239.08565801468  7.416362E-15
4243.84205799336  7.347259E-15
4248.59845797205  7.140476E-15
4253.35485795074  7.253462E-15
4258.11125792943  7.208097E-15
4262.86765790811  7.097231E-15
4267.6240578868  6.965102E-15
4272.38045786549  6.962895E-15
4277.13685784417  6.716644E-15
4281.89325782286  6.487994E-15
4286.64965780155  6.414575E-15
4291.40605778024  6.246577E-15
4296.16245775892  6.055179E-15
4300.91885773761  6.001812E-15
4305.6752577163  5.963652E-15
4310.43165769499  5.861644E-15
4315.18805767367  5.772323E-15
4319.94445765236  5.631653E-15
4324.70085763105  5.484081E-15
4329.45725760974  5.481472E-15
4334.21365758842  5.413456E-15
4338.97005756711  5.317531E-15
4343.7264575458  5.087853E-15
4348.48285752448  5.072459E-15
4353.23925750317  4.991633E-15
4357.99565748186  5.006029E-15
4362.75205746055  4.964205E-15
4367.50845743923  4.718516E-15
4372.26485741792  4.677236E-15
4377.02125739661  4.803131E-15
4381.7776573753  4.641740E-15
4386.53405735398  4.550503E-15
4391.29045733267  4.663270E-15
4396.04685731136  4.732130E-15
4400.80325729005  4.958093E-15
4405.55965726873  5.069505E-15
4410.31605724742  5.090268E-15
4415.07245722611  5.128366E-15
4419.82885720479  5.330768E-15
4424.58525718348  5.351478E-15
4429.34165716217  5.613612E-15
4434.09805714086  5.686722E-15
4438.85445711954  5.760402E-15
4443.61085709823  5.831776E-15
4448.36725707692  5.900393E-15
4453.12365705561  5.947377E-15
4457.88005703429  6.013447E-15
4462.63645701298  6.235223E-15
4467.39285699167  6.096075E-15
4472.14925697035  5.888977E-15
4476.90565694904  5.847771E-15
4481.66205692773  5.733359E-15
4486.41845690642  5.437062E-15
4491.1748568851  5.114730E-15
4495.93125686379  4.953383E-15
4500.68765684248  4.888086E-15
4505.44405682117  4.802288E-15
4510.20045679985  4.654706E-15
4514.95685677854  4.690803E-15
4519.71325675723  4.692314E-15
4524.46965673592  4.737896E-15
4529.2260567146  4.816381E-15
4533.98245669329  5.041905E-15
4538.73885667198  5.151593E-15
4543.49525665066  5.317927E-15
4548.25165662935  5.446541E-15
4553.00805660804  5.537024E-15
4557.76445658673  5.493397E-15
4562.52085656541  5.548696E-15
4567.2772565441  5.728111E-15
4572.03365652279  5.757952E-15
4576.79005650148  5.761104E-15
4581.54645648016  5.944368E-15
4586.30285645885  5.867208E-15
4591.05925643754  5.872582E-15
4595.81565641622  5.943227E-15
4600.57205639491  6.056368E-15
4605.3284563736  6.140876E-15
4610.08485635229  5.957407E-15
4614.84125633097  5.983636E-15
4619.59765630966  5.977615E-15
4624.35405628835  5.837222E-15
4629.11045626704  5.849463E-15
4633.86685624572  5.832752E-15
4638.62325622441  5.802811E-15
4643.3796562031  5.848818E-15
4648.13605618179  5.884256E-15
4652.89245616047  5.841030E-15
4657.64885613916  5.881313E-15
4662.40525611785  5.832171E-15
4667.16165609653  5.871308E-15
4671.91805607522  5.963923E-15
4676.67445605391  5.950021E-15
4681.4308560326  5.881449E-15
4686.18725601128  5.918587E-15
4690.94365598997  5.877477E-15
4695.70005596866  5.805700E-15
4700.45645594734  5.816715E-15
4705.21285592603  5.822429E-15
4709.96925590472  5.678113E-15
4714.72565588341  5.626860E-15
4719.48205586209  5.527067E-15
4724.23845584078  5.342504E-15
4728.99485581947  5.240323E-15
4733.75125579816  5.099492E-15
4738.50765577684  5.009539E-15
4743.26405575553  4.901972E-15
4748.02045573422  4.839799E-15
4752.77685571291  4.778305E-15
4757.53325569159  4.687377E-15
4762.28965567028  4.664580E-15
4767.04605564897  4.712867E-15
4771.80245562766  4.714367E-15
4776.55885560634  4.700301E-15
4781.31525558503  4.704045E-15
4786.07165556372  4.794608E-15
4790.8280555424  4.678093E-15
4795.58445552109  4.814923E-15
4800.34085549978  4.740682E-15
4805.09725547847  4.728145E-15
4809.85365545715  4.653170E-15
4814.61005543584  4.504421E-15
4819.36645541453  4.536188E-15
4824.12285539322  4.493853E-15
4828.8792553719  4.462882E-15
4833.63565535059  4.350463E-15
4838.39205532928  4.330300E-15
4843.14845530797  4.228189E-15
4847.90485528665  4.212203E-15
4852.66125526534  4.354169E-15
4857.41765524403  4.354939E-15
4862.17405522271  4.352889E-15
4866.9304552014  4.338637E-15
4871.68685518009  4.344676E-15
4876.44325515878  4.456096E-15
4881.19965513746  4.548799E-15
4885.95605511615  4.420024E-15
4890.71245509484  4.409295E-15
4895.46885507353  4.373237E-15
4900.22525505221  4.303372E-15
4904.9816550309  4.305174E-15
4909.73805500959  4.201893E-15
4914.49445498827  4.107962E-15
4919.25085496696  4.016026E-15
4924.00725494565  3.895002E-15
4928.76365492434  3.758990E-15
4933.52005490302  3.712880E-15
4938.27645488171  3.634388E-15
4943.0328548604  3.656254E-15
4947.78925483909  3.574537E-15
4952.54565481777  3.498444E-15
4957.30205479646  3.474412E-15
4962.05845477515  3.519114E-15
4966.81485475384  3.533841E-15
4971.57125473252  3.505026E-15
4976.32765471121  3.491563E-15
4981.0840546899  3.549578E-15
4985.84045466859  3.514061E-15
4990.59685464727  3.421219E-15
4995.35325462596  3.472631E-15
5000.10965460465  3.460899E-15
5004.86605458334  3.425549E-15
5009.62245456202  3.456787E-15
5014.37885454071  3.422030E-15
5019.1352545194  3.374870E-15
5023.89165449808  3.399991E-15
5028.64805447677  3.440674E-15
5033.40445445546  3.462060E-15
5038.16085443415  3.416459E-15
5042.91725441283  3.358471E-15
5047.67365439152  3.317040E-15
5052.43005437021  3.276126E-15
5057.1864543489  3.331239E-15
5061.94285432758  3.348076E-15
5066.69925430627  3.299091E-15
5071.45565428496  3.234607E-15
5076.21205426365  3.238587E-15
5080.96845424233  3.257843E-15
5085.72485422102  3.265685E-15
5090.48125419971  3.267114E-15
5095.23765417839  3.263983E-15
5099.99405415708  3.248875E-15
5104.75045413577  3.281548E-15
5109.50685411446  3.392390E-15
5114.26325409314  3.388769E-15
5119.01965407183  3.365319E-15
5123.77605405052  3.484579E-15
5128.5324540292  3.517966E-15
5133.28885400789  3.580882E-15
5138.04525398658  3.588160E-15
5142.80165396527  3.543017E-15
5147.55805394395  3.674177E-15
5152.31445392264  3.681155E-15
5157.07085390133  3.607010E-15
5161.82725388002  3.626237E-15
5166.5836538587  3.695508E-15
5171.34005383739  3.771140E-15
5176.09645381608  3.803615E-15
5180.85285379477  3.828721E-15
5185.60925377345  3.820244E-15
5190.36565375214  3.934034E-15
5195.12205373083  3.968435E-15
5199.87845370951  4.054246E-15
5204.6348536882  4.097280E-15
5209.39125366689  4.209481E-15
5214.14765364558  4.293325E-15
5218.90405362426  3.968765E-15
5223.66045360295  3.953055E-15
5228.41685358164  3.938828E-15
5233.17325356033  3.936221E-15
5237.92965353901  3.976760E-15
5242.6860535177  4.036706E-15
5247.44245349639  3.996988E-15
5252.19885347507  3.960011E-15
5256.95525345376  3.928124E-15
5261.71165343245  3.998645E-15
5266.46805341114  3.929453E-15
5271.22445338983  3.875199E-15
5275.98085336851  3.885292E-15
5280.7372533472  3.932302E-15
5285.49365332589  3.953994E-15
5290.25005330457  3.966935E-15
5295.00645328326  3.983128E-15
5299.76285326195  3.898933E-15
5304.51925324064  3.891792E-15
5309.27565321932  3.885284E-15
5314.03205319801  3.763138E-15
5318.7884531767  3.623484E-15
5323.54485315538  3.588386E-15
5328.30125313407  3.459531E-15
5333.05765311276  3.285435E-15
5337.81405309145  3.226493E-15
5342.57045307013  3.150803E-15
5347.32685304882  3.061349E-15
5352.08325302751  2.970568E-15
5356.8396530062  2.857370E-15
5361.59605298488  2.768122E-15
5366.35245296357  2.701434E-15
5371.10885294226  2.725251E-15
5375.86525292095  2.725866E-15
5380.62165289963  2.679576E-15
5385.37805287832  2.690675E-15
5390.13445285701  2.715714E-15
5394.89085283569  2.755485E-15
5399.64725281438  2.682062E-15
5404.40365279307  2.652058E-15
5409.16005277176  2.677529E-15
5413.91645275044  2.696730E-15
5418.67285272913  2.744998E-15
5423.42925270782  2.808120E-15
5428.1856526865  2.863949E-15
5432.94205266519  2.811486E-15
5437.69845264388  2.854522E-15
5442.45485262257  2.961457E-15
5447.21125260125  2.939603E-15
5451.96765257994  2.896468E-15
5456.72405255863  2.910261E-15
5461.48045253732  2.957498E-15
5466.236852516  2.930072E-15
5470.99325249469  2.948311E-15
5475.74965247338  2.935625E-15
5480.50605245207  2.974693E-15
5485.26245243075  3.057873E-15
5490.01885240944  3.040279E-15
5494.77525238813  3.041920E-15
5499.53165236682  2.998290E-15
5504.2880523455  2.984609E-15
5509.04445232419  2.971966E-15
5513.80085230288  2.881009E-15
5518.55725228156  2.803228E-15
5523.31365226025  2.738706E-15
5528.07005223894  2.765346E-15
5532.82645221763  2.652046E-15
5537.58285219631  2.558377E-15
5542.339252175  2.542175E-15
5547.09565215369  2.530703E-15
5551.85205213238  2.497226E-15
5556.60845211106  2.520341E-15
5561.36485208975  2.517185E-15
5566.12125206844  2.551543E-15
5570.87765204713  2.539268E-15
5575.63405202581  2.537508E-15
5580.3904520045  2.606756E-15
5585.14685198319  2.628820E-15
5589.90325196187  2.655282E-15
5594.65965194056  2.743819E-15
5599.41605191925  2.826092E-15
5604.17245189794  2.854990E-15
5608.92885187663  2.869993E-15
5613.68525185531  2.893380E-15
5618.441651834  2.945053E-15
5623.19805181269  3.041700E-15
5627.95445179137  3.052583E-15
5632.71085177006  3.093884E-15
5637.46725174875  3.098990E-15
5642.22365172744  3.049092E-15
5646.98005170612  3.057077E-15
5651.73645168481  3.021136E-15
5656.4928516635  3.017877E-15
5661.24925164218  2.925018E-15
5666.00565162087  2.864657E-15
5670.76205159956  2.864884E-15
5675.51845157825  2.819887E-15
5680.27485155693  2.894166E-15
5685.03125153562  2.951120E-15
5689.78765151431  2.906870E-15
5694.544051493  2.831277E-15
5699.30045147168  2.924560E-15
5704.05685145037  2.935024E-15
5708.81325142906  2.860638E-15
5713.56965140775  2.927083E-15
5718.32605138643  2.972834E-15
5723.08245136512  2.937771E-15
5727.83885134381  2.972440E-15
5732.59525132249  2.986274E-15
5737.35165130118  2.971207E-15
5742.10805127987  3.000866E-15
5746.86445125855  2.979366E-15
5751.62085123724  2.936159E-15
5756.37725121593  2.969109E-15
5761.13365119462  3.020680E-15
5765.89005117331  3.017337E-15
5770.64645115199  3.036908E-15
5775.40285113068  3.024005E-15
5780.15925110937  3.037641E-15
5784.91565108805  3.036656E-15
5789.67205106674  3.034510E-15
5794.42845104543  3.065222E-15
5799.18485102412  3.078973E-15
5803.9412510028  3.041595E-15
5808.69765098149  2.997788E-15
5813.45405096018  2.985057E-15
5818.21045093887  2.985607E-15
5822.96685091755  3.045731E-15
5827.72325089624  3.051147E-15
5832.47965087493  3.030473E-15
5837.23605085362  2.977163E-15
5841.9924508323  3.010878E-15
5846.74885081099  2.981068E-15
5851.50525078968  2.900327E-15
5856.26165076836  2.892448E-15
5861.01805074705  2.907015E-15
5865.77445072574  2.903627E-15
5870.53085070443  2.873614E-15
5875.28725068311  2.853005E-15
5880.0436506618  2.808903E-15
5884.80005064049  2.790575E-15
5889.55645061917  2.815136E-15
5894.31285059786  2.818478E-15
5899.06925057655  2.832378E-15
5903.82565055524  2.793145E-15
5908.58205053393  2.797053E-15
5913.33845051261  2.823424E-15
5918.0948504913  2.783874E-15
5922.85125046999  2.831073E-15
5927.60765044867  2.773391E-15
5932.36405042736  2.744161E-15
5937.12045040605  2.728842E-15
5941.87685038474  2.716985E-15
5946.63325036342  2.695642E-15
5951.38965034211  2.751014E-15
5956.1460503208  2.740386E-15
5960.90245029948  2.699965E-15
5965.65885027817  2.700641E-15
5970.41525025686  2.702011E-15
5975.17165023555  2.721541E-15
5979.92805021423  2.720421E-15
5984.68445019292  2.696094E-15
5989.44085017161  2.672919E-15
5994.1972501503  2.688424E-15
5998.95365012898  2.737910E-15
6003.71005010767  2.705341E-15
6008.46645008636  2.759641E-15
6013.22285006505  2.673027E-15
6017.97925004373  2.675187E-15
6022.73565002242  2.706812E-15
6027.49205000111  2.618467E-15
6032.2484499798  2.694557E-15
6037.00484995848  2.665605E-15
6041.76124993717  2.659034E-15
6046.51764991586  2.688191E-15
6051.27404989454  2.669525E-15
6056.03044987323  2.648603E-15
6060.78684985192  2.649678E-15
6065.54324983061  2.679420E-15
6070.29964980929  2.668694E-15
6075.05604978798  2.650220E-15
6079.81244976667  2.648809E-15
6084.56884974535  2.618051E-15
6089.32524972404  2.612554E-15
6094.08164970273  2.607676E-15
6098.83804968142  2.572590E-15
6103.5944496601  2.529290E-15
6108.35084963879  2.516573E-15
6113.10724961748  2.533484E-15
6117.86364959617  2.468965E-15
6122.62004957485  2.420082E-15
6127.37644955354  2.413568E-15
6132.13284953223  2.450245E-15
6136.88924951092  2.440208E-15
6141.6456494896  2.420854E-15
6146.40204946829  2.347978E-15
6151.15844944698  2.337121E-15
6155.91484942567  2.284651E-15
6160.67124940435  2.186319E-15
6165.42764938304  2.159212E-15
6170.18404936173  2.140196E-15
6174.94044934041  2.047935E-15
6179.6968493191  1.970998E-15
6184.45324929779  1.903088E-15
6189.20964927648  1.811841E-15
6193.96604925516  1.790998E-15
6198.72244923385  1.705742E-15
6203.47884921254  1.620020E-15
6208.23524919123  1.549519E-15
6212.99164916991  1.420464E-15
6217.7480491486  1.323678E-15
6222.50444912729  1.283416E-15
6227.26084910598  1.263411E-15
6232.01724908466  1.201464E-15
6236.77364906335  1.161352E-15
6241.53004904204  1.127876E-15
6246.28644902072  1.119875E-15
6251.04284899941  1.135535E-15
6255.7992489781  1.111750E-15
6260.55564895679  1.080106E-15
6265.31204893547  1.124453E-15
6270.06844891416  1.159689E-15
6274.82484889285  1.174260E-15
6279.58124887153  1.213539E-15
6284.33764885022  1.209534E-15
6289.09404882891  1.281913E-15
6293.8504488076  1.351075E-15
6298.60684878628  1.380707E-15
6303.36324876497  1.420689E-15
6308.11964874366  1.449096E-15
6312.87604872235  1.516686E-15
6317.63244870103  1.586024E-15
6322.38884867972  1.624023E-15
6327.14524865841  1.681246E-15
6331.9016486371  1.696554E-15
6336.65804861578  1.717682E-15
6341.41444859447  1.758580E-15
6346.17084857316  1.789683E-15
6350.92724855185  1.799423E-15
6355.68364853053  1.838389E-15
6360.44004850922  1.887913E-15
6365.19644848791  1.907613E-15
6369.9528484666  1.967086E-15
6374.70924844528  1.983702E-15
6379.46564842397  1.950885E-15
6384.22204840266  2.010682E-15
6388.97844838134  2.031921E-15
6393.73484836003  2.054564E-15
6398.49124833872  2.039937E-15
6403.24764831741  2.083737E-15
6408.00404829609  2.119790E-15
6412.76044827478  2.079887E-15
6417.51684825347  2.071852E-15
6422.27324823215  2.115954E-15
6427.02964821084  2.121984E-15
6431.78604818953  2.078552E-15
6436.54244816822  2.072349E-15
6441.29884814691  2.097687E-15
6446.05524812559  2.103285E-15
6450.81164810428  2.112306E-15
6455.56804808297  2.115053E-15
6460.32444806165  2.096849E-15
6465.08084804034  2.074999E-15
6469.83724801903  2.075235E-15
6474.59364799772  2.090842E-15
6479.3500479764  2.058408E-15
6484.10644795509  2.026942E-15
6488.86284793378  2.055512E-15
6493.61924791246  2.032444E-15
6498.37564789115  2.017405E-15
6503.13204786984  2.017912E-15
6507.88844784853  1.993447E-15
6512.64484782721  1.983073E-15
6517.4012478059  1.929522E-15
6522.15764778459  1.923623E-15
6526.91404776328  1.959016E-15
6531.67044774196  1.926009E-15
6536.42684772065  1.938253E-15
6541.18324769934  1.911443E-15
6545.93964767803  1.871584E-15
6550.69604765671  1.916541E-15
6555.4524476354  1.918365E-15
6560.20884761409  1.906864E-15
6564.96524759278  1.842295E-15
6569.72164757146  1.821270E-15
6574.47804755015  1.860849E-15
6579.23444752884  1.847914E-15
6583.99084750752  1.820096E-15
6588.74724748621  1.786666E-15
6593.5036474649  1.776859E-15
6598.26004744358  1.777753E-15
6603.01644742227  1.727313E-15
6607.77284740096  1.699627E-15
6612.52924737965  1.748639E-15
6617.28564735833  1.752825E-15
6622.04204733702  1.691843E-15
6626.79844731571  1.695187E-15
6631.5548472944  1.723653E-15
6636.31124727308  1.670222E-15
6641.06764725177  1.630169E-15
6645.82404723046  1.650946E-15
6650.58044720915  1.626479E-15
6655.33684718783  1.632480E-15
6660.09324716652  1.655609E-15
6664.84964714521  1.652729E-15
6669.6060471239  1.639041E-15
6674.36244710258  1.629838E-15
6679.11884708127  1.615405E-15
6683.87524705996  1.575125E-15
6688.63164703865  1.547048E-15
6693.38804701733  1.548349E-15
6698.14444699602  1.534795E-15
6702.90084697471  1.534654E-15
6707.65724695339  1.516554E-15
6712.41364693208  1.556815E-15
6717.17004691077  1.498033E-15
6721.92644688946  1.496326E-15
6726.68284686814  1.490493E-15
6731.43924684683  1.423675E-15
6736.19564682552  1.444164E-15
6740.95204680421  1.476456E-15
6745.70844678289  1.504947E-15
6750.46484676158  1.457447E-15
6755.22124674027  1.419432E-15
6759.97764671895  1.458200E-15
6764.73404669764  1.443602E-15
6769.49044667633  1.420123E-15
6774.24684665502  1.397359E-15
6779.0032466337  1.397344E-15
6783.75964661239  1.392796E-15
6788.51604659108  1.433378E-15
6793.27244656977  1.431145E-15
6798.02884654845  1.384236E-15
6802.78524652714  1.365174E-15
6807.54164650583  1.410155E-15
6812.29804648451  1.385320E-15
6817.0544464632  1.388837E-15
6821.81084644189  1.385202E-15
6826.56724642058  1.339091E-15
6831.32364639926  1.320241E-15
6836.08004637795  1.323473E-15
6840.83644635664  1.332473E-15
6845.59284633533  1.332413E-15
6850.34924631401  1.349243E-15
6855.1056462927  1.335670E-15
6859.86204627139  1.291108E-15
6864.61844625008  1.214517E-15
6869.37484622876  1.128457E-15
6874.13124620745  1.075475E-15
6878.88764618614  1.117892E-15
6883.64404616483  1.150840E-15
6888.40044614351  1.168110E-15
6893.1568461222  1.170071E-15
6897.91324610089  1.139163E-15
6902.66964607957  1.146840E-15
6907.42604605826  1.184838E-15
6912.18244603695  1.177005E-15
6916.93884601564  1.176305E-15
6921.69524599432  1.221192E-15
6926.45164597301  1.239215E-15
6931.2080459517  1.214114E-15
6935.96444593038  1.239752E-15
6940.72084590907  1.212932E-15
6945.47724588776  1.222506E-15
6950.23364586645  1.227694E-15
6954.99004584513  1.228952E-15
6959.74644582382  1.248671E-15
6964.50284580251  1.235670E-15
6969.2592457812  1.215787E-15
6974.01564575988  1.206041E-15
6978.77204573857  1.210603E-15
6983.52844571726  1.211700E-15
6988.28484569595  1.165741E-15
6993.04124567463  1.167927E-15
6997.79764565332  1.177550E-15
7002.55404563201  1.158043E-15
7007.3104456107  1.138894E-15
7012.06684558938  1.151946E-15
7016.82324556807  1.156241E-15
7021.57964554676  1.133749E-15
7026.33604552544  1.145081E-15
7031.09244550413  1.127644E-15
7035.84884548282  1.133198E-15
7040.6052454615  1.133552E-15
7045.36164544019  1.101792E-15
7050.11804541888  1.101964E-15
7054.87444539757  1.105512E-15
7059.63084537626  1.118448E-15
7064.38724535494  1.125455E-15
7069.14364533363  1.099197E-15
7073.90004531232  1.118563E-15
7078.65644529101  1.102359E-15
7083.41284526969  1.122625E-15
7088.16924524838  1.106234E-15
7092.92564522707  1.095844E-15
7097.68204520575  1.126005E-15
7102.43844518444  1.133750E-15
7107.19484516313  1.096388E-15
7111.95124514182  1.066994E-15
7116.7076451205  1.082232E-15
7121.46404509919  1.088398E-15
7126.22044507788  1.062894E-15
7130.97684505656  1.062422E-15
7135.73324503525  1.047554E-15
7140.48964501394  1.033460E-15
7145.24604499263  1.016553E-15
7150.00244497131  1.039976E-15
7154.75884495  1.059344E-15
7159.51524492869  1.017516E-15
7164.27164490738  9.851711E-16
7169.02804488606  9.933366E-16
7173.78444486475  9.715778E-16
7178.54084484344  9.292586E-16
7183.29724482213  9.346626E-16
7188.05364480081  9.313197E-16
7192.8100447795  8.963454E-16
7197.56644475819  9.181978E-16
7202.32284473688  9.332083E-16
7207.07924471556  9.392968E-16
7211.83564469425  9.740650E-16
7216.59204467294  9.648976E-16
7221.34844465162  9.795661E-16
7226.10484463031  9.770475E-16
7230.861244609  9.685304E-16
7235.61764458769  9.356187E-16
7240.37404456637  9.307811E-16
7245.13044454506  9.399704E-16
7249.88684452375  9.171761E-16
7254.64324450244  9.136419E-16
7259.39964448112  9.298108E-16
7264.15604445981  9.236919E-16
7268.9124444385  9.202817E-16
7273.66884441719  9.061294E-16
7278.42524439587  9.195406E-16
7283.18164437456  9.074950E-16
7287.93804435325  9.066895E-16
7292.69444433193  9.179009E-16
7297.45084431062  9.054185E-16
7302.20724428931  8.991342E-16
7306.963644268  9.007616E-16
7311.72004424668  9.043525E-16
7316.47644422537  8.903439E-16
7321.23284420406  9.086305E-16
7325.98924418275  9.459806E-16
7330.74564416143  9.143919E-16
7335.50204414012  9.157154E-16
7340.25844411881  9.034803E-16
7345.01484409749  8.987903E-16
7349.77124407618  9.057580E-16
7354.52764405487  8.923868E-16
7359.28404403356  8.811039E-16
7364.04044401224  8.961669E-16
7368.79684399093  8.645286E-16
7373.55324396962  8.558767E-16
7378.3096439483  8.624368E-16
7383.06604392699  8.378466E-16
7387.82244390568  8.327889E-16
7392.57884388437  8.543332E-16
7397.33524386306  8.703987E-16
7402.09164384174  8.672099E-16
7406.84804382043  8.653054E-16
7411.60444379912  8.762855E-16
7416.3608437778  8.635765E-16
7421.11724375649  8.458230E-16
7425.87364373518  8.909366E-16
7430.63004371387  8.996346E-16
7435.38644369255  8.863697E-16
7440.14284367124  8.533877E-16
7444.89924364993  8.549980E-16
7449.65564362861  8.740657E-16
7454.4120436073  8.550663E-16
7459.16844358599  8.633798E-16
7463.92484356468  8.874477E-16
7468.68124354336  8.817170E-16
7473.43764352205  8.636785E-16
7478.19404350074  8.713539E-16
7482.95044347943  8.710165E-16
7487.70684345811  8.580263E-16
7492.4632434368  8.508058E-16
7497.21964341549  8.502869E-16
7501.97604339418  8.604681E-16
7506.73244337286  8.811907E-16
7511.48884335155  8.748019E-16
7516.24524333024  8.607366E-16
7521.00164330893  8.507460E-16
7525.75804328761  8.302401E-16
7530.5144432663  8.447412E-16
7535.27084324499  8.454234E-16
7540.02724322367  8.554771E-16
7544.78364320236  8.852727E-16
7549.54004318105  8.450891E-16
7554.29644315974  8.424212E-16
7559.05284313842  8.552222E-16
7563.80924311711  8.366692E-16
7568.5656430958  8.370310E-16
7573.32204307449  8.503068E-16
7578.07844305317  8.373408E-16
7582.83484303186  8.128732E-16
7587.59124301055  7.641198E-16
7592.34764298924  6.389542E-16
7597.10404296792  4.746432E-16
7601.86044294661  3.783606E-16
7606.6168429253  3.695866E-16
7611.37324290399  4.404667E-16
7616.12964288267  5.574900E-16
7620.88604286136  5.792760E-16
7625.64244284005  5.120541E-16
7630.39884281873  4.957110E-16
7635.15524279742  5.330252E-16
7639.91164277611  5.678381E-16
7644.66804275479  5.931388E-16
7649.42444273348  6.299722E-16
7654.18084271217  6.727389E-16
7658.93724269086  7.013547E-16
7663.69364266955  7.397393E-16
7668.45004264823  7.481194E-16
7673.20644262692  7.647145E-16
7677.96284260561  7.583773E-16
7682.71924258429  7.790555E-16
7687.47564256298  8.102366E-16
7692.23204254167  8.079186E-16
7696.98844252036  7.964511E-16
7701.74484249904  7.733218E-16
7706.50124247773  7.991943E-16
7711.25764245642  8.182042E-16
7716.01404243511  7.838322E-16
7720.77044241379  7.861031E-16
7725.52684239248  7.652543E-16
7730.28324237117  7.991660E-16
7735.03964234986  7.947429E-16
7739.79604232854  8.093654E-16
7744.55244230723  7.984919E-16
7749.30884228592  7.923606E-16
7754.0652422646  7.734486E-16
7758.82164224329  7.822166E-16
7763.57804222198  7.796046E-16
7768.33444220066  7.933620E-16
7773.09084217935  7.974760E-16
7777.84724215804  7.818189E-16
7782.60364213673  7.977371E-16
7787.36004211541  7.726173E-16
7792.1164420941  7.732883E-16
7796.87284207279  7.603422E-16
7801.62924205148  7.582727E-16
7806.38564203016  7.841379E-16
7811.14204200885  7.829510E-16
7815.89844198754  7.893206E-16
7820.65484196623  8.150176E-16
7825.41124194491  7.907030E-16
7830.1676419236  7.748068E-16
7834.92404190229  7.837216E-16
7839.68044188098  7.951761E-16
7844.43684185966  7.979221E-16
7849.19324183835  7.754942E-16
7853.94964181704  8.003849E-16
7858.70604179572  7.940171E-16
7863.46244177441  8.321562E-16
7868.2188417531  8.237751E-16
7872.97524173179  8.283783E-16
7877.73164171047  8.150072E-16
7882.48804168916  8.065421E-16
7887.24444166785  8.151436E-16
7892.00084164654  8.035615E-16
7896.75724162522  8.025590E-16
7901.51364160391  8.315152E-16
7906.2700415826  8.283672E-16
7911.02644156129  8.056305E-16
7915.78284153997  8.173559E-16
7920.53924151866  8.250735E-16
7925.29564149735  8.566569E-16
7930.05204147604  8.565183E-16
7934.80844145472  8.501355E-16
7939.56484143341  8.269917E-16
7944.3212414121  8.236027E-16
7949.07764139078  8.228474E-16
7953.83404136947  8.111339E-16
7958.59044134816  8.102787E-16
7963.34684132684  8.328875E-16
7968.10324130553  8.382427E-16
7972.85964128422  8.300179E-16
7977.61604126291  8.444187E-16
7982.37244124159  8.331278E-16
7987.12884122028  8.427911E-16
7991.88524119897  8.160826E-16
7996.64164117766  8.344548E-16
8001.39804115635  8.155545E-16
8006.15444113503  8.097602E-16
8010.91084111372  8.332971E-16
8015.66724109241  8.473164E-16
8020.42364107109  8.232545E-16
8025.18004104978  8.177791E-16
8029.93644102847  8.226385E-16
8034.69284100716  7.970086E-16
8039.44924098584  7.948495E-16
8044.20564096453  7.875952E-16
8048.96204094322  7.769495E-16
8053.71844092191  7.993081E-16
8058.47484090059  7.542606E-16
8063.23124087928  7.881745E-16
8067.98764085797  7.705030E-16
8072.74404083665  7.676515E-16
8077.50044081534  7.876487E-16
8082.25684079403  7.768076E-16
8087.01324077272  7.683505E-16
8091.7696407514  7.844521E-16
8096.52604073009  7.887274E-16
8101.28244070878  7.951896E-16
8106.03884068746  8.109785E-16
8110.79524066615  7.633402E-16
8115.55164064484  7.364090E-16
8120.30804062353  7.508169E-16
8125.06444060221  7.542400E-16
8129.8208405809  7.248915E-16
8134.57724055959  7.314474E-16
8139.33364053828  7.248303E-16
8144.09004051696  7.045792E-16
8148.84644049565  6.890302E-16
8153.60284047434  6.935028E-16
8158.35924045303  6.981789E-16
8163.11564043171  6.813060E-16
8167.8720404104  6.767410E-16
8172.62844038909  6.573180E-16
8177.38484036778  6.627160E-16
8182.14124034646  6.798025E-16
8186.89764032515  6.585361E-16
8191.65404030384  6.825106E-16
8196.41044028252  6.796255E-16
8201.16684026121  6.684900E-16
8205.9232402399  6.788940E-16
8210.67964021859  6.961315E-16
8215.43604019727  6.892035E-16
8220.19244017596  6.576884E-16
8224.94884015465  6.533595E-16
8229.70524013334  6.680311E-16
8234.46164011202  6.570470E-16
8239.21804009071  6.877428E-16
8243.9744400694  7.324280E-16
