#OBJECT = AS-19aeb
#MJD-OBS = 58846.209653
#DATE-OBS = 2019-12-29T05:01:54
#EXPTIME = 1220.000000
#AIRMASS = 1.296000
# 
#TELESCOPE = UH88
#INSTRUMENT = SNIFS
#FLUXCAL = RELATIVE
#WL FL ERR
#[Ang] [erg/s/cm2/A] [erg/s/cm2/A]
3308.060000 -6.606971e-17 7.354896e-17
3315.060000 -1.005674e-16 6.884003e-17
3322.060000 1.147827e-16 6.625242e-17
3329.060000 2.991008e-16 6.500578e-17
3336.060000 1.988117e-16 6.291732e-17
3343.060000 5.284180e-16 6.020934e-17
3350.060000 1.471454e-16 5.725546e-17
3357.060000 9.999730e-18 5.500665e-17
3364.060000 7.995731e-17 5.355801e-17
3371.060000 2.339102e-16 5.385871e-17
3378.060000 1.045707e-16 5.259385e-17
3385.060000 3.461906e-16 5.219852e-17
3392.060000 3.390096e-16 5.053585e-17
3399.060000 2.971992e-16 5.220717e-17
3406.060000 2.738770e-16 5.080897e-17
3413.060000 4.664142e-16 5.003699e-17
3420.060000 3.483645e-16 4.975970e-17
3427.060000 5.004660e-16 4.804107e-17
3434.060000 2.272044e-16 4.541339e-17
3441.060000 4.415186e-16 4.351122e-17
3448.060000 2.582204e-16 4.200165e-17
3455.060000 4.627178e-16 4.111152e-17
3462.060000 3.946039e-16 3.946523e-17
3469.060000 2.063567e-16 3.893432e-17
3476.060000 4.243005e-16 3.803872e-17
3483.060000 3.562191e-16 3.724724e-17
3490.060000 4.326532e-16 3.666117e-17
3497.060000 3.785496e-16 3.616856e-17
3504.060000 4.212057e-16 3.620747e-17
3511.060000 4.236194e-16 3.671332e-17
3518.060000 5.392602e-16 3.640997e-17
3525.060000 3.613369e-16 3.671945e-17
3532.060000 5.213524e-16 3.738431e-17
3539.060000 5.849724e-16 3.733306e-17
3546.060000 5.206511e-16 3.676831e-17
3553.060000 4.853118e-16 3.565884e-17
3560.060000 5.352370e-16 3.427637e-17
3567.060000 6.231089e-16 3.338751e-17
3574.060000 5.978982e-16 3.268211e-17
3581.060000 5.362295e-16 3.231697e-17
3588.060000 4.906773e-16 3.135989e-17
3595.060000 6.052317e-16 3.098874e-17
3602.060000 5.997426e-16 3.021431e-17
3609.060000 5.030750e-16 2.986529e-17
3616.060000 5.832280e-16 3.028860e-17
3623.060000 7.447727e-16 3.003552e-17
3630.060000 7.282541e-16 3.132408e-17
3637.060000 6.644050e-16 3.118671e-17
3644.060000 7.220656e-16 3.110238e-17
3651.060000 6.413048e-16 3.123984e-17
3658.060000 6.660177e-16 3.074963e-17
3665.060000 7.132034e-16 2.976532e-17
3672.060000 5.868253e-16 2.859204e-17
3679.060000 4.825219e-16 2.746502e-17
3686.060000 4.459608e-16 2.670096e-17
3693.060000 5.634821e-16 2.615788e-17
3700.060000 4.699307e-16 2.558482e-17
3707.060000 4.309763e-16 2.490882e-17
3714.060000 4.668757e-16 2.469488e-17
3721.060000 3.795803e-16 2.405893e-17
3728.060000 3.340055e-16 2.383834e-17
3735.060000 1.592889e-16 2.353604e-17
3742.060000 3.102404e-16 2.344609e-17
3749.060000 2.684481e-16 2.318508e-17
3756.060000 1.670541e-16 2.324259e-17
3763.060000 1.550086e-16 2.300516e-17
3770.060000 2.508300e-17 2.353463e-17
3777.060000 1.883578e-16 2.363301e-17
3784.060000 1.935442e-16 2.317852e-17
3791.060000 2.008796e-16 2.200638e-17
3798.060000 1.787773e-16 2.152508e-17
3805.060000 2.033360e-16 2.116252e-17
3812.060000 2.089059e-16 2.073921e-17
3819.060000 2.123769e-16 2.061596e-17
3826.060000 2.023022e-16 2.054024e-17
3833.060000 2.593834e-16 2.077316e-17
3840.060000 2.277073e-16 2.097126e-17
3847.060000 3.483422e-16 2.103998e-17
3854.060000 2.548739e-16 2.103763e-17
3861.060000 3.620549e-16 2.118913e-17
3868.060000 3.970035e-16 2.104630e-17
3875.060000 4.491869e-16 2.106588e-17
3882.060000 4.275630e-16 2.159423e-17
3889.060000 4.139096e-16 2.206006e-17
3896.060000 4.330260e-16 2.198352e-17
3903.060000 4.844083e-16 2.157322e-17
3910.060000 5.512365e-16 2.130767e-17
3917.060000 5.544230e-16 2.089564e-17
3924.060000 5.012507e-16 2.021755e-17
3931.060000 5.145631e-16 2.000057e-17
3938.060000 5.080964e-16 2.009972e-17
3945.060000 6.490865e-16 2.048872e-17
3952.060000 7.108481e-16 2.054357e-17
3959.060000 6.701760e-16 2.066708e-17
3966.060000 7.688464e-16 2.093241e-17
3973.060000 7.905415e-16 2.152637e-17
3980.060000 7.863812e-16 2.186754e-17
3987.060000 9.228354e-16 2.200372e-17
3994.060000 8.619783e-16 2.243907e-17
4001.060000 8.835882e-16 2.273741e-17
4008.060000 8.646713e-16 2.246679e-17
4015.060000 9.101146e-16 2.233040e-17
4022.060000 9.317878e-16 2.179629e-17
4029.060000 9.716709e-16 2.142191e-17
4036.060000 9.518800e-16 2.096880e-17
4043.060000 9.927425e-16 2.044634e-17
4050.060000 9.201772e-16 2.009414e-17
4057.060000 9.578710e-16 1.983607e-17
4064.060000 9.741738e-16 2.007735e-17
4071.060000 9.384413e-16 2.017296e-17
4078.060000 9.068064e-16 2.021296e-17
4085.060000 8.197595e-16 2.007206e-17
4092.060000 8.037179e-16 1.999874e-17
4099.060000 7.887950e-16 2.043371e-17
4106.060000 8.351502e-16 2.048884e-17
4113.060000 8.994162e-16 2.064658e-17
4120.060000 9.432700e-16 2.074422e-17
4127.060000 8.759706e-16 2.072826e-17
4134.060000 9.436149e-16 2.066604e-17
4141.060000 9.364556e-16 2.041298e-17
4148.060000 1.016293e-15 1.991597e-17
4155.060000 8.955193e-16 1.931214e-17
4162.060000 1.021089e-15 1.910785e-17
4169.060000 9.482553e-16 1.876981e-17
4176.060000 9.660024e-16 1.860707e-17
4183.060000 9.526248e-16 1.830886e-17
4190.060000 9.122623e-16 1.809860e-17
4197.060000 8.844443e-16 1.806559e-17
4204.060000 1.002385e-15 1.803559e-17
4211.060000 9.725986e-16 1.812890e-17
4218.060000 9.001075e-16 1.813818e-17
4225.060000 9.571271e-16 1.835380e-17
4232.060000 9.149933e-16 1.850089e-17
4239.060000 7.911203e-16 1.844492e-17
4246.060000 8.010718e-16 1.862615e-17
4253.060000 8.276655e-16 1.867708e-17
4260.060000 7.781182e-16 1.839595e-17
4267.060000 7.633617e-16 1.805878e-17
4274.060000 8.070482e-16 1.759627e-17
4281.060000 7.430183e-16 1.719308e-17
4288.060000 7.883655e-16 1.695729e-17
4295.060000 7.341046e-16 1.660152e-17
4302.060000 7.068454e-16 1.629430e-17
4309.060000 6.986103e-16 1.632075e-17
4316.060000 6.597340e-16 1.616126e-17
4323.060000 6.622857e-16 1.613356e-17
4330.060000 6.527944e-16 1.611695e-17
4337.060000 5.980462e-16 1.618747e-17
4344.060000 5.858393e-16 1.657367e-17
4351.060000 5.736786e-16 1.665561e-17
4358.060000 6.052933e-16 1.673911e-17
4365.060000 5.943851e-16 1.705700e-17
4372.060000 5.558738e-16 1.705734e-17
4379.060000 5.164810e-16 1.653080e-17
4386.060000 5.211160e-16 1.615075e-17
4393.060000 4.617908e-16 1.585938e-17
4400.060000 4.369138e-16 1.552257e-17
4407.060000 4.446791e-16 1.541903e-17
4414.060000 5.155329e-16 1.529320e-17
4421.060000 4.919894e-16 1.512003e-17
4428.060000 5.293251e-16 1.511803e-17
4435.060000 6.025878e-16 1.526415e-17
4442.060000 5.536759e-16 1.533958e-17
4449.060000 6.023983e-16 1.538056e-17
4456.060000 5.617087e-16 1.549391e-17
4463.060000 5.876381e-16 1.566312e-17
4470.060000 6.158950e-16 1.576495e-17
4477.060000 6.021873e-16 1.607262e-17
4484.060000 6.619153e-16 1.637167e-17
4491.060000 6.624351e-16 1.669840e-17
4498.060000 6.971949e-16 1.673820e-17
4505.060000 6.407448e-16 1.633500e-17
4512.060000 6.632036e-16 1.599248e-17
4519.060000 5.788659e-16 1.578886e-17
4526.060000 5.809662e-16 1.540950e-17
4533.060000 5.783164e-16 1.517301e-17
4540.060000 5.043552e-16 1.510733e-17
4547.060000 6.354902e-16 1.505327e-17
4554.060000 5.567418e-16 1.498261e-17
4561.060000 6.392025e-16 1.512871e-17
4568.060000 5.762979e-16 1.527809e-17
4575.060000 6.305459e-16 1.560951e-17
4582.060000 6.949111e-16 1.587200e-17
4589.060000 6.263278e-16 1.606241e-17
4596.060000 6.231139e-16 1.629574e-17
4603.060000 6.634793e-16 1.643468e-17
4610.060000 6.616471e-16 1.686022e-17
4617.060000 6.622742e-16 1.654411e-17
4624.060000 6.650577e-16 1.617632e-17
4631.060000 6.406313e-16 1.590449e-17
4638.060000 6.487924e-16 1.558021e-17
4645.060000 6.787764e-16 1.531938e-17
4652.060000 7.266164e-16 1.517912e-17
4659.060000 6.679938e-16 1.492597e-17
4666.060000 6.529572e-16 1.482464e-17
4673.060000 6.428094e-16 1.476117e-17
4680.060000 7.475822e-16 1.502189e-17
4687.060000 6.572698e-16 1.508265e-17
4694.060000 6.829706e-16 1.543443e-17
4701.060000 7.173583e-16 1.567918e-17
4708.060000 7.332399e-16 1.593370e-17
4715.060000 6.910224e-16 1.610897e-17
4722.060000 7.490227e-16 1.649170e-17
4729.060000 6.799611e-16 1.651547e-17
4736.060000 7.005469e-16 1.614773e-17
4743.060000 6.497041e-16 1.591794e-17
4750.060000 6.118517e-16 1.573916e-17
4757.060000 5.936917e-16 1.540501e-17
4764.060000 5.695208e-16 1.518064e-17
4771.060000 5.692610e-16 1.513393e-17
4778.060000 5.619744e-16 1.497838e-17
4785.060000 5.857826e-16 1.491603e-17
4792.060000 5.580428e-16 1.487685e-17
4799.060000 5.836736e-16 1.493308e-17
4806.060000 5.180019e-16 1.487257e-17
4813.060000 5.257852e-16 1.499367e-17
4820.060000 6.048182e-16 1.548084e-17
4827.060000 5.779595e-16 1.535805e-17
4834.060000 5.023874e-16 1.570320e-17
4841.060000 4.980227e-16 1.600300e-17
4848.060000 6.054747e-16 1.629223e-17
4855.060000 5.321174e-16 1.613793e-17
4862.060000 4.531240e-16 1.611875e-17
4869.060000 4.452625e-16 1.582329e-17
4876.060000 4.754135e-16 1.574098e-17
4883.060000 4.317173e-16 1.577164e-17
4890.060000 5.327795e-16 1.590305e-17
4897.060000 5.605532e-16 1.927663e-17
4904.060000 6.003748e-16 3.001520e-17
4911.060000 6.003748e-16 3.001520e-17
4918.060000 6.003748e-16 3.001520e-17
4925.060000 6.003748e-16 3.001520e-17
4932.060000 6.003748e-16 3.001520e-17
4939.060000 6.003748e-16 3.001520e-17
4946.060000 6.003748e-16 3.001520e-17
4953.060000 6.003748e-16 3.001520e-17
4960.060000 6.003748e-16 3.001520e-17
4967.060000 6.003748e-16 3.001520e-17
4974.060000 6.003748e-16 3.001520e-17
4981.060000 6.003748e-16 3.001520e-17
4988.060000 6.003748e-16 3.001520e-17
4995.060000 6.003748e-16 3.001520e-17
5002.060000 6.003748e-16 3.001520e-17
5009.060000 6.003748e-16 3.001520e-17
5016.060000 6.003748e-16 3.001520e-17
5023.060000 6.003748e-16 3.001520e-17
5030.060000 6.003748e-16 3.001520e-17
5037.060000 6.003748e-16 3.001520e-17
5044.060000 6.003748e-16 3.001520e-17
5051.060000 5.515878e-16 2.960213e-17
5058.060000 5.342550e-16 3.867589e-17
5065.060000 5.342550e-16 3.867589e-17
5072.060000 5.342550e-16 3.867589e-17
5079.060000 5.342550e-16 3.867589e-17
5086.060000 5.342550e-16 3.867589e-17
5093.060000 5.342550e-16 3.867589e-17
5100.060000 5.342550e-16 3.867589e-17
5107.060000 5.342550e-16 3.867589e-17
5114.060000 5.342550e-16 3.867589e-17
5121.060000 5.342550e-16 3.867589e-17
5128.060000 5.342550e-16 3.867589e-17
5135.060000 5.342550e-16 3.867589e-17
5142.060000 5.342550e-16 3.867589e-17
5149.060000 5.342550e-16 3.867589e-17
5156.060000 5.342550e-16 3.867589e-17
5163.060000 5.342550e-16 3.867589e-17
5170.060000 5.342550e-16 3.867589e-17
5177.060000 5.342550e-16 3.867589e-17
5184.060000 5.342550e-16 3.867589e-17
5191.060000 5.342550e-16 3.867589e-17
5198.060000 5.342550e-16 3.867589e-17
5205.060000 5.863198e-16 2.311772e-17
5212.060000 4.938740e-16 2.234942e-17
5219.060000 5.045982e-16 2.258761e-17
5226.060000 5.982975e-16 2.279326e-17
5233.060000 6.028124e-16 2.184570e-17
5240.060000 6.256523e-16 2.236344e-17
5247.060000 6.236399e-16 2.177843e-17
5254.060000 5.915363e-16 2.119420e-17
5261.060000 5.453396e-16 2.095377e-17
5268.060000 5.518877e-16 1.993022e-17
5275.060000 5.630076e-16 1.987225e-17
5282.060000 5.244133e-16 1.940606e-17
5289.060000 4.951174e-16 1.836927e-17
5296.060000 5.637710e-16 1.850994e-17
5303.060000 5.776645e-16 1.767907e-17
5310.060000 5.436503e-16 1.780657e-17
5317.060000 5.242240e-16 1.753763e-17
5324.060000 5.417989e-16 1.637579e-17
5331.060000 5.640029e-16 1.657229e-17
5338.060000 5.617119e-16 1.610476e-17
5345.060000 5.655498e-16 1.631488e-17
5352.060000 5.619361e-16 1.620036e-17
5359.060000 5.749088e-16 1.536275e-17
5366.060000 5.213780e-16 1.542655e-17
5373.060000 4.790979e-16 1.481214e-17
5380.060000 4.425290e-16 1.451489e-17
5387.060000 4.092666e-16 1.423307e-17
5394.060000 4.083967e-16 1.358640e-17
5401.060000 4.138141e-16 1.389211e-17
5408.060000 4.291751e-16 1.361895e-17
5415.060000 4.135274e-16 1.331507e-17
5422.060000 3.879682e-16 1.338331e-17
5429.060000 3.968952e-16 1.293247e-17
5436.060000 3.968034e-16 1.348869e-17
5443.060000 3.948941e-16 1.345619e-17
5450.060000 3.893591e-16 1.260920e-17
5457.060000 3.671038e-16 1.275846e-17
5464.060000 4.152637e-16 1.250778e-17
5471.060000 4.430559e-16 1.285656e-17
5478.060000 4.083839e-16 1.272107e-17
5485.060000 4.480464e-16 1.231277e-17
5492.060000 4.505418e-16 1.259405e-17
5499.060000 4.596363e-16 1.225215e-17
5506.060000 4.873711e-16 1.223394e-17
5513.060000 4.868463e-16 1.234701e-17
5520.060000 4.488828e-16 1.182071e-17
5527.060000 4.532580e-16 1.211675e-17
5534.060000 4.719401e-16 1.214222e-17
5541.060000 4.644486e-16 1.182255e-17
5548.060000 4.243777e-16 1.181769e-17
5555.060000 4.405946e-16 1.141321e-17
5562.060000 4.382610e-16 1.186742e-17
5569.060000 4.253889e-16 1.208777e-17
5576.060000 4.360164e-16 1.317350e-17
5583.060000 4.120603e-16 1.253352e-17
5590.060000 3.965952e-16 1.109398e-17
5597.060000 3.963338e-16 1.117816e-17
5604.060000 4.076937e-16 1.109054e-17
5611.060000 4.288680e-16 1.070639e-17
5618.060000 4.435842e-16 1.105913e-17
5625.060000 4.650829e-16 1.090265e-17
5632.060000 4.543811e-16 1.089341e-17
5639.060000 4.384510e-16 1.090723e-17
5646.060000 4.849516e-16 1.069502e-17
5653.060000 4.743662e-16 1.113893e-17
5660.060000 5.057034e-16 1.093922e-17
5667.060000 5.496395e-16 1.081435e-17
5674.060000 5.245963e-16 1.095691e-17
5681.060000 5.285397e-16 1.065128e-17
5688.060000 5.379318e-16 1.104046e-17
5695.060000 5.241668e-16 1.089689e-17
5702.060000 5.410705e-16 1.047238e-17
5709.060000 5.300629e-16 1.068381e-17
5716.060000 5.444542e-16 1.049715e-17
5723.060000 5.319805e-16 1.073441e-17
5730.060000 5.508442e-16 1.071934e-17
5737.060000 5.595000e-16 1.033817e-17
5744.060000 5.480594e-16 1.050828e-17
5751.060000 5.391349e-16 1.024945e-17
5758.060000 5.498189e-16 1.026909e-17
5765.060000 5.471156e-16 1.034203e-17
5772.060000 5.348728e-16 9.865005e-18
5779.060000 5.490082e-16 1.021445e-17
5786.060000 5.443883e-16 1.006247e-17
5793.060000 5.433800e-16 9.881058e-18
5800.060000 5.218045e-16 1.006689e-17
5807.060000 5.541839e-16 9.883184e-18
5814.060000 5.867055e-16 1.038907e-17
5821.060000 5.520333e-16 1.019554e-17
5828.060000 5.416436e-16 9.786277e-18
5835.060000 5.248962e-16 9.879719e-18
5842.060000 5.437154e-16 9.676703e-18
5849.060000 5.272902e-16 9.913026e-18
5856.060000 5.139725e-16 9.806919e-18
5863.060000 5.584067e-16 9.654421e-18
5870.060000 5.438417e-16 9.884411e-18
5877.060000 5.246872e-16 9.638223e-18
5884.060000 5.076939e-16 9.862488e-18
5891.060000 5.032374e-16 1.019519e-17
5898.060000 5.220587e-16 9.748263e-18
5905.060000 5.182050e-16 9.791295e-18
5912.060000 4.939693e-16 9.576138e-18
5919.060000 5.023335e-16 9.414192e-18
5926.060000 4.945568e-16 9.483057e-18
5933.060000 5.040136e-16 9.214602e-18
5940.060000 5.212108e-16 9.559048e-18
5947.060000 5.266994e-16 9.490330e-18
5954.060000 5.232667e-16 9.190901e-18
5961.060000 5.406399e-16 9.343997e-18
5968.060000 5.025751e-16 9.066195e-18
5975.060000 5.326064e-16 9.389393e-18
5982.060000 5.228246e-16 9.231620e-18
5989.060000 5.280782e-16 8.856904e-18
5996.060000 5.147219e-16 9.127026e-18
6003.060000 5.360960e-16 8.957668e-18
6010.060000 5.295977e-16 9.007575e-18
6017.060000 5.372016e-16 9.048511e-18
6024.060000 5.095783e-16 8.643426e-18
6031.060000 5.076490e-16 8.880604e-18
6038.060000 5.146409e-16 8.854857e-18
6045.060000 5.085769e-16 8.669416e-18
6052.060000 5.245525e-16 8.838915e-18
6059.060000 5.057907e-16 8.504974e-18
6066.060000 5.004067e-16 8.820649e-18
6073.060000 5.059791e-16 8.778450e-18
6080.060000 5.048652e-16 8.474120e-18
6087.060000 5.125145e-16 8.619821e-18
6094.060000 4.872813e-16 8.356294e-18
6101.060000 5.084496e-16 8.616350e-18
6108.060000 5.414750e-16 8.657905e-18
6115.060000 5.102186e-16 8.337263e-18
6122.060000 5.262820e-16 8.513851e-18
6129.060000 4.982842e-16 8.300035e-18
6136.060000 5.016328e-16 8.387532e-18
6143.060000 4.803861e-16 8.366105e-18
6150.060000 4.798656e-16 8.102612e-18
6157.060000 4.653870e-16 8.251425e-18
6164.060000 4.666113e-16 8.155740e-18
6171.060000 4.626729e-16 8.177388e-18
6178.060000 4.781960e-16 8.247941e-18
6185.060000 4.689796e-16 7.968584e-18
6192.060000 4.532753e-16 8.205967e-18
6199.060000 4.665914e-16 8.187887e-18
6206.060000 4.236929e-16 7.842927e-18
6213.060000 4.260209e-16 7.943346e-18
6220.060000 3.813990e-16 7.618251e-18
6227.060000 3.711157e-16 7.775246e-18
6234.060000 3.678675e-16 7.893283e-18
6241.060000 3.405804e-16 7.391255e-18
6248.060000 3.113160e-16 7.368813e-18
6255.060000 2.981112e-16 7.272552e-18
6262.060000 3.008918e-16 7.339933e-18
6269.060000 2.844870e-16 7.221863e-18
6276.060000 2.418223e-16 6.788676e-18
6283.060000 2.307831e-16 7.032452e-18
6290.060000 1.955472e-16 7.325581e-18
6297.060000 2.923553e-16 1.019301e-17
6304.060000 3.249765e-16 1.058260e-17
6311.060000 2.656921e-16 7.331457e-18
6318.060000 2.564149e-16 7.094391e-18
6325.060000 2.809192e-16 7.234163e-18
6332.060000 2.695067e-16 6.999153e-18
6339.060000 3.022235e-16 7.106181e-18
6346.060000 3.085441e-16 7.031677e-18
6353.060000 3.087027e-16 7.456452e-18
6360.060000 3.424163e-16 8.424849e-18
6367.060000 3.829842e-16 8.402245e-18
6374.060000 3.737762e-16 7.471625e-18
6381.060000 3.936079e-16 7.369674e-18
6388.060000 3.904896e-16 7.463856e-18
6395.060000 4.118632e-16 7.516095e-18
6402.060000 4.565669e-16 7.375070e-18
6409.060000 4.502983e-16 7.620850e-18
6416.060000 4.469615e-16 7.523108e-18
6423.060000 4.430126e-16 7.427073e-18
6430.060000 4.487639e-16 7.518597e-18
6437.060000 4.330851e-16 7.259953e-18
6444.060000 4.521989e-16 7.597945e-18
6451.060000 4.542683e-16 7.593004e-18
6458.060000 4.590163e-16 7.403036e-18
6465.060000 4.665062e-16 7.665259e-18
6472.060000 4.572785e-16 7.500289e-18
6479.060000 4.803343e-16 7.704438e-18
6486.060000 4.813106e-16 7.732891e-18
6493.060000 4.579847e-16 7.471593e-18
6500.060000 4.742066e-16 7.873482e-18
6507.060000 4.504182e-16 7.496461e-18
6514.060000 4.521458e-16 7.493552e-18
6521.060000 4.726568e-16 7.574720e-18
6528.060000 4.438924e-16 7.299335e-18
6535.060000 4.267436e-16 7.563113e-18
6542.060000 4.402369e-16 7.421098e-18
6549.060000 4.412674e-16 7.443252e-18
6556.060000 4.481538e-16 7.592291e-18
6563.060000 4.595520e-16 7.473870e-18
6570.060000 4.345227e-16 7.511695e-18
6577.060000 4.122092e-16 7.392636e-18
6584.060000 4.222072e-16 7.113947e-18
6591.060000 4.407903e-16 7.235661e-18
6598.060000 3.951545e-16 7.068139e-18
6605.060000 4.114194e-16 7.305973e-18
6612.060000 4.206640e-16 7.254980e-18
6619.060000 4.255093e-16 6.953931e-18
6626.060000 4.281542e-16 7.154577e-18
6633.060000 3.984330e-16 6.984191e-18
6640.060000 4.278132e-16 7.141324e-18
6647.060000 4.030245e-16 7.092428e-18
6654.060000 3.960957e-16 6.800890e-18
6661.060000 3.822731e-16 6.937586e-18
6668.060000 3.694038e-16 6.846649e-18
6675.060000 3.779554e-16 6.777796e-18
6682.060000 3.833578e-16 6.851450e-18
6689.060000 3.741255e-16 6.651496e-18
6696.060000 3.680936e-16 6.838705e-18
6703.060000 3.640233e-16 6.788005e-18
6710.060000 3.711331e-16 6.615417e-18
6717.060000 3.496243e-16 6.686698e-18
6724.060000 3.490470e-16 6.502418e-18
6731.060000 3.674485e-16 6.792046e-18
6738.060000 3.480495e-16 6.714069e-18
6745.060000 3.469546e-16 6.495943e-18
6752.060000 3.374039e-16 6.636377e-18
6759.060000 3.345250e-16 6.499518e-18
6766.060000 3.332085e-16 6.546280e-18
6773.060000 3.223015e-16 6.557537e-18
6780.060000 3.126674e-16 6.357964e-18
6787.060000 3.145245e-16 6.569701e-18
6794.060000 3.166792e-16 6.433074e-18
6801.060000 3.247328e-16 6.347844e-18
6808.060000 3.163325e-16 6.423237e-18
6815.060000 3.328792e-16 6.314580e-18
6822.060000 3.172964e-16 6.573702e-18
6829.060000 3.308624e-16 6.996656e-18
6836.060000 3.165340e-16 6.745113e-18
6843.060000 2.875713e-16 6.548158e-18
6850.060000 2.838415e-16 6.230674e-18
6857.060000 3.031653e-16 6.594926e-18
6864.060000 2.896446e-16 7.015400e-18
6871.060000 2.540781e-16 6.190852e-18
6878.060000 2.748704e-16 6.311647e-18
6885.060000 2.797876e-16 6.434723e-18
6892.060000 2.742072e-16 6.572586e-18
6899.060000 2.873110e-16 6.692832e-18
6906.060000 2.903435e-16 6.477237e-18
6913.060000 3.098917e-16 6.845347e-18
6920.060000 2.772084e-16 6.890187e-18
6927.060000 2.988738e-16 6.884757e-18
6934.060000 2.985182e-16 6.760572e-18
6941.060000 3.010185e-16 6.725395e-18
6948.060000 3.063741e-16 7.162331e-18
6955.060000 2.983281e-16 6.915486e-18
6962.060000 2.830394e-16 6.576820e-18
6969.060000 2.777228e-16 6.774013e-18
6976.060000 2.887521e-16 6.714323e-18
6983.060000 3.024072e-16 6.841421e-18
6990.060000 2.780419e-16 6.695427e-18
6997.060000 2.815885e-16 6.410057e-18
7004.060000 2.887758e-16 6.651082e-18
7011.060000 3.016751e-16 6.622248e-18
7018.060000 2.902746e-16 6.614218e-18
7025.060000 2.733847e-16 6.653179e-18
7032.060000 2.769810e-16 6.449227e-18
7039.060000 2.619561e-16 6.629169e-18
7046.060000 2.750253e-16 6.622533e-18
7053.060000 2.673077e-16 6.512623e-18
7060.060000 2.711174e-16 6.563697e-18
7067.060000 2.658133e-16 6.340519e-18
7074.060000 2.688483e-16 6.606877e-18
7081.060000 2.763504e-16 6.579691e-18
7088.060000 2.642170e-16 6.372948e-18
7095.060000 2.729246e-16 6.500188e-18
7102.060000 2.573878e-16 6.269692e-18
7109.060000 2.832131e-16 6.538102e-18
7116.060000 2.683092e-16 6.548657e-18
7123.060000 2.774074e-16 6.319745e-18
7130.060000 2.755667e-16 6.492529e-18
7137.060000 2.546211e-16 6.323031e-18
7144.060000 2.683384e-16 6.463828e-18
7151.060000 2.504264e-16 6.433593e-18
7158.060000 2.532788e-16 6.158692e-18
7165.060000 2.458129e-16 6.327921e-18
7172.060000 2.517507e-16 6.259840e-18
7179.060000 2.589931e-16 6.236340e-18
7186.060000 2.422768e-16 6.231425e-18
7193.060000 2.241652e-16 5.966624e-18
7200.060000 2.183878e-16 6.202512e-18
7207.060000 2.299143e-16 6.194478e-18
7214.060000 2.374831e-16 6.096243e-18
7221.060000 2.443998e-16 6.244997e-18
7228.060000 2.330946e-16 6.154605e-18
7235.060000 2.377822e-16 7.003686e-18
7242.060000 2.483140e-16 8.072073e-18
7249.060000 2.499132e-16 7.113430e-18
7256.060000 2.525137e-16 6.654758e-18
7263.060000 2.441349e-16 6.283512e-18
7270.060000 2.489840e-16 6.890070e-18
7277.060000 2.451160e-16 8.057134e-18
7284.060000 2.681431e-16 7.162051e-18
7291.060000 2.447344e-16 6.704428e-18
7298.060000 2.463581e-16 6.663437e-18
7305.060000 2.282923e-16 6.756925e-18
7312.060000 2.565885e-16 7.212311e-18
7319.060000 2.443485e-16 7.342867e-18
7326.060000 2.464497e-16 7.068689e-18
7333.060000 2.469549e-16 7.285252e-18
7340.060000 2.847891e-16 7.918001e-18
7347.060000 2.503444e-16 7.348516e-18
7354.060000 2.233110e-16 6.715818e-18
7361.060000 2.358593e-16 7.303234e-18
7368.060000 2.633493e-16 7.802649e-18
7375.060000 2.542855e-16 7.016542e-18
7382.060000 2.399931e-16 6.608231e-18
7389.060000 2.155610e-16 6.595125e-18
7396.060000 2.118716e-16 7.019332e-18
7403.060000 2.497210e-16 7.242167e-18
7410.060000 2.348222e-16 6.383390e-18
7417.060000 2.190261e-16 6.376540e-18
7424.060000 2.276054e-16 6.377171e-18
7431.060000 2.292784e-16 6.590107e-18
7438.060000 2.220112e-16 6.789996e-18
7445.060000 2.162541e-16 6.367395e-18
7452.060000 2.081277e-16 6.482361e-18
7459.060000 2.124203e-16 6.551962e-18
7466.060000 2.319478e-16 6.826984e-18
7473.060000 2.227670e-16 7.162497e-18
7480.060000 2.345696e-16 7.013593e-18
7487.060000 2.420598e-16 7.135134e-18
7494.060000 2.185720e-16 6.776692e-18
7501.060000 2.061531e-16 6.349472e-18
7508.060000 1.997629e-16 6.425843e-18
7515.060000 1.999376e-16 6.450803e-18
7522.060000 2.308144e-16 7.631460e-18
7529.060000 2.211181e-16 7.527609e-18
7536.060000 2.039555e-16 6.462795e-18
7543.060000 1.883981e-16 6.461953e-18
7550.060000 2.091150e-16 6.368741e-18
7557.060000 1.967253e-16 6.574763e-18
7564.060000 2.011890e-16 6.644041e-18
7571.060000 2.206457e-16 6.983682e-18
7578.060000 1.998103e-16 6.730821e-18
7585.060000 1.829320e-16 6.475240e-18
7592.060000 1.552096e-16 6.006599e-18
7599.060000 9.886193e-17 5.831670e-18
7606.060000 6.868540e-17 5.035922e-18
7613.060000 9.038068e-17 5.450626e-18
7620.060000 1.152005e-16 5.822312e-18
7627.060000 9.602674e-17 5.583943e-18
7634.060000 8.485457e-17 5.495312e-18
7641.060000 9.964463e-17 5.290286e-18
7648.060000 1.185580e-16 5.715132e-18
7655.060000 1.098288e-16 5.918441e-18
7662.060000 1.570004e-16 6.018549e-18
7669.060000 1.496521e-16 6.090481e-18
7676.060000 1.689453e-16 6.032055e-18
7683.060000 1.628668e-16 6.531091e-18
7690.060000 1.621663e-16 6.922322e-18
7697.060000 1.707348e-16 6.643185e-18
7704.060000 1.575699e-16 7.020339e-18
7711.060000 1.868258e-16 8.295050e-18
7718.060000 1.989813e-16 8.808887e-18
7725.060000 1.761636e-16 7.764022e-18
7732.060000 2.042849e-16 7.116347e-18
7739.060000 1.711512e-16 7.416090e-18
7746.060000 1.730615e-16 8.258736e-18
7753.060000 1.914360e-16 8.969346e-18
7760.060000 1.690248e-16 8.098537e-18
7767.060000 1.817308e-16 7.199875e-18
7774.060000 1.717854e-16 7.474705e-18
7781.060000 1.896715e-16 7.623424e-18
7788.060000 1.662613e-16 7.453545e-18
7795.060000 1.894057e-16 8.582716e-18
7802.060000 1.828613e-16 7.316014e-18
7809.060000 1.824035e-16 7.495883e-18
7816.060000 1.798802e-16 7.793384e-18
7823.060000 2.197615e-16 8.506300e-18
7830.060000 1.751757e-16 7.291235e-18
7837.060000 1.669835e-16 7.234111e-18
7844.060000 1.657156e-16 7.581125e-18
7851.060000 2.003748e-16 8.899687e-18
7858.060000 2.108619e-16 8.847743e-18
7865.060000 1.803014e-16 8.442792e-18
7872.060000 1.832409e-16 8.574364e-18
7879.060000 1.737436e-16 7.721061e-18
7886.060000 1.823533e-16 7.948659e-18
7893.060000 1.903687e-16 7.655402e-18
7900.060000 1.636926e-16 7.071100e-18
7907.060000 1.760804e-16 7.883901e-18
7914.060000 2.479847e-16 1.005624e-17
7921.060000 2.177368e-16 9.158232e-18
7928.060000 2.176767e-16 8.077020e-18
7935.060000 1.686871e-16 7.659414e-18
7942.060000 1.730312e-16 7.357033e-18
7949.060000 2.031389e-16 7.638841e-18
7956.060000 1.915028e-16 7.769084e-18
7963.060000 2.501786e-16 9.339140e-18
7970.060000 1.956591e-16 8.538591e-18
7977.060000 1.948223e-16 8.210478e-18
7984.060000 1.612604e-16 7.851271e-18
7991.060000 2.544462e-16 9.761981e-18
7998.060000 2.205255e-16 9.228757e-18
8005.060000 1.609529e-16 7.193872e-18
8012.060000 1.729081e-16 7.914050e-18
8019.060000 1.684191e-16 7.997837e-18
8026.060000 2.053127e-16 9.197340e-18
8033.060000 1.818706e-16 7.994870e-18
8040.060000 1.651277e-16 7.010318e-18
8047.060000 1.520107e-16 7.359299e-18
8054.060000 1.519086e-16 7.550030e-18
8061.060000 1.648441e-16 7.936309e-18
8068.060000 1.616984e-16 7.568390e-18
8075.060000 1.489572e-16 6.876029e-18
8082.060000 1.487264e-16 7.089412e-18
8089.060000 1.413589e-16 7.033485e-18
8096.060000 1.449037e-16 7.145156e-18
8103.060000 1.270335e-16 7.396224e-18
8110.060000 1.084559e-16 6.819157e-18
8117.060000 1.163881e-16 7.045113e-18
8124.060000 1.030326e-16 6.993374e-18
8131.060000 9.848806e-17 6.620207e-18
8138.060000 1.171884e-16 6.952892e-18
8145.060000 1.080846e-16 6.796638e-18
8152.060000 9.824934e-17 6.949753e-18
8159.060000 9.991274e-17 6.866119e-18
8166.060000 1.026814e-16 6.519600e-18
8173.060000 1.062121e-16 6.749701e-18
8180.060000 1.156047e-16 6.692642e-18
8187.060000 1.103339e-16 6.862834e-18
8194.060000 1.181219e-16 6.928163e-18
8201.060000 1.193707e-16 6.772524e-18
8208.060000 1.124636e-16 6.996515e-18
8215.060000 1.110630e-16 6.869788e-18
8222.060000 9.153360e-17 6.691499e-18
8229.060000 8.196494e-17 6.734588e-18
8236.060000 6.754781e-17 6.643243e-18
8243.060000 9.601664e-17 7.064610e-18
8250.060000 1.032690e-16 7.131649e-18
8257.060000 9.704897e-17 6.839192e-18
8264.060000 1.022873e-16 7.035168e-18
8271.060000 8.186257e-17 7.102847e-18
8278.060000 9.530861e-17 8.885473e-18
8285.060000 1.484075e-16 1.010938e-17
8292.060000 1.654868e-16 9.701564e-18
8299.060000 1.474037e-16 1.040183e-17
8306.060000 1.403479e-16 8.557788e-18
8313.060000 1.320602e-16 8.159966e-18
8320.060000 1.206629e-16 7.596019e-18
8327.060000 1.323693e-16 7.266223e-18
8334.060000 9.686240e-17 7.945103e-18
8341.060000 1.778286e-16 1.110233e-17
8348.060000 1.997223e-16 1.233512e-17
8355.060000 1.848945e-16 1.007743e-17
8362.060000 1.562534e-16 8.467563e-18
8369.060000 1.467146e-16 8.442737e-18
8376.060000 1.599446e-16 8.331792e-18
8383.060000 1.793860e-16 8.989221e-18
8390.060000 1.433108e-16 8.479999e-18
8397.060000 1.962210e-16 1.107945e-17
8404.060000 1.613332e-16 1.058113e-17
8411.060000 1.610462e-16 9.134471e-18
8418.060000 1.166178e-16 9.209804e-18
8425.060000 1.592030e-16 1.019822e-17
8432.060000 1.975869e-16 1.215836e-17
8439.060000 1.456428e-16 8.594664e-18
8446.060000 1.729381e-16 8.617711e-18
8453.060000 1.694519e-16 9.192345e-18
8460.060000 1.494396e-16 9.644704e-18
8467.060000 1.750257e-16 1.101548e-17
8474.060000 1.424135e-16 8.243639e-18
8481.060000 1.282597e-16 7.814583e-18
8488.060000 1.356664e-16 7.906823e-18
8495.060000 1.352275e-16 9.014146e-18
8502.060000 1.848675e-16 9.427572e-18
8509.060000 1.406459e-16 8.852166e-18
8516.060000 1.367984e-16 7.951045e-18
8523.060000 1.298244e-16 7.793856e-18
8530.060000 1.319175e-16 8.101316e-18
8537.060000 1.577342e-16 8.523327e-18
8544.060000 1.715475e-16 8.478279e-18
8551.060000 1.682922e-16 8.996139e-18
8558.060000 1.400454e-16 8.143122e-18
8565.060000 1.562816e-16 8.123356e-18
8572.060000 1.629817e-16 8.181305e-18
8579.060000 1.359119e-16 7.866305e-18
8586.060000 1.331525e-16 8.211367e-18
8593.060000 1.494909e-16 8.297378e-18
8600.060000 1.613801e-16 8.223629e-18
8607.060000 1.605010e-16 8.142634e-18
8614.060000 1.770558e-16 8.048543e-18
8621.060000 1.632860e-16 8.672123e-18
8628.060000 1.652428e-16 9.071316e-18
8635.060000 1.677382e-16 8.752439e-18
8642.060000 1.672890e-16 8.765692e-18
8649.060000 1.823630e-16 8.803129e-18
8656.060000 2.073190e-16 9.353155e-18
8663.060000 2.003202e-16 9.396064e-18
8670.060000 1.998512e-16 8.846163e-18
8677.060000 2.138633e-16 8.907164e-18
8684.060000 2.172691e-16 8.600479e-18
8691.060000 1.947773e-16 8.616015e-18
8698.060000 1.856962e-16 8.755337e-18
8705.060000 1.921474e-16 8.484638e-18
8712.060000 2.025508e-16 8.781060e-18
8719.060000 1.853336e-16 8.608645e-18
8726.060000 1.916400e-16 8.589684e-18
8733.060000 1.999026e-16 8.852920e-18
8740.060000 1.742131e-16 8.457437e-18
8747.060000 1.640679e-16 8.766322e-18
8754.060000 1.555162e-16 9.588866e-18
8761.060000 2.136804e-16 1.201632e-17
8768.060000 2.525407e-16 1.315862e-17
8775.060000 2.287935e-16 1.239630e-17
8782.060000 1.875353e-16 1.163387e-17
8789.060000 2.259344e-16 1.000213e-17
8796.060000 1.893423e-16 9.041837e-18
8803.060000 1.942747e-16 8.637810e-18
8810.060000 1.556410e-16 8.567926e-18
8817.060000 1.297493e-16 9.462114e-18
8824.060000 2.966314e-16 1.475682e-17
8831.060000 2.327268e-16 1.497977e-17
8838.060000 2.572058e-16 1.237829e-17
8845.060000 1.898421e-16 9.883370e-18
8852.060000 1.957053e-16 9.674078e-18
8859.060000 1.801415e-16 9.093705e-18
8866.060000 1.923835e-16 1.044455e-17
8873.060000 1.692083e-16 9.891734e-18
8880.060000 1.891943e-16 1.076954e-17
8887.060000 2.752979e-16 1.418413e-17
8894.060000 1.916748e-16 1.030680e-17
8901.060000 1.853229e-16 1.071334e-17
8908.060000 1.075597e-16 1.061509e-17
8915.060000 2.000896e-16 1.240139e-17
8922.060000 2.587640e-16 1.445087e-17
8929.060000 1.758429e-16 9.891286e-18
8936.060000 1.668600e-16 9.231629e-18
8943.060000 1.901308e-16 1.101962e-17
8950.060000 1.393887e-16 1.031496e-17
8957.060000 2.389625e-16 1.308670e-17
8964.060000 1.769614e-16 1.105147e-17
8971.060000 1.725592e-16 9.000007e-18
8978.060000 1.206889e-16 8.710385e-18
8985.060000 1.327660e-16 9.567923e-18
8992.060000 9.974397e-17 9.737387e-18
8999.060000 2.110273e-16 1.148964e-17
9006.060000 1.639410e-16 1.079417e-17
9013.060000 1.413995e-16 8.743164e-18
9020.060000 1.305907e-16 8.914883e-18
9027.060000 1.355794e-16 8.709291e-18
9034.060000 1.516686e-16 9.654511e-18
9041.060000 1.240884e-16 9.999780e-18
9048.060000 1.490933e-16 1.012611e-17
9055.060000 1.380632e-16 9.715718e-18
9062.060000 1.258155e-16 8.967159e-18
9069.060000 1.481258e-16 8.859089e-18
9076.060000 1.450026e-16 8.906889e-18
9083.060000 1.355054e-16 8.849927e-18
9090.060000 1.152572e-16 9.273254e-18
9097.060000 1.033485e-16 9.441498e-18
9104.060000 9.799005e-17 9.688183e-18
9111.060000 8.703662e-17 9.354734e-18
9118.060000 1.136451e-16 8.973659e-18
9125.060000 9.827121e-17 9.365829e-18
9132.060000 9.450754e-17 9.471951e-18
9139.060000 9.882142e-17 9.196146e-18
9146.060000 1.321903e-16 9.359141e-18
9153.060000 1.373811e-16 9.535173e-18
9160.060000 1.361755e-16 1.002969e-17
9167.060000 1.194960e-16 9.564418e-18
9174.060000 9.741350e-17 9.050336e-18
9181.060000 9.509348e-17 9.417525e-18
9188.060000 8.836807e-17 9.298562e-18
9195.060000 8.060633e-17 9.557552e-18
9202.060000 9.040921e-17 9.606221e-18
9209.060000 1.027555e-16 9.692659e-18
9216.060000 1.343542e-16 1.044783e-17
9223.060000 1.159769e-16 1.030873e-17
9230.060000 1.333871e-16 1.012230e-17
9237.060000 9.875780e-17 9.923583e-18
9244.060000 9.416019e-17 9.610380e-18
9251.060000 1.199123e-16 1.011540e-17
9258.060000 1.123792e-16 1.002457e-17
9265.060000 8.795301e-17 9.733383e-18
9272.060000 8.121180e-17 9.743993e-18
9279.060000 7.930635e-17 9.472677e-18
9286.060000 6.705256e-17 1.019090e-17
9293.060000 4.979618e-17 1.037275e-17
9300.060000 -6.603359e-18 1.103505e-17
9307.060000 1.760890e-16 1.649436e-17
9314.060000 1.235344e-16 1.767436e-17
9321.060000 1.207541e-16 1.641342e-17
9328.060000 8.576993e-17 1.482977e-17
9335.060000 8.605422e-17 1.145333e-17
9342.060000 5.508437e-17 1.024950e-17
9349.060000 1.301366e-17 9.340034e-18
9356.060000 1.266901e-17 9.179128e-18
9363.060000 -1.499600e-17 9.811631e-18
9370.060000 3.931724e-17 1.368165e-17
9377.060000 2.228143e-16 2.047059e-17
9384.060000 1.032794e-16 1.427609e-17
9391.060000 7.175276e-17 1.169213e-17
9398.060000 9.661444e-17 1.236283e-17
9405.060000 7.982594e-17 1.256332e-17
9412.060000 7.900827e-17 1.222141e-17
9419.060000 5.617805e-17 1.464339e-17
9426.060000 2.407367e-17 1.295942e-17
9433.060000 6.320168e-17 1.390865e-17
9440.060000 1.782924e-16 1.993941e-17
9447.060000 3.108062e-17 1.523513e-17
9454.060000 1.017708e-16 1.464035e-17
9461.060000 9.993729e-17 1.525909e-17
9468.060000 -6.092145e-18 1.322431e-17
9475.060000 2.266605e-16 1.887474e-17
9482.060000 1.481696e-16 1.674452e-17
9489.060000 5.110533e-17 1.310405e-17
9496.060000 1.363380e-17 1.348053e-17
9503.060000 7.902493e-17 1.704016e-17
9510.060000 4.597833e-17 1.475036e-17
9517.060000 4.276296e-17 1.703693e-17
9524.060000 3.399789e-17 1.664836e-17
9531.060000 3.658263e-17 1.307124e-17
9538.060000 6.397275e-17 1.370002e-17
9545.060000 6.358233e-17 1.373136e-17
9552.060000 4.435026e-17 1.494966e-17
9559.060000 1.805840e-17 1.468520e-17
9566.060000 1.036078e-16 1.768925e-17
9573.060000 3.194297e-17 1.638969e-17
9580.060000 6.672927e-17 1.430751e-17
9587.060000 3.566861e-17 1.365716e-17
9594.060000 2.011752e-17 1.434358e-17
9601.060000 6.264783e-17 1.493761e-17
9608.060000 4.091660e-17 1.612301e-17
9615.060000 5.892434e-17 1.600221e-17
9622.060000 7.931056e-17 1.660095e-17
9629.060000 1.452172e-17 1.582187e-17
9636.060000 4.985469e-18 1.507392e-17
9643.060000 1.681600e-17 1.429135e-17
9650.060000 3.612975e-17 1.482939e-17
9657.060000 5.645540e-18 1.510270e-17
9664.060000 6.753680e-17 1.647498e-17
9671.060000 2.080672e-17 1.720090e-17
9678.060000 1.066473e-16 1.769936e-17
9685.060000 3.685374e-17 1.886281e-17
9692.060000 1.888287e-17 1.719940e-17
