4020.  -0.5527458
4029.19999977395  0.4852177
4038.39999954789  0.1478324
4047.59999932183  1.037985
4056.79999909578  1.049888
4065.99999886972  0.1786375
4075.19999864366  0.3611422
4084.39999841761  0.1763712
4093.59999819155  0.004595525
4102.7999979655  0.8982688
4111.99999773944  2.661085
4121.19999751338  0.5323349
4130.39999728733  1.096959
4139.59999706127  2.12684
4148.79999683522  1.778247
4157.99999660916  0.8861139
4167.1999963831  1.068978
4176.39999615705  2.529151
4185.59999593099  1.816183
4194.79999570494  1.591398
4203.99999547888  1.028795
4213.19999525282  1.374799
4222.39999502677  3.399762
4231.59999480071  1.507881
4240.79999457465  1.058939
4249.9999943486  1.657979
4259.19999412254  0.8886613
4268.39999389649  1.624979
4277.59999367043  1.872706
4286.79999344437  1.826958
4295.99999321832  1.709026
4305.19999299226  1.958974
4314.39999276621  2.076295
4323.59999254015  2.23429
4332.79999231409  1.443692
4341.99999208804  2.090518
4351.19999186198  1.867577
4360.39999163592  2.212037
4369.59999140987  2.076229
4378.79999118381  1.957399
4387.99999095776  1.570576
4397.1999907317  1.477382
4406.39999050565  2.202444
4415.59999027959  1.807189
4424.79999005353  2.177455
4433.99998982748  1.806326
4443.19998960142  1.820467
4452.39998937536  1.839864
4461.59998914931  1.486081
4470.79998892325  1.747721
4479.9999886972  1.85142
4489.19998847114  1.798707
4498.39998824509  1.398041
4507.59998801903  1.717204
4516.79998779297  1.274787
4525.99998756692  1.566371
4535.19998734086  0.9348147
4544.3999871148  1.130362
4553.59998688875  1.106718
4562.79998666269  0.9816895
4571.99998643664  1.267265
4581.19998621058  0.9085032
4590.39998598452  1.031173
4599.59998575847  0.7271855
4608.79998553241  1.118007
4617.99998530636  0.656547
4627.1999850803  1.189562
4636.39998485424  0.9346675
4645.59998462819  1.283954
4654.79998440213  0.9456744
4663.99998417607  1.339628
4673.19998395002  1.124501
4682.39998372396  1.038209
4691.59998349791  1.212337
4700.79998327185  1.15865
4709.9999830458  1.294035
4719.19998281974  1.377286
4728.39998259368  1.130701
4737.59998236763  1.42137
4746.79998214157  1.402508
4755.99998191551  1.344733
4765.19998168946  1.525995
4774.3999814634  1.367195
4783.59998123735  1.615487
4792.79998101129  1.52479
4801.99998078523  1.311996
4811.19998055918  1.703209
4820.39998033312  1.471422
4829.59998010707  1.504341
4838.79997988101  1.905196
4847.99997965495  1.651643
4857.1999794289  1.60009
4866.39997920284  1.621609
4875.59997897679  1.388977
4884.79997875073  1.757332
4893.99997852467  1.402996
4903.19997829862  1.524936
4912.39997807256  1.502631
4921.59997784651  1.653477
4930.79997762045  1.419752
4939.99997739439  1.451526
4949.19997716834  0.9513082
4958.39997694228  1.054337
4967.59997671622  1.277918
4976.79997649017  1.296041
4985.99997626411  1.050376
4995.19997603806  1.107042
5004.399975812  1.166304
5013.59997558594  0.9610289
5022.79997535989  1.049643
5031.99997513383  0.9201987
5041.19997490778  0.652694
5050.39997468172  1.0282
5059.59997445566  1.009889
5068.79997422961  1.08602
5077.99997400355  0.838337
5087.1999737775  1.098178
5096.39997355144  0.9163648
5105.59997332538  0.8394537
5114.79997309933  0.8664647
5123.99997287327  0.9637762
5133.19997264721  1.132414
5142.39997242116  0.9219854
5151.5999721951  0.6573448
5160.79997196905  0.8981495
5169.99997174299  1.016136
5179.19997151694  0.7532037
5188.39997129088  0.8125565
5197.59997106482  1.054651
5206.79997083877  0.9206457
5215.99997061271  0.8274899
5225.19997038665  0.8261653
5234.3999701606  0.8007357
5243.59996993454  0.8591779
5252.79996970849  0.8863164
5261.99996948243  0.6855192
5271.19996925637  1.058791
5280.39996903032  0.7484431
5289.59996880426  0.7769938
5298.79996857821  1.143684
5307.99996835215  0.8324267
5317.19996812609  0.7925236
5326.39996790004  0.8107671
5335.59996767398  0.7361929
5344.79996744792  0.9699268
5353.99996722187  0.938375
5363.19996699581  0.9589238
5372.39996676976  1.020738
5381.5999665437  0.8549351
5390.79996631765  1.114122
5399.99996609159  0.9884251
5409.19996586553  0.7368752
5418.39996563948  1.113368
5427.59996541342  1.029167
5436.79996518736  1.044464
5445.99996496131  1.048365
5455.19996473525  1.648003
5464.3999645092  1.105153
5473.59996428314  1.382425
5482.79996405708  1.381092
5491.99996383103  1.118549
5501.19996360497  1.573955
5510.39996337892  1.370285
5519.59996315286  1.544474
5528.7999629268  1.197914
5537.99996270075  1.435992
5547.19996247469  1.353399
5556.39996224864  1.358409
5565.59996202258  0.968426
5574.79996179652  0.9711012
5583.99996157047  1.040843
5593.19996134441  0.9540352
5602.39996111836  0.8104475
5611.5999608923  0.6956814
5620.79996066624  0.7992628
5629.99996044019  0.7988182
5639.19996021413  0.7914175
5648.39995998807  0.7571498
5657.59995976202  1.049533
5666.79995953596  0.9844599
5675.99995930991  0.6863353
5685.19995908385  0.7407308
5694.3999588578  0.8877401
5703.59995863174  0.9960132
5712.79995840568  1.014261
5721.99995817963  0.7873057
5731.19995795357  1.018718
5740.39995772751  0.7908618
5749.59995750146  0.9467025
5758.7999572754  1.044486
5767.99995704935  0.9808726
5777.19995682329  0.7318895
5786.39995659723  0.9632672
5795.59995637118  0.8454891
5804.79995614512  0.4566066
5813.99995591907  0.967858
5823.19995569301  0.5844929
5832.39995546695  0.8417162
5841.5999552409  0.9279973
5850.79995501484  0.5408518
5859.99995478878  0.8833559
5869.19995456273  0.9891278
5878.39995433667  0.877994
5887.59995411062  0.914632
5896.79995388456  0.9712094
5905.9999536585  0.9477491
5915.19995343245  1.259812
5924.39995320639  0.909917
5933.59995298034  1.080859
5942.79995275428  1.036222
5951.99995252822  1.425858
5961.19995230217  1.226463
5970.39995207611  1.021268
5979.59995185006  1.087716
5988.799951624  1.414943
5997.99995139794  1.350673
6007.19995117189  1.165868
6016.39995094583  1.265292
6025.59995071978  1.240561
6034.79995049372  1.259539
6043.99995026767  1.041333
6053.19995004161  1.159714
6062.39994981555  1.116924
6071.5999495895  1.181752
6080.79994936344  1.180397
6089.99994913738  1.381517
6099.19994891133  1.178226
6108.39994868527  1.156847
6117.59994845922  1.041029
6126.79994823316  1.032372
6135.9999480071  0.8303499
6145.19994778105  1.075382
6154.39994755499  1.008569
6163.59994732893  1.186182
6172.79994710288  1.1621
6181.99994687682  1.021094
6191.19994665077  1.104826
6200.39994642471  1.050341
6209.59994619865  1.051555
6218.7999459726  0.8455819
6227.99994574654  1.287633
6237.19994552049  0.9428308
6246.39994529443  1.234161
6255.59994506837  0.947984
6264.79994484232  1.051114
6273.99994461626  1.10644
6283.19994439021  1.071511
6292.39994416415  1.082893
6301.59994393809  0.8823176
6310.79994371204  0.9359975
6319.99994348598  1.260025
6329.19994325993  1.149214
6338.39994303387  0.7743672
6347.59994280781  1.045621
6356.79994258176  0.8615429
6365.9999423557  0.9477594
6375.19994212965  0.6882681
6384.39994190359  0.9396304
6393.59994167753  0.3239362
6402.79994145148  0.5431031
6411.99994122542  0.4386489
6421.19994099936  0.5018666
6430.39994077331  0.3326994
6439.59994054725  0.4913404
6448.7999403212  0.4439415
6457.99994009514  0.4623819
6467.19993986909  0.2721235
6476.39993964303  0.3115073
6485.59993941697  0.3294295
6494.79993919092  0.2326731
6503.99993896486  0.2390562
6513.1999387388  0.3150307
6522.39993851275  0.2008629
6531.59993828669  0.5187279
6540.79993806064  0.3223799
6549.99993783458  0.5555676
6559.19993760852  0.3314939
6568.39993738247  0.3008133
6577.59993715641  0.7532026
6586.79993693035  0.5868732
6595.9999367043  0.7959116
6605.19993647824  0.576061
6614.39993625219  0.6074089
6623.59993602613  0.7246066
6632.79993580007  0.8491048
6641.99993557402  0.8959817
6651.19993534796  0.5245412
6660.39993512191  0.7916696
6669.59993489585  0.8150888
6678.79993466979  0.849591
6687.99993444374  0.8597016
6697.19993421768  0.8122913
6706.39993399163  0.9708501
6715.59993376557  1.115868
6724.79993353951  0.9032257
6733.99993331346  1.038777
6743.1999330874  1.15943
6752.39993286135  0.5773506
6761.59993263529  0.9332158
6770.79993240923  1.308715
6779.99993218318  0.6553893
6789.19993195712  1.222115
6798.39993173107  0.9902126
6807.59993150501  0.9088078
6816.79993127895  1.036067
6825.9999310529  0.7869619
6835.19993082684  0.9589834
6844.39993060078  0.7069365
6853.59993037473  0.5672673
6862.79993014867  0.878984
6871.99992992262  0.714979
6881.19992969656  0.861956
6890.3999294705  1.018229
6899.59992924445  0.6637129
6908.79992901839  0.9015545
6917.99992879234  0.8560597
6927.19992856628  1.123913
6936.39992834023  0.7057084
6945.59992811417  0.7623651
6954.79992788811  0.821032
6963.99992766206  1.231059
6973.199927436  0.6120079
6982.39992720994  0.4062483
6991.59992698389  0.4594771
7000.79992675783  0.6710136
7009.99992653177  0.7458087
7019.19992630572  1.166402
7028.39992607966  0.9405099
7037.59992585361  0.6941642
7046.79992562755  0.7076048
7055.9999254015  0.8624339
7065.19992517544  0.4798319
7074.39992494938  0.7444316
7083.59992472333  0.7383159
7092.79992449727  0.605352
7101.99992427121  0.2907285
7111.19992404516  0.8452852
7120.3999238191  0.8127082
7129.59992359305  0.7001514
7138.79992336699  0.7037486
7147.99992314094  0.2624947
7157.19992291488  0.3793097
7166.39992268882  0.4969341
7175.59992246277  0.665114
7184.79992223671  0.8078511
7193.99992201065  0.4781411
7203.1999217846  0.7842346
7212.39992155854  0.7651046
7221.59992133249  0.5036352
7230.79992110643  0.3635725
7239.99992088037  0.6221089
7249.19992065432  0.2499072
7258.39992042826  0.5450381
7267.5999202022  0.3228574
7276.79991997615  0.6507077
7285.99991975009  0.645596
7295.19991952404  0.3028849
7304.39991929798  0.2502555
7313.59991907193  0.6818717
7322.79991884587  0.7312733
7331.99991861981  0.6344416
7341.19991839376  0.4472698
7350.3999181677  0.8388607
7359.59991794164  0.03569447
7368.79991771559  0.05395146
7377.99991748953  0.3102162
7387.19991726348  0.9588399
7396.39991703742  0.8786505
7405.59991681136  0.201702
7414.79991658531  0.6054903
7423.99991635925  0.4714189
7433.1999161332  0.6270394
7442.39991590714  0.2720252
7451.59991568108  0.5075925
7460.79991545503  0.9216677
7469.99991522897  0.1378646
7479.19991500292  0.2747185
7488.39991477686  0.1182875
7497.5999145508  0.9644027
7506.79991432475  -0.06686523
7515.99991409869  0.8494578
7525.19991387264  0.7698951
7534.39991364658  0.07308295
7543.59991342052  0.2201542
7552.79991319447  0.7944118
7561.99991296841  0.1525042
7571.19991274235  0.4479765
7580.3999125163  0.4181962
7589.59991229024  0.6686211
7598.79991206419  0.08720753
7607.99991183813  0.1739026
7617.19991161207  0.181221
7626.39991138602  0.2235823
7635.59991115996  0.6477
7644.79991093391  0.2066865
7653.99991070785  -0.4447993
7663.19991048179  0.4822051
7672.39991025574  0.9691696
7681.59991002968  0.2144219
7690.79990980363  -0.009237181
7699.99990957757  0.6797513
7709.19990935151  1.068697
7718.39990912546  0.176369
7727.5999088994  0.4819376
7736.79990867335  0.9790391
7745.99990844729  0.4331378
7755.19990822123  0.7014718
7764.39990799518  -0.01778512
7773.59990776912  0.4434784
7782.79990754307  0.5420147
7791.99990731701  -7.376382E-4
7801.19990709095  1.229116
7810.3999068649  1.117379
7819.59990663884  1.077773
7828.79990641279  -0.1026035
7837.99990618673  0.7700619
7847.19990596067  0.2788669
7856.39990573462  0.7655172
7865.59990550856  0.3392423
7874.7999052825  0.5035527
7883.99990505645  0.4356076
7893.19990483039  0.2045621
7902.39990460434  0.2254964
7911.59990437828  0.05694404
7920.79990415222  1.880701
7929.99990392617  0.3490877
7939.19990370011  0.4788705
7948.39990347406  0.2264403
7957.599903248  1.231806
7966.79990302194  0.03280001
7975.99990279589  -0.6535693
7985.19990256983  -0.1878879
7994.39990234378  0.009262963
