3459.18798828125  4.487731E-16
3462.07068753243  4.588345E-16
3464.9533867836  4.686864E-16
3467.83608603478  4.782753E-16
3470.71878528595  4.874832E-16
3473.60148453713  4.963338E-16
3476.4841837883  5.046764E-16
3479.36688303948  5.124656E-16
3482.24958229065  5.195872E-16
3485.13228154183  5.260283E-16
3488.014980793  5.310888E-16
3490.89768004418  5.340432E-16
3493.78037929535  5.355876E-16
3496.66307854653  5.357597E-16
3499.5457777977  5.345358E-16
3502.42847704888  3.410186E-16
3505.31117630005  3.872105E-16
3508.19387555123  3.879168E-16
3511.0765748024  7.804237E-16
3513.95927405358  4.804984E-16
3516.84197330475  4.037139E-16
3519.72467255593  4.494104E-16
3522.6073718071  7.346388E-16
3525.49007105828  9.202552E-16
3528.37277030945  2.769376E-16
3531.25546956063  7.104466E-16
3534.1381688118  2.870219E-16
3537.02086806298  2.821964E-16
3539.90356731415  5.685806E-16
3542.78626656533  8.013140E-16
3545.6689658165  4.693074E-16
3548.55166506768  4.695550E-16
3551.43436431885  5.794787E-16
3554.31706357003  7.872793E-16
3557.1997628212  8.075553E-16
3560.08246207238  6.310845E-16
3562.96516132355  6.371615E-16
3565.84786057473  5.075231E-16
3568.7305598259  4.400548E-16
3571.61325907708  4.354505E-16
3574.49595832825  5.699535E-16
3577.37865757943  5.733074E-16
3580.2613568306  7.107471E-16
3583.14405608178  6.665714E-16
3586.02675533295  6.883766E-16
3588.90945458413  7.599042E-16
3591.7921538353  6.981382E-16
3594.67485308648  9.144292E-16
3597.55755233765  7.885252E-16
3600.44025158883  5.175293E-16
3603.32295084  7.041669E-16
3606.20565009118  3.124560E-16
3609.08834934235  6.399898E-16
3611.97104859353  5.652646E-16
3614.8537478447  2.881146E-16
3617.73644709588  7.621785E-16
3620.61914634705  1.030047E-15
3623.50184559822  6.819655E-16
3626.3845448494  7.523636E-16
3629.26724410057  9.324005E-16
3632.14994335175  6.896417E-16
3635.03264260292  8.164044E-16
3637.9153418541  8.589755E-16
3640.79804110527  7.821307E-16
3643.68074035645  3.937829E-16
3646.56343960762  6.050534E-16
3649.4461388588  7.654736E-16
3652.32883810997  7.192084E-16
3655.21153736115  7.293645E-16
3658.09423661232  4.344708E-16
3660.9769358635  3.789295E-16
3663.85963511467  6.089516E-16
3666.74233436585  6.034852E-16
3669.62503361702  8.370644E-16
3672.5077328682  8.521542E-16
3675.39043211937  5.345813E-16
3678.27313137055  9.289330E-16
3681.15583062172  8.049247E-16
3684.0385298729  8.292403E-16
3686.92122912407  8.326219E-16
3689.80392837525  1.030372E-15
3692.68662762642  1.048233E-15
3695.5693268776  8.656510E-16
3698.45202612877  7.669258E-16
3701.33472537995  8.327224E-16
3704.21742463112  1.078262E-15
3707.1001238823  7.565990E-16
3709.98282313347  8.609661E-16
3712.86552238465  7.941301E-16
3715.74822163582  7.269954E-16
3718.630920887  7.457118E-16
3721.51362013817  8.902215E-16
3724.39631938935  6.502993E-16
3727.27901864052  6.392088E-16
3730.1617178917  7.081311E-16
3733.04441714287  7.120006E-16
3735.92711639405  8.140355E-16
3738.80981564522  6.392878E-16
3741.6925148964  6.948816E-16
3744.57521414757  6.967077E-16
3747.45791339875  6.490775E-16
3750.34061264992  9.561703E-16
3753.2233119011  8.482048E-16
3756.10601115227  5.961693E-16
3758.98871040345  6.943953E-16
3761.87140965462  6.793181E-16
3764.7541089058  5.679168E-16
3767.63680815697  5.762958E-16
3770.51950740815  3.821827E-16
3773.40220665932  7.464440E-16
3776.2849059105  6.920829E-16
3779.16760516167  7.429696E-16
3782.05030441285  9.400316E-16
3784.93300366402  6.686220E-16
3787.8157029152  6.727129E-16
3790.69840216637  6.906768E-16
3793.58110141755  6.906768E-16
3796.46380066872  6.906768E-16
3799.3464999199  6.941961E-16
3802.22919917107  6.765995E-16
3805.11189842225  6.765995E-16
3807.99459767342  6.836382E-16
3810.8772969246  6.801188E-16
3813.75999617577  6.866790E-16
3816.64269542695  6.301710E-16
3819.52539467812  5.877407E-16
3822.4080939293  7.039329E-16
3825.29079318047  6.133191E-16
3828.17349243165  7.519363E-16
3831.05619168282  7.520775E-16
3833.93889093399  7.219095E-16
3836.82159018517  6.631794E-16
3839.70428943635  6.364815E-16
3842.58698868752  5.493963E-16
3845.4696879387  6.203930E-16
3848.35238718987  5.200995E-16
3851.23508644104  5.084636E-16
3854.11778569222  6.818506E-16
3857.00048494339  6.833903E-16
3859.88318419457  6.232723E-16
3862.76588344574  6.446996E-16
3865.64858269692  7.668690E-16
3868.53128194809  7.870540E-16
3871.41398119927  6.359909E-16
3874.29668045044  8.466009E-16
3877.17937970162  6.341279E-16
3880.06207895279  8.563284E-16
3882.94477820397  8.064587E-16
3885.82747745514  7.665569E-16
3888.71017670632  8.483669E-16
3891.59287595749  8.187716E-16
3894.47557520867  8.854020E-16
3897.35827445984  8.027830E-16
3900.24097371102  7.763702E-16
3903.12367296219  8.901605E-16
3906.00637221337  8.138606E-16
3908.88907146454  8.267151E-16
3911.77177071572  8.931962E-16
3914.65446996689  8.769293E-16
3917.53716921807  8.958916E-16
3920.41986846924  9.211980E-16
3923.30256772042  8.423104E-16
3926.18526697159  7.563878E-16
3929.06796622277  8.066451E-16
3931.95066547394  8.729192E-16
3934.83336472512  6.995525E-16
3937.71606397629  7.469816E-16
3940.59876322747  7.135443E-16
3943.48146247864  8.281982E-16
3946.36416172982  7.810483E-16
3949.24686098099  8.438969E-16
3952.12956023217  9.001719E-16
3955.01225948334  8.794527E-16
3957.89495873452  8.137286E-16
3960.77765798569  1.005871E-15
3963.66035723687  8.454296E-16
3966.54305648804  8.933140E-16
3969.42575573922  8.450897E-16
3972.30845499039  8.508367E-16
3975.19115424157  9.079026E-16
3978.07385349274  7.345187E-16
3980.95655274392  9.049946E-16
3983.83925199509  8.661874E-16
3986.72195124627  8.719598E-16
3989.60465049744  6.294018E-16
3992.48734974862  6.778834E-16
3995.37004899979  7.382596E-16
3998.25274825097  7.780838E-16
4001.13544750214  6.447165E-16
4004.01814675332  7.738199E-16
4006.90084600449  6.925845E-16
4009.78354525567  6.031993E-16
4012.66624450684  8.633550E-16
4015.54894375802  6.874520E-16
4018.43164300919  6.897435E-16
4021.31434226037  9.500362E-16
4024.19704151154  7.009329E-16
4027.07974076272  7.669781E-16
4029.96244001389  9.063795E-16
4032.84513926507  7.381846E-16
4035.72783851624  9.254198E-16
4038.61053776742  6.943466E-16
4041.49323701859  9.979621E-16
4044.37593626976  9.290643E-16
4047.25863552094  9.250607E-16
4050.14133477212  1.005466E-15
4053.02403402329  9.872073E-16
4055.90673327447  9.734571E-16
4058.78943252564  7.871060E-16
4061.67213177682  8.032327E-16
4064.55483102799  7.718200E-16
4067.43753027917  7.121079E-16
4070.32022953034  8.848977E-16
4073.20292878151  7.191583E-16
4076.08562803269  7.826258E-16
4078.96832728386  9.142414E-16
4081.85102653504  9.612927E-16
4084.73372578621  8.748087E-16
4087.61642503739  7.295377E-16
4090.49912428856  9.375233E-16
4093.38182353974  8.462733E-16
4096.26452279091  8.814755E-16
4099.14722204209  8.639544E-16
4102.02992129326  9.414989E-16
4104.91262054444  8.229639E-16
4107.79531979561  9.064489E-16
4110.67801904679  7.724115E-16
4113.56071829796  8.997109E-16
4116.44341754914  8.043276E-16
4119.32611680031  7.947549E-16
4122.20881605149  7.213576E-16
4125.09151530266  9.116905E-16
4127.97421455384  1.094573E-15
4130.85691380501  9.162374E-16
4133.73961305619  8.392148E-16
4136.62231230736  8.642378E-16
4139.50501155854  8.856286E-16
4142.38771080971  7.741287E-16
4145.27041006089  7.961200E-16
4148.15310931206  7.693639E-16
4151.03580856324  7.733803E-16
4153.91850781441  7.611782E-16
4156.80120706559  7.786530E-16
4159.68390631676  7.902345E-16
4162.56660556794  7.605166E-16
4165.44930481911  8.282344E-16
4168.33200407029  6.942654E-16
4171.21470332146  7.697870E-16
4174.09740257264  8.053231E-16
4176.98010182381  8.825745E-16
4179.86280107499  8.377794E-16
4182.74550032616  8.427803E-16
4185.62819957734  8.962877E-16
4188.51089882851  9.182818E-16
4191.39359807969  8.328283E-16
4194.27629733086  7.505585E-16
4197.15899658204  8.458268E-16
4200.04169583321  7.268062E-16
4202.92439508439  8.038454E-16
4205.80709433556  7.835356E-16
4208.68979358674  7.581427E-16
4211.57249283791  6.485616E-16
4214.45519208909  8.429348E-16
4217.33789134026  7.211448E-16
4220.22059059144  6.784212E-16
4223.10328984261  7.925730E-16
4225.98598909379  6.724564E-16
4228.86868834496  7.942328E-16
4231.75138759614  8.366914E-16
4234.63408684731  7.674595E-16
4237.51678609849  8.038074E-16
4240.39948534966  7.687054E-16
4243.28218460084  7.150177E-16
4246.16488385201  7.466914E-16
4249.04758310319  7.343387E-16
4251.93028235436  7.214581E-16
4254.81298160553  8.459112E-16
4257.69568085671  7.584363E-16
4260.57838010789  6.852179E-16
4263.46107935906  6.933860E-16
4266.34377861024  7.631273E-16
4269.22647786141  6.101616E-16
4272.10917711258  7.441084E-16
4274.99187636376  7.328455E-16
4277.87457561494  7.498630E-16
4280.75727486611  7.267616E-16
4283.63997411728  8.345693E-16
4286.52267336846  7.296812E-16
4289.40537261963  7.112211E-16
4292.28807187081  7.626209E-16
4295.17077112198  7.600722E-16
4298.05347037316  7.630892E-16
4300.93616962433  8.614124E-16
4303.81886887551  7.984052E-16
4306.70156812668  7.258133E-16
4309.58426737786  7.391289E-16
4312.46696662903  7.829912E-16
4315.34966588021  7.705205E-16
4318.23236513138  8.098779E-16
4321.11506438256  8.787665E-16
4323.99776363373  7.311475E-16
4326.88046288491  8.588180E-16
4329.76316213608  8.255464E-16
4332.64586138726  7.837287E-16
4335.52856063843  8.374410E-16
4338.41125988961  7.952791E-16
4341.29395914078  7.404622E-16
4344.17665839196  7.842185E-16
4347.05935764313  7.969715E-16
4349.94205689431  7.450571E-16
4352.82475614548  9.316692E-16
4355.70745539666  8.270783E-16
4358.59015464783  7.717516E-16
4361.47285389901  8.682336E-16
4364.35555315018  7.809344E-16
4367.23825240136  8.428774E-16
4370.12095165253  8.120025E-16
4373.00365090371  8.378455E-16
4375.88635015488  7.780088E-16
4378.76904940606  8.464057E-16
4381.65174865723  8.731396E-16
4384.53444790841  8.575283E-16
4387.41714715958  8.999007E-16
4390.29984641076  8.063392E-16
4393.18254566193  7.867484E-16
4396.06524491311  7.297625E-16
4398.94794416428  7.618647E-16
4401.83064341546  8.653187E-16
4404.71334266663  8.640639E-16
4407.59604191781  8.402994E-16
4410.47874116898  8.522935E-16
4413.36144042016  8.679928E-16
4416.24413967133  8.899728E-16
4419.12683892251  8.528810E-16
4422.00953817368  9.225620E-16
4424.89223742486  8.321662E-16
4427.77493667603  8.214971E-16
4430.65763592721  8.169246E-16
4433.54033517838  8.123521E-16
4436.42303442956  8.047503E-16
4439.30573368073  7.630135E-16
4442.18843293191  7.815827E-16
4445.07113218308  8.529413E-16
4447.95383143426  8.252910E-16
4450.83653068543  7.169067E-16
4453.71922993661  8.481264E-16
4456.60192918778  7.871916E-16
4459.48462843896  7.799151E-16
4462.36732769013  8.290772E-16
4465.25002694131  8.777681E-16
4468.13272619248  9.327515E-16
4471.01542544366  6.932465E-16
4473.89812469483  8.914122E-16
4476.78082394601  7.534388E-16
4479.66352319718  7.635198E-16
4482.54622244836  7.799051E-16
4485.42892169953  7.847615E-16
4488.31162095071  7.829280E-16
4491.19432020188  7.427532E-16
4494.07701945306  8.379122E-16
4496.95971870423  8.020743E-16
4499.8424179554  7.873445E-16
4502.72511720658  8.148149E-16
4505.60781645776  8.049877E-16
4508.49051570893  8.100332E-16
4511.37321496011  8.819262E-16
4514.25591421128  7.718022E-16
4517.13861346245  7.388302E-16
4520.02131271363  7.988208E-16
4522.9040119648  7.284783E-16
4525.78671121598  8.076228E-16
4528.66941046715  8.682563E-16
4531.55210971833  8.354121E-16
4534.4348089695  7.371113E-16
4537.31750822068  8.851683E-16
4540.20020747185  8.330725E-16
4543.08290672303  7.783304E-16
4545.9656059742  8.299371E-16
4548.84830522538  6.981772E-16
4551.73100447655  8.221379E-16
4554.61370372773  7.713323E-16
4557.4964029789  7.468600E-16
4560.37910223008  7.402092E-16
4563.26180148125  8.319420E-16
4566.14450073243  8.318336E-16
4569.0271999836  8.078823E-16
4571.90989923478  7.752912E-16
4574.79259848595  7.666768E-16
4577.67529773713  7.758700E-16
4580.5579969883  8.108105E-16
4583.44069623948  7.379994E-16
4586.32339549065  8.336692E-16
4589.20609474183  7.595610E-16
4592.088793993  8.015433E-16
4594.97149324418  7.836597E-16
4597.85419249535  7.787005E-16
4600.73689174653  7.519085E-16
4603.6195909977  8.052938E-16
4606.50229024888  7.890903E-16
4609.38498950005  8.185365E-16
4612.26768875123  7.943092E-16
4615.1503880024  8.225400E-16
4618.03308725358  7.757139E-16
4620.91578650475  7.846654E-16
4623.79848575593  7.070671E-16
4626.6811850071  7.482337E-16
4629.56388425828  8.598778E-16
4632.44658350945  8.199274E-16
4635.32928276063  8.323783E-16
4638.2119820118  7.847444E-16
4641.09468126298  8.053229E-16
4643.97738051415  7.568856E-16
4646.86007976533  7.927479E-16
4649.7427790165  7.939475E-16
4652.62547826768  7.245348E-16
4655.50817751885  8.027467E-16
4658.39087677003  7.705843E-16
4661.2735760212  8.332506E-16
4664.15627527238  7.602653E-16
4667.03897452355  7.774217E-16
4669.92167377473  8.018450E-16
4672.8043730259  7.726314E-16
4675.68707227708  7.810456E-16
4678.56977152825  7.926343E-16
4681.45247077943  6.962296E-16
4684.3351700306  7.716089E-16
4687.21786928178  7.468089E-16
4690.10056853295  7.012909E-16
4692.98326778413  7.872305E-16
4695.8659670353  7.977475E-16
4698.74866628648  7.377431E-16
4701.63136553765  7.213063E-16
4704.51406478883  6.818938E-16
4707.39676404  7.819786E-16
4710.27946329117  8.107553E-16
4713.16216254235  7.679078E-16
4716.04486179353  6.784648E-16
4718.9275610447  7.055553E-16
4721.81026029588  7.613542E-16
4724.69295954705  6.993117E-16
4727.57565879823  7.752673E-16
4730.4583580494  7.927831E-16
4733.34105730058  6.710742E-16
4736.22375655175  7.691427E-16
4739.10645580292  7.133706E-16
4741.9891550541  7.551452E-16
4744.87185430528  7.090654E-16
4747.75455355645  6.719674E-16
4750.63725280762  6.961535E-16
4753.5199520588  6.440251E-16
4756.40265130997  6.235363E-16
4759.28535056115  7.147667E-16
4762.16804981232  6.480714E-16
4765.0507490635  7.380824E-16
4767.93344831467  7.180706E-16
4770.81614756585  6.892110E-16
4773.69884681702  7.105570E-16
4776.5815460682  7.222274E-16
4779.46424531937  6.589660E-16
4782.34694457055  7.048925E-16
4785.22964382172  6.799457E-16
4788.1123430729  6.587879E-16
4790.99504232407  6.816749E-16
4793.87774157525  6.399792E-16
4796.76044082642  6.914373E-16
4799.6431400776  6.910592E-16
4802.52583932877  6.657533E-16
4805.40853857995  6.667402E-16
4808.29123783112  7.012902E-16
4811.1739370823  6.185781E-16
4814.05663633347  7.087916E-16
4816.93933558465  7.657116E-16
4819.82203483582  7.244535E-16
4822.704734087  6.562364E-16
4825.58743333817  7.258999E-16
4828.47013258935  6.714034E-16
4831.35283184052  6.896675E-16
4834.2355310917  7.599752E-16
4837.11823034287  6.948726E-16
4840.00092959405  7.179870E-16
4842.88362884522  8.173445E-16
4845.7663280964  7.670146E-16
4848.64902734757  7.638104E-16
4851.53172659875  7.372823E-16
4854.41442584992  7.580104E-16
4857.2971251011  7.740858E-16
4860.17982435227  7.225777E-16
4863.06252360345  7.322581E-16
4865.94522285462  7.562775E-16
4868.8279221058  7.084920E-16
4871.71062135697  7.418381E-16
4874.59332060815  7.685617E-16
4877.47601985932  7.451759E-16
4880.3587191105  7.014686E-16
4883.24141836167  8.044812E-16
4886.12411761285  7.851214E-16
4889.00681686402  7.418013E-16
4891.8895161152  8.337541E-16
4894.77221536637  7.725116E-16
4897.65491461754  7.408804E-16
4900.53761386872  7.650037E-16
4903.4203131199  7.464495E-16
4906.30301237107  7.908155E-16
4909.18571162224  9.017053E-16
4912.06841087342  7.088433E-16
4914.9511101246  8.445323E-16
4917.83380937577  7.802987E-16
4920.71650862695  8.518441E-16
4923.59920787812  7.685844E-16
4926.4819071293  8.165992E-16
4929.36460638047  8.511760E-16
4932.24730563165  7.759813E-16
4935.13000488282  7.952225E-16
4938.01270413399  7.109785E-16
4940.89540338517  7.194096E-16
4943.77810263635  7.194096E-16
4946.66080188752  7.194096E-16
4949.54350113869  7.120890E-16
4952.42620038987  7.169694E-16
4955.30889964104  7.169694E-16
4958.19159889222  7.169694E-16
4961.07429814339  7.145291E-16
4963.95699739457  7.145291E-16
4966.83969664574  7.169694E-16
4969.72239589692  7.169694E-16
4972.60509514809  7.213625E-16
4975.48779439927  7.397691E-16
4978.37049365044  7.300993E-16
4981.25319290162  7.554799E-16
4984.13589215279  7.164178E-16
4987.01859140397  7.895779E-16
4989.90129065514  7.156362E-16
4992.78398990632  7.269871E-16
4995.66668915749  8.123597E-16
4998.54938840867  7.696353E-16
5001.43208765984  7.865028E-16
5004.31478691102  7.996039E-16
5007.19748616219  7.583260E-16
5010.08018541337  7.458476E-16
5012.96288466454  7.250101E-16
5015.84558391572  7.718231E-16
5018.72828316689  7.914261E-16
5021.61098241807  7.582382E-16
5024.49368166924  7.126995E-16
5027.37638092042  7.617342E-16
5030.25908017159  8.356416E-16
5033.14177942277  7.334196E-16
5036.02447867394  7.439041E-16
5038.90717792512  6.793014E-16
5041.78987717629  8.293562E-16
5044.67257642747  8.376631E-16
5047.55527567864  8.571029E-16
5050.43797492982  8.816343E-16
5053.32067418099  9.065834E-16
5056.20337343217  8.782794E-16
5059.08607268334  9.218686E-16
5061.96877193452  9.022271E-16
5064.85147118569  7.604733E-16
5067.73417043687  7.049760E-16
5070.61686968804  6.528487E-16
5073.49956893922  6.682691E-16
5076.38226819039  7.507065E-16
5079.26496744157  7.208305E-16
5082.14766669274  7.208921E-16
5085.03036594392  6.944874E-16
5087.91306519509  7.267303E-16
5090.79576444627  7.242901E-16
5093.67846369744  7.267303E-16
5096.56116294862  7.218498E-16
5099.44386219979  7.218498E-16
5102.32656145097  7.120890E-16
5105.20926070214  7.096487E-16
5108.09195995332  7.120890E-16
5110.97465920449  7.120890E-16
5113.85735845567  7.096487E-16
5116.74005770684  7.072085E-16
5119.62275695802  6.967957E-16
5122.50545620919  6.927250E-16
5125.38815546037  7.028622E-16
5128.27085471154  7.237560E-16
5131.15355396272  7.082747E-16
5134.03625321389  7.026270E-16
5136.91895246507  6.949807E-16
5139.80165171624  7.063238E-16
5142.68435096742  6.787979E-16
5145.56705021859  6.260832E-16
5148.44974946977  7.298104E-16
5151.33244872094  6.856633E-16
5154.21514797212  7.049240E-16
5157.09784722329  7.836295E-16
5159.98054647447  7.319927E-16
5162.86324572564  6.481585E-16
5165.74594497681  7.155279E-16
5168.62864422799  7.024497E-16
5171.51134347917  7.117693E-16
5174.39404273034  6.684616E-16
5177.27674198152  6.445212E-16
5180.15944123269  7.373113E-16
5183.04214048387  6.661886E-16
5185.92483973504  6.734402E-16
5188.80753898621  6.469637E-16
5191.69023823739  6.412171E-16
5194.57293748856  6.552972E-16
5197.45563673974  6.706038E-16
5200.33833599091  6.462441E-16
5203.22103524209  6.519590E-16
5206.10373449326  6.225224E-16
5208.98643374444  6.947670E-16
5211.86913299561  6.835705E-16
5214.75183224679  6.668936E-16
5217.63453149796  6.308721E-16
5220.51723074914  6.791904E-16
5223.39993000031  7.099207E-16
5226.28262925149  7.362983E-16
5229.16532850266  6.666736E-16
5232.04802775384  6.825354E-16
5234.93072700501  6.554943E-16
5237.81342625619  5.835935E-16
5240.69612550736  6.684965E-16
5243.57882475854  6.550741E-16
5246.46152400971  6.391759E-16
5249.34422326089  5.908989E-16
5252.22692251206  6.592074E-16
5255.10962176324  6.479786E-16
5257.99232101441  6.565990E-16
5260.87502026559  6.204247E-16
5263.75771951676  6.649848E-16
5266.64041876794  6.699664E-16
5269.52311801911  6.790024E-16
5272.40581727029  7.050519E-16
5275.28851652146  6.212902E-16
5278.17121577264  5.776730E-16
5281.05391502381  6.764046E-16
5283.93661427499  5.748291E-16
5286.81931352616  6.529657E-16
5289.70201277734  6.603738E-16
5292.58471202851  6.629432E-16
5295.46741127969  6.547377E-16
5298.35011053086  6.549080E-16
5301.23280978204  6.776362E-16
5304.11550903321  6.820446E-16
5306.99820828439  6.016288E-16
5309.88090753556  6.781337E-16
5312.76360678674  6.397317E-16
5315.64630603791  6.791220E-16
5318.52900528909  6.419509E-16
5321.41170454026  6.408279E-16
5324.29440379144  6.204623E-16
5327.17710304261  6.430404E-16
5330.05980229379  6.059003E-16
5332.94250154496  6.217305E-16
5335.82520079614  6.539533E-16
5338.70790004731  6.416428E-16
5341.59059929849  6.426589E-16
5344.47329854966  6.026324E-16
5347.35599780084  6.725902E-16
5350.23869705201  6.289394E-16
5353.12139630319  6.441512E-16
5356.00409555436  6.555397E-16
5358.88679480554  6.742164E-16
5361.76949405671  6.834414E-16
5364.65219330789  5.915036E-16
5367.53489255906  6.747260E-16
5370.41759181024  6.484067E-16
5373.30029106141  6.587174E-16
5376.18299031259  6.270088E-16
5379.06568956376  6.393046E-16
5381.94838881494  6.330764E-16
5384.83108806611  6.763785E-16
5387.71378731729  6.945251E-16
5390.59648656846  6.407111E-16
5393.47918581964  5.927996E-16
5396.36188507081  6.437706E-16
5399.24458432198  6.260400E-16
5402.12728357316  6.498791E-16
5405.00998282434  6.491636E-16
5407.89268207551  6.830839E-16
5410.77538132669  5.572933E-16
5413.65808057786  6.197530E-16
5416.54077982903  5.919006E-16
5419.42347908021  5.941690E-16
5422.30617833138  6.091053E-16
5425.18887758256  6.371558E-16
5428.07157683373  5.986593E-16
5430.95427608491  6.063908E-16
5433.83697533608  6.301917E-16
5436.71967458726  6.436416E-16
5439.60237383843  6.428792E-16
5442.48507308961  5.990620E-16
5445.36777234078  6.479017E-16
5448.25047159196  6.928080E-16
5451.13317084314  6.493103E-16
5454.01587009431  5.825762E-16
5456.89856934548  6.161804E-16
5459.78126859666  7.031322E-16
5462.66396784783  6.059805E-16
5465.54666709901  6.150420E-16
5468.42936635018  6.666902E-16
5471.31206560136  6.113362E-16
5474.19476485253  6.262942E-16
5477.07746410371  6.921402E-16
5479.96016335488  6.037045E-16
5482.84286260606  6.183535E-16
5485.72556185723  6.238998E-16
5488.60826110841  6.103024E-16
5491.49096035958  6.233949E-16
5494.37365961076  6.075800E-16
5497.25635886193  5.743588E-16
5500.13905811311  6.140480E-16
5503.02175736428  6.270369E-16
5505.90445661546  5.960061E-16
5508.78715586663  6.002473E-16
5511.66985511781  6.380005E-16
5514.55255436898  5.802574E-16
5517.43525362016  6.201886E-16
5520.31795287133  7.226561E-16
5523.20065212251  6.157156E-16
5526.08335137368  6.074221E-16
5528.96605062486  5.847396E-16
5531.84874987603  6.833655E-16
5534.73144912721  5.869296E-16
5537.61414837838  5.935413E-16
5540.49684762956  6.078515E-16
5543.37954688073  5.895437E-16
5546.26224613191  6.228915E-16
5549.14494538308  5.715819E-16
5552.02764463426  6.563444E-16
5554.91034388543  5.781634E-16
5557.79304313661  5.994979E-16
5560.67574238778  5.329473E-16
5563.55844163896  5.757323E-16
5566.44114089013  6.251779E-16
5569.32384014131  5.881742E-16
5572.20653939248  6.295324E-16
5575.08923864366  6.076858E-16
5577.97193789483  6.230440E-16
5580.85463714601  5.755985E-16
5583.73733639718  6.127071E-16
5586.62003564835  6.548733E-16
5589.50273489953  6.293811E-16
5592.38543415071  6.350457E-16
5595.26813340188  5.658168E-16
5598.15083265306  6.052959E-16
5601.03353190423  5.718161E-16
5603.91623115541  6.058953E-16
5606.79893040658  5.755859E-16
5609.68162965776  5.788788E-16
5612.56432890893  6.222353E-16
5615.4470281601  5.919228E-16
5618.32972741128  5.891143E-16
5621.21242666245  6.127336E-16
5624.09512591363  5.923425E-16
5626.9778251648  6.064207E-16
5629.86052441598  5.648447E-16
5632.74322366715  6.064901E-16
5635.62592291833  5.778979E-16
5638.50862216951  5.671759E-16
5641.39132142068  6.058051E-16
5644.27402067185  5.487128E-16
5647.15671992303  5.705931E-16
5650.0394191742  6.078424E-16
5652.92211842538  6.421022E-16
5655.80481767655  5.396584E-16
5658.68751692773  5.722864E-16
5661.5702161789  6.330868E-16
5664.45291543008  5.713645E-16
5667.33561468125  6.149531E-16
5670.21831393243  6.302929E-16
5673.1010131836  5.532006E-16
5675.98371243478  6.040544E-16
5678.86641168595  5.565812E-16
5681.74911093713  5.599116E-16
5684.6318101883  6.160675E-16
5687.51450943948  5.495784E-16
5690.39720869065  5.184765E-16
5693.27990794183  5.950035E-16
5696.162607193  5.817306E-16
5699.04530644418  5.237792E-16
5701.92800569535  5.476330E-16
5704.81070494653  5.743990E-16
5707.6934041977  5.803534E-16
5710.57610344888  5.917312E-16
5713.45880270005  5.602402E-16
5716.34150195123  6.054900E-16
5719.2242012024  5.311455E-16
5722.10690045358  5.193274E-16
5724.98959970475  5.291237E-16
5727.87229895593  5.955277E-16
5730.7549982071  5.381835E-16
5733.63769745828  5.219123E-16
5736.52039670945  5.860532E-16
5739.40309596063  5.687921E-16
5742.2857952118  5.483495E-16
5745.16849446298  5.206024E-16
5748.05119371415  5.098976E-16
5750.93389296533  5.225717E-16
5753.8165922165  5.329432E-16
5756.69929146768  5.435510E-16
5759.58199071885  5.348375E-16
5762.46468997003  5.141602E-16
5765.3473892212  5.229994E-16
5768.23008847238  5.475744E-16
5771.11278772355  5.070961E-16
5773.99548697473  5.391819E-16
5776.8781862259  5.706081E-16
5779.76088547708  5.352432E-16
5782.64358472825  5.086758E-16
5785.52628397943  5.232235E-16
5788.4089832306  5.386127E-16
5791.29168248178  5.449870E-16
5794.17438173295  5.565799E-16
5797.05708098413  5.376950E-16
5799.9397802353  4.825105E-16
5802.82247948648  5.166209E-16
5805.70517873765  5.035414E-16
5808.58787798883  5.275147E-16
5811.47057724  5.778197E-16
5814.35327649118  4.986709E-16
5817.23597574235  4.890412E-16
5820.11867499353  5.397052E-16
5823.0013742447  5.860548E-16
5825.88407349588  5.230849E-16
5828.76677274705  5.331716E-16
5831.64947199822  5.717785E-16
5834.5321712494  5.453534E-16
5837.41487050057  4.846723E-16
5840.29756975175  5.932412E-16
5843.18026900293  5.301365E-16
5846.0629682541  5.320607E-16
5848.94566750527  5.195301E-16
5851.82836675645  5.621533E-16
5854.71106600762  5.501801E-16
5857.5937652588  5.376595E-16
5860.47646450997  5.499885E-16
5863.35916376115  5.935125E-16
5866.24186301233  5.619032E-16
5869.1245622635  5.465883E-16
5872.00726151467  5.112927E-16
5874.88996076585  5.729578E-16
5877.77266001702  6.042730E-16
5880.6553592682  4.948670E-16
5883.53805851937  5.876259E-16
5886.42075777055  5.452868E-16
5889.30345702172  5.325977E-16
5892.1861562729  5.143754E-16
5895.06885552407  5.330706E-16
5897.95155477525  5.329554E-16
5900.83425402642  5.888315E-16
5903.7169532776  5.476812E-16
5906.59965252877  5.480694E-16
5909.48235177995  5.928731E-16
5912.36505103112  5.772248E-16
5915.2477502823  5.198004E-16
5918.13044953347  5.254897E-16
5921.01314878465  5.637198E-16
5923.89584803582  5.708421E-16
5926.778547287  5.805728E-16
5929.66124653817  5.932407E-16
5932.54394578935  5.755700E-16
5935.42664504052  5.723671E-16
5938.3093442917  5.680160E-16
5941.19204354287  5.300269E-16
5944.07474279405  5.020111E-16
5946.95744204522  5.536677E-16
5949.8401412964  5.786466E-16
5952.72284054757  5.419093E-16
5955.60553979875  5.325089E-16
5958.48823904992  5.276578E-16
5961.3709383011  5.845085E-16
5964.25363755227  5.726541E-16
5967.13633680345  5.166532E-16
5970.01903605462  5.782996E-16
5972.9017353058  5.870179E-16
5975.78443455697  5.259085E-16
5978.66713380815  5.696275E-16
5981.54983305932  6.388142E-16
5984.4325323105  6.314023E-16
5987.31523156167  6.204923E-16
5990.19793081285  6.309744E-16
5993.08063006402  6.902185E-16
5995.9633293152  5.933421E-16
5998.84602856637  5.593917E-16
6001.72872781755  5.694145E-16
6004.61142706872  5.816773E-16
6007.4941263199  6.101752E-16
6010.37682557107  5.578501E-16
6013.25952482225  5.453479E-16
6016.14222407342  5.120539E-16
6019.0249233246  5.559465E-16
6021.90762257577  5.695232E-16
6024.79032182695  5.104750E-16
6027.67302107812  5.010996E-16
6030.5557203293  5.525304E-16
6033.43841958047  5.356135E-16
6036.32111883165  5.315253E-16
6039.20381808282  5.401378E-16
6042.08651733399  4.924931E-16
6044.96921658517  4.726762E-16
6047.85191583635  4.907100E-16
6050.73461508752  4.964290E-16
6053.6173143387  5.839642E-16
6056.50001358987  5.582851E-16
6059.38271284105  5.280580E-16
6062.26541209222  4.918961E-16
6065.1481113434  5.761934E-16
6068.03081059457  5.582079E-16
6070.91350984575  5.174724E-16
6073.79620909692  5.192678E-16
6076.6789083481  5.202137E-16
6079.56160759927  5.343920E-16
6082.44430685044  5.048500E-16
6085.32700610162  4.933179E-16
6088.20970535279  5.026237E-16
6091.09240460397  5.397540E-16
6093.97510385514  5.316672E-16
6096.85780310632  4.862785E-16
6099.74050235749  5.212724E-16
6102.62320160867  5.566672E-16
6105.50590085984  5.385189E-16
6108.38860011102  5.664239E-16
6111.27129936219  5.044648E-16
6114.15399861337  5.025752E-16
6117.03669786454  4.947725E-16
6119.91939711572  5.571176E-16
6122.80209636689  5.299604E-16
6125.68479561807  5.140565E-16
6128.56749486924  5.343968E-16
6131.45019412042  5.257401E-16
6134.33289337159  5.136452E-16
6137.21559262277  5.254574E-16
6140.09829187394  5.138827E-16
6142.98099112512  4.977306E-16
6145.86369037629  5.217307E-16
6148.74638962747  5.229181E-16
6151.62908887864  5.254161E-16
6154.51178812982  5.310381E-16
6157.39448738099  4.865759E-16
6160.27718663217  4.646726E-16
6163.15988588334  4.538286E-16
6166.04258513452  5.055102E-16
6168.92528438569  5.329083E-16
6171.80798363687  5.136900E-16
6174.69068288804  4.773630E-16
6177.57338213922  5.077711E-16
6180.45608139039  5.011648E-16
6183.33878064157  5.094987E-16
6186.22147989274  5.057960E-16
6189.10417914392  4.818915E-16
6191.98687839509  5.348650E-16
6194.86957764627  4.864544E-16
6197.75227689744  4.686514E-16
6200.63497614862  5.248270E-16
6203.51767539979  5.022404E-16
6206.40037465097  4.879081E-16
6209.28307390214  5.052820E-16
6212.16577315332  5.426153E-16
6215.04847240449  5.172581E-16
6217.93117165567  4.846534E-16
6220.81387090684  5.049476E-16
6223.69657015802  5.217811E-16
6226.57926940919  4.926595E-16
6229.46196866037  4.893223E-16
6232.34466791154  4.587425E-16
6235.22736716272  4.772826E-16
6238.11006641389  4.957779E-16
6240.99276566507  5.080171E-16
6243.87546491624  4.941806E-16
6246.75816416742  4.852644E-16
6249.64086341859  4.439440E-16
6252.52356266976  4.760846E-16
6255.40626192094  4.371557E-16
6258.28896117211  4.618829E-16
6261.17166042329  4.811719E-16
6264.05435967447  4.858102E-16
6266.93705892564  4.763122E-16
6269.81975817682  4.774965E-16
6272.70245742799  5.110882E-16
6275.58515667917  4.965303E-16
6278.46785593034  5.157797E-16
6281.35055518152  4.521016E-16
6284.23325443269  4.184133E-16
6287.11595368386  4.813003E-16
6289.99865293504  4.638924E-16
6292.88135218621  4.225364E-16
6295.76405143739  4.523319E-16
6298.64675068856  4.578462E-16
6301.52944993974  4.631281E-16
6304.41214919092  5.047095E-16
6307.29484844209  5.094457E-16
6310.17754769326  4.422589E-16
6313.06024694444  4.516076E-16
6315.94294619561  5.094095E-16
6318.82564544679  4.686001E-16
6321.70834469796  4.753090E-16
6324.59104394914  4.646543E-16
6327.47374320031  4.809277E-16
6330.35644245149  4.410548E-16
6333.23914170266  4.867724E-16
6336.12184095384  5.052789E-16
6339.00454020501  4.653072E-16
6341.88723945619  4.729976E-16
6344.76993870736  4.655041E-16
6347.65263795854  4.543393E-16
6350.53533720971  4.773326E-16
6353.41803646089  4.869383E-16
6356.30073571206  4.505382E-16
6359.18343496324  4.584597E-16
6362.06613421441  4.662550E-16
6364.94883346559  4.442468E-16
6367.83153271676  4.712930E-16
6370.71423196794  4.428294E-16
6373.59693121911  4.087508E-16
6376.47963047029  4.374596E-16
6379.36232972146  4.481776E-16
6382.24502897264  4.612340E-16
6385.12772822381  4.102278E-16
6388.01042747499  4.624413E-16
6390.89312672616  4.681366E-16
6393.77582597734  4.440143E-16
6396.65852522851  4.242252E-16
6399.54122447969  4.189872E-16
6402.42392373086  4.213096E-16
6405.30662298204  4.482281E-16
6408.18932223321  4.847060E-16
6411.07202148439  4.379299E-16
6413.95472073556  4.399302E-16
6416.83741998674  4.921860E-16
6419.72011923791  5.093299E-16
6422.60281848909  4.809049E-16
6425.48551774026  4.694810E-16
6428.36821699144  4.725460E-16
6431.25091624261  4.903674E-16
6434.13361549379  4.448086E-16
6437.01631474496  4.240792E-16
6439.89901399613  4.383777E-16
6442.78171324731  4.821700E-16
6445.66441249849  4.455851E-16
6448.54711174966  3.899778E-16
6451.42981100084  4.032166E-16
6454.31251025201  4.524519E-16
6457.19520950319  4.743981E-16
6460.07790875436  4.933134E-16
6462.96060800554  5.107648E-16
6465.84330725671  4.411937E-16
6468.72600650788  4.420173E-16
6471.60870575906  4.239502E-16
6474.49140501024  3.872876E-16
6477.37410426141  3.957572E-16
6480.25680351258  4.760521E-16
6483.13950276376  4.474576E-16
6486.02220201493  4.990978E-16
6488.90490126611  4.628664E-16
6491.78760051729  4.530860E-16
6494.67029976846  5.072090E-16
6497.55299901964  4.697577E-16
6500.43569827081  4.943792E-16
6503.31839752198  5.035934E-16
6506.20109677316  4.787187E-16
6509.08379602434  4.909267E-16
6511.96649527551  4.789587E-16
6514.84919452668  4.844068E-16
6517.73189377786  4.669083E-16
6520.61459302903  4.769978E-16
6523.49729228021  4.795878E-16
6526.37999153138  4.794347E-16
6529.26269078256  4.786502E-16
6532.14539003373  4.922523E-16
6535.02808928491  5.304164E-16
6537.91078853608  4.765297E-16
6540.79348778726  4.526158E-16
6543.67618703843  4.720123E-16
6546.55888628961  5.024513E-16
6549.44158554078  4.932258E-16
6552.32428479196  4.708813E-16
6555.20698404313  5.039003E-16
6558.08968329431  4.938283E-16
6560.97238254548  4.786858E-16
6563.85508179666  4.965942E-16
6566.73778104783  4.898948E-16
6569.62048029901  4.422931E-16
6572.50317955019  5.042999E-16
6575.38587880136  5.461728E-16
6578.26857805253  5.298005E-16
6581.15127730371  5.357333E-16
6584.03397655488  5.067019E-16
6586.91667580606  5.361032E-16
6589.79937505723  5.025361E-16
6592.68207430841  4.934075E-16
6595.56477355958  4.958692E-16
6598.44747281076  5.062162E-16
6601.33017206193  5.499429E-16
6604.21287131311  5.474981E-16
6607.09557056428  5.084934E-16
6609.97826981546  5.248102E-16
6612.86096906663  4.884773E-16
6615.74366831781  5.033364E-16
6618.62636756898  4.903220E-16
6621.50906682016  5.036702E-16
6624.39176607133  5.366297E-16
6627.27446532251  4.750928E-16
6630.15716457368  4.862326E-16
6633.03986382486  4.881817E-16
6635.92256307603  5.313820E-16
6638.80526232721  5.358440E-16
6641.68796157838  4.895174E-16
6644.57066082956  4.788252E-16
6647.45336008073  5.042990E-16
6650.33605933191  4.916729E-16
6653.21875858308  4.950379E-16
6656.10145783426  4.912450E-16
6658.98415708543  5.202826E-16
6661.86685633661  4.981654E-16
6664.74955558778  4.358820E-16
6667.63225483895  5.258469E-16
6670.51495409013  5.258469E-16
6673.39765334131  5.258469E-16
6676.28035259248  5.327673E-16
6679.16305184366  5.189265E-16
6682.04575109483  5.189265E-16
6684.92845034601  5.258469E-16
6687.81114959718  5.258469E-16
6690.69384884836  5.189265E-16
6693.57654809953  5.189265E-16
6696.45924735071  5.189265E-16
6699.34194660188  5.189265E-16
6702.22464585306  5.189265E-16
6705.10734510423  5.189265E-16
6707.99004435541  5.189265E-16
6710.87274360658  5.189265E-16
6713.75544285776  5.258469E-16
6716.63814210893  5.120061E-16
6719.52084136011  5.396876E-16
6722.40354061128  4.981654E-16
6725.28623986246  5.386615E-16
6728.16893911363  5.166053E-16
6731.0516383648  4.854585E-16
6733.93433761598  4.869250E-16
6736.81703686716  5.227015E-16
6739.69973611833  5.146455E-16
6742.5824353695  5.120130E-16
6745.46513462068  4.897936E-16
6748.34783387185  4.776634E-16
6751.23053312303  5.040848E-16
6754.11323237421  4.856222E-16
6756.99593162538  4.967911E-16
6759.87863087656  4.504032E-16
6762.76133012773  4.668599E-16
6765.6440293789  4.627310E-16
6768.52672863008  4.068495E-16
6771.40942788125  4.603987E-16
6774.29212713243  4.449483E-16
6777.1748263836  4.866276E-16
6780.05752563478  4.732062E-16
6782.94022488595  4.642573E-16
6785.82292413713  4.336148E-16
6788.7056233883  4.761770E-16
6791.58832263948  5.070081E-16
6794.47102189065  4.618438E-16
6797.35372114183  4.766093E-16
6800.236420393  4.422730E-16
6803.11911964418  4.714042E-16
6806.00181889535  4.768419E-16
6808.88451814653  4.382601E-16
6811.7672173977  4.760622E-16
6814.64991664888  4.515939E-16
6817.53261590005  4.548714E-16
6820.41531515123  4.010708E-16
6823.2980144024  4.659919E-16
6826.18071365358  4.191761E-16
6829.06341290475  4.454635E-16
6831.94611215593  4.487099E-16
6834.8288114071  4.404191E-16
6837.71151065828  4.362737E-16
6840.59420990945  4.362737E-16
6843.47690916063  4.362737E-16
6846.3596084118  4.362737E-16
6849.24230766298  4.307466E-16
6852.12500691415  4.293648E-16
6855.00770616533  4.252194E-16
6857.8904054165  4.224558E-16
6860.77310466768  4.224558E-16
6863.65580391885  4.169286E-16
6866.53850317003  4.141651E-16
6869.4212024212  4.127833E-16
6872.30390167238  4.127833E-16
6875.18660092355  4.141651E-16
6878.06930017473  4.072561E-16
6880.9519994259  4.067045E-16
6883.83469867708  3.989755E-16
6886.71739792825  3.995549E-16
6889.60009717943  4.295075E-16
6892.4827964306  4.596379E-16
6895.36549568178  4.279147E-16
6898.24819493295  4.222689E-16
6901.13089418413  4.151399E-16
6904.0135934353  4.092736E-16
6906.89629268648  4.003092E-16
6909.77899193765  4.322799E-16
6912.66169118883  4.104566E-16
6915.54439044  4.302976E-16
6918.42708969117  4.181492E-16
6921.30978894235  4.115784E-16
6924.19248819352  3.633964E-16
6927.0751874447  3.621308E-16
6929.95788669588  4.211726E-16
6932.84058594705  4.198529E-16
6935.72328519822  3.729007E-16
6938.6059844494  3.868682E-16
6941.48868370058  4.006217E-16
6944.37138295175  4.192169E-16
6947.25408220292  4.376171E-16
6950.1367814541  3.871451E-16
6953.01948070527  3.869387E-16
6955.90217995645  3.715975E-16
6958.78487920762  4.018761E-16
6961.6675784588  3.867324E-16
6964.55027770997  3.929343E-16
6967.43297696115  4.115645E-16
6970.31567621232  3.691591E-16
6973.1983754635  3.799924E-16
6976.08107471467  4.010924E-16
6978.96377396585  3.978517E-16
6981.84647321702  4.163927E-16
6984.7291724682  4.288085E-16
6987.61187171937  4.118424E-16
6990.49457097055  3.675069E-16
6993.37727022172  3.650706E-16
6996.2599694729  3.994288E-16
6999.14266872407  4.141374E-16
7002.02536797525  3.847951E-16
7004.90806722642  3.729408E-16
7007.7907664776  3.818256E-16
7010.67346572877  3.775070E-16
7013.55616497995  3.953084E-16
7016.43886423112  4.054814E-16
7019.3215634823  4.218571E-16
7022.20426273347  3.699391E-16
7025.08696198465  3.854394E-16
7027.96966123582  3.805954E-16
7030.852360487  3.917082E-16
7033.73505973817  3.752328E-16
7036.61775898935  4.011393E-16
7039.50045824052  3.979248E-16
7042.3831574917  3.785689E-16
7045.26585674287  3.741696E-16
7048.14855599405  3.373732E-16
7051.03125524522  3.643655E-16
7053.9139544964  3.716548E-16
7056.79665374757  3.677543E-16
7059.67935299875  3.829633E-16
7062.56205224992  4.077723E-16
7065.4447515011  3.747550E-16
7068.32745075227  3.728036E-16
7071.21015000345  3.709766E-16
7074.09284925462  3.931997E-16
7076.9755485058  4.045288E-16
7079.85824775697  4.152605E-16
7082.74094700815  3.566560E-16
7085.62364625932  3.657815E-16
7088.5063455105  3.559775E-16
7091.38904476167  3.991189E-16
7094.27174401285  3.865890E-16
7097.15444326402  3.644096E-16
7100.0371425152  4.001051E-16
7102.91984176637  3.782672E-16
7105.80254101754  3.799766E-16
7108.68524026872  4.143386E-16
7111.5679395199  3.793088E-16
7114.45063877107  3.625461E-16
7117.33333802225  3.800963E-16
7120.21603727342  3.563113E-16
7123.0987365246  3.509466E-16
7125.98143577577  3.790164E-16
7128.86413502694  3.939945E-16
7131.74683427812  3.538409E-16
7134.62953352929  4.047712E-16
7137.51223278047  4.124857E-16
7140.39493203164  3.577107E-16
7143.27763128282  3.735813E-16
7146.16033053399  3.768482E-16
7149.04302978517  3.643160E-16
7151.92572903634  3.402684E-16
7154.80842828752  3.729031E-16
7157.6911275387  3.796457E-16
7160.57382678987  3.517322E-16
7163.45652604104  3.571394E-16
7166.33922529222  3.803512E-16
7169.22192454339  3.811723E-16
7172.10462379457  4.116037E-16
7174.98732304574  4.116265E-16
7177.87002229692  4.038834E-16
7180.75272154809  3.924690E-16
7183.63542079927  3.774122E-16
7186.51812005044  3.724349E-16
7189.40081930162  3.622389E-16
7192.28351855279  3.807289E-16
7195.16621780397  3.807763E-16
7198.04891705515  3.771795E-16
7200.93161630632  3.608385E-16
7203.81431555749  3.631368E-16
7206.69701480867  3.500725E-16
7209.57971405984  3.763568E-16
7212.46241331102  3.600849E-16
7215.34511256219  3.414022E-16
7218.22781181337  3.723617E-16
7221.11051106454  4.018444E-16
7223.99321031572  3.764382E-16
7226.87590956689  3.446699E-16
7229.75860881807  3.818744E-16
7232.64130806924  3.443073E-16
7235.52400732042  3.567822E-16
7238.40670657159  3.431599E-16
7241.28940582277  3.524405E-16
7244.17210507394  3.537920E-16
7247.05480432512  3.309214E-16
7249.93750357629  3.672824E-16
7252.82020282747  3.547709E-16
7255.70290207864  3.456966E-16
7258.58560132982  3.792674E-16
7261.46830058099  3.969587E-16
7264.35099983217  3.681133E-16
7267.23369908334  3.909032E-16
7270.11639833452  3.881499E-16
7272.99909758569  3.999285E-16
7275.88179683687  4.101820E-16
7278.76449608804  3.907250E-16
7281.64719533922  3.480964E-16
7284.52989459039  3.749526E-16
7287.41259384157  3.781921E-16
7290.29529309274  3.796330E-16
7293.17799234392  3.743823E-16
7296.06069159509  3.721585E-16
7298.94339084627  3.622834E-16
7301.82609009744  3.782174E-16
7304.70878934862  3.668664E-16
7307.59148859979  3.263863E-16
7310.47418785097  3.269919E-16
7313.35688710214  3.737549E-16
7316.23958635332  3.662300E-16
7319.12228560449  3.885676E-16
7322.00498485567  3.674073E-16
7324.88768410684  3.514240E-16
7327.77038335802  3.659891E-16
7330.65308260919  3.312493E-16
7333.53578186037  3.601151E-16
7336.41848111154  3.709964E-16
7339.30118036272  3.596023E-16
7342.18387961389  3.588875E-16
7345.06657886506  3.249542E-16
7347.94927811624  3.559824E-16
7350.83197736742  3.579853E-16
7353.71467661859  3.837995E-16
7356.59737586977  3.656882E-16
7359.48007512094  3.834489E-16
7362.36277437211  3.954333E-16
7365.24547362329  3.928205E-16
7368.12817287447  4.379556E-16
7371.01087212564  3.746846E-16
7373.89357137681  3.756500E-16
7376.77627062799  4.241657E-16
7379.65896987916  3.324974E-16
7382.54166913034  3.956873E-16
7385.42436838152  4.092485E-16
7388.30706763269  3.384820E-16
7391.18976688386  3.609988E-16
7394.07246613504  3.483214E-16
7396.95516538621  3.777105E-16
7399.83786463739  3.637526E-16
7402.72056388857  3.728690E-16
7405.60326313974  3.597378E-16
7408.48596239091  3.627865E-16
7411.36866164209  3.821163E-16
7414.25136089327  3.815464E-16
7417.13406014444  3.540942E-16
7420.01675939561  3.699186E-16
7422.89945864679  3.967818E-16
7425.78215789796  3.485507E-16
7428.66485714914  3.726881E-16
7431.54755640031  3.772828E-16
7434.43025565149  3.485233E-16
7437.31295490266  3.570839E-16
7440.19565415384  3.526514E-16
7443.07835340501  3.580047E-16
7445.96105265619  3.638523E-16
7448.84375190736  3.838607E-16
7451.72645115854  3.721862E-16
7454.60915040971  3.695027E-16
7457.49184966089  4.040813E-16
7460.37454891206  3.430916E-16
7463.25724816324  4.003041E-16
7466.13994741441  3.859817E-16
7469.02264666559  3.411635E-16
7471.90534591676  3.541714E-16
7474.78804516794  3.773707E-16
7477.67074441911  3.421241E-16
7480.55344367029  3.311884E-16
7483.43614292146  3.565578E-16
7486.31884217264  3.591898E-16
7489.20154142381  3.935537E-16
7492.08424067499  3.481411E-16
7494.96693992616  3.427245E-16
7497.84963917734  3.881582E-16
7500.73233842851  3.803973E-16
7503.61503767969  3.622214E-16
7506.49773693086  3.912232E-16
7509.38043618204  3.582088E-16
7512.26313543321  3.760485E-16
7515.14583468439  3.391165E-16
7518.02853393556  3.385157E-16
7520.91123318674  3.499611E-16
7523.79393243791  3.909815E-16
7526.67663168909  3.572452E-16
7529.55933094026  3.325384E-16
7532.44203019144  3.334828E-16
7535.32472944261  3.826289E-16
7538.20742869379  3.665194E-16
7541.09012794496  3.400232E-16
7543.97282719614  3.088728E-16
7546.85552644731  3.370726E-16
7549.73822569849  3.591565E-16
7552.62092494966  3.365476E-16
7555.50362420084  3.696493E-16
7558.38632345201  3.652335E-16
7561.26902270318  3.462352E-16
7564.15172195436  3.753320E-16
7567.03442120554  3.535743E-16
7569.91712045671  3.803490E-16
7572.79981970789  3.502816E-16
7575.68251895906  3.385292E-16
7578.56521821024  3.682713E-16
7581.44791746141  3.564018E-16
7584.33061671258  3.724258E-16
7587.21331596376  3.989726E-16
7590.09601521493  3.952373E-16
7592.97871446611  4.688246E-16
7595.86141371728  4.973070E-16
7598.74411296846  4.080152E-16
7601.62681221964  4.488521E-16
7604.50951147081  4.290645E-16
7607.39221072199  4.174010E-16
7610.27490997316  5.122554E-16
7613.15760922433  3.739659E-16
7616.04030847551  3.795067E-16
7618.92300772668  3.160816E-16
7621.80570697786  4.292871E-16
7624.68840622903  3.926667E-16
7627.57110548021  4.038554E-16
7630.45380473139  4.069196E-16
7633.33650398256  4.038529E-16
7636.21920323373  4.080705E-16
7639.10190248491  3.877236E-16
7641.98460173608  4.064448E-16
7644.86730098726  4.268524E-16
7647.75000023843  3.572896E-16
7650.63269948961  3.780249E-16
7653.51539874078  4.205348E-16
7656.39809799196  4.086808E-16
7659.28079724313  4.155518E-16
7662.16349649431  4.425389E-16
7665.04619574548  3.824556E-16
7667.92889499666  3.389940E-16
7670.81159424783  3.655578E-16
7673.69429349901  3.616644E-16
7676.57699275018  3.399840E-16
7679.45969200136  3.607287E-16
7682.34239125253  4.117003E-16
7685.22509050371  3.804308E-16
7688.10778975488  3.604115E-16
7690.99048900606  4.152166E-16
7693.87318825723  3.678931E-16
7696.75588750841  3.879966E-16
7699.63858675958  3.378294E-16
7702.52128601076  3.405291E-16
7705.40398526193  4.035794E-16
7708.28668451311  3.490831E-16
7711.16938376428  4.275822E-16
7714.05208301546  3.902626E-16
7716.93478226663  3.694071E-16
7719.81748151781  4.124426E-16
7722.70018076898  4.158097E-16
7725.58288002016  4.015698E-16
7728.46557927133  3.756821E-16
7731.34827852251  3.461171E-16
7734.23097777368  4.054136E-16
7737.11367702486  3.551826E-16
7739.99637627603  3.769674E-16
7742.87907552721  3.597560E-16
7745.76177477838  3.451865E-16
7748.64447402956  3.894758E-16
7751.52717328073  3.933325E-16
7754.40987253191  3.927884E-16
7757.29257178308  4.423809E-16
7760.17527103426  3.600165E-16
7763.05797028543  3.665938E-16
7765.94066953661  3.745092E-16
7768.82336878778  3.858296E-16
7771.70606803896  3.627998E-16
7774.58876729013  3.543457E-16
7777.47146654131  4.031944E-16
7780.35416579248  3.989335E-16
7783.23686504366  3.855937E-16
7786.11956429483  3.301815E-16
7789.002263546  3.497045E-16
7791.88496279718  3.804131E-16
7794.76766204836  4.169449E-16
7797.65036129953  4.155513E-16
7800.53306055071  3.190670E-16
7803.41575980188  3.362789E-16
7806.29845905306  3.492319E-16
7809.18115830423  3.467530E-16
7812.06385755541  3.200041E-16
7814.94655680658  3.681932E-16
7817.82925605775  3.223481E-16
7820.71195530893  3.632462E-16
7823.59465456011  3.420077E-16
7826.47735381128  3.849185E-16
7829.36005306245  3.812575E-16
7832.24275231363  3.270567E-16
7835.1254515648  2.911513E-16
7838.00815081598  3.989732E-16
7840.89085006716  4.179754E-16
7843.77354931833  3.888869E-16
7846.65624856951  3.887969E-16
7849.53894782068  3.989171E-16
7852.42164707185  3.880963E-16
7855.30434632303  3.587812E-16
7858.1870455742  3.263599E-16
7861.06974482538  4.298119E-16
7863.95244407655  3.193241E-16
7866.83514332773  3.540169E-16
7869.7178425789  4.364358E-16
7872.60054183008  4.027061E-16
7875.48324108125  3.795489E-16
7878.36594033243  3.586659E-16
7881.2486395836  3.560172E-16
7884.13133883478  3.404355E-16
7887.01403808595  3.160874E-16
7889.89673733713  3.659516E-16
7892.7794365883  3.546530E-16
7895.66213583948  3.786191E-16
7898.54483509065  3.879604E-16
7901.42753434183  4.076249E-16
7904.310233593  3.822482E-16
7907.19293284418  3.392886E-16
7910.07563209535  3.469716E-16
7912.95833134653  4.109452E-16
7915.8410305977  3.934029E-16
7918.72372984888  3.211102E-16
7921.60642910005  3.487106E-16
7924.48912835123  4.218512E-16
7927.3718276024  4.026285E-16
7930.25452685358  4.193051E-16
7933.13722610475  3.958583E-16
7936.01992535593  3.469983E-16
7938.9026246071  3.652361E-16
7941.78532385828  3.668787E-16
7944.66802310945  4.283655E-16
7947.55072236063  4.523107E-16
7950.4334216118  3.847441E-16
7953.31612086298  3.101862E-16
7956.19882011415  3.937614E-16
7959.08151936533  3.488269E-16
7961.9642186165  3.442535E-16
7964.84691786768  4.088662E-16
7967.72961711885  3.242065E-16
7970.61231637003  3.229171E-16
7973.4950156212  3.548952E-16
7976.37771487238  3.957739E-16
7979.26041412355  3.544154E-16
7982.14311337473  3.309378E-16
7985.0258126259  3.436392E-16
7987.90851187708  3.414124E-16
7990.79121112825  3.595157E-16
7993.67391037943  3.757785E-16
7996.5566096306  3.483719E-16
7999.43930888178  3.702674E-16
8002.32200813295  3.565159E-16
8005.20470738413  3.353365E-16
8008.0874066353  3.474331E-16
8010.97010588648  4.275782E-16
8013.85280513765  3.246643E-16
8016.73550438882  3.391247E-16
8019.61820364  3.236823E-16
8022.50090289117  2.941645E-16
8025.38360214235  3.564796E-16
8028.26630139353  3.796284E-16
8031.1490006447  3.548469E-16
8034.03169989587  3.348410E-16
8036.91439914705  2.767002E-16
8039.79709839822  3.295947E-16
8042.6797976494  3.264259E-16
8045.56249690057  3.691777E-16
8048.44519615175  3.525295E-16
8051.32789540292  3.061362E-16
8054.2105946541  3.536706E-16
8057.09329390527  2.685156E-16
8059.97599315645  3.156854E-16
8062.85869240763  3.378913E-16
8065.7413916588  3.708408E-16
8068.62409090997  2.919641E-16
8071.50679016115  3.301513E-16
8074.38948941232  3.340805E-16
8077.2721886635  3.422166E-16
8080.15488791467  3.387555E-16
8083.03758716585  3.943569E-16
8085.92028641702  3.713906E-16
8088.8029856682  3.776673E-16
8091.68568491937  3.169333E-16
8094.56838417055  3.040638E-16
8097.45108342172  3.537852E-16
8100.3337826729  3.626325E-16
8103.21648192407  3.547245E-16
8106.09918117525  3.350284E-16
8108.98188042642  3.351627E-16
8111.8645796776  3.149953E-16
8114.74727892877  3.723905E-16
8117.62997817995  3.709039E-16
8120.51267743112  3.198943E-16
8123.3953766823  3.236693E-16
8126.27807593347  3.533911E-16
8129.16077518465  3.318607E-16
8132.04347443582  3.378409E-16
8134.926173687  3.074182E-16
8137.80887293817  3.488876E-16
8140.69157218935  2.661216E-16
8143.57427144052  2.904613E-16
8146.4569706917  3.614253E-16
8149.33966994287  3.355832E-16
8152.22236919405  3.257015E-16
8155.10506844522  3.673998E-16
8157.9877676964  4.077444E-16
8160.87046694757  3.642182E-16
8163.75316619875  3.320505E-16
8166.63586544992  3.310274E-16
8169.5185647011  2.689108E-16
8172.40126395227  3.142110E-16
8175.28396320345  3.349919E-16
8178.16666245462  3.595282E-16
8181.0493617058  3.082100E-16
8183.93206095697  2.812759E-16
8186.81476020815  2.716345E-16
8189.69745945932  3.098566E-16
8192.5801587105  2.798423E-16
8195.46285796167  3.201188E-16
8198.34555721285  3.435405E-16
8201.22825646402  3.565025E-16
8204.1109557152  3.280392E-16
8206.99365496637  2.955219E-16
8209.87635421755  3.237053E-16
8212.75905346872  3.079495E-16
8215.6417527199  2.767545E-16
8218.52445197107  3.087647E-16
8221.40715122224  2.836561E-16
8224.28985047342  2.966170E-16
8227.1725497246  3.276280E-16
8230.05524897577  3.143820E-16
8232.93794822694  2.880756E-16
8235.82064747812  3.063027E-16
8238.7033467293  3.477185E-16
8241.58604598047  3.330828E-16
8244.46874523165  3.420911E-16
8247.35144448282  2.916381E-16
8250.23414373399  2.811312E-16
8253.11684298517  3.270265E-16
8255.99954223634  3.304524E-16
8258.88224148752  3.208885E-16
8261.7649407387  3.293614E-16
8264.64763998987  3.224627E-16
8267.53033924105  2.928657E-16
8270.41303849222  2.333514E-16
8273.29573774339  2.445666E-16
8276.17843699457  3.033669E-16
8279.06113624574  2.941964E-16
8281.94383549692  3.054960E-16
8284.82653474809  3.310965E-16
8287.70923399927  3.024358E-16
8290.59193325044  2.804118E-16
8293.47463250162  2.941074E-16
8296.35733175279  2.899225E-16
8299.24003100397  2.536227E-16
8302.12273025514  2.670366E-16
8305.00542950632  2.772587E-16
8307.88812875749  2.771093E-16
8310.77082800867  2.920839E-16
8313.65352725984  2.799175E-16
8316.53622651102  2.702771E-16
8319.41892576219  3.412834E-16
8322.30162501337  2.883219E-16
8325.18432426454  2.594138E-16
8328.06702351572  2.815197E-16
8330.94972276689  2.461507E-16
8333.83242201807  2.755052E-16
8336.71512126924  3.324247E-16
8339.59782052042  3.043059E-16
8342.48051977159  2.576101E-16
8345.36321902277  2.847899E-16
8348.24591827394  3.257283E-16
8351.12861752512  3.161895E-16
8354.01131677629  2.843758E-16
8356.89401602747  2.800225E-16
8359.77671527864  2.365561E-16
8362.65941452982  2.443001E-16
8365.54211378099  2.514160E-16
8368.42481303217  2.573351E-16
8371.30751228334  2.400727E-16
8374.19021153452  2.802163E-16
8377.07291078569  2.541062E-16
8379.95561003687  2.399631E-16
8382.83830928804  3.013236E-16
8385.72100853922  3.045906E-16
8388.60370779039  1.745812E-16
8391.48640704157  2.708461E-16
8394.36910629274  2.747338E-16
8397.25180554392  2.486213E-16
8400.13450479509  2.906357E-16
8403.01720404627  2.800730E-16
8405.89990329744  2.157564E-16
8408.78260254862  2.503386E-16
8411.66530179979  1.927154E-16
8414.54800105097  2.585145E-16
8417.43070030214  2.511951E-16
8420.31339955332  2.182242E-16
8423.19609880449  2.748167E-16
8426.07879805567  2.849574E-16
8428.96149730684  2.107027E-16
8431.84419655801  2.482215E-16
8434.72689580919  2.645742E-16
8437.60959506036  2.075575E-16
8440.49229431154  3.278352E-16
8443.37499356272  2.519775E-16
8446.25769281389  2.531449E-16
8449.14039206507  2.585203E-16
8452.02309131624  2.515349E-16
8454.90579056741  2.056054E-16
8457.78848981859  1.651651E-16
8460.67118906977  2.926987E-16
8463.55388832094  2.805845E-16
8466.43658757211  2.588833E-16
8469.31928682329  2.580794E-16
8472.20198607446  2.456930E-16
8475.08468532564  2.702725E-16
8477.96738457681  2.437249E-16
8480.85008382799  2.580975E-16
8483.73278307916  2.553505E-16
8486.61548233034  2.543849E-16
8489.49818158151  2.485573E-16
8492.38088083269  2.470635E-16
8495.26358008387  2.469772E-16
8498.14627933504  2.572528E-16
8501.02897858622  2.354187E-16
8503.91167783739  2.243210E-16
8506.79437708856  2.265981E-16
8509.67707633974  2.172854E-16
8512.55977559091  2.327203E-16
8515.44247484209  2.680951E-16
8518.32517409327  2.944202E-16
8521.20787334444  2.557988E-16
8524.09057259561  2.229808E-16
8526.97327184679  2.865607E-16
8529.85597109796  2.374413E-16
8532.73867034914  2.528528E-16
8535.62136960032  2.454306E-16
8538.50406885149  2.246752E-16
8541.38676810266  2.594392E-16
8544.26946735384  2.663475E-16
8547.15216660501  2.505658E-16
8550.03486585619  2.231832E-16
8552.91756510736  2.502756E-16
8555.80026435854  2.621438E-16
8558.68296360971  2.088963E-16
8561.56566286089  2.249852E-16
8564.44836211206  2.684938E-16
8567.33106136324  2.649738E-16
8570.21376061441  2.645760E-16
8573.09645986559  2.494683E-16
8575.97915911676  2.151869E-16
8578.86185836794  2.054847E-16
8581.74455761911  2.005625E-16
8584.62725687029  2.511660E-16
8587.50995612146  2.622425E-16
8590.39265537264  2.292561E-16
8593.27535462381  2.545158E-16
8596.15805387499  2.171675E-16
8599.04075312616  1.775490E-16
8601.92345237734  2.261999E-16
8604.80615162851  2.556988E-16
8607.68885087969  2.581096E-16
8610.57155013086  2.495386E-16
8613.45424938204  1.848577E-16
8616.33694863321  2.369105E-16
8619.21964788439  2.289300E-16
8622.10234713556  1.802558E-16
8624.98504638674  2.483863E-16
8627.86774563791  2.507631E-16
8630.75044488909  2.670264E-16
8633.63314414026  2.757729E-16
8636.51584339144  2.365230E-16
8639.39854264261  1.871655E-16
8642.28124189379  2.061654E-16
8645.16394114496  2.706208E-16
8648.04664039614  1.960766E-16
8650.92933964731  1.941968E-16
8653.81203889849  2.152425E-16
8656.69473814966  2.136091E-16
8659.57743740084  2.163174E-16
8662.46013665201  2.269897E-16
8665.34283590319  2.400599E-16
8668.22553515436  2.932135E-16
8671.10823440554  2.622643E-16
8673.99093365671  2.416365E-16
8676.87363290789  2.847230E-16
8679.75633215906  2.248452E-16
8682.63903141024  1.799838E-16
8685.52173066141  2.320412E-16
8688.40442991259  2.612948E-16
8691.28712916376  2.258455E-16
8694.16982841494  2.301214E-16
8697.05252766611  2.181198E-16
8699.93522691729  2.004413E-16
8702.81792616846  1.772911E-16
8705.70062541963  2.139992E-16
8708.58332467081  2.183766E-16
8711.46602392198  2.356133E-16
8714.34872317316  2.374237E-16
8717.23142242434  2.407172E-16
8720.11412167551  2.575136E-16
8722.99682092669  2.170876E-16
8725.87952017786  2.358932E-16
8728.76221942903  2.678078E-16
8731.64491868021  2.298868E-16
8734.52761793138  2.057113E-16
8737.41031718256  2.452890E-16
8740.29301643373  2.616808E-16
8743.17571568491  2.483685E-16
8746.05841493608  2.425101E-16
8748.94111418726  2.888592E-16
8751.82381343844  2.937477E-16
8754.70651268961  2.133558E-16
8757.58921194078  2.372224E-16
8760.47191119196  2.546078E-16
8763.35461044313  2.336331E-16
8766.23730969431  2.219986E-16
8769.12000894548  2.112073E-16
8772.00270819666  1.967617E-16
8774.88540744783  2.346274E-16
8777.76810669901  2.631329E-16
8780.65080595018  1.989908E-16
8783.53350520136  1.959217E-16
8786.41620445253  2.601920E-16
8789.29890370371  2.537418E-16
8792.18160295488  3.364044E-16
8795.06430220606  3.013078E-16
8797.94700145723  2.623105E-16
8800.82970070841  2.555120E-16
8803.71239995958  2.302073E-16
8806.59509921076  2.396256E-16
8809.47779846193  2.695059E-16
8812.36049771311  3.064730E-16
8815.24319696428  2.257150E-16
8818.12589621546  2.172860E-16
8821.00859546663  1.954484E-16
8823.89129471781  2.135910E-16
8826.77399396898  1.976156E-16
8829.65669322016  2.094145E-16
8832.53939247133  2.062647E-16
8835.42209172251  2.591026E-16
8838.30479097368  2.719447E-16
8841.18749022486  2.497913E-16
8844.07018947603  2.722014E-16
8846.95288872721  2.545382E-16
8849.83558797838  2.558928E-16
8852.71828722956  2.724655E-16
8855.60098648073  2.498481E-16
8858.48368573191  2.022783E-16
8861.36638498308  2.473160E-16
8864.24908423426  2.378103E-16
8867.13178348543  2.543860E-16
8870.01448273661  2.777912E-16
8872.89718198778  1.784899E-16
8875.77988123896  2.225356E-16
8878.66258049013  2.224751E-16
8881.54527974131  1.789330E-16
8884.42797899248  2.636184E-16
8887.31067824365  2.919464E-16
8890.19337749483  2.960236E-16
8893.076076746  2.430007E-16
8895.95877599718  2.411027E-16
8898.84147524836  2.882647E-16
8901.72417449953  2.195078E-16
8904.60687375071  2.390929E-16
8907.48957300188  2.354184E-16
8910.37227225305  2.737311E-16
8913.25497150423  3.294567E-16
8916.1376707554  3.143643E-16
8919.02037000658  3.021224E-16
8921.90306925776  2.797181E-16
8924.78576850893  2.299740E-16
8927.6684677601  2.760500E-16
8930.55116701128  3.205511E-16
8933.43386626245  2.260426E-16
8936.31656551363  2.261897E-16
8939.1992647648  3.293583E-16
8942.08196401598  3.282509E-16
8944.96466326715  3.020504E-16
8947.84736251833  3.549079E-16
8950.7300617695  2.822197E-16
8953.61276102068  3.374965E-16
8956.49546027185  3.344245E-16
8959.37815952303  2.570686E-16
8962.2608587742  3.783233E-16
8965.14355802538  3.337802E-16
8968.02625727655  3.077027E-16
8970.90895652773  2.501712E-16
8973.7916557789  2.973115E-16
8976.67435503008  3.214232E-16
8979.55705428125  3.141584E-16
8982.43975353243  3.520321E-16
8985.3224527836  9.687044E-17
8988.20515203478  2.171683E-16
8991.08785128595  3.750885E-16
8993.97055053713  1.903984E-16
8996.8532497883  4.175156E-16
8999.73594903948  3.468969E-16
9002.61864829065  2.894579E-16
9005.50134754183  3.495228E-16
9008.384046793  2.323754E-16
9011.26674604418  3.072016E-16
9014.14944529535  3.462370E-16
9017.03214454653  3.662625E-16
9019.9148437977  4.522086E-16
9022.79754304888  4.146510E-16
9025.68024230005  4.115636E-16
9028.56294155123  4.721146E-16
9031.4456408024  3.057855E-16
9034.32834005358  2.195868E-16
9037.21103930475  2.200283E-16
9040.09373855593  3.415734E-16
9042.9764378071  2.658088E-16
9045.85913705828  2.771776E-16
9048.74183630945  4.605341E-16
9051.62453556063  4.092696E-16
9054.5072348118  9.173106E-17
9057.38993406298  3.943585E-16
9060.27263331415  1.282716E-16
9063.15533256533  5.872111E-17
9066.0380318165  1.611973E-16
9068.92073106768  2.909288E-16
9071.80343031885  3.897538E-16
9074.68612957003  2.571906E-16
9077.5688288212  3.215268E-16
9080.45152807238  1.767771E-16
9083.33422732355  9.356352E-17
9086.21692657473  5.243984E-16
9089.0996258259  1.507333E-16
9091.98232507707  4.347003E-17
9094.86502432825  2.779067E-16
9097.74772357943  1.697352E-16
9100.6304228306  3.330884E-16
9103.51312208178  2.354909E-16
9106.39582133295  8.043185E-17
9109.27852058412  -5.341855E-18
9112.1612198353  2.013192E-17
9115.04391908647  3.117282E-16
9117.92661833765  2.795363E-16
9120.80931758883  3.118549E-16
9123.69201684  1.319919E-16
9126.57471609117  1.166071E-16
9129.45741534235  3.620969E-16
9132.34011459352  2.033599E-16
9135.2228138447  4.941251E-17
9138.10551309587  1.376649E-16
9140.98821234705  1.934457E-16
9143.87091159822  1.519012E-16
9146.7536108494  2.150150E-16
9149.63631010057  1.576527E-16
9152.51900935175  2.008430E-16
9155.40170860292  1.987074E-16
9158.2844078541  1.964283E-16
9161.16710710527  1.940720E-16
9164.04980635645  1.916719E-16
9166.93250560762  1.893096E-16
