4202.64868879318 1.6399125804938143e-17
4207.36398124695 7.727957780402342e-17
4212.07927370071 9.663645596580731e-17
4216.79456615448 5.340212834627522e-17
4221.50985860825 2.5133264423814333e-17
4226.22515106201 1.158302736763435e-17
4230.94044351578 4.053866449787042e-17
4235.65573596954 -1.3567155869994368e-17
4240.37102842331 5.971034118151795e-17
4245.08632087708 6.150598027476185e-17
4249.80161333084 1.4860689949421097e-17
4254.51690578461 7.250353375411812e-17
4259.23219823837 3.471175072703106e-17
4263.94749069214 2.010482228698295e-17
4268.66278314591 7.051049473119829e-17
4273.37807559967 6.962232573483904e-17
4278.09336805344 5.580786448488785e-17
4282.8086605072 -1.923272696549601e-18
4287.52395296097 4.885373163810128e-18
4292.23924541474 3.531648644154841e-17
4296.9545378685 2.986532992375288e-17
4301.66983032227 7.344048615143314e-17
4306.38512277603 8.171753490136139e-17
4311.1004152298 6.925090287991944e-17
4315.81570768356 1.153658106980992e-16
4320.53100013733 5.419472665878881e-17
4325.2462925911 7.090815869377955e-17
4329.96158504486 5.988906053425636e-17
4334.67687749863 -1.2046662097088602e-17
4339.39216995239 -4.739567041577931e-18
4344.10746240616 7.826838719218555e-18
4348.82275485993 2.8891748572575506e-17
4353.53804731369 5.259292002308968e-17
4358.25333976746 9.929712170155364e-17
4362.96863222122 9.065938584445979e-17
4367.68392467499 1.213693778112117e-16
4372.39921712875 9.326458677829148e-17
4377.11450958252 3.9298204268992084e-17
4381.82980203629 1.118243364333556e-16
4386.54509449005 9.559370324136626e-17
4391.26038694382 4.882605401290498e-17
4395.97567939758 6.38721511522067e-17
4400.69097185135 1.0758610925463336e-16
4405.40626430512 1.1970992662802541e-16
4410.12155675888 1.1060995080417208e-16
4414.83684921265 2.3488170195049347e-17
4419.55214166641 -1.3065299216828314e-17
4424.26743412018 8.21967859279369e-17
4428.98272657394 9.926574041531815e-17
4433.69801902771 8.778008029185067e-17
4438.41331148148 7.861263469625015e-17
4443.12860393524 4.906296314715881e-17
4447.84389638901 5.731431280141881e-17
4452.55918884277 5.502056134199674e-17
4457.27448129654 2.975946942808994e-17
4461.98977375031 3.554758751173319e-17
4466.70506620407 7.17704136399383e-17
4471.42035865784 7.856763359777862e-17
4476.1356511116 8.753795945456949e-17
4480.85094356537 1.0167946064998618e-16
4485.56623601913 5.740437278914574e-17
4490.2815284729 5.083192748150603e-17
4494.99682092667 6.370686903214935e-17
4499.71211338043 6.307057826298997e-17
4504.4274058342 5.106444432556253e-17
4509.14269828797 4.041580856333427e-17
4513.85799074173 3.260886270176878e-17
4518.5732831955 7.161549104220036e-17
4523.28857564926 6.390208834477203e-17
4528.00386810303 1.371438427976745e-17
4532.71916055679 2.9391325073069323e-17
4537.43445301056 4.793751914296957e-17
4542.14974546433 6.838386357226241e-17
4546.86503791809 6.586329687373152e-17
4551.58033037186 5.375866201106603e-17
4556.29562282562 5.4108967688677595e-17
4561.01091527939 5.347161129277938e-17
4565.72620773316 5.112190072897764e-17
4570.44150018692 6.961486269982605e-17
4575.15679264069 8.90226612971981e-17
4579.87208509445 8.307797994061617e-17
4584.58737754822 9.642720427881038e-17
4589.30267000199 4.9267171051567045e-17
4594.01796245575 9.925655289137061e-18
4598.73325490952 7.342467264925123e-17
4603.44854736328 1.3967085924349605e-16
4608.16383981705 1.0423682624631172e-16
4612.87913227082 5.443299812460639e-17
4617.59442472458 6.168108470855026e-17
4622.30971717835 2.9005574698535564e-17
4627.02500963211 3.1111557027587367e-17
4631.74030208588 3.648336087904922e-17
4636.45559453964 4.2442947971498716e-17
4641.17088699341 6.670374357346498e-17
4645.88617944718 5.279437994801496e-17
4650.60147190094 6.640859908318039e-17
4655.31676435471 3.2590011959674876e-17
4660.03205680847 -2.5643820308959075e-18
4664.74734926224 5.5294259961150996e-17
4669.46264171601 6.210256958819752e-17
4674.17793416977 4.088256685530199e-17
4678.89322662354 4.6033500695963176e-17
4683.6085190773 4.0406642453945136e-17
4688.32381153107 6.080602955715791e-17
4693.03910398483 8.848620374825201e-17
4697.7543964386 6.425667715140375e-17
4702.46968889237 5.2222385254917064e-17
4707.18498134613 5.7846734695368e-17
4711.9002737999 4.2253003750700864e-17
4716.61556625366 3.715377913328491e-17
4721.33085870743 5.662407340771902e-17
4726.0461511612 4.895769513076446e-17
4730.76144361496 3.427773547689782e-17
4735.47673606873 5.731909153843177e-17
4740.19202852249 6.293127291908382e-17
4744.90732097626 6.029234661624381e-17
4749.62261343003 6.773890544575152e-17
4754.33790588379 2.045447109492941e-17
4759.05319833756 2.2398372325539446e-17
4763.76849079132 7.424816161648521e-17
4768.48378324509 4.618666343699054e-17
4773.19907569885 6.436343331104633e-17
4777.91436815262 6.811961247237627e-17
4782.62966060639 3.499008943188534e-17
4787.34495306015 3.3581800800803586e-17
4792.06024551392 2.3093696663141604e-17
4796.77553796768 4.2560218321706885e-17
4801.49083042145 6.721083326420153e-17
4806.20612287521 5.0015011249378195e-17
4810.92141532898 5.733912866796387e-17
4815.63670778275 3.9895901352516613e-17
4820.35200023651 2.1850637535826955e-17
4825.06729269028 6.663024718934426e-17
4829.78258514405 4.115843400082165e-17
4834.49787759781 3.845095542058128e-17
4839.21317005158 5.629227717585546e-17
4843.92846250534 2.638682080042243e-17
4848.64375495911 1.965205856600462e-17
4853.35904741288 4.416480051883255e-17
4858.07433986664 4.064430501876039e-17
4862.78963232041 3.7726251271648977e-17
4867.50492477417 4.535904026789732e-17
4872.22021722794 3.9299422720226106e-17
4876.9355096817 4.015527763059663e-17
4881.65080213547 2.8916699464208076e-17
4886.36609458924 1.609042126914303e-17
4891.081387043 5.932880121709717e-17
4895.79667949677 6.135205692680622e-17
4900.51197195053 3.134583166029394e-17
4905.2272644043 4.493079844236534e-17
4909.94255685806 5.890619939524961e-17
4914.65784931183 2.898961757810442e-17
4919.3731417656 3.6990375964220135e-17
4924.08843421936 6.868760275854166e-17
4928.80372667313 6.935494282127441e-17
4933.51901912689 4.0110032418914837e-17
4938.23431158066 3.9621628396408993e-17
4942.94960403443 6.644728294263685e-17
4947.66489648819 4.9688070359300365e-17
4952.38018894196 4.3063645202287516e-17
4957.09548139572 4.947852893841844e-17
4961.81077384949 2.958388508888074e-17
4966.52606630325 4.622265287620352e-17
4971.24135875702 5.255437082170893e-17
4975.95665121079 2.781671635881598e-17
4980.67194366455 4.025705111067462e-17
4985.38723611832 4.4246155412199144e-17
4990.10252857209 5.839826941393321e-17
4994.81782102585 6.175270271292113e-17
4999.53311347962 6.26502e-17
5004.24840593338 4.0964941747146357e-17
5008.96369838715 4.545303276555172e-17
5013.67899084091 2.3738632397892434e-17
5018.39428329468 4.7891743394532485e-17
5023.10957574845 7.706966449891772e-17
5027.82486820221 5.558372521464906e-17
5032.54016065598 4.316812456251569e-17
5037.25545310974 4.775843349347642e-17
5041.97074556351 5.61796997117111e-17
5046.68603801728 6.971953917626412e-17
5051.40133047104 5.1009936483980435e-17
5056.11662292481 4.336895960906547e-17
5060.83191537857 3.59245439431017e-17
5065.54720783234 5.3680424578969054e-17
5070.2625002861 4.489359615115495e-17
5074.97779273987 3.1972599224778955e-17
5079.69308519364 5.3368066319557264e-17
5084.4083776474 3.829128258172482e-17
5089.12367010117 4.2189397142071126e-17
5093.83896255493 5.320258722496757e-17
5098.5542550087 2.8786615969900145e-17
5103.26954746247 4.040589756461352e-17
5107.98483991623 5.678953208512558e-17
5112.70013237 4.839111553196399e-17
5117.41542482376 4.807497874744554e-17
5122.13071727753 5.593314528043783e-17
5126.84600973129 5.890916443958703e-17
5131.56130218506 5.1158467554469675e-17
5136.27659463883 5.1214914266479315e-17
5140.99188709259 4.340534793057778e-17
5145.70717954636 4.4870401190602303e-17
5150.42247200013 5.620136910530433e-17
5155.13776445389 2.7677442279386194e-17
5159.85305690766 3.974749400856772e-17
5164.56834936142 4.217224191172418e-17
5169.28364181519 5.274540400563236e-17
5173.99893426895 4.390695282110033e-17
5178.71422672272 3.159663465592039e-17
5183.42951917649 2.642219860779597e-17
5188.14481163025 3.125155181921995e-17
5192.86010408402 3.0390891997863094e-17
5197.57539653778 4.387154615891901e-17
5202.29068899155 8.054573926063314e-17
5207.00598144532 4.103821169864594e-17
5211.72127389908 3.077517780562439e-17
5216.43656635285 5.0366471876982087e-17
5221.15185880661 4.715725874976383e-17
5225.86715126038 3.4715091707794604e-17
5230.58244371414 3.432212593386387e-17
5235.29773616791 4.64119978767748e-17
5240.01302862168 1.9148352270298762e-17
5244.72832107544 3.2643898653061684e-17
5249.44361352921 4.331565900708796e-17
5254.15890598297 3.684886837968773e-17
5258.87419843674 4.379746452691243e-17
5263.58949089051 2.9675930511151984e-17
5268.30478334427 4.519143550559016e-17
5273.02007579804 3.2901486265430187e-17
5277.7353682518 4.6077494148851645e-17
5282.45066070557 5.433415108731317e-17
5287.16595315934 2.6404728267475974e-17
5291.8812456131 4.721080231187793e-17
5296.59653806687 3.469532819804961e-17
5301.31183052063 3.038897189785084e-17
5306.0271229744 3.018617442370205e-17
5310.74241542817 2.992184184698136e-17
5315.45770788193 4.31780414373439e-17
5320.1730003357 3.3497048527337024e-17
5324.88829278946 4.4241116803941155e-17
5329.60358524323 5.12978581878277e-17
5334.31887769699 1.8523105154496506e-17
5339.03417015076 3.388250306905997e-17
5343.74946260453 1.7397898816996837e-17
5348.46475505829 3.062157465253788e-17
5353.18004751206 1.6994245670445626e-17
5357.89533996582 5.219990313901572e-17
5362.61063241959 4.2342028094875503e-17
5367.32592487336 4.825377211546276e-17
5372.04121732712 6.174805183359938e-17
5376.75650978089 4.467398759592883e-17
5381.47180223465 2.271574069556028e-17
5386.18709468842 1.8881706707032367e-17
5390.90238714218 5.118362721954224e-17
5395.61767959595 4.9668637583453743e-17
5400.33297204972 3.207328768420891e-17
5405.04826450348 2.070160184254793e-17
5409.76355695725 2.6790791915546183e-17
5414.47884941101 3.4141080594973576e-17
5419.19414186478 3.8310726048793463e-17
5423.90943431855 5.489056074771518e-17
5428.62472677231 4.0372232795538463e-17
5433.34001922608 4.0604292130038565e-17
5438.05531167984 4.682164173083427e-17
5442.77060413361 2.6574324686951573e-17
5447.48589658738 2.3106204117116573e-17
5452.20118904114 3.666709279898186e-17
5456.91648149491 2.3928834357040847e-17
5461.63177394867 2.2582741254643378e-17
5466.34706640244 4.616431717692638e-17
5471.06235885621 3.4769028083159556e-17
5475.77765130997 4.508728418369351e-17
5480.49294376374 5.361782734732556e-17
5485.2082362175 2.9857709977491647e-17
5489.92352867127 9.013529850214495e-18
5494.63882112504 3.992613089612455e-17
5499.3541135788 4.2143358852623327e-17
5504.06940603257 1.7847866732829878e-17
5508.78469848633 2.7105171282902882e-17
5513.4999909401 3.413404784368025e-17
5518.21528339386 2.223122782785566e-17
5522.93057584763 2.6448578582634343e-17
5527.6458683014 3.30238946600578e-17
5532.36116075516 4.8555364406336393e-17
5537.07645320893 3.930606010105586e-17
5541.79174566269 3.2109143304179585e-17
5546.50703811646 4.050002346943334e-17
5551.22233057022 3.1512226790044166e-17
5555.93762302399 2.6864064645302473e-17
5560.65291547776 2.744314745819902e-17
5565.36820793152 3.145584851001268e-17
5570.08350038529 4.097012710882394e-17
5574.79879283905 4.89924335336024e-17
5579.51408529282 1.6281349203361157e-17
5584.22937774659 3.175628885976347e-17
5588.94467020035 3.025818217709507e-17
5593.65996265412 3.735681772020382e-17
5598.37525510788 5.237969596102486e-17
5603.09054756165 5.0670062500698413e-17
5607.80584001541 5.080493748963677e-17
5612.52113246918 4.5058923790924405e-17
5617.23642492295 3.1134244732935713e-17
5621.95171737671 4.5079342769153836e-17
5626.66700983048 4.6519723176149996e-17
5631.38230228425 2.867326824163176e-17
5636.09759473801 3.27097641783806e-17
5640.81288719178 3.797810281069143e-17
5645.52817964554 3.808938609143082e-17
5650.24347209931 4.028752225283241e-17
5654.95876455307 3.595781595961413e-17
5659.67405700684 4.3227995180688374e-17
5664.3893494606 4.4650906209930265e-17
5669.10464191437 4.112417819245822e-17
5673.81993436814 3.79670641511616e-17
5678.5352268219 3.163069521288303e-17
5683.25051927567 3.3600315076843605e-17
5687.96581172943 4.2599877827976436e-17
5692.6811041832 3.4974171348213527e-17
5697.39639663697 5.407994343152981e-17
5702.11168909073 5.0718879678166635e-17
5706.8269815445 4.0309286820468087e-17
5711.54227399826 3.0658275680135366e-17
5716.25756645203 2.4652663882000892e-17
5720.9728589058 4.8924669754912367e-17
5725.68815135956 5.583023334047913e-17
5730.40344381333 4.112456336252749e-17
5735.11873626709 2.7690103402541644e-17
5739.83402872086 4.1692129569764375e-17
5744.54932117463 3.828515122232901e-17
5749.26461362839 2.4621996662024764e-17
5753.97990608216 3.7608334867779554e-17
5758.69519853592 4.2321714683232986e-17
5763.41049098969 4.4933499903987717e-17
5768.12578344345 3.5267116451445505e-17
5772.84107589722 2.7837729275369094e-17
5777.55636835099 3.8906792526414334e-17
5782.27166080475 4.157088788287549e-17
5786.98695325852 4.5778299321899005e-17
5791.70224571228 3.800961072139505e-17
5796.41753816605 3.2324628060925906e-17
5801.13283061982 4.345269605847519e-17
5805.84812307358 4.154128452169703e-17
5810.56341552735 2.893869513718195e-17
5815.27870798111 2.7066978945792405e-17
5819.99400043488 4.319103317824175e-17
5824.70929288865 3.082964719215516e-17
5829.42458534241 3.161122997651781e-17
5834.13987779618 4.0063604941130795e-17
5838.85517024994 3.2923421607724497e-17
5843.57046270371 3.252533803052227e-17
5848.28575515747 2.3169519366327867e-17
5853.00104761124 3.259118344974525e-17
5857.71634006501 4.048428516942188e-17
5862.43163251877 3.8922295225111264e-17
5867.14692497254 3.877136356832479e-17
5871.8622174263 4.190286766540932e-17
5876.57750988007 3.3473865826719793e-17
5881.29280233384 4.437889846362248e-17
5886.0080947876 4.1403909642068284e-17
5890.72338724137 2.255152858779926e-17
5895.43867969513 2.4024945296414652e-17
5900.1539721489 3.1205347032366656e-17
5904.86926460267 4.2127032838464874e-17
5909.58455705643 5.242480696490959e-17
5914.2998495102 3.877062242199452e-17
5919.01514196396 3.542785140464902e-17
5923.73043441773 3.288305873392907e-17
5928.44572687149 2.3380668161976962e-17
5933.16101932526 2.6246226805496476e-17
5937.87631177903 3.13636504491607e-17
5942.59160423279 4.2451791875174575e-17
5947.30689668656 4.007280016137532e-17
5952.02218914032 3.00160594807143e-17
5956.73748159409 4.147068566450866e-17
5961.45277404786 3.454557536723844e-17
5966.16806650162 3.0680809555981525e-17
5970.88335895539 3.348171144774094e-17
5975.59865140915 3.2563219662286464e-17
5980.31394386292 4.1968875996827825e-17
5985.02923631668 3.268820180911346e-17
5989.74452877045 3.278201528616092e-17
5994.45982122422 4.707519349881862e-17
5999.17511367798 3.8018610542902534e-17
6003.89040613175 4.3433465711119115e-17
6008.60569858551 2.460456634635754e-17
6013.32099103928 3.806534948719463e-17
6018.03628349304 3.322761039389367e-17
6022.75157594681 3.01574884200118e-17
6027.46686840058 4.0565338217521625e-17
6032.18216085434 3.994445531809233e-17
6036.89745330811 3.4044428452540057e-17
6041.61274576187 3.375499359751687e-17
6046.32803821564 3.78201627214064e-17
6051.04333066941 2.863231254344838e-17
6055.75862312317 3.6162262861399963e-17
6060.47391557694 3.2472615273193155e-17
6065.1892080307 3.8665400761149094e-17
6069.90450048447 3.0446001653183616e-17
6074.61979293824 1.5230958419432796e-17
6079.335085392 4.217645550486095e-17
6084.05037784577 4.133679164723331e-17
6088.76567029953 2.001691442625688e-17
6093.4809627533 3.512029755847569e-17
6098.19625520707 1.5512350798878598e-17
6102.91154766083 1.5411531290995335e-17
6107.6268401146 2.2771569023924448e-17
6112.34213256836 3.7926713024357047e-17
6117.05742502213 4.92427987714456e-17
6121.77271747589 2.0197870893544623e-17
6126.48800992966 1.7040538273742097e-17
6131.20330238343 2.845302379065645e-17
6135.91859483719 2.1965120933292838e-17
6140.63388729096 2.477345552138583e-17
6145.34917974472 3.1489512344893007e-17
6150.06447219849 3.660728394806464e-17
6154.77976465226 1.717607331757701e-17
6159.49505710602 2.2509813547337228e-17
6164.21034955979 2.3854679716436164e-17
6168.92564201355 2.931570885557628e-17
6173.64093446732 4.445274569868838e-17
6178.35622692108 4.079152397757908e-17
6183.07151937485 4.373893211068558e-17
6187.78681182862 3.0709733042372363e-17
6192.50210428238 2.222181953761831e-17
6197.21739673615 1.985898379646834e-17
6201.93268918991 2.4222361431169277e-17
6206.64798164368 1.9773628060401218e-17
6211.36327409745 2.6203274058472682e-17
6216.07856655121 2.8825488758306733e-17
6220.79385900498 2.7179776861086967e-17
6225.50915145874 3.2719017009578656e-17
6230.22444391251 2.514930390060973e-17
6234.93973636628 1.6324320162097488e-17
6239.65502882004 1.899602473500877e-17
6244.37032127381 2.6486375608663272e-17
6249.08561372757 2.1747494388805226e-17
6253.80090618134 3.1483139198453654e-17
6258.51619863511 1.864027909456929e-17
6263.23149108887 7.470333655460488e-18
6267.94678354264 2.195833773128598e-17
6272.6620759964 2.4940890329999568e-17
6277.37736845017 3.5271119630788925e-17
6282.09266090394 3.646653833953295e-17
6286.8079533577 2.8718892688217704e-17
6291.52324581147 2.338576254902741e-17
6296.23853826523 1.4408018205070133e-17
6300.953830719 3.096670265250264e-17
6305.66912317276 2.528454443453157e-17
6310.38441562653 1.7929490342015756e-17
6315.0997080803 1.997765631735649e-17
6319.81500053406 3.9331286286912064e-17
6324.53029298783 3.3103503229205495e-17
6329.24558544159 1.247937124404272e-17
6333.96087789536 2.170082415196122e-17
6338.67617034912 1.882479823959185e-17
6343.39146280289 2.167120543350763e-17
6348.10675525666 1.5966293765922186e-17
6352.82204771042 2.0831165302454184e-17
6357.53734016419 3.2696719563955365e-17
6362.25263261795 1.4245671795164457e-17
6366.96792507172 9.289009867567187e-18
6371.68321752549 2.1345520730726377e-17
6376.39850997925 3.209597672098809e-17
6381.11380243302 2.80145281828467e-17
6385.82909488678 1.2793406152919379e-17
6390.54438734055 2.4463215813903213e-17
6395.25967979431 2.1316807744381983e-17
6399.97497224808 3.448918734249451e-17
6404.69026470185 2.3810756523349885e-17
6409.40555715561 1.9948472748061e-17
6414.12084960938 2.6169210694444253e-17
6418.83614206315 2.9110767839751086e-17
6423.55143451691 2.0589015974732257e-17
6428.26672697068 1.817010126298578e-17
6432.98201942444 2.181471934637176e-17
6437.69731187821 2.7099899912826185e-17
6442.41260433197 2.2448226683476718e-17
6447.12789678574 2.374557086036856e-17
6451.84318923951 1.9949113894849436e-17
6456.55848169327 2.5281691635653055e-17
6461.27377414704 2.3177966130743914e-17
6465.9890666008 2.768972640287218e-17
6470.70435905457 4.1647777253583386e-17
6475.41965150834 4.102047897466268e-17
6480.1349439621 3.499756313123482e-17
6484.85023641587 1.903118603925321e-17
6489.56552886963 1.992910011870862e-17
6494.2808213234 2.652695994763647e-17
6498.99611377716 3.2122093804634433e-17
6503.71140623093 2.8356419392076587e-17
6508.4266986847 2.1420470150442804e-17
6513.14199113846 3.622795933806025e-17
6517.85728359223 3.8774197700439315e-17
6522.57257604599 2.3328494555729304e-17
6527.28786849976 2.682230217443441e-17
6532.00316095353 2.6403760140110663e-17
6536.71845340729 4.094561012113353e-17
6541.43374586106 2.6248518657396922e-17
6546.14903831482 2.1696716720477525e-17
6550.86433076859 2.5154811396334113e-17
6555.57962322235 2.347254586710348e-17
6560.29491567612 2.443348088410065e-17
6565.01020812989 1.404137576431889e-17
6569.72550058365 1.6907298049647692e-17
6574.44079303742 2.5961657773147693e-17
6579.15608549119 2.5746249380101576e-17
6583.87137794495 2.5981478606454436e-17
6588.58667039872 2.851434749622063e-17
6593.30196285248 2.8611474645676004e-17
6598.01725530625 3.078293149491722e-17
6602.73254776002 4.052590185191329e-17
6607.44784021378 3.2226810486779037e-17
6612.16313266755 3.3086954636546363e-17
6616.87842512131 3.111796961252418e-17
6621.59371757508 2.9066852312201834e-17
6626.30901002884 3.001007877850689e-17
6631.02430248261 3.168672813779809e-17
6635.73959493638 2.886974343966313e-17
6640.45488739014 1.4175086223342338e-17
6645.17017984391 1.5691692287997908e-17
6649.88547229767 2.692307569123974e-17
6654.60076475144 3.1533502616428365e-17
6659.3160572052 1.835674146640991e-17
6664.03134965897 1.9672049356662837e-17
6668.74664211274 3.5615594009026026e-17
6673.4619345665 3.498956971035609e-17
6678.17722702027 3.587089517629812e-17
6682.89251947403 3.174035593589377e-17
6687.6078119278 2.6183858154552017e-17
6692.32310438157 1.861093757716311e-17
6697.03839683533 2.719066198664164e-17
6701.7536892891 3.866343123090685e-17
6706.46898174286 1.7382767645807197e-17
6711.18427419663 1.0737391374469849e-17
6715.8995666504 1.9444153189519814e-17
6720.61485910416 2.8240558314158265e-17
6725.33015155793 3.353158515926595e-17
6730.04544401169 2.994462959984228e-17
6734.76073646546 2.5467543126076702e-17
6739.47602891923 2.4604315785235564e-17
6744.19132137299 2.0264673938818792e-17
6748.90661382676 2.7709377046808537e-17
6753.62190628052 2.286771357989123e-17
6758.33719873429 2.1085703821966003e-17
6763.05249118805 3.0218424336849603e-17
6767.76778364182 3.4977825523673923e-17
6772.48307609559 3.5874283808379383e-17
6777.19836854935 2.8116079669067e-17
6781.91366100312 2.2340260383247196e-17
6786.62895345688 2.7047752553333827e-17
6791.34424591065 3.013915714962796e-17
6796.05953836442 2.786515012747649e-17
6800.77483081818 2.0739008633995106e-17
6805.49012327195 2.3416536561010724e-17
6810.20541572571 2.5821911079109824e-17
6814.92070817948 1.1832603438709531e-17
6819.63600063324 2.26084198167023e-17
6824.35129308701 2.4307420145746496e-17
6829.06658554078 1.635616090439768e-17
6833.78187799454 3.521559526449895e-17
6838.49717044831 3.119088540806212e-17
6843.21246290207 2.2258975414221207e-17
6847.92775535584 2.6621355218623572e-17
6852.64304780961 2.848142719279833e-17
6857.35834026337 2.7461936868944663e-17
6862.07363271714 2.4962069062637672e-17
6866.7889251709 1.9467161634283913e-17
6871.50421762467 2.1466997967338468e-17
6876.21951007844 2.2077811497396107e-17
6880.9348025322 2.9594359583162454e-17
6885.65009498597 3.1189538898786394e-17
6890.36538743973 2.7583297843676215e-17
6895.0806798935 2.669409141200722e-17
6899.79597234727 2.7177302105839357e-17
6904.51126480103 3.444930722277961e-17
6909.2265572548 2.6205681287496148e-17
6913.94184970856 1.511062729680521e-17
6918.65714216233 1.8680786730127808e-17
6923.3724346161 3.2852333471709205e-17
6928.08772706986 1.3690242435742133e-17
6932.80301952363 1.0875511067314627e-17
6937.51831197739 1.8496230259499085e-17
6942.23360443116 2.0088293885500954e-17
6946.94889688492 3.1198721777932277e-17
6951.66418933869 2.694817342064565e-17
6956.37948179246 2.2798590302836096e-17
6961.09477424622 1.406839468516401e-17
6965.81006669999 1.6428109701757605e-17
6970.52535915375 2.4481313755349124e-17
6975.24065160752 2.612030340800339e-17
6979.95594406129 1.1827248918453008e-17
6984.67123651505 1.1661164800354652e-17
6989.38652896882 2.679111324368069e-17
6994.10182142258 3.5213468599209455e-17
6998.81711387635 2.1834786755891768e-17
7003.53240633011 2.323363618245038e-17
7008.24769878388 1.3658346003552033e-17
7012.96299123765 2.576386994906294e-17
7017.67828369141 1.9776165860968913e-17
7022.39357614518 2.2658785156795545e-17
7027.10886859894 1.9167011393260747e-17
7031.82416105271 7.47280979243212e-18
7036.53945350648 1.6916828476758085e-17
7041.25474596024 2.561467355907123e-17
7045.97003841401 3.076786443243564e-17
7050.68533086777 2.5289256690055577e-17
7055.40062332154 1.4735687061675774e-17
7060.11591577531 2.1299214145164185e-17
7064.83120822907 1.955781731903415e-17
7069.54650068284 1.8657750650406904e-17
7074.2617931366 1.3447939359083019e-17
7078.97708559037 1.2420123903914885e-17
7083.69237804413 2.0654888551944614e-17
7088.4076704979 2.1206882128067137e-17
7093.12296295167 6.729248544637062e-18
7097.83825540543 2.5071780864668697e-17
7102.5535478592 2.918673956380118e-17
7107.26884031296 2.7653609028673093e-17
7111.98413276673 2.5454633956470232e-17
7116.69942522049 1.8988736382730455e-17
7121.41471767426 1.3497445740657373e-17
7126.13001012803 2.3300693225854045e-17
7130.84530258179 2.5339389183546242e-17
7135.56059503556 1.9331737160980083e-17
7140.27588748932 2.3091458241287125e-17
7144.99117994309 2.0818726060609713e-17
7149.70647239686 1.665611825021576e-17
7154.42176485062 2.450256395082886e-17
7159.13705730439 1.4341832202090555e-17
7163.85234975815 1.6162483432760222e-17
7168.56764221192 1.9008809159018905e-17
7173.28293466569 1.537666617610718e-17
7177.99822711945 2.1198632582837295e-17
7182.71351957322 1.6900726884056828e-17
7187.42881202698 1.2112510630501706e-17
7192.14410448075 1.7709545246584577e-17
7196.85939693452 1.7832218578256774e-17
7201.57468938828 1.1447472531596736e-17
7206.28998184205 2.070283809615932e-17
7211.00527429581 2.0209537159931813e-17
7215.72056674958 2.43861015380875e-17
7220.43585920335 3.3476921611566726e-17
7225.15115165711 2.2296771044642557e-17
7229.86644411088 2.285290632065767e-17
7234.58173656464 2.8173088823122367e-17
7239.29702901841 2.3705203278689313e-17
7244.01232147218 3.540796647274076e-17
7248.72761392594 2.7596497860429e-17
7253.44290637971 1.9320642260707346e-17
7258.15819883347 2.497181964203674e-17
7262.87349128724 2.524326700137056e-17
7267.588783741 3.6731732566718907e-17
7272.30407619477 1.575448707299972e-17
7277.01936864853 2.853668445857184e-17
7281.7346611023 4.199970680188077e-17
7286.44995355607 3.1636789158263696e-17
7291.16524600983 2.2910037713445576e-17
7295.8805384636 2.0556803656042236e-17
7300.59583091736 2.8872368051185755e-17
7305.31112337113 3.0882225496196383e-17
7310.0264158249 3.609840638711722e-17
7314.74170827866 2.6537500240868634e-17
7319.45700073243 3.35332472070989e-17
7324.17229318619 3.305804124410049e-17
7328.88758563996 1.274307272082151e-17
7333.60287809373 1.8080312187709407e-17
7338.31817054749 2.5931858750137796e-18
7343.03346300126 8.016548852413834e-18
7347.74875545502 2.8120369488408273e-17
7352.46404790879 3.463751695758604e-17
7357.17934036255 2.2294200179905812e-17
7361.89463281632 1.1768642901514819e-17
7366.60992527009 1.4988021155824636e-17
7371.32521772385 2.57873014031637e-17
7376.04051017762 3.419170451812922e-17
7380.75580263139 2.692162910159683e-17
7385.47109508515 1.7434262231035163e-17
7390.18638753892 2.1882242611361544e-17
7394.90167999268 3.563835336403683e-17
7399.61697244645 2.5713793379499887e-17
7404.33226490021 2.1103335874615137e-17
7409.04755735398 3.567524401521602e-17
7413.76284980774 3.8758613487635066e-17
7418.47814226151 2.2445537037147215e-17
7423.19343471528 2.3148228349337025e-17
7427.90872716904 1.743168019016908e-17
7432.62401962281 1.2720244511925153e-17
7437.33931207657 1.6868624825142048e-17
7442.05460453034 1.3515351082546192e-17
7446.76989698411 2.344952361523122e-17
7451.48518943787 2.1197302919583686e-17
7456.20048189164 2.366935765631986e-18
7460.9157743454 1.466835889870293e-17
7465.63106679917 2.032846451687471e-17
7470.34635925293 9.447817091193471e-18
7475.0616517067 1.2490469493178444e-17
7479.77694416047 2.4831603148729678e-17
7484.49223661423 1.7377331421466484e-17
7489.207529068 1.7708958327159716e-17
7493.92282152176 1.7537134250166156e-17
7498.63811397553 1.875034288306103e-17
7503.3534064293 2.4037723367079908e-17
7508.06869888306 2.5173752041511944e-17
7512.78399133683 1.0419742463861982e-17
7517.49928379059 1.3537606649543216e-17
7522.21457624436 2.4572799268521123e-17
7526.92986869813 1.2504027227353871e-17
7531.64516115189 3.179316802532958e-17
7536.36045360566 3.105192144842036e-17
7541.07574605942 1.6336208131700214e-17
7545.79103851319 2.0405009786283307e-17
7550.50633096696 2.0696810664259478e-17
7555.22162342072 2.8322542059858505e-17
7559.93691587449 2.1026130646439384e-17
7564.65220832825 2.2840103303724224e-17
7569.36750078202 9.332410417410135e-18
7574.08279323579 9.950979420407094e-18
7578.79808568955 1.64433586516802e-17
7583.51337814332 1.2602327366648108e-17
7588.22867059708 1.9329716256996198e-17
7592.94396305085 7.212875264671437e-18
7597.65925550461 -3.654163652534421e-19
7602.37454795838 9.778469977737108e-18
7607.08984041215 1.0297823229339764e-17
7611.80513286591 3.650305753482983e-17
7616.52042531968 4.796514512346551e-17
7621.23571777344 2.4929816492841278e-17
7625.95101022721 2.2958099465047974e-17
7630.66630268097 9.177194238146637e-18
7635.38159513474 9.999996051612369e-18
7640.09688758851 3.029777741678282e-17
7644.81218004227 3.4068544554538334e-17
7649.52747249604 4.832692024446207e-19
7654.2427649498 8.427502819242608e-19
7658.95805740357 2.3750406704569382e-17
7663.67334985734 1.713769539338479e-17
7668.3886423111 1.252366382111039e-17
7673.10393476487 2.144862417293902e-17
7677.81922721863 1.8868646214847e-17
7682.5345196724 2.0341999413387194e-17
7687.24981212617 1.9711481197560862e-17
7691.96510457993 2.810561422665365e-17
7696.6803970337 2.6886930164191397e-17
7701.39568948746 9.592735464944035e-18
7706.11098194123 -1.1586989306064813e-18
7710.826274395 3.440032844437311e-18
7715.54156684876 9.963693874406334e-18
7720.25685930253 1.1232706659219072e-17
7724.97215175629 -7.111129339816953e-19
7729.68744421006 5.067867559879594e-18
7734.40273666382 1.5334088177876235e-17
7739.11802911759 9.26512310337773e-18
7743.83332157136 -8.456914936678048e-18
7748.54861402512 6.7793438820052795e-18
7753.26390647889 2.4643575255381727e-17
7757.97919893265 2.6900814473396317e-17
7762.69449138642 2.2008275918803074e-17
7767.40978384018 1.367145921130746e-17
7772.12507629395 6.374734866528838e-18
7776.84036874772 1.160372664999161e-17
7781.55566120148 1.192813530891726e-17
7786.27095365525 1.2894231312627246e-17
7790.98624610902 9.626220389245796e-19
7795.70153856278 -1.22495292592404e-17
7800.41683101655 6.8744783322957624e-18
7805.13212347031 1.6029000751049683e-17
7809.84741592408 9.619335016662006e-20
7814.56270837785 8.833249409145692e-18
7819.27800083161 5.069832330416156e-18
7823.99329328538 -9.996632108898818e-19
7828.70858573914 5.69491941721526e-18
7833.42387819291 9.97336606341655e-19
7838.13917064667 1.20967345058238e-17
7842.85446310044 2.5473543083460062e-17
7847.56975555421 1.703790491180211e-17
7852.28504800797 2.3208509904227617e-17
7857.00034046174 4.8246453303403734e-17
7861.7156329155 2.696214380868405e-17
7866.43092536927 7.58832962277806e-18
7871.14621782304 2.15900743425882e-17
7875.8615102768 2.7579918464330428e-17
7880.57680273057 2.1848763104581615e-17
7885.29209518433 2.003517622029309e-17
7890.0073876381 2.3222260785998645e-17
7894.72268009187 3.7882541512371147e-17
7899.43797254563 2.956425193748079e-17
7904.1532649994 1.0598354365579241e-17
7908.86855745316 1.4089077694091597e-17
7913.58384990693 2.285631205318677e-17
7918.29914236069 2.9139187514367846e-17
7923.01443481446 4.1247811313577466e-17
7927.72972726823 9.589496779439464e-18
7932.44501972199 -4.891803797217922e-18
7937.16031217576 9.348294395552308e-18
7941.87560462952 9.9787824132955e-18
7946.59089708329 2.6103088795926727e-17
7951.30618953706 1.9524270317904146e-17
7956.02148199082 -1.0852188107016543e-17
7960.73677444459 9.486670860216568e-18
7965.45206689835 7.60620022787972e-18
7970.16735935212 9.644276444769362e-18
7974.88265180589 2.6964165256876688e-17
7979.59794425965 1.4780517567551206e-17
7984.31323671342 3.253305014064082e-17
7989.02852916718 3.66843268456657e-17
7993.74382162095 1.433840195550489e-17
7998.45911407471 3.350061410840416e-17
