3744.89008953182  2.245270E-17
3749.6464895105  2.820013E-17
3754.40288948919  6.215384E-17
3759.15928946788  6.913618E-17
3763.91568944657  6.293831E-17
3768.67208942525  2.281087E-19
3773.42848940394  3.639284E-17
3778.18488938263  2.538545E-17
3782.94128936132  2.024034E-17
3787.69768934  4.613481E-17
3792.45408931869  2.136602E-17
3797.21048929738  1.485160E-17
3801.96688927606  5.332329E-17
3806.72328925475  7.922194E-17
3811.47968923344  7.905736E-17
3816.23608921213  7.287466E-17
3820.99248919081  7.186323E-17
3825.7488891695  7.324328E-17
3830.50528914819  7.332751E-17
3835.26168912688  6.149063E-17
3840.01808910556  6.692757E-17
3844.77448908425  6.534814E-17
3849.53088906294  7.628220E-17
3854.28728904162  7.834892E-17
3859.04368902031  5.229332E-17
3863.800088999  8.009478E-17
3868.55648897769  5.333906E-17
3873.31288895637  6.594793E-17
3878.06928893506  5.571224E-17
3882.82568891375  3.883238E-17
3887.58208889244  6.494751E-17
3892.33848887112  4.639823E-17
3897.09488884981  5.624995E-17
3901.8512888285  5.155213E-17
3906.60768880719  5.753923E-17
3911.36408878587  4.198770E-17
3916.12048876456  6.333022E-17
3920.87688874325  5.794208E-17
3925.63328872193  4.431985E-17
3930.38968870062  4.932757E-17
3935.14608867931  5.268015E-17
3939.902488658  2.489634E-17
3944.65888863668  5.330335E-17
3949.41528861537  3.572825E-17
3954.17168859406  4.941925E-17
3958.92808857275  5.074714E-17
3963.68448855143  8.223601E-17
3968.44088853012  6.053583E-17
3973.19728850881  6.293459E-17
3977.9536884875  8.910753E-17
3982.71008846618  7.051103E-17
3987.46648844487  7.458617E-17
3992.22288842356  6.287556E-17
3996.97928840224  5.905888E-17
4001.73568838093  5.861178E-17
4006.49208835962  5.452493E-17
4011.24848833831  7.367577E-17
4016.00488831699  6.053382E-17
4020.76128829568  5.001011E-17
4025.51768827437  6.296346E-17
4030.27408825306  6.396193E-17
4035.03048823174  6.601291E-17
4039.78688821043  9.288692E-17
4044.54328818912  7.465832E-17
4049.29968816781  6.669107E-17
4054.05608814649  5.143187E-17
4058.81248812518  6.489990E-17
4063.56888810387  6.844877E-17
4068.32528808255  6.748958E-17
4073.08168806124  9.086512E-17
4077.83808803993  6.422771E-17
4082.59448801862  4.904044E-17
4087.3508879973  5.418045E-17
4092.10728797599  7.326615E-17
4096.86368795468  6.820483E-17
4101.62008793336  7.960457E-17
4106.37648791205  7.812695E-17
4111.13288789074  6.503771E-17
4115.88928786943  7.360393E-17
4120.64568784811  6.249461E-17
4125.4020878268  5.285747E-17
4130.15848780549  6.289388E-17
4134.91488778418  7.597187E-17
4139.67128776286  7.707961E-17
4144.42768774155  6.914876E-17
4149.18408772024  6.966616E-17
4153.94048769892  6.349516E-17
4158.69688767761  5.652207E-17
4163.4532876563  5.534598E-17
4168.20968763499  5.597770E-17
4172.96608761367  6.226735E-17
4177.72248759236  7.213846E-17
4182.47888757105  7.660079E-17
4187.23528754974  5.303495E-17
4191.99168752842  7.634291E-17
4196.74808750711  7.686731E-17
4201.5044874858  5.046564E-17
4206.26088746448  6.456951E-17
4211.01728744317  6.543672E-17
4215.77368742186  6.692054E-17
4220.53008740055  6.971791E-17
4225.28648737923  6.939291E-17
4230.04288735792  6.946078E-17
4234.79928733661  7.511826E-17
4239.5556873153  7.119240E-17
4244.31208729398  7.200064E-17
4249.06848727267  7.839371E-17
4253.82488725136  8.349375E-17
4258.58128723005  7.281749E-17
4263.33768720873  7.080985E-17
4268.09408718742  5.642777E-17
4272.85048716611  8.114241E-17
4277.60688714479  7.229535E-17
4282.36328712348  6.484748E-17
4287.11968710217  6.691164E-17
4291.87608708086  7.065080E-17
4296.63248705954  7.182322E-17
4301.38888703823  7.065310E-17
4306.14528701692  6.030769E-17
4310.90168699561  6.339949E-17
4315.65808697429  8.031697E-17
4320.41448695298  7.362505E-17
4325.17088693167  5.938362E-17
4329.92728691035  5.288093E-17
4334.68368688904  6.811352E-17
4339.44008686773  6.794289E-17
4344.19648684642  6.945710E-17
4348.9528868251  8.854409E-17
4353.70928680379  7.911360E-17
4358.46568678248  6.236659E-17
4363.22208676117  8.071206E-17
4367.97848673985  8.794913E-17
4372.73488671854  5.860469E-17
4377.49128669723  5.786447E-17
4382.24768667592  6.489945E-17
4387.0040866546  7.256151E-17
4391.76048663329  5.808654E-17
4396.51688661198  5.388249E-17
4401.27328659067  6.807084E-17
4406.02968656935  6.438117E-17
4410.78608654804  7.119312E-17
4415.54248652673  5.634713E-17
4420.29888650541  7.302498E-17
4425.0552864841  6.514873E-17
4429.81168646279  8.096276E-17
4434.56808644148  6.735203E-17
4439.32448642016  6.646071E-17
4444.08088639885  8.880722E-17
4448.83728637754  6.442176E-17
4453.59368635623  7.556946E-17
4458.35008633491  7.024149E-17
4463.1064863136  7.148044E-17
4467.86288629229  7.179582E-17
4472.61928627097  8.465698E-17
4477.37568624966  7.199383E-17
4482.13208622835  6.517250E-17
4486.88848620704  8.351522E-17
4491.64488618572  6.000929E-17
4496.40128616441  5.988835E-17
4501.1576861431  6.960602E-17
4505.91408612179  7.564667E-17
4510.67048610047  6.380073E-17
4515.42688607916  7.007273E-17
4520.18328605785  7.745207E-17
4524.93968603653  9.445537E-17
4529.69608601522  7.155034E-17
4534.45248599391  6.281563E-17
4539.2088859726  5.779213E-17
4543.96528595128  5.649943E-17
4548.72168592997  4.886763E-17
4553.47808590866  7.563585E-17
4558.23448588735  6.173325E-17
4562.99088586603  6.906327E-17
4567.74728584472  7.193004E-17
4572.50368582341  7.291095E-17
4577.2600858021  6.342605E-17
4582.01648578078  7.635917E-17
4586.77288575947  8.070027E-17
4591.52928573816  6.978202E-17
4596.28568571685  7.711437E-17
4601.04208569553  8.540908E-17
4605.79848567422  7.043225E-17
4610.55488565291  5.464299E-17
4615.31128563159  5.895120E-17
4620.06768561028  6.828420E-17
4624.82408558897  6.395549E-17
4629.58048556766  7.411857E-17
4634.33688554634  6.838567E-17
4639.09328552503  6.226192E-17
4643.84968550372  7.965999E-17
4648.6060854824  6.035876E-17
4653.36248546109  6.524671E-17
4658.11888543978  6.903790E-17
4662.87528541847  6.099563E-17
4667.63168539715  7.038570E-17
4672.38808537584  6.412080E-17
4677.14448535453  6.835428E-17
4681.90088533322  7.743359E-17
4686.6572853119  8.188817E-17
4691.41368529059  6.598946E-17
4696.17008526928  6.499351E-17
4700.92648524797  7.580822E-17
4705.68288522665  8.309694E-17
4710.43928520534  8.174649E-17
4715.19568518403  7.454597E-17
4719.95208516272  8.471665E-17
4724.7084851414  6.885765E-17
4729.46488512009  5.771760E-17
4734.22128509878  6.677818E-17
4738.97768507746  7.307871E-17
4743.73408505615  6.953991E-17
4748.49048503484  7.252018E-17
4753.24688501353  7.484042E-17
4758.00328499221  7.181764E-17
4762.7596849709  6.064849E-17
4767.51608494959  6.834622E-17
4772.27248492827  7.029454E-17
4777.02888490696  8.259461E-17
4781.78528488565  7.697266E-17
4786.54168486434  6.192535E-17
4791.29808484302  7.605239E-17
4796.05448482171  7.706313E-17
4800.8108848004  6.999677E-17
4805.56728477909  5.827781E-17
4810.32368475777  6.062638E-17
4815.08008473646  7.042820E-17
4819.83648471515  6.501464E-17
4824.59288469384  7.639728E-17
4829.34928467252  7.487806E-17
4834.10568465121  7.546472E-17
4838.8620846299  6.744840E-17
4843.61848460858  6.445876E-17
4848.37488458727  6.949377E-17
4853.13128456596  8.606555E-17
4857.88768454465  7.420615E-17
4862.64408452333  8.402219E-17
4867.40048450202  6.681842E-17
4872.15688448071  5.951760E-17
4876.9132844594  6.795684E-17
4881.66968443808  6.440091E-17
4886.42608441677  5.795540E-17
4891.18248439546  5.716355E-17
4895.93888437415  7.138623E-17
4900.69528435283  7.723740E-17
4905.45168433152  6.674438E-17
4910.20808431021  6.280608E-17
4914.96448428889  4.668666E-17
4919.72088426758  5.836468E-17
4924.47728424627  6.297900E-17
4929.23368422496  5.819318E-17
4933.99008420364  6.056743E-17
4938.74648418233  6.242428E-17
4943.50288416102  5.881969E-17
4948.25928413971  6.164644E-17
4953.01568411839  6.141595E-17
4957.77208409708  6.293966E-17
4962.52848407577  6.640636E-17
4967.28488405446  6.636254E-17
4972.04128403314  6.669939E-17
4976.79768401183  7.144370E-17
4981.55408399052  6.900257E-17
4986.3104839692  7.756594E-17
4991.06688394789  6.571787E-17
4995.82328392658  6.422197E-17
5000.57968390527  7.339359E-17
5005.33608388395  6.954027E-17
5010.09248386264  7.351424E-17
5014.84888384133  8.158356E-17
5019.60528382002  7.913084E-17
5024.3616837987  7.547214E-17
5029.11808377739  6.373233E-17
5033.87448375608  6.124319E-17
5038.63088373476  6.704255E-17
5043.38728371345  7.098506E-17
5048.14368369214  6.936232E-17
5052.90008367083  7.139009E-17
5057.65648364952  6.998939E-17
5062.4128836282  5.449099E-17
5067.16928360689  6.109008E-17
5071.92568358557  8.069864E-17
5076.68208356426  6.830252E-17
5081.43848354295  5.620919E-17
5086.19488352164  5.880428E-17
5090.95128350033  6.711865E-17
5095.70768347901  8.330828E-17
5100.4640834577  7.858259E-17
5105.22048343639  6.162736E-17
5109.97688341507  6.685878E-17
5114.73328339376  7.464544E-17
5119.48968337245  7.362807E-17
5124.24608335114  6.087894E-17
5129.00248332982  6.375219E-17
5133.75888330851  6.737837E-17
5138.5152832872  7.234164E-17
5143.27168326588  7.016824E-17
5148.02808324457  7.383726E-17
5152.78448322326  7.576285E-17
5157.54088320195  7.784102E-17
5162.29728318063  7.991140E-17
5167.05368315932  6.866743E-17
5171.81008313801  6.584525E-17
5176.5664831167  6.957370E-17
5181.32288309538  7.375424E-17
5186.07928307407  6.245449E-17
5190.83568305276  6.380376E-17
5195.59208303144  7.254897E-17
5200.34848301013  7.212357E-17
5205.10488298882  6.525394E-17
5209.86128296751  6.942585E-17
5214.61768294619  6.297284E-17
5219.37408292488  6.123191E-17
5224.13048290357  6.154795E-17
5228.88688288226  6.572620E-17
5233.64328286094  6.518746E-17
5238.39968283963  6.170689E-17
5243.15608281832  6.553084E-17
5247.91248279701  6.681316E-17
5252.66888277569  5.921540E-17
5257.42528275438  6.379401E-17
5262.18168273307  7.190602E-17
5266.93808271176  6.245562E-17
5271.69448269044  6.232640E-17
5276.45088266913  6.796365E-17
5281.20728264782  6.869890E-17
5285.9636826265  6.204948E-17
5290.72008260519  5.666286E-17
5295.47648258388  5.827506E-17
5300.23288256257  6.863751E-17
5304.98928254125  6.129050E-17
5309.74568251994  5.880598E-17
5314.50208249863  7.320073E-17
5319.25848247731  7.633575E-17
5324.014882456  7.182833E-17
5328.77128243469  6.032336E-17
5333.52768241338  4.847436E-17
5338.28408239206  5.229935E-17
5343.04048237075  7.332760E-17
5347.79688234944  7.477377E-17
5352.55328232813  6.299893E-17
5357.30968230681  8.250585E-17
5362.0660822855  7.111024E-17
5366.82248226419  7.165716E-17
5371.57888224288  5.826727E-17
5376.33528222156  6.678519E-17
5381.09168220025  5.991873E-17
5385.84808217894  6.273049E-17
5390.60448215763  6.594005E-17
5395.36088213631  6.973144E-17
5400.117282115  6.821277E-17
5404.87368209369  6.955862E-17
5409.63008207237  8.244401E-17
5414.38648205106  6.597258E-17
5419.14288202975  6.675057E-17
5423.89928200844  8.702530E-17
5428.65568198712  7.331709E-17
5433.41208196581  6.533376E-17
5438.1684819445  6.653840E-17
5442.92488192319  5.607389E-17
5447.68128190187  6.884101E-17
5452.43768188056  9.975696E-17
5457.19408185925  9.427037E-17
5461.95048183794  7.115072E-17
5466.70688181662  8.450242E-17
5471.46328179531  8.946021E-17
5476.219681774  7.808798E-17
5480.97608175269  6.677869E-17
5485.73248173137  6.500166E-17
5490.48888171006  7.389368E-17
5495.24528168875  7.153073E-17
5500.00168166743  6.567848E-17
5504.75808164612  6.472401E-17
5509.51448162481  6.250097E-17
5514.2708816035  7.139382E-17
5519.02728158218  7.169203E-17
5523.78368156087  6.259097E-17
5528.54008153956  6.414755E-17
5533.29648151824  6.614609E-17
5538.05288149693  5.652148E-17
5542.80928147562  6.720604E-17
5547.56568145431  7.181832E-17
5552.32208143299  6.875190E-17
5557.07848141168  6.999812E-17
5561.83488139037  6.607601E-17
5566.59128136906  9.664275E-17
5571.34768134774  8.297130E-17
5576.10408132643  6.632826E-17
5580.86048130512  6.990895E-17
5585.6168812838  7.121144E-17
5590.37328126249  7.544809E-17
5595.12968124118  6.575596E-17
5599.88608121987  6.087472E-17
5604.64248119855  6.233330E-17
5609.39888117724  6.580123E-17
5614.15528115593  6.637115E-17
5618.91168113462  5.876280E-17
5623.6680811133  6.828863E-17
5628.42448109199  6.239579E-17
5633.18088107068  6.063512E-17
5637.93728104937  6.345197E-17
5642.69368102805  5.809653E-17
5647.45008100674  6.495739E-17
5652.20648098543  7.175200E-17
5656.96288096411  7.052791E-17
5661.7192809428  6.516950E-17
5666.47568092149  5.825664E-17
5671.23208090018  5.706290E-17
5675.98848087886  7.358017E-17
5680.74488085755  9.442564E-17
5685.50128083624  8.349021E-17
5690.25768081493  8.547685E-17
5695.01408079361  7.705574E-17
5699.7704807723  8.151531E-17
5704.52688075099  7.787428E-17
5709.28328072968  7.362244E-17
5714.03968070836  7.038528E-17
5718.79608068705  7.128186E-17
5723.55248066574  7.493184E-17
5728.30888064442  6.366863E-17
5733.06528062311  5.428592E-17
5737.8216806018  5.224741E-17
5742.57808058049  5.971920E-17
5747.33448055917  6.991507E-17
5752.09088053786  6.514487E-17
5756.84728051655  6.693672E-17
5761.60368049523  7.376900E-17
5766.36008047392  6.620917E-17
5771.11648045261  5.209487E-17
5775.8728804313  5.398667E-17
5780.62928040998  6.634861E-17
5785.38568038867  6.917531E-17
5790.14208036736  4.993944E-17
5794.89848034605  6.329493E-17
5799.65488032473  6.795311E-17
5804.41128030342  6.257064E-17
5809.16768028211  6.617547E-17
5813.9240802608  6.101556E-17
5818.68048023948  5.549594E-17
5823.43688021817  8.352599E-17
5828.19328019686  7.683615E-17
5832.94968017554  6.287781E-17
5837.70608015423  4.652128E-17
5842.46248013292  7.592476E-17
5847.21888011161  6.988173E-17
5851.97528009029  5.726397E-17
5856.73168006898  7.516955E-17
5861.48808004767  7.002216E-17
5866.24448002636  5.851690E-17
5871.00088000504  6.393645E-17
5875.75727998373  7.469803E-17
5880.51367996242  7.717253E-17
5885.27007994111  6.437119E-17
5890.02647991979  5.461803E-17
5894.78287989848  6.986909E-17
5899.53927987717  7.557380E-17
5904.29567985585  6.638226E-17
5909.05207983454  7.406990E-17
5913.80847981323  8.068035E-17
5918.56487979192  7.031639E-17
5923.3212797706  5.894570E-17
5928.07767974929  7.790001E-17
5932.83407972798  6.342026E-17
5937.59047970667  5.235789E-17
5942.34687968535  7.371779E-17
5947.10327966404  7.340543E-17
5951.85967964273  6.814622E-17
5956.61607962142  5.657310E-17
5961.3724796001  5.123561E-17
5966.12887957879  5.189324E-17
5970.88527955748  5.452963E-17
5975.64167953616  5.846321E-17
5980.39807951485  5.354099E-17
5985.15447949354  5.292401E-17
5989.91087947223  5.663715E-17
5994.66727945091  5.589887E-17
5999.4236794296  6.316055E-17
6004.18007940829  6.705626E-17
6008.93647938697  6.399566E-17
6013.69287936566  6.434799E-17
6018.44927934435  5.962720E-17
6023.20567932304  5.565587E-17
6027.96207930173  6.457072E-17
6032.71847928041  6.538942E-17
6037.4748792591  6.374534E-17
6042.23127923779  6.079135E-17
6046.98767921647  6.773576E-17
6051.74407919516  7.516927E-17
6056.50047917385  7.140769E-17
6061.25687915254  6.201210E-17
6066.01327913122  5.879735E-17
6070.76967910991  5.266704E-17
6075.5260790886  5.614492E-17
6080.28247906728  6.859326E-17
6085.03887904597  6.148879E-17
6089.79527902466  5.476669E-17
6094.55167900335  6.180176E-17
6099.30807898203  5.733481E-17
6104.06447896072  6.427633E-17
6108.82087893941  7.235002E-17
6113.5772789181  4.458345E-17
6118.33367889678  4.968218E-17
6123.09007887547  7.075718E-17
6127.84647885416  7.089072E-17
6132.60287883284  6.144861E-17
6137.35927881153  4.893854E-17
6142.11567879022  5.178586E-17
6146.87207876891  4.808604E-17
6151.6284787476  5.737902E-17
6156.38487872628  6.345434E-17
6161.14127870497  6.040440E-17
6165.89767868366  5.636088E-17
6170.65407866234  5.408523E-17
6175.41047864103  5.375043E-17
6180.16687861972  5.260617E-17
6184.92327859841  5.143693E-17
6189.67967857709  5.363941E-17
6194.43607855578  5.913400E-17
6199.19247853447  5.985807E-17
6203.94887851316  5.949345E-17
6208.70527849184  6.871178E-17
6213.46167847053  6.171361E-17
6218.21807844922  5.458009E-17
6222.9744784279  5.616378E-17
6227.73087840659  6.156573E-17
6232.48727838528  5.434592E-17
6237.24367836397  5.573892E-17
6242.00007834265  5.228456E-17
6246.75647832134  5.611511E-17
6251.51287830003  5.361471E-17
6256.26927827871  4.638852E-17
6261.0256782574  4.944482E-17
6265.78207823609  6.288386E-17
6270.53847821478  5.693218E-17
6275.29487819347  4.059135E-17
6280.05127817215  4.745524E-17
6284.80767815084  5.641110E-17
6289.56407812953  4.688414E-17
6294.32047810821  3.883553E-17
6299.0768780869  5.746592E-17
6303.83327806559  5.620470E-17
6308.58967804428  5.886393E-17
6313.34607802296  5.812949E-17
6318.10247800165  5.814620E-17
6322.85887798034  4.540062E-17
6327.61527795902  4.545642E-17
6332.37167793771  4.682237E-17
6337.1280779164  5.665332E-17
6341.88447789509  5.863100E-17
6346.64087787377  4.830736E-17
6351.39727785246  4.495343E-17
6356.15367783115  5.622833E-17
6360.91007780984  5.556299E-17
6365.66647778852  4.142838E-17
6370.42287776721  4.062958E-17
6375.1792777459  4.873914E-17
6379.93567772458  5.637971E-17
6384.69207770327  5.326725E-17
6389.44847768196  5.467042E-17
6394.20487766065  5.679236E-17
6398.96127763933  5.596181E-17
6403.71767761802  4.913915E-17
6408.47407759671  5.310527E-17
6413.2304775754  5.324020E-17
6417.98687755408  5.120884E-17
6422.74327753277  5.311949E-17
6427.49967751146  5.235219E-17
6432.25607749015  5.194311E-17
6437.01247746883  5.007549E-17
6441.76887744752  4.740166E-17
6446.52527742621  4.838642E-17
6451.28167740489  4.670148E-17
6456.03807738358  4.775935E-17
6460.79447736227  5.399135E-17
6465.55087734096  4.767648E-17
6470.30727731964  4.031193E-17
6475.06367729833  4.125336E-17
6479.82007727702  5.051927E-17
6484.57647725571  4.965809E-17
6489.33287723439  5.072619E-17
6494.08927721308  4.128486E-17
6498.84567719177  5.311794E-17
6503.60207717045  4.779811E-17
6508.35847714914  4.729781E-17
6513.11487712783  5.172312E-17
6517.87127710652  5.206956E-17
6522.62767708521  5.138378E-17
6527.38407706389  4.610564E-17
6532.14047704258  5.106108E-17
6536.89687702127  5.964817E-17
6541.65327699995  5.278805E-17
6546.40967697864  4.762592E-17
6551.16607695733  4.138280E-17
6555.92247693602  4.818789E-17
6560.6788769147  5.628329E-17
6565.43527689339  5.083397E-17
6570.19167687208  4.846519E-17
6574.94807685076  4.916601E-17
6579.70447682945  5.152083E-17
6584.46087680814  4.951010E-17
6589.21727678683  4.669024E-17
6593.97367676551  4.527180E-17
6598.7300767442  4.599314E-17
6603.48647672289  4.607833E-17
6608.24287670158  4.890956E-17
6612.99927668026  4.977522E-17
6617.75567665895  4.637235E-17
6622.51207663764  5.247231E-17
6627.26847661632  5.243557E-17
6632.02487659501  4.494065E-17
6636.7812765737  5.093170E-17
6641.53767655239  5.344487E-17
6646.29407653107  5.389521E-17
6651.05047650976  5.382175E-17
6655.80687648845  4.793479E-17
6660.56327646714  4.977555E-17
6665.31967644582  5.732387E-17
6670.07607642451  5.481918E-17
6674.8324764032  5.037794E-17
6679.58887638189  5.112837E-17
6684.34527636057  5.277012E-17
6689.10167633926  5.047841E-17
6693.85807631795  5.192273E-17
6698.61447629664  5.721865E-17
6703.37087627532  5.130243E-17
6708.12727625401  5.479678E-17
6712.8836762327  5.850461E-17
6717.64007621138  5.643819E-17
6722.39647619007  5.753010E-17
6727.15287616876  5.633873E-17
6731.90927614745  5.166026E-17
6736.66567612614  5.286413E-17
6741.42207610482  5.259766E-17
6746.17847608351  5.230600E-17
6750.93487606219  5.544089E-17
6755.69127604088  6.572188E-17
6760.44767601957  7.316435E-17
6765.20407599826  6.944560E-17
6769.96047597694  6.323632E-17
6774.71687595563  5.862693E-17
6779.47327593432  5.682305E-17
6784.22967591301  5.495145E-17
6788.98607589169  5.510660E-17
6793.74247587038  5.040028E-17
6798.49887584907  5.078162E-17
6803.25527582775  4.887381E-17
6808.01167580644  4.996582E-17
6812.76807578513  5.178521E-17
6817.52447576382  4.761924E-17
6822.28087574251  4.599451E-17
6827.03727572119  4.201505E-17
6831.79367569988  4.316893E-17
6836.55007567857  4.403892E-17
6841.30647565725  4.913169E-17
6846.06287563594  5.279345E-17
6850.81927561463  3.961907E-17
6855.57567559332  6.139669E-17
6860.332075572  5.456935E-17
6865.08847555069  4.049407E-17
6869.84487552938  3.884012E-17
6874.60127550806  4.376455E-17
6879.35767548675  3.739099E-17
6884.11407546544  4.526770E-17
6888.87047544413  3.804820E-17
6893.62687542281  3.842227E-17
6898.3832754015  5.010489E-17
6903.13967538019  5.134919E-17
6907.89607535888  4.719319E-17
6912.65247533756  4.544839E-17
6917.40887531625  4.278138E-17
6922.16527529494  4.253281E-17
6926.92167527362  5.064906E-17
6931.67807525231  5.045648E-17
6936.434475231  4.429795E-17
6941.19087520969  3.775506E-17
6945.94727518837  4.677611E-17
6950.70367516706  4.906731E-17
6955.46007514575  3.872537E-17
6960.21647512444  4.946757E-17
6964.97287510312  5.324218E-17
6969.72927508181  5.178772E-17
6974.4856750605  4.728868E-17
6979.24207503919  4.291510E-17
6983.99847501787  4.318246E-17
6988.75487499656  3.548562E-17
6993.51127497525  3.550896E-17
6998.26767495394  4.082230E-17
7003.02407493262  4.036481E-17
7007.78047491131  4.709258E-17
7012.53687489  4.746994E-17
7017.29327486868  4.025222E-17
7022.04967484737  4.111042E-17
7026.80607482606  4.616500E-17
7031.56247480475  4.575649E-17
7036.31887478343  4.508406E-17
7041.07527476212  4.164157E-17
7045.83167474081  4.540689E-17
7050.5880747195  4.900127E-17
7055.34447469818  4.118731E-17
7060.10087467687  3.521575E-17
7064.85727465556  3.233631E-17
7069.61367463424  3.593350E-17
7074.37007461293  3.852877E-17
7079.12647459162  4.382376E-17
7083.88287457031  4.251423E-17
7088.63927454899  4.097396E-17
7093.39567452768  4.433893E-17
7098.15207450637  3.871285E-17
7102.90847448506  4.179132E-17
7107.66487446374  4.524843E-17
7112.42127444243  4.071681E-17
7117.17767442112  4.194525E-17
7121.9340743998  4.219271E-17
7126.69047437849  3.817816E-17
7131.44687435718  4.400821E-17
7136.20327433587  4.664108E-17
7140.95967431456  3.975280E-17
7145.71607429324  3.785585E-17
7150.47247427193  4.436998E-17
7155.22887425062  4.651775E-17
7159.9852742293  4.172024E-17
7164.74167420799  4.045592E-17
7169.49807418668  3.951729E-17
7174.25447416537  3.569618E-17
7179.01087414405  3.904532E-17
7183.76727412274  3.961455E-17
7188.52367410143  3.501139E-17
7193.28007408011  3.627095E-17
7198.0364740588  3.808481E-17
7202.79287403749  4.158237E-17
7207.54927401618  4.933053E-17
7212.30567399486  5.300797E-17
7217.06207397355  4.968049E-17
7221.81847395224  4.479732E-17
7226.57487393093  3.798465E-17
7231.33127390961  4.735168E-17
7236.0876738883  3.423266E-17
7240.84407386699  3.923051E-17
7245.60047384568  3.633486E-17
7250.35687382436  3.323657E-17
7255.11327380305  4.583848E-17
7259.86967378174  4.211542E-17
7264.62607376042  4.428978E-17
7269.38247373911  5.390969E-17
7274.1388737178  4.162461E-17
7278.89527369649  4.428339E-17
7283.65167367517  3.796280E-17
7288.40807365386  4.219738E-17
7293.16447363255  4.444414E-17
7297.92087361123  4.400461E-17
7302.67727358992  4.048439E-17
7307.43367356861  4.082306E-17
7312.1900735473  4.234092E-17
7316.94647352598  4.401287E-17
7321.70287350467  4.309070E-17
7326.45927348336  4.365022E-17
7331.21567346205  5.091731E-17
7335.97207344073  4.845322E-17
7340.72847341942  3.740531E-17
7345.48487339811  3.704600E-17
7350.2412733768  4.344170E-17
7354.99767335548  4.895321E-17
7359.75407333417  4.379412E-17
7364.51047331286  3.961910E-17
7369.26687329155  3.272005E-17
7374.02327327023  3.487632E-17
7378.77967324892  4.056327E-17
7383.53607322761  3.283799E-17
7388.29247320629  3.375588E-17
7393.04887318498  4.322364E-17
7397.80527316367  3.810375E-17
7402.56167314236  4.292502E-17
7407.31807312104  5.248060E-17
7412.07447309973  4.116338E-17
7416.83087307842  4.233453E-17
7421.5872730571  4.927019E-17
7426.34367303579  4.749342E-17
7431.10007301448  4.793178E-17
7435.85647299317  4.169050E-17
7440.61287297185  3.504785E-17
7445.36927295054  3.904340E-17
7450.12567292923  4.682240E-17
7454.88207290792  4.443297E-17
7459.6384728866  3.882420E-17
7464.39487286529  4.300825E-17
7469.15127284398  4.590297E-17
7473.90767282267  4.092897E-17
7478.66407280135  3.914942E-17
7483.42047278004  5.034768E-17
7488.17687275873  4.047275E-17
7492.93327273742  4.116014E-17
7497.6896727161  4.330000E-17
7502.44607269479  4.249093E-17
7507.20247267348  4.313073E-17
7511.95887265216  4.853536E-17
7516.71527263085  4.567741E-17
7521.47167260954  4.450430E-17
7526.22807258823  4.640707E-17
7530.98447256691  3.581313E-17
7535.7408725456  3.975534E-17
7540.49727252429  4.523658E-17
7545.25367250298  3.955658E-17
7550.01007248166  4.180269E-17
7554.76647246035  4.654400E-17
7559.52287243904  4.224009E-17
7564.27927241772  4.825749E-17
7569.03567239641  4.482629E-17
7573.7920723751  3.941230E-17
7578.54847235379  4.190899E-17
7583.30487233247  4.043445E-17
7588.06127231116  3.217511E-17
7592.81767228985  2.582364E-17
7597.57407226853  2.126256E-17
7602.33047224722  1.424210E-17
7607.08687222591  1.669359E-17
7611.8432722046  1.926685E-17
7616.59967218328  2.315570E-17
7621.35607216197  2.515975E-17
7626.11247214066  2.418521E-17
7630.86887211935  1.999272E-17
7635.62527209804  2.544439E-17
7640.38167207672  2.949302E-17
7645.13807205541  3.326308E-17
7649.8944720341  3.295711E-17
7654.65087201278  2.692253E-17
7659.40727199147  3.397842E-17
7664.16367197016  4.010778E-17
7668.92007194884  3.529312E-17
7673.67647192753  3.725026E-17
7678.43287190622  3.874350E-17
7683.18927188491  3.658768E-17
7687.94567186359  4.341722E-17
7692.70207184228  3.200843E-17
7697.45847182097  3.912150E-17
7702.21487179965  4.979226E-17
7706.97127177834  5.785368E-17
7711.72767175703  5.062064E-17
7716.48407173572  3.550585E-17
7721.24047171441  4.108584E-17
7725.99687169309  4.162807E-17
7730.75327167178  3.749066E-17
7735.50967165047  4.059499E-17
7740.26607162915  4.180465E-17
7745.02247160784  4.280813E-17
7749.77887158653  4.441457E-17
7754.53527156522  3.697896E-17
7759.2916715439  4.217571E-17
7764.04807152259  4.393320E-17
7768.80447150128  4.280487E-17
7773.56087147997  4.556247E-17
7778.31727145865  4.573834E-17
7783.07367143734  4.590980E-17
7787.83007141603  4.409039E-17
7792.58647139471  3.624376E-17
7797.3428713734  3.397185E-17
7802.09927135209  3.637510E-17
7806.85567133078  3.653600E-17
7811.61207130946  3.895712E-17
7816.36847128815  2.444913E-17
7821.12487126684  3.529676E-17
7825.88127124553  3.720164E-17
7830.63767122421  3.814408E-17
7835.3940712029  4.361891E-17
7840.15047118159  4.900968E-17
7844.90687116027  5.167507E-17
7849.66327113896  4.067277E-17
7854.41967111765  4.225885E-17
7859.17607109634  5.733634E-17
7863.93247107502  4.698517E-17
7868.68887105371  4.176130E-17
7873.4452710324  3.658477E-17
7878.20167101109  3.440461E-17
7882.95807098977  3.946515E-17
7887.71447096846  4.063972E-17
7892.47087094715  3.505074E-17
7897.22727092584  3.550115E-17
7901.98367090452  3.926628E-17
7906.74007088321  3.922210E-17
7911.4964708619  3.525523E-17
7916.25287084058  3.749375E-17
7921.00927081927  4.592437E-17
7925.76567079796  3.376244E-17
7930.52207077665  3.876303E-17
7935.27847075533  3.889927E-17
7940.03487073402  4.401321E-17
7944.79127071271  4.414366E-17
7949.5476706914  4.208685E-17
7954.30407067008  4.496528E-17
7959.06047064877  4.381931E-17
7963.81687062746  4.104578E-17
7968.57327060615  3.865427E-17
7973.32967058483  3.605105E-17
7978.08607056352  4.420781E-17
7982.84247054221  5.222390E-17
7987.59887052089  4.768642E-17
7992.35527049958  5.080213E-17
7997.11167047827  3.371683E-17
8001.86807045696  4.506361E-17
8006.62447043564  4.285988E-17
8011.38087041433  3.999035E-17
8016.13727039302  4.265067E-17
8020.89367037171  3.641903E-17
8025.65007035039  2.930175E-17
8030.40647032908  3.015223E-17
8035.16287030777  3.526108E-17
8039.91927028646  3.995099E-17
8044.67567026514  4.377068E-17
8049.43207024383  4.812367E-17
8054.18847022252  4.317619E-17
8058.9448702012  3.799667E-17
8063.70127017989  4.618432E-17
8068.45767015858  5.192843E-17
8073.21407013727  4.316115E-17
8077.97047011595  4.250328E-17
8082.72687009464  4.627048E-17
8087.48327007333  5.341625E-17
8092.23967005202  4.837571E-17
8096.9960700307  4.041133E-17
8101.75247000939  4.141626E-17
8106.50886998808  3.832775E-17
8111.26526996676  4.584850E-17
8116.02166994545  4.995418E-17
8120.77806992414  4.760724E-17
8125.53446990283  3.117508E-17
8130.29086988151  4.070318E-17
8135.0472698602  3.806989E-17
8139.80366983889  4.247821E-17
8144.56006981758  4.314932E-17
8149.31646979626  4.403426E-17
8154.07286977495  4.335128E-17
8158.82926975364  4.085263E-17
8163.58566973232  4.451672E-17
8168.34206971101  4.674191E-17
8173.0984696897  4.441122E-17
8177.85486966839  4.154122E-17
8182.61126964707  5.103998E-17
8187.36766962576  4.716367E-17
8192.12406960445  3.277942E-17
8196.88046958314  3.602283E-17
8201.63686956182  2.785766E-17
8206.39326954051  4.152353E-17
8211.1496695192  4.279211E-17
8215.90606949788  5.045307E-17
8220.66246947657  4.432964E-17
8225.41886945526  3.702119E-17
8230.17526943395  5.879909E-17
8234.93166941263  5.299545E-17
8239.68806939132  5.056941E-17
8244.44446937001  4.596608E-17
