3800.00000000001  4.743500E-16
3803.38321399689  6.535481E-16
3806.76642799378  6.583600E-16
3810.14964199067  4.845900E-16
3813.53285598756  5.288013E-16
3816.91606998444  6.617452E-16
3820.29928398133  6.540226E-16
3823.68249797822  5.972882E-16
3827.0657119751  6.664793E-16
3830.44892597199  6.566914E-16
3833.83213996888  6.771092E-16
3837.21535396577  6.029509E-16
3840.59856796265  5.768613E-16
3843.98178195954  5.878907E-16
3847.36499595643  6.401392E-16
3850.74820995331  6.939423E-16
3854.1314239502  5.926278E-16
3857.51463794709  5.556372E-16
3860.89785194398  6.219419E-16
3864.28106594086  6.841875E-16
3867.66427993775  6.618076E-16
3871.04749393464  5.359358E-16
3874.43070793152  5.792674E-16
3877.81392192841  6.477570E-16
3881.1971359253  5.006538E-16
3884.58034992219  5.002694E-16
3887.96356391907  6.217813E-16
3891.34677791596  7.321956E-16
3904.87963390351  7.790674E-16
3908.2628479004  5.915513E-16
3911.64606189729  6.381245E-16
3915.02927589417  7.946934E-16
3918.41248989106  1.314860E-15
3921.79570388795  1.545624E-15
3925.17891788483  1.283162E-15
3928.56213188172  9.842044E-16
3931.94534587861  6.792690E-16
3935.32855987549  5.576687E-16
3938.71177387238  5.021115E-16
3942.09498786927  6.033104E-16
3945.47820186616  5.448788E-16
3948.86141586304  4.009370E-16
3952.24462985993  4.513923E-16
3955.62784385682  4.438028E-16
3959.01105785371  4.942518E-16
3962.39427185059  4.981785E-16
3965.77748584748  4.463968E-16
3969.16069984437  4.320849E-16
3972.54391384125  4.367224E-16
3975.92712783814  4.722954E-16
3979.31034183503  5.096108E-16
3982.69355583192  4.629787E-16
3986.0767698288  4.816191E-16
3989.45998382569  5.655688E-16
3992.84319782258  5.053478E-16
3996.22641181947  4.793821E-16
3999.60962581635  4.963320E-16
4002.99283981324  4.361381E-16
4006.37605381013  4.546358E-16
4009.75926780701  5.218900E-16
4013.1424818039  5.122297E-16
4016.52569580079  5.028064E-16
4019.90890979767  4.702003E-16
4023.29212379456  4.400174E-16
4026.67533779145  4.853763E-16
4030.05855178834  5.129603E-16
4033.44176578522  4.720592E-16
4036.82497978211  4.483292E-16
4040.208193779  3.840729E-16
4043.59140777588  3.993713E-16
4046.97462177277  4.612028E-16
4050.35783576966  4.646542E-16
4053.74104976655  4.352918E-16
4057.12426376343  4.643947E-16
4060.50747776032  4.670401E-16
4063.89069175721  4.492346E-16
4067.2739057541  5.911173E-16
4070.65711975098  6.717914E-16
4074.04033374787  5.787252E-16
4077.42354774476  5.482697E-16
4080.80676174165  4.933164E-16
4084.18997573853  4.717449E-16
4087.57318973542  4.763372E-16
4090.95640373231  4.951651E-16
4094.33961772919  5.426375E-16
4097.72283172608  5.005784E-16
4101.10604572297  4.705686E-16
4104.48925971986  4.880908E-16
4107.87247371674  5.155795E-16
4111.25568771363  5.841632E-16
4114.63890171052  5.498981E-16
4118.02211570741  5.150966E-16
4121.40532970429  5.132448E-16
4124.78854370118  5.652111E-16
4128.17175769807  5.261179E-16
4131.55497169495  4.392801E-16
4134.93818569184  4.723251E-16
4138.32139968873  5.221705E-16
4141.70461368562  4.788579E-16
4145.0878276825  4.199276E-16
4148.47104167939  4.573553E-16
4151.85425567628  5.371640E-16
4155.23746967316  5.058909E-16
4158.62068367005  4.858633E-16
4162.00389766694  5.009205E-16
4165.38711166383  5.397644E-16
4168.77032566071  5.080420E-16
4172.1535396576  4.939725E-16
4175.53675365449  5.137302E-16
4178.91996765137  5.318211E-16
4182.30318164826  4.797967E-16
4185.68639564515  4.175344E-16
4189.06960964204  4.447396E-16
4192.45282363892  5.041197E-16
4195.83603763581  4.872474E-16
4199.2192516327  4.677332E-16
4202.60246562959  4.920035E-16
4205.98567962647  5.082380E-16
4209.36889362336  5.068796E-16
4212.75210762025  5.313537E-16
4216.13532161713  5.238482E-16
4219.51853561402  5.246966E-16
4222.90174961091  5.224848E-16
4226.28496360779  5.065169E-16
4229.66817760468  5.164447E-16
4233.05139160157  5.097116E-16
4236.43460559846  5.312040E-16
4239.81781959534  4.693708E-16
4243.20103359223  4.684961E-16
4246.58424758912  5.103000E-16
4249.96746158601  5.071257E-16
4253.35067558289  4.956523E-16
4256.73388957978  4.893861E-16
4260.11710357667  4.851007E-16
4263.50031757355  4.904182E-16
4266.88353157044  4.952945E-16
4270.26674556733  4.701666E-16
4273.64995956422  4.543173E-16
4277.0331735611  4.957343E-16
4280.41638755799  5.195097E-16
4283.79960155488  5.538071E-16
4287.18281555177  5.217309E-16
4290.56602954865  4.289724E-16
4293.94924354554  4.436345E-16
4297.33245754243  4.875468E-16
4300.71567153931  4.759550E-16
4304.0988855362  4.981183E-16
4307.48209953309  5.318265E-16
4310.86531352998  5.547081E-16
4314.24852752686  5.576283E-16
4317.63174152375  5.093296E-16
4321.01495552064  5.053706E-16
4324.39816951752  4.994412E-16
4327.78138351441  4.868762E-16
4331.1645975113  4.879096E-16
4334.54781150819  5.479730E-16
4337.93102550507  5.530188E-16
4341.31423950196  5.121827E-16
4344.69745349885  4.603086E-16
4348.08066749573  4.795057E-16
4351.46388149262  4.698114E-16
4354.84709548951  4.216263E-16
4358.2303094864  4.520412E-16
4361.61352348328  5.121857E-16
4364.99673748017  5.064039E-16
4368.37995147706  4.414521E-16
4371.76316547395  4.343417E-16
4375.14637947083  4.631159E-16
4378.52959346772  4.421919E-16
4381.91280746461  4.655854E-16
4385.29602146149  4.750663E-16
4388.67923545838  4.454300E-16
4392.06244945527  4.385912E-16
4395.44566345216  4.508100E-16
4398.82887744904  4.347109E-16
4402.21209144593  4.345754E-16
4405.59530544282  4.187750E-16
4408.9785194397  3.922008E-16
4412.36173343659  3.875972E-16
4415.74494743348  3.755088E-16
4419.12816143037  3.884466E-16
4422.51137542725  4.134399E-16
4425.89458942414  4.295303E-16
4429.27780342103  4.159327E-16
4432.66101741792  4.161188E-16
4436.0442314148  4.153357E-16
4439.42744541169  4.034051E-16
4442.81065940858  4.051951E-16
4446.19387340546  3.938670E-16
4449.57708740235  4.096533E-16
4452.96030139924  4.026379E-16
4456.34351539613  4.307198E-16
4459.72672939301  3.794797E-16
4463.1099433899  3.000571E-16
4466.49315738679  4.347165E-16
4469.87637138368  5.040473E-16
4473.25958538056  4.550235E-16
4476.64279937745  4.184217E-16
4480.02601337434  4.087574E-16
4483.40922737122  4.553573E-16
4486.79244136811  4.555206E-16
4490.175655365  4.304669E-16
4493.55886936189  4.400140E-16
4496.94208335877  4.581233E-16
4500.32529735566  4.679097E-16
4503.70851135255  4.714975E-16
4507.09172534944  4.687008E-16
4510.47493934632  4.498759E-16
4513.85815334321  4.627943E-16
4517.2413673401  4.476491E-16
4520.62458133698  4.363781E-16
4524.00779533387  4.852211E-16
4527.39100933076  4.736687E-16
4530.77422332765  4.777503E-16
4534.15743732453  4.814461E-16
4537.54065132142  4.651286E-16
4540.92386531831  4.381920E-16
4544.30707931519  4.299953E-16
4547.69029331208  4.419142E-16
4551.07350730897  4.409114E-16
4554.45672130586  4.230973E-16
4557.83993530274  4.308580E-16
4561.22314929963  4.969692E-16
4564.60636329652  5.852730E-16
4567.98957729341  5.505382E-16
4571.37279129029  4.442875E-16
4574.75600528718  3.867499E-16
4578.13921928407  3.949432E-16
4581.52243328095  4.291660E-16
4584.90564727784  4.453796E-16
4588.28886127473  4.398428E-16
4591.67207527161  4.408684E-16
4595.0552892685  4.148708E-16
4598.43850326539  4.024380E-16
4601.82171726228  4.016154E-16
4605.20493125916  4.144929E-16
4608.58814525605  4.181845E-16
4611.97135925294  3.707292E-16
4615.35457324982  3.751957E-16
4618.73778724671  3.977147E-16
4622.1210012436  4.207240E-16
4625.50421524049  4.093231E-16
4628.88742923737  4.181716E-16
4632.27064323426  4.126020E-16
4635.65385723115  3.941526E-16
4639.03707122804  3.857736E-16
4642.42028522492  3.835960E-16
4645.80349922181  3.878167E-16
4649.1867132187  4.012732E-16
4652.56992721559  4.049754E-16
4655.95314121247  4.011958E-16
4659.33635520936  3.935945E-16
4662.71956920625  3.781294E-16
4666.10278320313  3.830457E-16
4669.48599720002  3.917599E-16
4672.86921119691  3.960332E-16
4676.2524251938  3.988527E-16
4679.63563919068  4.108881E-16
4683.01885318757  4.043567E-16
4686.40206718446  3.896980E-16
4689.78528118134  3.847529E-16
4693.16849517823  3.803807E-16
4696.55170917512  3.910323E-16
4699.93492317201  4.175061E-16
4703.31813716889  3.962957E-16
4706.70135116578  3.906348E-16
4710.08456516267  3.915367E-16
4713.46777915955  3.840653E-16
4716.85099315644  4.088655E-16
4720.23420715333  4.012784E-16
4723.61742115022  3.925494E-16
4727.0006351471  3.938975E-16
4730.38384914399  3.926402E-16
4733.76706314088  3.810127E-16
4737.15027713777  3.677510E-16
4740.53349113465  3.670763E-16
4743.91670513154  3.703640E-16
4747.29991912843  3.791483E-16
4750.68313312531  3.994195E-16
4754.0663471222  3.754089E-16
4757.44956111909  3.466690E-16
4760.83277511597  3.675806E-16
4764.21598911286  3.606873E-16
4767.59920310975  3.712824E-16
4770.98241710664  3.752273E-16
4774.36563110352  3.520925E-16
4777.74884510041  3.628551E-16
4781.1320590973  3.764138E-16
4784.51527309419  3.622408E-16
4787.89848709107  3.453335E-16
4791.28170108796  3.335354E-16
4794.66491508485  3.382304E-16
4798.04812908174  3.583086E-16
4801.43134307862  3.567693E-16
4804.81455707551  3.428148E-16
4808.1977710724  3.381474E-16
4811.58098506928  3.389389E-16
4814.96419906617  3.627791E-16
4818.34741306306  3.447735E-16
4821.73062705994  3.312927E-16
4825.11384105683  3.364858E-16
4828.49705505372  3.260397E-16
4831.88026905061  3.267262E-16
4835.26348304749  3.306791E-16
4838.64669704438  3.181441E-16
4842.02991104127  3.208950E-16
4845.41312503816  3.293252E-16
4848.79633903504  3.271412E-16
4852.17955303193  3.190462E-16
4855.56276702882  3.035395E-16
4858.9459810257  3.165325E-16
4862.32919502259  3.148028E-16
4865.71240901948  3.090884E-16
4869.09562301637  3.175070E-16
4872.47883701325  3.218789E-16
4875.86205101014  3.081326E-16
4879.24526500703  2.207055E-16
4882.62847900392  1.816794E-16
4886.0116930008  2.180240E-16
4889.39490699769  2.914572E-16
4892.77812099458  3.370095E-16
4896.16133499146  3.013266E-16
4899.54454898835  2.896448E-16
4902.92776298524  3.105865E-16
4906.31097698213  3.048098E-16
4909.69419097901  2.966542E-16
4913.0774049759  3.045412E-16
4916.46061897279  3.125546E-16
4919.84383296967  3.024605E-16
4923.22704696656  3.001397E-16
4926.61026096345  2.799935E-16
4929.99347496034  2.671248E-16
4933.37668895722  2.737094E-16
4936.75990295411  2.512812E-16
4940.143116951  2.676362E-16
4943.52633094789  2.857929E-16
4946.90954494477  2.526989E-16
4950.29275894166  2.544045E-16
4953.67597293855  2.896655E-16
4957.05918693543  2.910661E-16
4960.44240093232  2.716510E-16
4963.82561492921  2.765181E-16
4967.2088289261  2.876409E-16
4970.59204292298  2.806016E-16
4973.97525691987  2.662939E-16
4977.35847091676  2.784370E-16
4980.74168491364  2.880021E-16
4984.12489891053  2.975088E-16
4987.50811290742  2.883177E-16
4990.89132690431  2.974320E-16
4994.27454090119  3.255777E-16
4997.65775489808  3.463978E-16
5001.04096889497  3.331461E-16
5004.42418289186  3.049399E-16
5007.80739688874  3.098621E-16
5011.19061088563  3.215827E-16
5014.57382488252  2.959170E-16
5017.9570388794  2.926931E-16
5021.34025287629  3.150027E-16
5024.72346687318  3.230611E-16
5028.10668087007  3.385021E-16
5031.48989486695  3.279030E-16
5034.87310886384  3.520921E-16
5038.25632286073  3.476934E-16
5041.63953685761  3.296024E-16
5045.0227508545  3.355077E-16
5048.40596485139  3.498628E-16
5051.78917884828  3.501188E-16
5055.17239284516  3.471313E-16
5058.55560684205  3.571593E-16
5061.93882083894  3.522131E-16
5065.32203483583  3.593467E-16
5068.70524883271  3.518115E-16
5072.0884628296  3.493632E-16
5075.47167682649  3.532993E-16
5078.85489082338  3.510537E-16
5082.23810482026  3.426927E-16
5085.62131881715  3.572555E-16
5089.00453281404  3.753823E-16
5092.38774681092  3.465313E-16
5095.77096080781  3.259588E-16
5099.1541748047  3.278250E-16
5102.53738880158  3.355406E-16
5105.92060279847  3.811681E-16
5109.30381679536  5.161966E-16
5112.68703079225  5.867422E-16
5116.07024478913  5.065424E-16
5119.45345878602  4.160236E-16
5122.83667278291  3.582379E-16
5126.2198867798  3.381227E-16
5129.60310077668  3.315347E-16
5132.98631477357  3.185007E-16
5136.36952877046  3.071559E-16
5139.75274276734  3.113130E-16
5143.13595676423  3.192497E-16
5146.51917076112  3.231834E-16
5149.902384758  3.099796E-16
5153.28559875489  2.944208E-16
5156.66881275178  3.027915E-16
5160.05202674867  3.056713E-16
5163.43524074556  3.108726E-16
5166.81845474244  2.983567E-16
5170.20166873933  2.944714E-16
5173.58488273622  3.094778E-16
5176.9680967331  2.895780E-16
5180.35131072999  2.847620E-16
5183.73452472688  2.904991E-16
5187.11773872376  2.923417E-16
5190.50095272065  2.827361E-16
5193.88416671754  2.810775E-16
5197.26738071443  2.836553E-16
5200.65059471131  2.899184E-16
5204.0338087082  2.913374E-16
5207.41702270509  3.174391E-16
5210.80023670197  4.939568E-16
5214.18345069886  6.346243E-16
5217.56666469575  5.234840E-16
5220.94987869264  4.082067E-16
5224.33309268952  3.610000E-16
5227.71630668641  2.995152E-16
5231.0995206833  2.741936E-16
5234.48273468018  2.848969E-16
5237.86594867707  2.777543E-16
5241.24916267396  2.523927E-16
5244.63237667085  2.554814E-16
5248.01559066773  2.767733E-16
5251.39880466462  3.072613E-16
5254.78201866151  2.741565E-16
5258.1652326584  3.885874E-16
5261.54844665528  9.655067E-16
5264.93166065217  1.301744E-15
5268.31487464906  1.007336E-15
5271.69808864594  6.548643E-16
5275.08130264283  4.303130E-16
5278.46451663972  2.959957E-16
5281.84773063661  2.598299E-16
5285.23094463349  2.669466E-16
5288.61415863038  2.607953E-16
5291.99737262727  2.700396E-16
5295.38058662416  2.832293E-16
5298.76380062104  2.694067E-16
5302.14701461793  2.601714E-16
5305.53022861482  2.524709E-16
5308.91344261171  2.401716E-16
5312.29665660859  2.608770E-16
5315.67987060548  2.599183E-16
5319.06308460237  2.452462E-16
5322.44629859925  2.482518E-16
5325.82951259614  2.584252E-16
5329.21272659303  2.587627E-16
5332.59594058992  2.671450E-16
5335.9791545868  2.611082E-16
5339.36236858369  2.612352E-16
5342.74558258058  2.633657E-16
5346.12879657746  2.504289E-16
5349.51201057435  2.622388E-16
5352.89522457124  2.734300E-16
5356.27843856813  2.755022E-16
5359.66165256501  2.668689E-16
5363.0448665619  2.567057E-16
5366.42808055879  2.443218E-16
5369.81129455567  2.450036E-16
5373.19450855256  2.458101E-16
5376.57772254945  2.460855E-16
5379.96093654634  2.435829E-16
5383.34415054322  2.570914E-16
5386.72736454011  2.638773E-16
5390.110578537  2.519578E-16
5393.49379253389  2.571581E-16
5396.87700653077  2.520829E-16
5400.26022052766  2.487585E-16
5403.64343452455  2.579553E-16
5407.02664852143  2.546168E-16
5410.40986251832  2.520136E-16
5413.79307651521  2.598932E-16
5417.1762905121  2.521719E-16
5420.55950450898  2.515080E-16
5423.94271850587  2.586491E-16
5427.32593250276  2.550278E-16
5430.70914649964  2.399551E-16
5434.09236049653  2.425149E-16
5437.47557449342  2.486452E-16
5440.85878849031  2.396279E-16
5444.24200248719  2.418105E-16
5447.62521648408  2.471686E-16
5451.00843048097  2.506424E-16
5454.39164447785  2.337905E-16
5457.77485847474  2.230430E-16
5461.15807247163  2.413730E-16
5464.54128646852  2.370482E-16
5467.9245004654  2.367364E-16
5471.30771446229  2.413729E-16
5474.69092845918  2.495767E-16
5478.07414245606  2.376551E-16
5481.45735645295  2.238237E-16
5484.84057044984  2.329578E-16
5488.22378444673  2.225596E-16
5491.60699844361  2.317235E-16
5494.9902124405  2.381433E-16
5498.37342643739  2.398488E-16
5501.75664043428  2.353403E-16
5505.13985443116  2.433012E-16
5508.52306842805  2.405612E-16
5511.90628242494  2.367724E-16
5515.28949642182  2.375175E-16
5518.67271041871  2.271532E-16
5522.0559244156  2.286163E-16
5525.43913841249  2.348304E-16
5528.82235240937  2.409976E-16
5532.20556640626  2.337107E-16
5535.58878040315  2.416948E-16
5538.97199440004  2.433147E-16
5542.35520839692  2.327872E-16
5545.73842239381  2.251235E-16
5549.1216363907  2.217526E-16
5552.50485038758  2.297063E-16
5555.88806438447  2.312435E-16
5559.27127838136  2.307672E-16
5562.65449237825  2.392240E-16
5566.03770637513  2.379196E-16
5569.42092037202  2.191056E-16
5572.80413436891  2.077393E-16
5576.18734836579  2.042652E-16
5579.57056236268  2.077985E-16
5582.95377635957  2.148848E-16
5586.33699035646  2.224417E-16
5589.72020435334  2.692435E-16
5593.10341835023  2.713279E-16
5596.48663234712  2.260217E-16
5599.869846344  2.171442E-16
5603.25306034089  2.243619E-16
5606.63627433778  2.212652E-16
5610.01948833467  2.070177E-16
5613.40270233155  2.217534E-16
5616.78591632844  2.232818E-16
5620.16913032533  2.163391E-16
5623.55234432222  2.175047E-16
5626.9355583191  1.948119E-16
5630.31877231599  2.005963E-16
5633.70198631288  2.194968E-16
5637.08520030976  2.160250E-16
5640.46841430665  2.094230E-16
5643.85162830354  2.269973E-16
5647.23484230043  2.300429E-16
5650.61805629731  2.250127E-16
5654.0012702942  2.261588E-16
5657.38448429109  2.210122E-16
5660.76769828798  2.212961E-16
5664.15091228486  2.072110E-16
5667.53412628175  1.956248E-16
5670.91734027864  2.074769E-16
5674.30055427553  2.179293E-16
5677.68376827241  2.292424E-16
5681.0669822693  2.189346E-16
5684.45019626619  2.054024E-16
5687.83341026307  2.159473E-16
5691.21662425996  2.075809E-16
5694.59983825685  2.016277E-16
5697.98305225373  1.959529E-16
5701.36626625062  2.014487E-16
5704.74948024751  2.247973E-16
5708.1326942444  2.145533E-16
5711.51590824128  1.945717E-16
5714.89912223817  1.816231E-16
5718.28233623506  1.980710E-16
5721.66555023195  2.112205E-16
5725.04876422883  2.061744E-16
5728.43197822572  2.135977E-16
5731.81519222261  2.243142E-16
5735.19840621949  2.055530E-16
5738.58162021638  2.075787E-16
5741.96483421327  2.220674E-16
5745.34804821016  2.187635E-16
5748.73126220704  1.911104E-16
5752.11447620393  1.679691E-16
5755.49769020082  2.023749E-16
5758.88090419771  2.307754E-16
5762.26411819459  2.179830E-16
5765.64733219148  2.119767E-16
5769.03054618837  2.096772E-16
5772.41376018525  2.050840E-16
5775.79697418214  2.177229E-16
5779.18018817903  2.220323E-16
5782.56340217591  2.160121E-16
5785.9466161728  2.116782E-16
5789.32983016969  2.065437E-16
5792.71304416658  2.074901E-16
5796.09625816346  2.150081E-16
5799.47947216035  1.963806E-16
5802.86268615724  1.856331E-16
5806.24590015412  2.160139E-16
5809.62911415101  2.134874E-16
5813.0123281479  2.242355E-16
5816.39554214479  2.193991E-16
5819.77875614167  2.119374E-16
5823.16197013856  2.199062E-16
5826.54518413545  2.129561E-16
5829.92839813234  1.987463E-16
5833.31161212922  1.953537E-16
5836.69482612611  1.933873E-16
5840.078040123  2.049184E-16
5843.46125411988  1.984154E-16
5846.84446811677  2.017847E-16
5850.22768211366  2.242375E-16
5853.61089611055  2.092801E-16
5856.99411010743  1.959103E-16
5860.37732410432  1.979582E-16
5863.76053810121  2.052403E-16
5867.14375209809  2.210073E-16
5870.52696609498  2.044478E-16
5873.91018009187  1.886148E-16
5877.29339408876  1.970877E-16
5880.67660808564  1.937464E-16
5884.05982208253  2.032665E-16
5887.44303607942  2.173548E-16
5890.8262500763  1.912769E-16
5894.20946407319  2.051005E-16
5897.59267807008  2.095889E-16
5900.97589206697  1.960909E-16
5904.35910606386  2.031297E-16
5907.74232006074  2.117357E-16
5911.12553405763  2.165515E-16
5914.50874805452  2.080620E-16
5917.8919620514  1.923833E-16
5921.27517604829  1.969080E-16
5924.65839004518  2.093711E-16
5928.04160404206  2.035336E-16
5931.42481803895  1.882517E-16
5934.80803203584  1.848704E-16
5938.19124603273  1.968450E-16
5941.57446002961  2.020634E-16
5944.9576740265  1.992324E-16
5948.34088802339  1.886590E-16
5951.72410202028  1.806819E-16
5955.10731601716  1.871482E-16
5958.49053001405  2.094917E-16
5961.87374401094  1.562987E-16
5965.25695800782  9.180168E-17
5968.64017200471  1.635222E-16
5972.0233860016  1.866001E-16
5975.40659999848  1.960243E-16
5978.78981399537  2.031809E-16
5982.17302799226  2.052289E-16
5985.55624198915  1.876682E-16
5988.93945598604  1.773438E-16
5992.32266998292  1.644537E-16
5995.70588397981  1.567514E-16
5999.0890979767  1.805765E-16
6002.47231197358  1.832686E-16
6005.85552597047  1.655625E-16
6009.23873996736  1.711849E-16
6012.62195396424  1.986490E-16
6016.00516796113  1.936374E-16
6019.38838195802  1.776489E-16
6022.77159595491  1.807536E-16
6026.15480995179  2.329561E-16
6029.53802394868  3.901690E-16
6032.92123794557  4.821655E-16
6036.30445194245  4.249264E-16
6039.68766593934  4.142899E-16
6043.07087993623  3.884359E-16
6046.45409393312  2.601100E-16
6049.83730793  1.871717E-16
6053.22052192689  1.925368E-16
6056.60373592378  1.917783E-16
6059.98694992067  2.029230E-16
6063.37016391755  2.169434E-16
6066.75337791444  2.135681E-16
6070.13659191133  2.033728E-16
6073.51980590821  2.115208E-16
6076.9030199051  2.115279E-16
6080.28623390199  2.036346E-16
6083.66944789888  1.865082E-16
6087.05266189576  1.891143E-16
6090.43587589265  2.057228E-16
6093.81908988954  1.978137E-16
6097.20230388643  1.964719E-16
6100.58551788331  1.951749E-16
6103.9687318802  2.017707E-16
6107.35194587709  1.961931E-16
6110.73515987397  1.974932E-16
6114.11837387086  1.980880E-16
6117.50158786775  2.050205E-16
6120.88480186464  2.080232E-16
6124.26801586152  2.240645E-16
6127.65122985841  2.112088E-16
6131.0344438553  2.027169E-16
6134.41765785219  2.092921E-16
6137.80087184907  2.042375E-16
6141.18408584596  2.029228E-16
6144.56729984285  2.140840E-16
6147.95051383973  2.080386E-16
6151.33372783662  1.918836E-16
6154.71694183351  1.861580E-16
6158.1001558304  1.915495E-16
6161.48336982728  2.062781E-16
6164.86658382417  2.080999E-16
6168.24979782106  2.019723E-16
6171.63301181794  2.098179E-16
6175.01622581483  2.189079E-16
6178.39943981172  2.291602E-16
6181.78265380861  2.197657E-16
6185.16586780549  2.173051E-16
6188.54908180238  2.146953E-16
6191.93229579927  1.981719E-16
6195.31550979615  2.044642E-16
6198.69872379304  2.078549E-16
6202.08193778993  2.087387E-16
6205.46515178682  2.091441E-16
6208.8483657837  2.008050E-16
6212.23157978059  1.971041E-16
6215.61479377748  1.913968E-16
6218.99800777437  1.953613E-16
6222.38122177125  2.014219E-16
6225.76443576814  1.957917E-16
6229.14764976503  1.923401E-16
6232.53086376191  1.707072E-16
6235.9140777588  1.685106E-16
6239.29729175569  1.873491E-16
6242.68050575258  1.868225E-16
6246.06371974946  1.789706E-16
6249.44693374635  1.770055E-16
6252.83014774324  1.813990E-16
6256.21336174013  1.805475E-16
6259.59657573701  1.752793E-16
6262.9797897339  1.699623E-16
6266.36300373079  1.808487E-16
6269.74621772767  1.842585E-16
6273.12943172456  1.860415E-16
6276.51264572145  1.916550E-16
6279.89585971833  1.923082E-16
6283.27907371522  1.900155E-16
6286.66228771211  1.830632E-16
6290.045501709  1.803396E-16
6293.42871570588  1.831406E-16
6296.81192970277  1.801458E-16
6300.19514369966  1.744317E-16
6303.57835769654  1.873427E-16
6306.96157169343  1.970245E-16
6310.34478569032  1.867224E-16
6313.72799968721  1.935331E-16
6317.1112136841  1.952401E-16
6320.49442768098  1.855916E-16
6323.87764167787  1.849348E-16
6327.26085567476  1.748089E-16
6330.64406967164  1.655916E-16
6334.02728366853  1.633433E-16
6337.41049766542  1.661119E-16
6340.79371166231  1.644129E-16
6344.17692565919  1.639359E-16
6347.56013965608  1.708502E-16
6350.94335365297  1.577434E-16
6354.32656764985  1.669570E-16
6357.70978164674  1.890319E-16
6361.09299564363  1.742706E-16
6364.47620964052  1.713846E-16
6367.8594236374  1.663444E-16
6371.24263763429  1.677947E-16
6374.62585163118  1.879855E-16
6378.00906562806  1.723764E-16
6381.39227962495  1.630770E-16
6384.77549362184  1.690156E-16
6388.15870761873  1.609705E-16
6391.54192161561  1.606588E-16
6394.9251356125  1.660956E-16
6398.30834960939  1.607267E-16
6401.69156360628  1.599844E-16
6405.07477760316  1.599340E-16
6408.45799160005  1.623327E-16
6411.84120559694  1.654142E-16
6415.22441959382  1.582527E-16
6418.60763359071  1.561563E-16
6421.9908475876  1.680268E-16
6425.37406158449  1.758089E-16
6428.75727558137  1.567261E-16
6432.14048957826  1.643914E-16
6435.52370357515  1.703477E-16
6438.90691757203  1.644951E-16
6442.29013156892  1.573630E-16
6445.67334556581  1.651308E-16
6449.0565595627  1.666506E-16
6452.43977355958  1.486750E-16
6455.82298755647  1.463209E-16
6459.20620155336  1.608443E-16
6462.58941555024  1.625741E-16
6465.97262954713  1.609452E-16
6469.35584354402  1.580765E-16
6472.73905754091  1.669907E-16
6476.12227153779  1.698447E-16
6479.50548553468  1.496918E-16
6482.88869953157  1.428437E-16
6486.27191352846  1.089208E-16
6489.65512752534  1.071088E-16
6493.03834152223  1.390282E-16
6496.42155551912  1.460582E-16
6499.80476951601  1.462758E-16
6503.18798351289  1.549063E-16
6506.57119750978  1.616851E-16
6509.95441150667  1.614789E-16
6513.33762550355  1.569259E-16
6516.72083950044  1.447235E-16
6520.10405349733  1.478446E-16
6523.48726749421  1.578993E-16
6526.8704814911  1.458221E-16
6530.25369548799  1.457609E-16
6533.63690948488  1.432582E-16
6537.02012348177  1.443127E-16
6540.40333747865  1.524576E-16
6543.78655147554  1.477381E-16
6547.16976547242  1.474100E-16
6550.55297946931  1.478781E-16
6553.9361934662  1.431449E-16
6557.31940746309  1.401834E-16
6560.70262145997  1.320602E-16
6564.08583545686  1.372710E-16
6567.46904945375  1.454718E-16
6570.85226345064  1.443530E-16
6574.23547744752  1.528847E-16
6577.61869144441  1.488825E-16
6581.0019054413  1.386494E-16
6584.38511943819  1.503655E-16
6587.76833343507  1.609208E-16
6591.15154743196  1.392829E-16
6594.53476142885  1.308466E-16
6597.91797542573  1.491525E-16
6601.30118942262  1.537967E-16
6604.68440341951  1.375656E-16
6608.06761741639  1.291930E-16
6611.45083141328  1.418813E-16
6614.83404541017  1.462801E-16
6618.21725940706  1.351002E-16
6621.60047340394  1.508889E-16
6624.98368740083  1.561500E-16
6628.36690139772  1.507998E-16
6631.7501153946  1.528318E-16
6635.13332939149  1.475543E-16
6638.51654338838  1.569013E-16
6641.89975738527  1.388364E-16
6645.28297138215  1.355765E-16
6648.66618537904  1.356916E-16
6652.04939937593  1.343424E-16
6655.43261337282  1.336500E-16
6658.8158273697  1.321360E-16
6662.19904136659  1.431985E-16
6665.58225536348  1.450551E-16
6668.96546936036  1.447758E-16
6672.34868335725  1.408590E-16
6675.73189735414  1.381634E-16
6679.11511135103  1.389827E-16
6682.49832534791  1.345729E-16
6685.8815393448  1.424971E-16
6689.26475334169  1.441340E-16
6692.64796733857  1.349415E-16
6696.03118133546  1.448842E-16
6699.41439533235  1.333189E-16
6702.79760932924  1.397024E-16
6706.18082332612  1.510323E-16
6709.56403732301  1.453782E-16
6712.9472513199  1.531857E-16
6716.33046531678  1.527770E-16
6719.71367931367  1.558489E-16
6723.09689331056  1.724973E-16
6726.48010730745  1.570237E-16
6729.86332130434  1.478558E-16
6733.24653530122  1.668435E-16
6736.62974929811  1.642332E-16
6740.012963295  1.611306E-16
6743.39617729188  1.723960E-16
6746.77939128877  1.779663E-16
6750.16260528566  1.777531E-16
6753.54581928255  1.669909E-16
6756.92903327943  1.598425E-16
6760.31224727632  1.598901E-16
6763.69546127321  1.646561E-16
6767.07867527009  1.770026E-16
6770.46188926698  1.981078E-16
6773.84510326387  1.913266E-16
6777.22831726076  1.785363E-16
6780.61153125764  1.893141E-16
6783.99474525453  1.940416E-16
6787.37795925142  1.859653E-16
6790.7611732483  1.923374E-16
6794.14438724519  2.016712E-16
6797.52760124208  1.822223E-16
6800.91081523896  1.796578E-16
6804.29402923585  1.820788E-16
6807.67724323274  1.611261E-16
6811.06045722963  1.865605E-16
6814.44367122652  1.952511E-16
6817.8268852234  1.801391E-16
6821.21009922029  1.922221E-16
6824.59331321718  1.933110E-16
6827.97652721406  1.907938E-16
6831.35974121095  1.994885E-16
6834.74295520784  2.038701E-16
6838.12616920473  2.027633E-16
6841.50938320161  2.027856E-16
6844.8925971985  2.008015E-16
6848.27581119539  1.982396E-16
6851.65902519227  1.992482E-16
6855.04223918916  2.055662E-16
6858.42545318605  2.021526E-16
6861.80866718293  1.944115E-16
6865.19188117982  1.901018E-16
6868.57509517671  1.820542E-16
6871.9583091736  1.726689E-16
6875.34152317049  1.584640E-16
6878.72473716737  1.518555E-16
6882.10795116426  1.636318E-16
6885.49116516114  1.844434E-16
6888.87437915803  1.786421E-16
6892.25759315492  1.608758E-16
6895.64080715181  2.686655E-16
6899.0240211487  5.854827E-16
6902.40723514558  7.341878E-16
6905.79044914247  5.468851E-16
6909.17366313936  4.136465E-16
6912.55687713624  3.033498E-16
6915.94009113313  2.166447E-16
6919.32330513002  2.105958E-16
6922.70651912691  2.199679E-16
6926.08973312379  1.996677E-16
6929.47294712068  2.042379E-16
6932.85616111757  1.994240E-16
6936.23937511445  1.721609E-16
6939.62258911134  1.735554E-16
6943.00580310823  1.826163E-16
6946.38901710511  1.719329E-16
6949.772231102  1.633990E-16
6953.15544509889  1.704211E-16
6956.53865909578  1.679849E-16
6959.92187309267  1.736142E-16
6963.30508708955  1.721164E-16
6966.68830108644  1.664198E-16
6970.07151508333  1.654303E-16
6973.45472908021  1.619014E-16
6976.8379430771  1.641635E-16
6980.22115707399  1.629166E-16
6983.60437107088  1.542594E-16
6986.98758506776  1.647781E-16
6990.37079906465  1.698053E-16
6993.75401306154  1.540108E-16
6997.13722705842  1.540575E-16
7000.52044105531  1.536217E-16
7003.9036550522  1.597759E-16
7007.28686904909  1.544255E-16
7010.67008304597  1.467528E-16
7014.05329704286  1.525134E-16
7017.43651103975  1.629442E-16
7020.81972503663  1.702322E-16
7024.20293903352  1.624064E-16
7027.58615303041  1.510688E-16
7030.9693670273  1.408906E-16
7034.35258102419  1.404140E-16
7037.73579502107  1.552330E-16
7041.11900901796  1.442688E-16
7044.50222301485  1.400016E-16
7047.88543701173  1.564239E-16
7051.26865100862  1.413867E-16
7054.65186500551  1.332473E-16
7058.03507900239  1.514393E-16
7061.41829299928  1.973864E-16
7064.80150699617  2.217048E-16
7068.18472099306  1.981781E-16
7071.56793498994  1.704104E-16
7074.95114898683  1.732774E-16
7078.33436298372  1.724132E-16
7081.7175769806  1.576946E-16
7085.10079097749  1.399286E-16
7088.48400497438  1.319431E-16
7091.86721897127  1.435279E-16
7095.25043296815  1.262876E-16
7098.63364696504  1.259594E-16
7102.01686096193  1.254914E-16
7105.40007495881  1.069829E-16
7108.7832889557  1.179487E-16
7112.16650295259  1.351440E-16
7115.54971694948  1.314131E-16
7118.93293094636  1.418043E-16
7122.31614494325  1.372567E-16
7125.69935894014  1.310235E-16
7129.08257293703  1.429755E-16
7132.46578693391  1.483935E-16
7135.8490009308  1.487497E-16
7139.23221492769  1.351238E-16
7142.61542892458  1.333139E-16
7145.99864292146  1.403609E-16
7149.38185691835  1.299602E-16
7152.76507091524  1.255189E-16
7156.14828491212  1.367222E-16
7159.53149890901  1.297816E-16
7162.9147129059  1.211404E-16
7166.29792690279  1.253291E-16
7169.68114089967  1.342448E-16
7173.06435489656  1.310572E-16
7176.44756889345  1.279968E-16
7179.83078289034  1.271275E-16
7183.21399688722  1.143016E-16
7186.59721088411  1.217291E-16
7189.980424881  1.285306E-16
7193.36363887788  1.246731E-16
7196.74685287477  1.156277E-16
7200.13006687166  1.141750E-16
7203.51328086854  1.288855E-16
7206.89649486543  1.288030E-16
7210.27970886232  1.192666E-16
7213.66292285921  1.230335E-16
7217.04613685609  1.266554E-16
7220.42935085298  1.143490E-16
7223.81256484987  1.217545E-16
7227.19577884676  1.418608E-16
7230.57899284364  1.311251E-16
7233.96220684053  1.196192E-16
7237.34542083742  1.229957E-16
7240.7286348343  1.213095E-16
7244.11184883119  1.077140E-16
7247.49506282808  6.442084E-17
7250.87827682497  5.081300E-17
7254.26149082185  1.225978E-16
7257.64470481874  1.424819E-16
7261.02791881563  1.376716E-16
7264.41113281252  1.289274E-16
7267.7943468094  1.142376E-16
7271.17756080629  1.233047E-16
7274.56077480318  1.306547E-16
7277.94398880006  1.053255E-16
7281.32720279695  9.799410E-17
7284.71041679384  1.222332E-16
7288.09363079072  1.391342E-16
7291.47684478761  1.324857E-16
7294.8600587845  1.251838E-16
7298.24327278139  1.230512E-16
7301.62648677827  1.174553E-16
7305.00970077516  1.179882E-16
7308.39291477205  1.222248E-16
7311.77612876894  1.316009E-16
7315.15934276582  1.260944E-16
7318.54255676271  1.336868E-16
7321.9257707596  1.380055E-16
7325.30898475649  1.232965E-16
7328.69219875337  1.383937E-16
7332.07541275026  1.274482E-16
7335.45862674715  1.115930E-16
7338.84184074403  1.272026E-16
7342.22505474092  1.374448E-16
7345.60826873781  1.427234E-16
7348.9914827347  1.400157E-16
7352.37469673158  1.176414E-16
7355.75791072847  1.302877E-16
7359.14112472536  1.390098E-16
7362.52433872224  1.102867E-16
7365.90755271913  1.104981E-16
7369.29076671602  1.269728E-16
7372.67398071291  1.250767E-16
7376.05719470979  1.169763E-16
7379.44040870668  1.293165E-16
7382.82362270357  1.307797E-16
7386.20683670045  1.415822E-16
7389.59005069734  1.349543E-16
7392.97326469423  1.056590E-16
7396.35647869112  1.122949E-16
7399.739692688  1.284520E-16
7403.12290668489  1.255427E-16
7406.50612068178  1.381811E-16
7409.88933467867  1.363326E-16
7413.27254867555  1.117069E-16
7416.65576267244  1.029038E-16
7420.03897666933  1.102242E-16
7423.42219066621  1.293693E-16
7426.8054046631  1.358528E-16
7430.18861865999  1.201061E-16
7433.57183265688  1.172207E-16
7436.95504665376  1.204713E-16
7440.33826065065  1.276713E-16
7443.72147464754  1.387433E-16
7447.10468864442  1.359003E-16
7450.48790264131  1.326406E-16
7453.8711166382  1.244934E-16
7457.25433063509  1.198802E-16
7460.63754463197  1.146083E-16
7464.02075862886  1.132467E-16
7467.40397262575  1.185503E-16
7470.78718662263  1.142065E-16
7474.17040061952  1.161880E-16
7477.55361461641  1.149650E-16
7480.9368286133  1.146457E-16
7484.32004261018  1.096537E-16
7487.70325660707  1.202168E-16
7491.08647060396  1.323627E-16
7494.46968460084  1.150591E-16
7497.85289859773  1.250347E-16
7501.23611259462  1.417244E-16
7504.61932659151  1.312257E-16
7508.00254058839  1.095541E-16
7511.38575458528  1.008911E-16
7514.76896858217  1.074754E-16
7518.15218257906  1.067923E-16
7521.53539657594  1.033117E-16
7524.91861057283  1.095750E-16
7528.30182456972  1.220150E-16
7531.6850385666  1.193268E-16
7535.06825256349  1.123546E-16
7538.45146656038  1.328210E-16
7541.83468055727  1.349177E-16
7545.21789455415  1.177011E-16
7548.60110855104  1.218856E-16
7551.98432254793  1.266004E-16
7555.36753654482  1.173107E-16
7558.7507505417  7.634396E-17
7562.13396453859  5.128883E-17
7565.51717853548  9.751418E-17
7568.90039253236  1.117233E-16
7572.28360652925  1.075457E-16
7575.66682052614  1.147959E-16
7579.05003452302  1.171027E-16
7582.43324851991  1.126150E-16
7585.8164625168  1.107796E-16
7589.19967651369  1.127986E-16
7592.58289051057  1.081482E-16
7595.96610450746  1.084368E-16
7599.34931850435  9.134736E-17
7602.73253250124  8.795623E-17
7606.11574649812  7.501373E-17
7609.49896049501  5.593288E-17
7612.8821744919  5.012520E-17
7616.26538848878  4.986707E-17
7619.64860248567  5.829074E-17
7623.03181648256  7.433659E-17
7626.41503047945  8.361010E-17
7629.79824447633  7.623178E-17
7633.18145847322  7.017092E-17
7636.56467247011  6.869866E-17
7639.947886467  7.212558E-17
7643.33110046388  6.658360E-17
7646.71431446077  5.720296E-17
7650.09752845766  6.554356E-17
7653.48074245454  7.843883E-17
7656.86395645143  7.976320E-17
7660.24717044832  7.809529E-17
7663.6303844452  8.796303E-17
7667.01359844209  9.192465E-17
7670.39681243898  9.186953E-17
7673.78002643587  1.021496E-16
7677.16324043275  1.019918E-16
7680.54645442964  1.242102E-16
7683.92966842653  1.022616E-16
7687.31288242342  1.969337E-16
7690.6960964203  5.693691E-16
7694.07931041719  6.049178E-16
7697.46252441408  2.376363E-16
7700.84573841096  9.363026E-17
7704.22895240785  1.319904E-16
7707.61216640474  1.061203E-16
7710.99538040163  9.509220E-17
7714.37859439851  1.037781E-16
7717.7618083954  1.163937E-16
7721.14502239229  1.057125E-16
7724.52823638917  9.957887E-17
7727.91145038606  1.209940E-16
7731.29466438295  1.220238E-16
7734.67787837984  1.119808E-16
7738.06109237672  1.154486E-16
7741.44430637361  1.141253E-16
7744.8275203705  1.009583E-16
7748.21073436739  9.531654E-17
7751.59394836427  1.149712E-16
7754.97716236116  1.220266E-16
7758.36037635805  1.066331E-16
7761.74359035493  1.130443E-16
7765.12680435182  1.131754E-16
7768.51001834871  1.164894E-16
7771.8932323456  1.232108E-16
7775.27644634248  1.150879E-16
7778.65966033937  9.695807E-17
7782.04287433626  8.972563E-17
7785.42608833315  1.053192E-16
7788.80930233003  1.145429E-16
7792.19251632692  1.143620E-16
7795.57573032381  1.016884E-16
7798.95894432069  1.059151E-16
7802.34215831758  1.077258E-16
7805.72537231447  1.070407E-16
7809.10858631136  1.093944E-16
7812.49180030824  1.046461E-16
7815.87501430513  1.076921E-16
7819.25822830202  1.042087E-16
7822.64144229891  1.070147E-16
7826.02465629579  1.267014E-16
7829.40787029268  1.208887E-16
7832.79108428957  9.650123E-17
7836.17429828645  1.089689E-16
7839.55751228334  1.174001E-16
7842.94072628023  9.618359E-17
7846.32394027712  1.097866E-16
7849.707154274  1.208640E-16
7853.09036827089  1.039871E-16
7856.47358226778  8.831330E-17
7859.85679626466  1.022995E-16
7863.24001026155  1.098725E-16
7866.62322425844  9.858812E-17
7870.00643825533  9.168146E-17
7873.38965225221  1.062711E-16
7876.7728662491  1.065730E-16
7880.15608024599  1.074060E-16
7883.53929424287  1.112453E-16
7886.92250823976  1.067381E-16
7890.30572223665  9.857570E-17
7893.68893623354  9.734402E-17
7897.07215023042  1.119954E-16
7900.45536422731  1.119657E-16
7903.8385782242  1.166394E-16
7907.22179222109  1.143700E-16
7910.60500621797  9.013528E-17
7913.98822021486  8.907886E-17
7917.37143421175  1.009221E-16
7920.75464820863  1.018442E-16
7924.13786220552  1.128552E-16
7927.52107620241  1.127311E-16
7930.9042901993  1.107483E-16
7934.28750419618  1.194234E-16
7937.67071819307  1.249497E-16
7941.05393218996  1.253805E-16
7944.43714618684  1.068908E-16
7947.82036018373  8.983027E-17
7951.20357418062  9.921555E-17
7954.58678817751  1.199794E-16
7957.97000217439  1.098864E-16
7961.35321617128  9.518840E-17
7964.73643016817  1.089999E-16
7968.11964416506  1.026947E-16
7971.50285816194  9.953806E-17
7974.88607215883  9.431182E-17
7978.26928615572  9.828367E-17
7981.6525001526  1.015737E-16
7985.03571414949  1.020936E-16
7988.41892814638  9.470149E-17
7991.80214214327  9.299237E-17
7995.18535614015  9.728737E-17
7998.56857013704  9.800859E-17
8001.95178413393  1.005727E-16
8005.33499813081  9.709448E-17
8008.7182121277  1.043481E-16
8012.10142612459  1.040771E-16
8015.48464012148  1.075902E-16
8018.86785411836  1.079145E-16
8022.25106811525  1.030549E-16
8025.63428211214  9.942299E-17
8029.01749610902  1.006724E-16
8032.40071010591  1.138502E-16
8035.7839241028  1.137264E-16
8039.16713809969  1.189666E-16
8042.55035209657  1.089421E-16
8045.93356609346  8.777377E-17
8049.31678009035  7.738905E-17
8052.69999408723  8.737431E-17
8056.08320808412  9.871419E-17
8059.46642208101  1.021744E-16
8062.8496360779  9.440161E-17
8066.23285007478  9.771649E-17
8069.61606407167  9.666734E-17
8072.99927806856  9.501657E-17
8076.38249206545  1.071491E-16
8079.76570606233  1.054688E-16
8083.14892005922  1.008328E-16
8086.53213405611  1.004342E-16
8089.91534805299  8.476308E-17
8093.29856204988  7.403810E-17
8096.68177604677  7.711228E-17
8100.06499004366  6.753843E-17
8103.44820404054  7.759216E-17
8106.83141803743  1.047715E-16
8110.21463203432  9.574241E-17
8113.5978460312  9.135414E-17
8116.98106002809  9.849435E-17
8120.36427402498  1.078924E-16
8123.74748802187  1.010423E-16
8127.13070201876  1.001248E-16
8130.51391601564  9.876010E-17
8133.89713001253  8.683332E-17
8137.28034400942  8.211635E-17
8140.6635580063  9.018456E-17
8144.04677200319  1.007427E-16
8147.42998600008  1.120367E-16
8150.81319999696  1.155638E-16
8154.19641399385  1.003685E-16
8157.57962799074  1.063332E-16
8160.96284198763  1.032680E-16
8164.34605598451  1.002141E-16
8167.7292699814  1.003859E-16
8171.11248397829  9.782327E-17
8174.49569797518  9.683839E-17
8177.87891197206  9.843226E-17
8181.26212596895  9.538582E-17
8184.64533996584  9.243301E-17
8188.02855396272  9.447451E-17
8191.41176795961  9.519134E-17
8194.7949819565  1.082724E-16
8198.17819595339  9.785784E-17
8201.56140995027  9.165849E-17
8204.94462394716  8.829194E-17
8208.32783794405  9.004461E-17
8211.71105194093  9.807102E-17
8215.09426593782  1.041732E-16
8218.47747993471  1.062672E-16
8221.8606939316  1.073943E-16
8225.24390792848  1.068216E-16
8228.62712192537  1.019687E-16
8232.01033592226  9.519814E-17
8235.39354991915  8.799207E-17
8238.77676391603  8.739708E-17
8242.15997791292  9.980626E-17
8245.54319190981  8.706279E-17
8248.92640590669  8.669201E-17
8252.30961990358  1.061711E-16
8255.69283390047  1.097337E-16
8259.07604789736  9.730666E-17
8262.45926189424  8.733671E-17
8265.84247589113  9.256633E-17
8269.22568988802  1.022857E-16
8272.6089038849  1.033126E-16
8275.99211788179  9.704773E-17
8279.37533187868  9.866868E-17
8282.75854587556  8.948736E-17
8286.14175987245  8.981429E-17
8289.52497386934  1.003849E-16
8292.90818786623  1.042474E-16
8296.29140186312  9.704263E-17
8299.67461586  9.935874E-17
8303.05782985689  1.066826E-16
8306.44104385378  1.065002E-16
8309.82425785066  1.168767E-16
8313.20747184755  1.145497E-16
8316.59068584444  1.007488E-16
8319.97389984133  9.912576E-17
8323.35711383821  9.909668E-17
8326.7403278351  1.056418E-16
8330.12354183199  1.028844E-16
8333.50675582887  9.512056E-17
8336.88996982576  1.041944E-16
8340.27318382265  8.941141E-17
8343.65639781954  6.665496E-17
8347.03961181642  8.617097E-17
8350.42282581331  1.019786E-16
8353.8060398102  1.223910E-16
8357.18925380708  1.324360E-16
8360.57246780397  1.395493E-16
8363.95568180086  1.239213E-16
8367.33889579775  8.680893E-17
8370.72210979463  9.403461E-17
8374.10532379152  9.882897E-17
8377.48853778841  9.018882E-17
8380.8717517853  8.452497E-17
8384.25496578218  9.545805E-17
8387.63817977907  1.122552E-16
8391.02139377596  1.155938E-16
8394.40460777284  1.143748E-16
8397.78782176973  1.029378E-16
8401.17103576662  8.872709E-17
8404.55424976351  9.692755E-17
8407.93746376039  1.018204E-16
8411.32067775728  1.147521E-16
8414.70389175417  1.061946E-16
8418.08710575105  1.030964E-16
8421.47031974794  1.009307E-16
8424.85353374483  9.375099E-17
8428.23674774172  1.010591E-16
8431.6199617386  1.016146E-16
8435.00317573549  1.157614E-16
8438.38638973238  9.324870E-17
8441.76960372926  7.617568E-17
8445.15281772615  9.198123E-17
8448.53603172304  1.048770E-16
8451.91924571992  9.031652E-17
8455.30245971681  9.608986E-17
8458.6856737137  1.208730E-16
8462.06888771059  1.043304E-16
8465.45210170748  1.059867E-16
8468.83531570436  9.553589E-17
8472.21852970125  9.095924E-17
8475.60174369814  8.667889E-17
8478.98495769502  9.789599E-17
8482.36817169191  1.140249E-16
8485.7513856888  9.480345E-17
8489.13459968569  8.130186E-17
8492.51781368257  9.296998E-17
8495.90102767946  9.624720E-17
8499.28424167635  8.974606E-17
8502.66745567324  9.417763E-17
8506.05066967012  1.116385E-16
8509.43388366701  1.093666E-16
8512.8170976639  9.041351E-17
8516.20031166079  9.155281E-17
8519.58352565767  8.623916E-17
8522.96673965456  8.694476E-17
8526.34995365145  1.000208E-16
8529.73316764833  9.530723E-17
8533.11638164522  9.768376E-17
8536.49959564211  9.545877E-17
8539.882809639  9.027399E-17
8543.26602363588  9.690652E-17
8546.64923763277  9.731547E-17
8550.03245162966  9.118905E-17
8553.41566562654  9.167105E-17
8556.79887962343  7.747389E-17
8560.18209362032  7.435210E-17
8563.56530761721  1.025345E-16
8566.94852161409  1.009128E-16
8570.33173561098  8.765578E-17
8573.71494960787  9.099418E-17
8577.09816360475  7.788998E-17
8580.48137760164  7.550736E-17
8583.86459159853  9.719122E-17
8587.24780559542  9.708954E-17
8590.63101959231  7.218654E-17
8594.01423358919  7.141716E-17
8597.39744758608  8.661548E-17
8600.78066158297  9.205844E-17
8604.16387557985  9.623814E-17
8607.54708957674  1.136467E-16
8610.93030357363  1.000795E-16
8614.31351757051  8.371102E-17
8617.6967315674  7.680459E-17
8621.07994556429  8.111107E-17
8624.46315956118  8.741698E-17
8627.84637355806  8.833987E-17
8631.22958755495  9.071628E-17
8634.61280155184  8.319413E-17
8637.99601554872  1.046396E-16
8641.37922954561  1.055351E-16
8644.7624435425  9.309579E-17
8648.14565753939  1.019924E-16
8651.52887153627  1.051358E-16
8654.91208553316  1.009515E-16
8658.29529953005  8.096176E-17
8661.67851352693  7.206560E-17
8665.06172752382  9.616699E-17
8668.44494152071  1.006305E-16
8671.8281555176  1.144078E-16
8675.21136951448  9.911894E-17
8678.59458351137  9.326367E-17
8681.97779750826  8.838015E-17
8685.36101150515  8.513227E-17
8688.74422550203  9.036149E-17
8692.12743949892  9.479005E-17
8695.51065349581  9.114039E-17
8698.89386749269  8.764647E-17
8702.27708148958  9.825111E-17
8705.66029548647  9.062718E-17
8709.04350948336  8.007699E-17
8712.42672348024  9.912198E-17
8715.80993747713  9.494374E-17
8719.19315147402  8.280693E-17
8722.5763654709  8.112080E-17
8725.95957946779  7.876399E-17
8729.34279346468  8.701928E-17
8732.72600746157  9.455983E-17
8736.10922145845  8.675463E-17
8739.49243545534  8.566055E-17
8742.87564945223  7.333913E-17
8746.25886344911  6.310849E-17
8749.642077446  6.382605E-17
8753.02529144289  8.445322E-17
8756.40850543978  8.577662E-17
8759.79171943667  7.822943E-17
8763.17493343355  6.333637E-17
8766.55814743044  6.627659E-17
8769.94136142733  1.172172E-16
8773.32457542421  8.942943E-17
8776.7077894211  8.646671E-17
8780.09100341799  9.724288E-17
8783.47421741487  1.096643E-16
8786.85743141176  8.724228E-17
8790.24064540865  9.297764E-17
8793.62385940554  1.142393E-16
8797.00707340242  9.689446E-17
8800.39028739931  8.717328E-17
8803.7735013962  8.638797E-17
8807.15671539308  9.117310E-17
8810.53992938997  7.665145E-17
8813.92314338686  6.881539E-17
8817.30635738375  8.341742E-17
8820.68957138063  8.158905E-17
8824.07278537752  5.783016E-17
8827.45599937441  4.477493E-17
8830.8392133713  9.010743E-17
8834.22242736818  8.306534E-17
8837.60564136507  9.280209E-17
8840.98885536196  1.281180E-16
8844.37206935884  1.183433E-16
8847.75528335573  7.720848E-17
8851.13849735262  6.105936E-17
8854.52171134951  7.649542E-17
8857.90492534639  9.333134E-17
8861.28813934328  8.976193E-17
8864.67135334017  8.153861E-17
8868.05456733705  8.658773E-17
8871.43778133394  8.087465E-17
8874.82099533083  8.482986E-17
8878.20420932772  9.016705E-17
8881.5874233246  9.142343E-17
8884.97063732149  6.225908E-17
8888.35385131838  6.299179E-17
8891.73706531527  9.664515E-17
8895.12027931215  7.915893E-17
8898.50349330904  6.995628E-17
8901.88670730593  7.456176E-17
8905.26992130281  7.948467E-17
8908.6531352997  8.870099E-17
8912.03634929659  8.357765E-17
8915.41956329347  8.142274E-17
8918.80277729036  7.568624E-17
8922.18599128725  7.699216E-17
8925.56920528414  8.509108E-17
8928.95241928103  6.836646E-17
8932.33563327791  1.003041E-16
8935.7188472748  1.121654E-16
8939.10206127169  5.294378E-17
8942.48527526857  5.320497E-17
8945.86848926546  8.500602E-17
8949.25170326235  7.644222E-17
8952.63491725924  5.486503E-17
8956.01813125612  4.712675E-17
8959.40134525301  5.941575E-17
8962.7845592499  9.179609E-17
8966.16777324678  7.940886E-17
8969.55098724367  9.229330E-17
8972.93420124056  8.990737E-17
8976.31741523744  4.875055E-17
8979.70062923433  5.367088E-17
8983.08384323122  6.214843E-17
8986.46705722811  6.255612E-17
8989.85027122499  6.631543E-17
8993.23348522188  5.874111E-17
8996.61669921877  4.617199E-17
8999.99991321566  4.430293E-17
