# OBSERVAT APO 
# TELESCOP 3.5m 
# INSTRUME DIS 
# OBJNAME  ZTF20actekrw 
# AIRMASS  1.4788052416913 
# DATE-OBS 2020-12-14T06:58:10.417 
# MJD-OBS  59197 
# SLITMASK 1.5 Slit 
# EXPTIME  5700 
# OBSERVER Melissa L. Graham, Christopher A. Phillips 
# REDUCER  Melissa L. Graham 
4002.0 4.542723E-17 
4004.0 4.230208E-17 
4006.0 3.198617E-18 
4008.0 1.193236E-17 
4010.0 4.690652E-17 
4012.0 4.199838E-17 
4014.0 4.937039E-17 
4016.0 4.989451E-17 
4018.0 4.631383E-17 
4020.0 5.194692E-17 
4022.0 3.225068E-17 
4024.0 8.065611E-17 
4026.0 3.558156E-17 
4028.0 7.157458E-17 
4030.0 2.558894E-17 
4032.0 3.842750E-17 
4034.0 3.883406E-17 
4036.0 4.848869E-17 
4038.0 4.586318E-17 
4040.0 4.180735E-17 
4042.0 4.240005E-17 
4044.0 4.675958E-17 
4046.0 4.504516E-17 
4048.0 3.943165E-17 
4050.0 3.620855E-17 
4052.0 4.023498E-17 
4054.0 3.478313E-17 
4056.0 4.334053E-17 
4058.0 5.564027E-17 
4060.0 3.535134E-17 
4062.0 3.269154E-17 
4064.0 4.908139E-17 
4066.0 5.256901E-17 
4068.0 4.591706E-17 
4070.0 5.226531E-17 
4072.0 4.403610E-17 
4074.0 7.200563E-17 
4076.0 4.987492E-17 
4078.0 5.069295E-17 
4080.0 6.858659E-17 
4082.0 7.190277E-17 
4084.0 5.533167E-17 
4086.0 4.206696E-17 
4088.0 6.053372E-17 
4090.0 3.414144E-17 
4092.0 5.043333E-17 
4094.0 3.656123E-17 
4096.0 6.435442E-17 
4098.0 6.316902E-17 
4100.0 7.722237E-17 
4102.0 8.198845E-17 
4104.0 6.508427E-17 
4106.0 6.519694E-17 
4108.0 6.825351E-17 
4110.0 6.578473E-17 
4112.0 4.461410E-17 
4114.0 5.647789E-17 
4116.0 7.455278E-17 
4118.0 5.786901E-17 
4120.0 4.511373E-17 
4122.0 6.951237E-17 
4124.0 9.861833E-17 
4126.0 8.472173E-17 
4128.0 5.314701E-17 
4130.0 5.633093E-17 
4132.0 8.267423E-17 
4134.0 8.320324E-17 
4136.0 8.005850E-17 
4138.0 6.559860E-17 
4140.0 7.134925E-17 
4142.0 6.063168E-17 
4144.0 5.848131E-17 
4146.0 6.767060E-17 
4148.0 6.874823E-17 
4150.0 7.141783E-17 
4152.0 6.379601E-17 
4154.0 7.585574E-17 
4156.0 5.773186E-17 
4158.0 9.193209E-17 
4160.0 5.098195E-17 
4162.0 8.019076E-17 
4164.0 8.732765E-17 
4166.0 9.228477E-17 
4168.0 8.224806E-17 
4170.0 5.431282E-17 
4172.0 5.069784E-17 
4174.0 7.240729E-17 
4176.0 6.729343E-17 
4178.0 7.043816E-17 
4180.0 6.818493E-17 
4182.0 6.016144E-17 
4184.0 6.733751E-17 
4186.0 6.968872E-17 
4188.0 7.174112E-17 
4190.0 6.253713E-17 
4192.0 6.104314E-17 
4194.0 1.861370E-17 
4196.0 4.216493E-17 
4198.0 5.504757E-17 
4200.0 7.570877E-17 
4202.0 5.679138E-17 
4204.0 5.212816E-17 
4206.0 4.486391E-17 
4208.0 5.677668E-17 
4210.0 6.134684E-17 
4212.0 6.051902E-17 
4214.0 1.090371E-16 
4216.0 4.422223E-17 
4218.0 7.403354E-17 
4220.0 4.471207E-17 
4222.0 6.371764E-17 
4224.0 6.440831E-17 
4226.0 4.133711E-17 
4228.0 4.269885E-17 
4230.0 5.607622E-17 
4232.0 4.910099E-17 
4234.0 4.159673E-17 
4236.0 5.141300E-17 
4238.0 5.232409E-17 
4240.0 3.171187E-17 
4242.0 2.413903E-17 
4244.0 2.667637E-17 
4246.0 3.000725E-17 
4248.0 3.125633E-17 
4250.0 3.963739E-17 
4252.0 4.433000E-17 
4254.0 4.094034E-17 
4256.0 4.098933E-17 
4258.0 3.762906E-17 
4260.0 4.493739E-17 
4262.0 5.470468E-17 
4264.0 3.135919E-17 
4266.0 3.684533E-17 
4268.0 3.438146E-17 
4270.0 3.361242E-17 
4272.0 2.761196E-17 
4274.0 2.609837E-17 
4276.0 5.103093E-17 
4278.0 2.179762E-17 
4280.0 1.565510E-17 
4282.0 3.059505E-17 
4284.0 2.512850E-17 
4286.0 2.342387E-17 
4288.0 3.627712E-17 
4290.0 3.678655E-17 
4292.0 4.013212E-17 
4294.0 5.302945E-17 
4296.0 4.747473E-17 
4298.0 3.060484E-17 
4300.0 2.120002E-17 
4302.0 5.465570E-17 
4304.0 3.743313E-17 
4306.0 9.538052E-18 
4308.0 3.877528E-17 
4310.0 2.936066E-17 
4312.0 4.439858E-17 
4314.0 3.899080E-17 
4316.0 3.291196E-17 
4318.0 4.097953E-17 
4320.0 3.257398E-17 
4322.0 3.301483E-17 
4324.0 4.347769E-17 
4326.0 4.441817E-17 
4328.0 2.584365E-17 
4330.0 3.281889E-17 
4332.0 2.640206E-17 
4334.0 9.623283E-18 
4336.0 1.723041E-17 
4338.0 4.269885E-17 
4340.0 2.205234E-17 
4342.0 4.369321E-17 
4344.0 5.037455E-17 
4346.0 4.217473E-17 
4348.0 3.145715E-17 
4350.0 6.270858E-17 
4352.0 1.909374E-17 
4354.0 3.816298E-17 
4356.0 2.665090E-17 
4358.0 2.067002E-17 
4360.0 3.758008E-17 
4362.0 3.551298E-17 
4364.0 5.669341E-17 
4366.0 2.167027E-17 
4368.0 4.569174E-17 
4370.0 3.446474E-17 
4372.0 3.383285E-17 
4374.0 3.411205E-17 
4376.0 4.401160E-17 
4378.0 4.112648E-17 
4380.0 4.122445E-17 
4382.0 2.620613E-17 
4384.0 3.094773E-17 
4386.0 3.783479E-17 
4388.0 3.657102E-17 
4390.0 4.531946E-17 
4392.0 3.750171E-17 
4394.0 2.667147E-17 
4396.0 2.875816E-17 
4398.0 2.501583E-17 
4400.0 3.471945E-17 
4402.0 2.831242E-17 
4404.0 2.695068E-17 
4406.0 5.011984E-17 
4408.0 2.903737E-17 
4410.0 5.444997E-17 
4412.0 2.001463E-17 
4414.0 4.212084E-17 
4416.0 4.387445E-17 
4418.0 3.968147E-17 
4420.0 4.198859E-17 
4422.0 4.788619E-17 
4424.0 4.855237E-17 
4426.0 5.211836E-17 
4428.0 4.005864E-17 
4430.0 3.441575E-17 
4432.0 5.506716E-17 
4434.0 6.130275E-17 
4436.0 5.910340E-17 
4438.0 5.507206E-17 
4440.0 4.453083E-17 
4442.0 2.956640E-17 
4444.0 4.136160E-17 
4446.0 2.614735E-17 
4448.0 3.183922E-17 
4450.0 4.586808E-17 
4452.0 4.283110E-17 
4454.0 4.109709E-17 
4456.0 4.838582E-17 
4458.0 5.052150E-17 
4460.0 5.487612E-17 
4462.0 4.544682E-17 
4464.0 3.800624E-17 
4466.0 3.724699E-17 
4468.0 3.549339E-17 
4470.0 4.248822E-17 
4472.0 6.253224E-17 
4474.0 4.572112E-17 
4476.0 6.082762E-17 
4478.0 4.663711E-17 
4480.0 4.052888E-17 
4482.0 4.478554E-17 
4484.0 4.619137E-17 
4486.0 4.949285E-17 
4488.0 3.482721E-17 
4490.0 4.333073E-17 
4492.0 5.024719E-17 
4494.0 4.081299E-17 
4496.0 3.759967E-17 
4498.0 4.739146E-17 
4500.0 4.787150E-17 
4502.0 5.775145E-17 
4504.0 4.788129E-17 
4506.0 3.113386E-17 
4508.0 4.465329E-17 
4510.0 4.652446E-17 
4512.0 2.039670E-17 
4514.0 5.235348E-17 
4516.0 5.609582E-17 
4518.0 4.865523E-17 
4520.0 5.350459E-17 
4522.0 4.821928E-17 
4524.0 5.885849E-17 
4526.0 6.395765E-17 
4528.0 4.954184E-17 
4530.0 4.736697E-17 
4532.0 5.301965E-17 
4534.0 4.107750E-17 
4536.0 5.907400E-17 
4538.0 4.829766E-17 
4540.0 4.730819E-17 
4542.0 4.293397E-17 
4544.0 6.172401E-17 
4546.0 5.552760E-17 
4548.0 3.899080E-17 
4550.0 4.566235E-17 
4552.0 3.477823E-17 
4554.0 2.798913E-17 
4556.0 4.686734E-17 
4558.0 2.819486E-17 
4560.0 4.012722E-17 
4562.0 5.175588E-17 
4564.0 4.476595E-17 
4566.0 3.720291E-17 
4568.0 4.954184E-17 
4570.0 3.613997E-17 
4572.0 3.748211E-17 
4574.0 4.829766E-17 
4576.0 4.445735E-17 
4578.0 3.383775E-17 
4580.0 3.721271E-17 
4582.0 4.953694E-17 
4584.0 3.928960E-17 
4586.0 4.107260E-17 
4588.0 4.454552E-17 
4590.0 2.409005E-17 
4592.0 4.894423E-17 
4594.0 3.465087E-17 
4596.0 1.703643E-17 
4598.0 5.108971E-17 
4600.0 4.086687E-17 
4602.0 3.876058E-17 
4604.0 2.659800E-17 
4606.0 3.238294E-17 
4608.0 4.152814E-17 
4610.0 3.738415E-17 
4612.0 4.716124E-17 
4614.0 2.906676E-17 
4616.0 4.831725E-17 
4618.0 5.011984E-17 
4620.0 4.997289E-17 
4622.0 4.646567E-17 
4624.0 5.758491E-17 
4626.0 4.653425E-17 
4628.0 4.252741E-17 
4630.0 5.125625E-17 
4632.0 5.868214E-17 
4634.0 3.590485E-17 
4636.0 3.107509E-17 
4638.0 4.398711E-17 
4640.0 3.756049E-17 
4642.0 4.602972E-17 
4644.0 4.848869E-17 
4646.0 5.770247E-17 
4648.0 5.334785E-17 
4650.0 4.914017E-17 
4652.0 5.853519E-17 
4654.0 6.996792E-17 
4656.0 5.734980E-17 
4658.0 4.963980E-17 
4660.0 6.644112E-17 
4662.0 6.139583E-17 
4664.0 5.389646E-17 
4666.0 5.276984E-17 
4668.0 5.617419E-17 
4670.0 5.961282E-17 
4672.0 4.425162E-17 
4674.0 5.018842E-17 
4676.0 6.785183E-17 
4678.0 5.847641E-17 
4680.0 5.743796E-17 
4682.0 6.107252E-17 
4684.0 5.086439E-17 
4686.0 6.289472E-17 
4688.0 7.021284E-17 
4690.0 6.537817E-17 
4692.0 6.293390E-17 
4694.0 5.258860E-17 
4696.0 6.087660E-17 
4698.0 7.062430E-17 
4700.0 5.192243E-17 
4702.0 5.298047E-17 
4704.0 6.617660E-17 
4706.0 6.474629E-17 
4708.0 6.729343E-17 
4710.0 6.988955E-17 
4712.0 7.036958E-17 
4714.0 7.676681E-17 
4716.0 7.562061E-17 
4718.0 7.495443E-17 
4720.0 7.906904E-17 
4722.0 8.850325E-17 
4724.0 9.673246E-17 
4726.0 8.033282E-17 
4728.0 8.464825E-17 
4730.0 8.751378E-17 
4732.0 8.714641E-17 
4734.0 8.152801E-17 
4736.0 9.327423E-17 
4738.0 7.876534E-17 
4740.0 8.982580E-17 
4742.0 9.648754E-17 
4744.0 8.061692E-17 
4746.0 8.701416E-17 
4748.0 9.559115E-17 
4750.0 8.580426E-17 
4752.0 7.999483E-17 
4754.0 8.821914E-17 
4756.0 8.967885E-17 
4758.0 9.528256E-17 
4760.0 9.005112E-17 
4762.0 8.928698E-17 
4764.0 1.017876E-16 
4766.0 1.007834E-16 
4768.0 8.858162E-17 
4770.0 8.032791E-17 
4772.0 9.208883E-17 
4774.0 9.560585E-17 
4776.0 1.044327E-16 
4778.0 7.473891E-17 
4780.0 7.644353E-17 
4782.0 9.580178E-17 
4784.0 8.433965E-17 
4786.0 8.854243E-17 
4788.0 9.557645E-17 
4790.0 6.942420E-17 
4792.0 6.267919E-17 
4794.0 8.684760E-17 
4796.0 7.545406E-17 
4798.0 8.397718E-17 
4800.0 8.096960E-17 
4802.0 1.005140E-16 
4804.0 7.580674E-17 
4806.0 6.524102E-17 
4808.0 7.141783E-17 
4810.0 8.648513E-17 
4812.0 8.515278E-17 
4814.0 8.727866E-17 
4816.0 7.187828E-17 
4818.0 8.832691E-17 
4820.0 7.715869E-17 
4822.0 7.917680E-17 
4824.0 8.869918E-17 
4826.0 7.421478E-17 
4828.0 7.748687E-17 
4830.0 7.803548E-17 
4832.0 7.345064E-17 
4834.0 8.037690E-17 
4836.0 7.814815E-17 
4838.0 8.917922E-17 
4840.0 6.616681E-17 
4842.0 8.256647E-17 
4844.0 6.384499E-17 
4846.0 7.478299E-17 
4848.0 7.799631E-17 
4850.0 6.507938E-17 
4852.0 6.966422E-17 
4854.0 7.298041E-17 
4856.0 6.911562E-17 
4858.0 6.581414E-17 
4860.0 8.154760E-17 
4862.0 6.936053E-17 
4864.0 6.149378E-17 
4866.0 6.967403E-17 
4868.0 7.392578E-17 
4870.0 7.172643E-17 
4872.0 6.623538E-17 
4874.0 6.776367E-17 
4876.0 6.724444E-17 
4878.0 6.101376E-17 
4880.0 6.504019E-17 
4882.0 9.049198E-17 
4884.0 5.679138E-17 
4886.0 6.546634E-17 
4888.0 5.993611E-17 
4890.0 6.207669E-17 
4892.0 6.372253E-17 
4894.0 5.889767E-17 
4896.0 7.490545E-17 
4898.0 7.152559E-17 
4900.0 8.210601E-17 
4902.0 5.897604E-17 
4904.0 5.709508E-17 
4906.0 6.583372E-17 
4908.0 6.467771E-17 
4910.0 5.892215E-17 
4912.0 5.562068E-17 
4914.0 6.159665E-17 
4916.0 6.938012E-17 
4918.0 5.613500E-17 
4920.0 4.458471E-17 
4922.0 5.205958E-17 
4924.0 6.583372E-17 
4926.0 6.672522E-17 
4928.0 5.445976E-17 
4930.0 6.063658E-17 
4932.0 6.517734E-17 
4934.0 6.317392E-17 
4936.0 3.364181E-17 
4938.0 5.928953E-17 
4940.0 6.836126E-17 
4942.0 5.243185E-17 
4944.0 4.605422E-17 
4946.0 6.353150E-17 
4948.0 5.535127E-17 
4950.0 6.225793E-17 
4952.0 5.084480E-17 
4954.0 4.977695E-17 
4956.0 6.069046E-17 
4958.0 5.368583E-17 
4960.0 5.747715E-17 
4962.0 4.850338E-17 
4964.0 4.351687E-17 
4966.0 7.221136E-17 
4968.0 6.186117E-17 
4970.0 5.633584E-17 
4972.0 5.011984E-17 
4974.0 4.612769E-17 
4976.0 4.818009E-17 
4978.0 5.434221E-17 
4980.0 5.101134E-17 
4982.0 5.483204E-17 
4984.0 6.182688E-17 
4986.0 5.268657E-17 
4988.0 5.432262E-17 
4990.0 4.678897E-17 
4992.0 4.477575E-17 
4994.0 5.494960E-17 
4996.0 5.788861E-17 
4998.0 6.567697E-17 
5000.0 5.958343E-17 
5002.0 6.473649E-17 
5004.0 6.061208E-17 
5006.0 5.757511E-17 
5008.0 5.288740E-17 
5010.0 6.219915E-17 
5012.0 5.728611E-17 
5014.0 4.922834E-17 
5016.0 6.294370E-17 
5018.0 6.434463E-17 
5020.0 7.356330E-17 
5022.0 8.165537E-17 
5024.0 5.535127E-17 
5026.0 7.343594E-17 
5028.0 5.176568E-17 
5030.0 5.462141E-17 
5032.0 5.127095E-17 
5034.0 4.875810E-17 
5036.0 6.031818E-17 
5038.0 4.933610E-17 
5040.0 5.947567E-17 
5042.0 6.050432E-17 
5044.0 6.336495E-17 
5046.0 5.820210E-17 
5048.0 6.399684E-17 
5050.0 6.283103E-17 
5052.0 5.927974E-17 
5054.0 6.367845E-17 
5056.0 5.741837E-17 
5058.0 4.994350E-17 
5060.0 7.703133E-17 
5062.0 6.911561E-17 
5064.0 6.980138E-17 
5066.0 8.528993E-17 
5068.0 5.867234E-17 
5070.0 7.024223E-17 
5072.0 6.902743E-17 
5074.0 6.157216E-17 
5076.0 5.998510E-17 
5078.0 6.903724E-17 
5080.0 5.699711E-17 
5082.0 6.034758E-17 
5084.0 6.696034E-17 
5086.0 7.715869E-17 
5088.0 6.893927E-17 
5090.0 6.456505E-17 
5092.0 6.752365E-17 
5094.0 7.479278E-17 
5096.0 7.072226E-17 
5098.0 8.003891E-17 
5100.0 6.275756E-17 
5102.0 7.293631E-17 
5104.0 8.136147E-17 
5106.0 6.759712E-17 
5108.0 8.493725E-17 
5110.0 9.851057E-17 
5112.0 9.116305E-17 
5114.0 8.575528E-17 
5116.0 6.885110E-17 
5118.0 7.593410E-17 
5120.0 8.626960E-17 
5122.0 7.540508E-17 
5124.0 9.724190E-17 
5126.0 6.061209E-17 
5128.0 8.319834E-17 
5130.0 6.886580E-17 
5132.0 7.805998E-17 
5134.0 9.098181E-17 
5136.0 6.712688E-17 
5138.0 6.633335E-17 
5140.0 8.032301E-17 
5142.0 6.398214E-17 
5144.0 7.982338E-17 
5146.0 6.979158E-17 
5148.0 6.360498E-17 
5150.0 6.725913E-17 
5152.0 7.274038E-17 
5154.0 7.143742E-17 
5156.0 6.841025E-17 
5158.0 8.256646E-17 
5160.0 7.268160E-17 
5162.0 7.970583E-17 
5164.0 5.682077E-17 
5166.0 5.949526E-17 
5168.0 4.971327E-17 
5170.0 6.039656E-17 
5172.0 7.210850E-17 
5174.0 6.423686E-17 
5176.0 6.537327E-17 
5178.0 7.154519E-17 
5180.0 6.212077E-17 
5182.0 5.897604E-17 
5184.0 7.265221E-17 
5186.0 8.216480E-17 
5188.0 6.339924E-17 
5190.0 6.234610E-17 
5192.0 5.499859E-17 
5194.0 6.093048E-17 
5196.0 4.955163E-17 
5198.0 5.891726E-17 
5200.0 4.308582E-17 
5202.0 5.527289E-17 
5204.0 6.612762E-17 
5206.0 3.972555E-17 
5208.0 5.023740E-17 
5210.0 6.007326E-17 
5212.0 5.983815E-17 
5214.0 5.071743E-17 
5216.0 6.524592E-17 
5218.0 5.704610E-17 
5220.0 7.647292E-17 
5222.0 4.769026E-17 
5224.0 6.323759E-17 
5226.0 6.827361E-17 
5228.0 6.654399E-17 
5230.0 6.506468E-17 
5232.0 6.138113E-17 
5234.0 5.622807E-17 
5236.0 4.389894E-17 
5238.0 6.381560E-17 
5240.0 7.305388E-17 
5242.0 5.042354E-17 
5244.0 7.591451E-17 
5246.0 3.691391E-17 
5248.0 4.516271E-17 
5250.0 5.899563E-17 
5252.0 6.655868E-17 
5254.0 6.892457E-17 
5256.0 6.231670E-17 
5258.0 5.693833E-17 
5260.0 8.058753E-17 
5262.0 3.170207E-17 
5264.0 5.732040E-17 
5266.0 5.331845E-17 
5268.0 5.596846E-17 
5270.0 5.793759E-17 
5272.0 6.259102E-17 
5274.0 6.042595E-17 
5276.0 5.930913E-17 
5278.0 4.548601E-17 
5280.0 7.034999E-17 
5282.0 7.590471E-17 
5284.0 7.167255E-17 
5286.0 6.000959E-17 
5288.0 6.170442E-17 
5290.0 6.126357E-17 
5292.0 5.937281E-17 
5294.0 5.529249E-17 
5296.0 5.991653E-17 
5298.0 4.430061E-17 
5300.0 6.342374E-17 
5302.0 7.639454E-17 
5304.0 6.356088E-17 
5306.0 6.420748E-17 
5308.0 6.934584E-17 
5310.0 5.596846E-17 
5312.0 5.292169E-17 
5314.0 5.355848E-17 
5316.0 7.138844E-17 
5318.0 4.359525E-17 
5320.0 5.009045E-17 
5322.0 5.460672E-17 
5324.0 6.264980E-17 
5326.0 6.161625E-17 
5328.0 7.518955E-17 
5330.0 7.414130E-17 
5332.0 7.213299E-17 
5334.0 6.745997E-17 
5336.0 6.678400E-17 
5338.0 5.614480E-17 
5340.0 6.038677E-17 
5342.0 9.953431E-17 
5344.0 4.216493E-17 
5346.0 7.317633E-17 
5348.0 7.785425E-17 
5350.0 6.167159E-17 
5352.0 5.362160E-17 
5354.0 6.047842E-17 
5356.0 6.451700E-17 
5358.0 5.435020E-17 
5360.0 5.111521E-17 
5362.0 6.574579E-17 
5364.0 8.295040E-17 
5366.0 5.762231E-17 
5368.0 5.821663E-17 
5370.0 4.871492E-17 
5372.0 4.536456E-17 
5374.0 4.824273E-17 
5376.0 5.445390E-17 
5378.0 6.754798E-17 
5380.0 7.168877E-17 
5382.0 4.906496E-17 
5384.0 7.581997E-17 
5386.0 5.353593E-17 
5388.0 5.502117E-17 
5390.0 5.729191E-17 
5392.0 7.249642E-17 
5394.0 7.846060E-17 
5396.0 3.902588E-17 
5398.0 7.107410E-17 
5400.0 1.005848E-16 
5402.0 6.297003E-17 
5404.0 8.385792E-17 
5406.0 9.483983E-17 
5408.0 7.305541E-17 
5410.0 9.254316E-17 
5412.0 1.034100E-16 
5414.0 8.727930E-17 
5416.0 8.038914E-17 
5418.0 7.814836E-17 
5420.0 7.628340E-17 
5422.0 7.692696E-17 
5424.0 7.712794E-17 
5426.0 7.507471E-17 
5428.0 9.731017E-17 
5430.0 8.234202E-17 
5432.0 8.722086E-17 
5434.0 6.494263E-17 
5436.0 4.713430E-17 
5438.0 5.013277E-17 
5440.0 7.688938E-17 
5442.0 7.561607E-17 
5444.0 8.251809E-17 
5446.0 7.491102E-17 
5448.0 6.711177E-17 
5450.0 6.935573E-17 
5452.0 7.502832E-17 
5454.0 7.221729E-17 
5456.0 6.327242E-17 
5458.0 7.219368E-17 
5460.0 7.122250E-17 
5462.0 4.775424E-17 
5464.0 7.127494E-17 
5466.0 7.914489E-17 
5468.0 8.531506E-17 
5470.0 9.290704E-17 
5472.0 9.326344E-17 
5474.0 9.592937E-17 
5476.0 8.397574E-17 
5478.0 8.692173E-17 
5480.0 6.664070E-17 
5482.0 7.075657E-17 
5484.0 7.486315E-17 
5486.0 6.950227E-17 
5488.0 7.321518E-17 
5490.0 7.810759E-17 
5492.0 9.360187E-17 
5494.0 8.877351E-17 
5496.0 6.630948E-17 
5498.0 6.575268E-17 
5500.0 7.126794E-17 
5502.0 7.972927E-17 
5504.0 8.534062E-17 
5506.0 8.003530E-17 
5508.0 5.947536E-17 
5510.0 8.629428E-17 
5512.0 9.151740E-17 
5514.0 9.024793E-17 
5516.0 8.583851E-17 
5518.0 7.982620E-17 
5520.0 8.051529E-17 
5522.0 8.080333E-17 
5524.0 7.656716E-17 
5526.0 6.604035E-17 
5528.0 7.782108E-17 
5530.0 7.887484E-17 
5532.0 6.574809E-17 
5534.0 8.776541E-17 
5536.0 9.637759E-17 
5538.0 8.653954E-17 
5540.0 9.823889E-17 
5542.0 9.964516E-17 
5544.0 8.216295E-17 
5546.0 6.787632E-17 
5548.0 7.210868E-17 
5550.0 8.103891E-17 
5552.0 7.364062E-17 
5554.0 7.403508E-17 
5556.0 7.246090E-17 
5558.0 8.105348E-17 
5560.0 8.272402E-17 
5562.0 8.537397E-17 
5564.0 9.286340E-17 
5566.0 9.122444E-17 
5568.0 7.427756E-17 
5570.0 5.932983E-17 
5572.0 3.553070E-17 
5574.0 7.205323E-17 
5576.0 9.032262E-17 
5578.0 1.115259E-16 
5580.0 1.212481E-16 
5582.0 7.744781E-17 
5584.0 4.969886E-17 
5586.0 6.680665E-17 
5588.0 7.588141E-17 
5590.0 7.030473E-17 
5592.0 7.419940E-17 
5594.0 8.925753E-17 
5596.0 8.266990E-17 
5598.0 8.892560E-17 
5600.0 9.116946E-17 
5602.0 9.499897E-17 
5604.0 1.025671E-16 
5606.0 9.279053E-17 
5608.0 8.308585E-17 
5610.0 8.027225E-17 
5612.0 7.811421E-17 
5614.0 8.017804E-17 
5616.0 7.856311E-17 
5618.0 9.645158E-17 
5620.0 8.237301E-17 
5622.0 8.908980E-17 
5624.0 9.458332E-17 
5626.0 8.759934E-17 
5628.0 8.802416E-17 
5630.0 8.731382E-17 
5632.0 7.817497E-17 
5634.0 9.296902E-17 
5636.0 9.565165E-17 
5638.0 9.289217E-17 
5640.0 9.281216E-17 
5642.0 9.604696E-17 
5644.0 9.496260E-17 
5646.0 1.011670E-16 
5648.0 7.934046E-17 
5650.0 8.738979E-17 
5652.0 9.949710E-17 
5654.0 9.099829E-17 
5656.0 8.370219E-17 
5658.0 8.595443E-17 
5660.0 8.453307E-17 
5662.0 8.078807E-17 
5664.0 9.097226E-17 
5666.0 9.369129E-17 
5668.0 8.862380E-17 
5670.0 8.844430E-17 
5672.0 8.927465E-17 
5674.0 9.101939E-17 
5676.0 9.879544E-17 
5678.0 1.055020E-16 
5680.0 9.378767E-17 
5682.0 7.838954E-17 
5684.0 7.841517E-17 
5686.0 7.766689E-17 
5688.0 7.658497E-17 
5690.0 8.753209E-17 
5692.0 1.037616E-16 
5694.0 8.417800E-17 
5696.0 7.891427E-17 
5698.0 8.899802E-17 
5700.0 8.982879E-17 
5702.0 9.089728E-17 
5704.0 9.158004E-17 
5706.0 8.605039E-17 
5708.0 8.954085E-17 
5710.0 9.286646E-17 
5712.0 9.342534E-17 
5714.0 8.662275E-17 
5716.0 8.473168E-17 
5718.0 8.383126E-17 
5720.0 8.310758E-17 
5722.0 9.179727E-17 
5724.0 9.893978E-17 
5726.0 7.960016E-17 
5728.0 7.134367E-17 
5730.0 7.428855E-17 
5732.0 9.159665E-17 
5734.0 1.027757E-16 
5736.0 9.291417E-17 
5738.0 7.985447E-17 
5740.0 7.610319E-17 
5742.0 8.162306E-17 
5744.0 9.425380E-17 
5746.0 8.927116E-17 
5748.0 8.434778E-17 
5750.0 8.493975E-17 
5752.0 8.131785E-17 
5754.0 6.513881E-17 
5756.0 7.687683E-17 
5758.0 7.785336E-17 
5760.0 7.899942E-17 
5762.0 9.201370E-17 
5764.0 8.558772E-17 
5766.0 7.870556E-17 
5768.0 8.241167E-17 
5770.0 8.957199E-17 
5772.0 9.497324E-17 
5774.0 8.143765E-17 
5776.0 8.294609E-17 
5778.0 8.470055E-17 
5780.0 8.646677E-17 
5782.0 8.592525E-17 
5784.0 8.594011E-17 
5786.0 9.185974E-17 
5788.0 8.590989E-17 
5790.0 8.912206E-17 
5792.0 9.245766E-17 
5794.0 8.611926E-17 
5796.0 8.609167E-17 
5798.0 8.792429E-17 
5800.0 9.099041E-17 
5802.0 9.242319E-17 
5804.0 8.636885E-17 
5806.0 8.397499E-17 
5808.0 9.104645E-17 
5810.0 7.873174E-17 
5812.0 7.341636E-17 
5814.0 7.551560E-17 
5816.0 7.768291E-17 
5818.0 7.594602E-17 
5820.0 8.426014E-17 
5822.0 7.802408E-17 
5824.0 7.758841E-17 
5826.0 8.072309E-17 
5828.0 8.405832E-17 
5830.0 8.617307E-17 
5832.0 8.761221E-17 
5834.0 8.767001E-17 
5836.0 7.993063E-17 
5838.0 8.536738E-17 
5840.0 8.301496E-17 
5842.0 7.753728E-17 
5844.0 7.452648E-17 
5846.0 7.441277E-17 
5848.0 7.528938E-17 
5850.0 8.385827E-17 
5852.0 8.145482E-17 
5854.0 7.490766E-17 
5856.0 7.451291E-17 
5858.0 7.452156E-17 
5860.0 7.391561E-17 
5862.0 7.531777E-17 
5864.0 7.994866E-17 
5866.0 7.787018E-17 
5868.0 7.288041E-17 
5870.0 6.578775E-17 
5872.0 7.599774E-17 
5874.0 7.575638E-17 
5876.0 6.978139E-17 
5878.0 6.467052E-17 
5880.0 6.973839E-17 
5882.0 6.991324E-17 
5884.0 7.418460E-17 
5886.0 7.026845E-17 
5888.0 6.713777E-17 
5890.0 6.811674E-17 
5892.0 7.613034E-17 
5894.0 8.162283E-17 
5896.0 6.426952E-17 
5898.0 6.456471E-17 
5900.0 5.802330E-17 
5902.0 6.523074E-17 
5904.0 6.276875E-17 
5906.0 5.866248E-17 
5908.0 6.625491E-17 
5910.0 8.045046E-17 
5912.0 6.554748E-17 
5914.0 6.326159E-17 
5916.0 6.728707E-17 
5918.0 7.389132E-17 
5920.0 8.441118E-17 
5922.0 7.404176E-17 
5924.0 6.616500E-17 
5926.0 6.861785E-17 
5928.0 6.639330E-17 
5930.0 7.224518E-17 
5932.0 8.364989E-17 
5934.0 6.627104E-17 
5936.0 6.783866E-17 
5938.0 6.965912E-17 
5940.0 6.794319E-17 
5942.0 6.556302E-17 
5944.0 7.007046E-17 
5946.0 6.987453E-17 
5948.0 7.801997E-17 
5950.0 7.383956E-17 
5952.0 7.810207E-17 
5954.0 7.146989E-17 
5956.0 6.712522E-17 
5958.0 7.098548E-17 
5960.0 6.955106E-17 
5962.0 6.677533E-17 
5964.0 5.424371E-17 
5966.0 6.593754E-17 
5968.0 8.564293E-17 
5970.0 8.450673E-17 
5972.0 7.419650E-17 
5974.0 6.525156E-17 
5976.0 7.359701E-17 
5978.0 7.067107E-17 
5980.0 7.153249E-17 
5982.0 8.157809E-17 
5984.0 7.635233E-17 
5986.0 7.539938E-17 
5988.0 7.664271E-17 
5990.0 7.538579E-17 
5992.0 8.069543E-17 
5994.0 7.790664E-17 
5996.0 7.404616E-17 
5998.0 7.524111E-17 
6000.0 7.808053E-17 
6002.0 7.681702E-17 
6004.0 7.050528E-17 
6006.0 6.906040E-17 
6008.0 7.008502E-17 
6010.0 8.741862E-17 
6012.0 7.829194E-17 
6014.0 6.916395E-17 
6016.0 7.901309E-17 
6018.0 8.099856E-17 
6020.0 6.967228E-17 
6022.0 7.931389E-17 
6024.0 8.352855E-17 
6026.0 8.029564E-17 
6028.0 7.123187E-17 
6030.0 7.583835E-17 
6032.0 7.564499E-17 
6034.0 7.721531E-17 
6036.0 8.023323E-17 
6038.0 7.752407E-17 
6040.0 8.425651E-17 
6042.0 8.562152E-17 
6044.0 8.804472E-17 
6046.0 7.471972E-17 
6048.0 7.522524E-17 
6050.0 7.805861E-17 
6052.0 7.587387E-17 
6054.0 7.349121E-17 
6056.0 7.953774E-17 
6058.0 8.286209E-17 
6060.0 7.750222E-17 
6062.0 7.071806E-17 
6064.0 7.365427E-17 
6066.0 7.582731E-17 
6068.0 7.503579E-17 
6070.0 7.839044E-17 
6072.0 7.833266E-17 
6074.0 6.610229E-17 
6076.0 7.021794E-17 
6078.0 7.115306E-17 
6080.0 7.706238E-17 
6082.0 7.859218E-17 
6084.0 7.137853E-17 
6086.0 7.371241E-17 
6088.0 8.283638E-17 
6090.0 6.383183E-17 
6092.0 7.148435E-17 
6094.0 7.092505E-17 
6096.0 7.185251E-17 
6098.0 7.406987E-17 
6100.0 7.246338E-17 
6102.0 6.640918E-17 
6104.0 7.021029E-17 
6106.0 7.785816E-17 
6108.0 7.446470E-17 
6110.0 7.923613E-17 
6112.0 7.495424E-17 
6114.0 7.134777E-17 
6116.0 7.186841E-17 
6118.0 6.992565E-17 
6120.0 7.201561E-17 
6122.0 7.997423E-17 
6124.0 7.380080E-17 
6126.0 7.830269E-17 
6128.0 7.716953E-17 
6130.0 7.596417E-17 
6132.0 7.783517E-17 
6134.0 7.878979E-17 
6136.0 7.985437E-17 
6138.0 8.442827E-17 
6140.0 8.449028E-17 
6142.0 8.252497E-17 
6144.0 8.355846E-17 
6146.0 8.142091E-17 
6148.0 7.258659E-17 
6150.0 7.584242E-17 
6152.0 7.262257E-17 
6154.0 7.261510E-17 
6156.0 7.311931E-17 
6158.0 7.360574E-17 
6160.0 7.464280E-17 
6162.0 7.638545E-17 
6164.0 7.464608E-17 
6166.0 7.046264E-17 
6168.0 7.233707E-17 
6170.0 7.288877E-17 
6172.0 7.728517E-17 
6174.0 7.405074E-17 
6176.0 7.266054E-17 
6178.0 7.469297E-17 
6180.0 7.165099E-17 
6182.0 7.217772E-17 
6184.0 6.613643E-17 
6186.0 6.646590E-17 
6188.0 6.622821E-17 
6190.0 6.532418E-17 
6192.0 6.431930E-17 
6194.0 6.769259E-17 
6196.0 7.337556E-17 
6198.0 6.906529E-17 
6200.0 7.349992E-17 
6202.0 7.020326E-17 
6204.0 7.048451E-17 
6206.0 6.862207E-17 
6208.0 6.984583E-17 
6210.0 7.222441E-17 
6212.0 6.623165E-17 
6214.0 7.104884E-17 
6216.0 7.019480E-17 
6218.0 6.623285E-17 
6220.0 6.525728E-17 
6222.0 6.733293E-17 
6224.0 7.247452E-17 
6226.0 7.687962E-17 
6228.0 7.033233E-17 
6230.0 6.694921E-17 
6232.0 6.753701E-17 
6234.0 6.313477E-17 
6236.0 6.613629E-17 
6238.0 6.655441E-17 
6240.0 6.579338E-17 
6242.0 6.514983E-17 
6244.0 6.364267E-17 
6246.0 5.759485E-17 
6248.0 7.080780E-17 
6250.0 6.617780E-17 
6252.0 6.481460E-17 
6254.0 6.651593E-17 
6256.0 6.416553E-17 
6258.0 6.095298E-17 
6260.0 6.960769E-17 
6262.0 6.829493E-17 
6264.0 6.228509E-17 
6266.0 6.767276E-17 
6268.0 6.746748E-17 
6270.0 6.356237E-17 
6272.0 6.109318E-17 
6274.0 6.610751E-17 
6276.0 6.743947E-17 
6278.0 7.034581E-17 
6280.0 6.172269E-17 
6282.0 7.084692E-17 
6284.0 6.490124E-17 
6286.0 6.060478E-17 
6288.0 6.593500E-17 
6290.0 6.574965E-17 
6292.0 6.207355E-17 
6294.0 5.611063E-17 
6296.0 6.110219E-17 
6298.0 5.693165E-17 
6300.0 5.437220E-17 
6302.0 5.504284E-17 
6304.0 6.238079E-17 
6306.0 7.354111E-17 
6308.0 7.673326E-17 
6310.0 6.253462E-17 
6312.0 5.206392E-17 
6314.0 7.337578E-17 
6316.0 6.769618E-17 
6318.0 5.951060E-17 
6320.0 6.361650E-17 
6322.0 7.248615E-17 
6324.0 7.851589E-17 
6326.0 6.808152E-17 
6328.0 6.109535E-17 
6330.0 6.805061E-17 
6332.0 6.114507E-17 
6334.0 5.908441E-17 
6336.0 6.789854E-17 
6338.0 6.639425E-17 
6340.0 7.014964E-17 
6342.0 6.660565E-17 
6344.0 6.800971E-17 
6346.0 6.541122E-17 
6348.0 6.622900E-17 
6350.0 6.764479E-17 
6352.0 6.631130E-17 
6354.0 6.600910E-17 
6356.0 7.641318E-17 
6358.0 8.361839E-17 
6360.0 7.626396E-17 
6362.0 7.646108E-17 
6364.0 7.696298E-17 
6366.0 7.623732E-17 
6368.0 7.103764E-17 
6370.0 6.696570E-17 
6372.0 7.723915E-17 
6374.0 6.034508E-17 
6376.0 7.388911E-17 
6378.0 7.491047E-17 
6380.0 7.213277E-17 
6382.0 7.136464E-17 
6384.0 7.123684E-17 
6386.0 6.988257E-17 
6388.0 7.337019E-17 
6390.0 7.167481E-17 
6392.0 7.085237E-17 
6394.0 7.333475E-17 
6396.0 7.809335E-17 
6398.0 8.140024E-17 
6400.0 7.453091E-17 
6402.0 6.997271E-17 
6404.0 7.158840E-17 
6406.0 7.633881E-17 
6408.0 7.378582E-17 
6410.0 6.863213E-17 
6412.0 6.777927E-17 
6414.0 7.333374E-17 
6416.0 7.319460E-17 
6418.0 7.347544E-17 
6420.0 7.667441E-17 
6422.0 6.960103E-17 
6424.0 6.349267E-17 
6426.0 6.298375E-17 
6428.0 6.555322E-17 
6430.0 7.243513E-17 
6432.0 7.768855E-17 
6434.0 7.919071E-17 
6436.0 7.728075E-17 
6438.0 7.041164E-17 
6440.0 6.707528E-17 
6442.0 6.835045E-17 
6444.0 6.812506E-17 
6446.0 6.649390E-17 
6448.0 7.115009E-17 
6450.0 7.147012E-17 
6452.0 7.291043E-17 
6454.0 6.758862E-17 
6456.0 6.732415E-17 
6458.0 7.060503E-17 
6460.0 7.462330E-17 
6462.0 7.014234E-17 
6464.0 6.580090E-17 
6466.0 6.501065E-17 
6468.0 6.861511E-17 
6470.0 7.052540E-17 
6472.0 7.141472E-17 
6474.0 6.876596E-17 
6476.0 6.204254E-17 
6478.0 6.526217E-17 
6480.0 7.386675E-17 
6482.0 7.495238E-17 
6484.0 7.593421E-17 
6486.0 7.413272E-17 
6488.0 7.295880E-17 
6490.0 7.185230E-17 
6492.0 7.039521E-17 
6494.0 6.910223E-17 
6496.0 6.801152E-17 
6498.0 7.240616E-17 
6500.0 8.272106E-17 
6502.0 7.287503E-17 
6504.0 7.192147E-17 
6506.0 7.149120E-17 
6508.0 6.651173E-17 
6510.0 6.460833E-17 
6512.0 6.847476E-17 
6514.0 7.195516E-17 
6516.0 6.950754E-17 
6518.0 7.356779E-17 
6520.0 7.401132E-17 
6522.0 6.665791E-17 
6524.0 6.800737E-17 
6526.0 7.128727E-17 
6528.0 6.785843E-17 
6530.0 6.637322E-17 
6532.0 6.650224E-17 
6534.0 6.098056E-17 
6536.0 6.324509E-17 
6538.0 7.459818E-17 
6540.0 6.937008E-17 
6542.0 6.932750E-17 
6544.0 6.482196E-17 
6546.0 7.032530E-17 
6548.0 7.945004E-17 
6550.0 7.570440E-17 
6552.0 7.054544E-17 
6554.0 6.940029E-17 
6556.0 6.982478E-17 
6558.0 6.827690E-17 
6560.0 7.342643E-17 
6562.0 7.131509E-17 
6564.0 6.669016E-17 
6566.0 6.949660E-17 
6568.0 7.199867E-17 
6570.0 7.099775E-17 
6572.0 7.050993E-17 
6574.0 6.938005E-17 
6576.0 7.046374E-17 
6578.0 7.090213E-17 
6580.0 6.651605E-17 
6582.0 6.745843E-17 
6584.0 7.571197E-17 
6586.0 7.114749E-17 
6588.0 6.795535E-17 
6590.0 7.250101E-17 
6592.0 7.491678E-17 
6594.0 7.149236E-17 
6596.0 7.083764E-17 
6598.0 7.020837E-17 
6600.0 7.187504E-17 
6602.0 7.810366E-17 
6604.0 7.676305E-17 
6606.0 7.386905E-17 
6608.0 7.723032E-17 
6610.0 7.612916E-17 
6612.0 7.072354E-17 
6614.0 6.805808E-17 
6616.0 7.304723E-17 
6618.0 7.692968E-17 
6620.0 7.568877E-17 
6622.0 7.454233E-17 
6624.0 7.698713E-17 
6626.0 7.758935E-17 
6628.0 7.697326E-17 
6630.0 7.655273E-17 
6632.0 7.716305E-17 
6634.0 7.880202E-17 
6636.0 8.113363E-17 
6638.0 7.568265E-17 
6640.0 7.542662E-17 
6642.0 7.824350E-17 
6644.0 7.991440E-17 
6646.0 7.632780E-17 
6648.0 7.329828E-17 
6650.0 7.732529E-17 
6652.0 7.438627E-17 
6654.0 8.001541E-17 
6656.0 7.726966E-17 
6658.0 7.706102E-17 
6660.0 7.789995E-17 
6662.0 8.043486E-17 
6664.0 8.376286E-17 
6666.0 8.211701E-17 
6668.0 7.706983E-17 
6670.0 7.888142E-17 
6672.0 8.126856E-17 
6674.0 7.996109E-17 
6676.0 8.173149E-17 
6678.0 8.529407E-17 
6680.0 7.827335E-17 
6682.0 7.517760E-17 
6684.0 8.784947E-17 
6686.0 8.107129E-17 
6688.0 7.970072E-17 
6690.0 8.062167E-17 
6692.0 8.016659E-17 
6694.0 7.672716E-17 
6696.0 7.669881E-17 
6698.0 8.149919E-17 
6700.0 7.938350E-17 
6702.0 7.465943E-17 
6704.0 7.964548E-17 
6706.0 8.728191E-17 
6708.0 8.909674E-17 
6710.0 8.022777E-17 
6712.0 7.900645E-17 
6714.0 8.162918E-17 
6716.0 8.254751E-17 
6718.0 7.964331E-17 
6720.0 7.676329E-17 
6722.0 7.873955E-17 
6724.0 8.380902E-17 
6726.0 7.762990E-17 
6728.0 7.634328E-17 
6730.0 7.669523E-17 
6732.0 8.055727E-17 
6734.0 7.620747E-17 
6736.0 7.543972E-17 
6738.0 8.084304E-17 
6740.0 7.932183E-17 
6742.0 8.263547E-17 
6744.0 8.110718E-17 
6746.0 8.065598E-17 
6748.0 8.254435E-17 
6750.0 8.291613E-17 
6752.0 8.407377E-17 
6754.0 8.333684E-17 
6756.0 7.839712E-17 
6758.0 8.332812E-17 
6760.0 8.065200E-17 
6762.0 7.888305E-17 
6764.0 7.614067E-17 
6766.0 8.418435E-17 
6768.0 8.811186E-17 
6770.0 8.124890E-17 
6772.0 8.079405E-17 
6774.0 8.295584E-17 
6776.0 8.529851E-17 
6778.0 7.765325E-17 
6780.0 7.810148E-17 
6782.0 7.802212E-17 
6784.0 8.927387E-17 
6786.0 1.291976E-16 
6788.0 1.480540E-16 
6790.0 1.490336E-16 
6792.0 1.315489E-16 
6794.0 9.969655E-17 
6796.0 8.446407E-17 
6798.0 7.995607E-17 
6800.0 8.198266E-17 
6802.0 7.507254E-17 
6804.0 8.134242E-17 
6806.0 9.119991E-17 
6808.0 9.502323E-17 
6810.0 1.039265E-16 
6812.0 1.064085E-16 
6814.0 1.025816E-16 
6816.0 8.866357E-17 
6818.0 7.772787E-17 
6820.0 7.523321E-17 
6822.0 7.735311E-17 
6824.0 7.950710E-17 
6826.0 7.354354E-17 
6828.0 7.117256E-17 
6830.0 7.760942E-17 
6832.0 8.143828E-17 
6834.0 8.012871E-17 
6836.0 6.957016E-17 
6838.0 7.996619E-17 
6840.0 8.545058E-17 
6842.0 8.377379E-17 
6844.0 7.900332E-17 
6846.0 7.572159E-17 
6848.0 7.932516E-17 
6850.0 7.285497E-17 
6852.0 7.576104E-17 
6854.0 7.749400E-17 
6856.0 7.032508E-17 
6858.0 6.727133E-17 
6860.0 6.936052E-17 
6862.0 7.322754E-17 
6864.0 6.776622E-17 
6866.0 6.800381E-17 
6868.0 8.024429E-17 
6870.0 8.462059E-17 
6872.0 7.937610E-17 
6874.0 7.045951E-17 
6876.0 6.500968E-17 
6878.0 6.445515E-17 
6880.0 5.965578E-17 
6882.0 7.131305E-17 
6884.0 7.856182E-17 
6886.0 7.182652E-17 
6888.0 6.824787E-17 
6890.0 6.776462E-17 
6892.0 7.015014E-17 
6894.0 7.097666E-17 
6896.0 6.729744E-17 
6898.0 6.987791E-17 
6900.0 6.907423E-17 
6902.0 7.342630E-17 
6904.0 7.666545E-17 
6906.0 7.659263E-17 
6908.0 7.424116E-17 
6910.0 6.683958E-17 
6912.0 6.595423E-17 
6914.0 7.252559E-17 
6916.0 7.589897E-17 
6918.0 7.275444E-17 
6920.0 6.840580E-17 
6922.0 6.611999E-17 
6924.0 6.634347E-17 
6926.0 6.419843E-17 
6928.0 6.701249E-17 
6930.0 6.227693E-17 
6932.0 6.970155E-17 
6934.0 7.057334E-17 
6936.0 7.244146E-17 
6938.0 7.405984E-17 
6940.0 6.661917E-17 
6942.0 6.649764E-17 
6944.0 7.084241E-17 
6946.0 8.009170E-17 
6948.0 7.974671E-17 
6950.0 7.524991E-17 
6952.0 7.224016E-17 
6954.0 7.914360E-17 
6956.0 8.297084E-17 
6958.0 7.034477E-17 
6960.0 6.970402E-17 
6962.0 7.221105E-17 
6964.0 7.333349E-17 
6966.0 7.536204E-17 
6968.0 7.386795E-17 
6970.0 6.643966E-17 
6972.0 7.219359E-17 
6974.0 6.601582E-17 
6976.0 7.013958E-17 
6978.0 6.865278E-17 
6980.0 6.471706E-17 
6982.0 6.438481E-17 
6984.0 7.105170E-17 
6986.0 7.013637E-17 
6988.0 6.822275E-17 
6990.0 6.926775E-17 
6992.0 7.073883E-17 
6994.0 7.351349E-17 
6996.0 7.149151E-17 
6998.0 6.542972E-17 
7000.0 6.872065E-17 
7002.0 6.397252E-17 
7004.0 7.521608E-17 
7006.0 6.906497E-17 
7008.0 6.180230E-17 
7010.0 6.147189E-17 
7012.0 6.952552E-17 
7014.0 6.880316E-17 
7016.0 6.844289E-17 
7018.0 6.665336E-17 
7020.0 6.522556E-17 
7022.0 6.885416E-17 
7024.0 6.835228E-17 
7026.0 6.572518E-17 
7028.0 6.467910E-17 
7030.0 6.825111E-17 
7032.0 6.551456E-17 
7034.0 5.970332E-17 
7036.0 6.375907E-17 
7038.0 6.642528E-17 
7040.0 6.624876E-17 
7042.0 6.498024E-17 
7044.0 6.867482E-17 
7046.0 6.910500E-17 
7048.0 6.238449E-17 
7050.0 6.807076E-17 
7052.0 6.755575E-17 
7054.0 7.050462E-17 
7056.0 7.254559E-17 
7058.0 7.114613E-17 
7060.0 7.031821E-17 
7062.0 6.758167E-17 
7064.0 6.877556E-17 
7066.0 6.433113E-17 
7068.0 6.885700E-17 
7070.0 6.655618E-17 
7072.0 6.560287E-17 
7074.0 6.839587E-17 
7076.0 6.717494E-17 
7078.0 7.008130E-17 
7080.0 6.763727E-17 
7082.0 6.631455E-17 
7084.0 6.597244E-17 
7086.0 6.657894E-17 
7088.0 6.727551E-17 
7090.0 6.702095E-17 
7092.0 7.179521E-17 
7094.0 6.501030E-17 
7096.0 6.172946E-17 
7098.0 5.749709E-17 
7100.0 5.952347E-17 
7102.0 6.318071E-17 
7104.0 6.463925E-17 
7106.0 6.515393E-17 
7108.0 7.500939E-17 
7110.0 6.934827E-17 
7112.0 6.838594E-17 
7114.0 7.053282E-17 
7116.0 7.081553E-17 
7118.0 6.789959E-17 
7120.0 6.386352E-17 
7122.0 5.213362E-17 
7124.0 5.331532E-17 
7126.0 5.224027E-17 
7128.0 5.012419E-17 
7130.0 5.333686E-17 
7132.0 5.857583E-17 
7134.0 6.812668E-17 
7136.0 7.651945E-17 
7138.0 7.216319E-17 
7140.0 7.527909E-17 
7142.0 6.706122E-17 
7144.0 6.776465E-17 
7146.0 7.070837E-17 
7148.0 7.078783E-17 
7150.0 6.848926E-17 
7152.0 7.224955E-17 
7154.0 6.770524E-17 
7156.0 7.173963E-17 
7158.0 6.872844E-17 
7160.0 6.970125E-17 
7162.0 7.063860E-17 
7164.0 7.020376E-17 
7166.0 7.048058E-17 
7168.0 6.799482E-17 
7170.0 6.993650E-17 
7172.0 7.706644E-17 
7174.0 7.092932E-17 
7176.0 6.699155E-17 
7178.0 7.238942E-17 
7180.0 7.442839E-17 
7182.0 7.810322E-17 
7184.0 7.142308E-17 
7186.0 6.836292E-17 
7188.0 6.786071E-17 
7190.0 7.048665E-17 
7192.0 7.432145E-17 
7194.0 7.639299E-17 
7196.0 7.272662E-17 
7198.0 7.676139E-17 
7200.0 7.217995E-17 
7202.0 6.775214E-17 
7204.0 6.961251E-17 
7206.0 7.089333E-17 
7208.0 6.920781E-17 
7210.0 7.107142E-17 
7212.0 7.279879E-17 
7214.0 6.631376E-17 
7216.0 6.521244E-17 
7218.0 7.367080E-17 
7220.0 6.971950E-17 
7222.0 6.774352E-17 
7224.0 7.102613E-17 
7226.0 6.807817E-17 
7228.0 6.749366E-17 
7230.0 7.338797E-17 
7232.0 7.090813E-17 
7234.0 6.769107E-17 
7236.0 6.655428E-17 
7238.0 6.756541E-17 
7240.0 6.513466E-17 
7242.0 6.060192E-17 
7244.0 6.602240E-17 
7246.0 6.030759E-17 
7248.0 6.182136E-17 
7250.0 7.580106E-17 
7252.0 8.210816E-17 
7254.0 6.878663E-17 
7256.0 6.281515E-17 
7258.0 6.313992E-17 
7260.0 6.701772E-17 
7262.0 6.925756E-17 
7264.0 6.877064E-17 
7266.0 6.871536E-17 
7268.0 6.909274E-17 
7270.0 7.124578E-17 
7272.0 7.875486E-17 
7274.0 6.997668E-17 
7276.0 6.484985E-17 
7278.0 6.016199E-17 
7280.0 6.471342E-17 
7282.0 6.754661E-17 
7284.0 6.192475E-17 
7286.0 6.112898E-17 
7288.0 6.745956E-17 
7290.0 6.590303E-17 
7292.0 6.475275E-17 
7294.0 6.552451E-17 
7296.0 6.463520E-17 
7298.0 6.370819E-17 
7300.0 6.602928E-17 
7302.0 6.243105E-17 
7304.0 5.653535E-17 
7306.0 5.701180E-17 
7308.0 6.371406E-17 
7310.0 6.790424E-17 
7312.0 6.601321E-17 
7314.0 6.258668E-17 
7316.0 5.706846E-17 
7318.0 5.589527E-17 
7320.0 5.738769E-17 
7322.0 7.040120E-17 
7324.0 6.987319E-17 
7326.0 6.471909E-17 
7328.0 5.945026E-17 
7330.0 6.162626E-17 
7332.0 6.863866E-17 
7334.0 6.596755E-17 
7336.0 6.629963E-17 
7338.0 5.977420E-17 
7340.0 5.715672E-17 
7342.0 6.475849E-17 
7344.0 6.836063E-17 
7346.0 7.065903E-17 
7348.0 7.881177E-17 
7350.0 5.239885E-17 
7352.0 5.456489E-17 
7354.0 6.020559E-17 
7356.0 6.298552E-17 
7358.0 6.278522E-17 
7360.0 6.360830E-17 
7362.0 6.156405E-17 
7364.0 6.780180E-17 
7366.0 6.416316E-17 
7368.0 5.868310E-17 
7370.0 5.614899E-17 
7372.0 6.103093E-17 
7374.0 6.580733E-17 
7376.0 6.356715E-17 
7378.0 5.938876E-17 
7380.0 5.542749E-17 
7382.0 6.470024E-17 
7384.0 6.406833E-17 
7386.0 6.190746E-17 
7388.0 6.165460E-17 
7390.0 6.084539E-17 
7392.0 6.062986E-17 
7394.0 6.749236E-17 
7396.0 6.076796E-17 
7398.0 6.243956E-17 
7400.0 6.294407E-17 
7402.0 5.998331E-17 
7404.0 6.250163E-17 
7406.0 5.958875E-17 
7408.0 7.066455E-17 
7410.0 5.525222E-17 
7412.0 5.474186E-17 
7414.0 6.093431E-17 
7416.0 6.504310E-17 
7418.0 6.210550E-17 
7420.0 6.026180E-17 
7422.0 6.299835E-17 
7424.0 6.664731E-17 
7426.0 6.174130E-17 
7428.0 6.672771E-17 
7430.0 7.016988E-17 
7432.0 6.906860E-17 
7434.0 7.194762E-17 
7436.0 6.727134E-17 
7438.0 6.365865E-17 
7440.0 6.941213E-17 
7442.0 6.735132E-17 
7444.0 6.580237E-17 
7446.0 6.579681E-17 
7448.0 6.346056E-17 
7450.0 6.960343E-17 
7452.0 7.055696E-17 
7454.0 6.234849E-17 
7456.0 6.739517E-17 
7458.0 6.819003E-17 
7460.0 6.518582E-17 
7462.0 6.307136E-17 
7464.0 6.873086E-17 
7466.0 6.701318E-17 
7468.0 6.962275E-17 
7470.0 6.672581E-17 
7472.0 6.045113E-17 
7474.0 6.121601E-17 
7476.0 7.095457E-17 
7478.0 6.807710E-17 
7480.0 6.645739E-17 
7482.0 6.146332E-17 
7484.0 5.928446E-17 
7486.0 5.739894E-17 
7488.0 6.405833E-17 
7490.0 6.983899E-17 
7492.0 6.778285E-17 
7494.0 6.473271E-17 
7496.0 6.936981E-17 
7498.0 6.987400E-17 
7500.0 7.048334E-17 
7502.0 6.773046E-17 
7504.0 6.634930E-17 
7506.0 6.998051E-17 
7508.0 7.242663E-17 
7510.0 6.969662E-17 
7512.0 6.306046E-17 
7514.0 7.009328E-17 
7516.0 7.397167E-17 
7518.0 7.244469E-17 
7520.0 6.669859E-17 
7522.0 6.647728E-17 
7524.0 6.312223E-17 
7526.0 6.702785E-17 
7528.0 7.372202E-17 
7530.0 7.694364E-17 
7532.0 7.165332E-17 
7534.0 6.573249E-17 
7536.0 6.165081E-17 
7538.0 6.076821E-17 
7540.0 6.721442E-17 
7542.0 6.847765E-17 
7544.0 6.539841E-17 
7546.0 7.051776E-17 
7548.0 7.374369E-17 
7550.0 6.911543E-17 
7552.0 6.723663E-17 
7554.0 7.150144E-17 
7556.0 6.255503E-17 
7558.0 6.319633E-17 
7560.0 6.554708E-17 
7562.0 6.783738E-17 
7564.0 6.851243E-17 
7566.0 6.698043E-17 
7568.0 6.802987E-17 
7570.0 6.920410E-17 
7572.0 6.450335E-17 
7574.0 6.884320E-17 
7576.0 7.245162E-17 
7578.0 7.157319E-17 
7580.0 6.724978E-17 
7582.0 7.014528E-17 
7584.0 6.687221E-17 
7586.0 6.117477E-17 
7588.0 7.345930E-17 
7590.0 6.985867E-17 
7592.0 6.287091E-17 
7594.0 6.062393E-17 
7596.0 6.490252E-17 
7598.0 6.696909E-17 
7600.0 7.220814E-17 
7602.0 7.491672E-17 
7604.0 7.132562E-17 
7606.0 6.341509E-17 
7608.0 5.826255E-17 
7610.0 6.859679E-17 
7612.0 6.321095E-17 
7614.0 5.103690E-17 
7616.0 6.944417E-17 
7618.0 7.915080E-17 
7620.0 6.670951E-17 
7622.0 6.204589E-17 
7624.0 6.834611E-17 
7626.0 7.269503E-17 
7628.0 8.159433E-17 
7630.0 5.868623E-17 
7632.0 6.275674E-17 
7634.0 6.776939E-17 
7636.0 7.104646E-17 
7638.0 6.960794E-17 
7640.0 6.659187E-17 
7642.0 7.343678E-17 
7644.0 6.608529E-17 
7646.0 6.829404E-17 
7648.0 7.181728E-17 
7650.0 7.474930E-17 
7652.0 7.280227E-17 
7654.0 6.997198E-17 
7656.0 8.298922E-17 
7658.0 7.079046E-17 
7660.0 6.695046E-17 
7662.0 7.091454E-17 
7664.0 7.355709E-17 
7666.0 7.239630E-17 
7668.0 6.929316E-17 
7670.0 7.250181E-17 
7672.0 7.003364E-17 
7674.0 7.291777E-17 
7676.0 6.736585E-17 
7678.0 6.255485E-17 
7680.0 6.327378E-17 
7682.0 6.629192E-17 
7684.0 7.252317E-17 
7686.0 7.678432E-17 
7688.0 7.471866E-17 
7690.0 7.511066E-17 
7692.0 7.391511E-17 
7694.0 7.180946E-17 
7696.0 6.956333E-17 
7698.0 6.897795E-17 
7700.0 7.159791E-17 
7702.0 6.869962E-17 
7704.0 7.005249E-17 
7706.0 7.392953E-17 
7708.0 7.247680E-17 
7710.0 6.899105E-17 
7712.0 6.576733E-17 
7714.0 6.743963E-17 
7716.0 7.270764E-17 
7718.0 7.353708E-17 
7720.0 7.709839E-17 
7722.0 5.345499E-17 
7724.0 5.487937E-17 
7726.0 5.875099E-17 
7728.0 5.820119E-17 
7730.0 6.509238E-17 
7732.0 7.080059E-17 
7734.0 6.575678E-17 
7736.0 6.990132E-17 
7738.0 6.632248E-17 
7740.0 6.153283E-17 
7742.0 6.268732E-17 
7744.0 6.668014E-17 
7746.0 6.236048E-17 
7748.0 6.444390E-17 
7750.0 5.649608E-17 
7752.0 5.284244E-17 
7754.0 6.782327E-17 
7756.0 7.301141E-17 
7758.0 5.346269E-17 
7760.0 4.648425E-17 
7762.0 5.298925E-17 
7764.0 5.431125E-17 
7766.0 5.942162E-17 
7768.0 5.440551E-17 
7770.0 5.055450E-17 
7772.0 5.247172E-17 
7774.0 5.457497E-17 
7776.0 6.323524E-17 
7778.0 5.870316E-17 
7780.0 5.955165E-17 
7782.0 5.746010E-17 
7784.0 5.658300E-17 
7786.0 5.838480E-17 
7788.0 6.217677E-17 
7790.0 6.088510E-17 
7792.0 6.010136E-17 
7794.0 5.188327E-17 
7796.0 5.995512E-17 
7798.0 6.211119E-17 
7800.0 6.233675E-17 
7802.0 5.633864E-17 
7804.0 4.653413E-17 
7806.0 5.616101E-17 
7808.0 5.013633E-17 
7810.0 4.728392E-17 
7812.0 5.019867E-17 
7814.0 5.539580E-17 
7816.0 5.502808E-17 
7818.0 4.267008E-17 
7820.0 4.112740E-17 
7822.0 3.653362E-17 
7824.0 5.110064E-17 
7826.0 4.512450E-17 
7828.0 4.861413E-17 
7830.0 4.417481E-17 
7832.0 3.202139E-17 
7834.0 4.609642E-17 
7836.0 5.069433E-17 
7838.0 4.460771E-17 
7840.0 4.656553E-17 
7842.0 4.759734E-17 
7844.0 5.045847E-17 
7846.0 5.665673E-17 
7848.0 5.706428E-17 
7850.0 5.304110E-17 
7852.0 4.137031E-17 
7854.0 4.897356E-17 
7856.0 5.281429E-17 
7858.0 5.117636E-17 
7860.0 4.784548E-17 
7862.0 4.658501E-17 
7864.0 3.952597E-17 
7866.0 4.968187E-17 
7868.0 4.370030E-17 
7870.0 4.567247E-17 
7872.0 4.421292E-17 
7874.0 4.484831E-17 
7876.0 4.856609E-17 
7878.0 4.418483E-17 
7880.0 3.903177E-17 
7882.0 4.582390E-17 
7884.0 5.305585E-17 
7886.0 4.860874E-17 
7888.0 4.345029E-17 
7890.0 4.041005E-17 
7892.0 3.828218E-17 
7894.0 4.346069E-17 
7896.0 4.940022E-17 
7898.0 5.580598E-17 
7900.0 4.561503E-17 
7902.0 4.769131E-17 
7904.0 5.069742E-17 
7906.0 5.139552E-17 
7908.0 5.682866E-17 
7910.0 6.102164E-17 
7912.0 4.577840E-17 
7914.0 4.552304E-17 
7916.0 5.149515E-17 
7918.0 5.777056E-17 
7920.0 6.702584E-17 
7922.0 7.377433E-17 
7924.0 6.125417E-17 
7926.0 5.160085E-17 
7928.0 6.520002E-17 
7930.0 6.378095E-17 
7932.0 5.838924E-17 
7934.0 5.851548E-17 
7936.0 6.567555E-17 
7938.0 6.564657E-17 
7940.0 6.612335E-17 
7942.0 6.276416E-17 
7944.0 6.659372E-17 
7946.0 6.564771E-17 
7948.0 6.335409E-17 
7950.0 6.270030E-17 
7952.0 6.470230E-17 
7954.0 6.525746E-17 
7956.0 7.127364E-17 
7958.0 6.358249E-17 
7960.0 6.375553E-17 
7962.0 6.280139E-17 
7964.0 5.743077E-17 
7966.0 6.178058E-17 
7968.0 7.489508E-17 
7970.0 6.613842E-17 
7972.0 6.944571E-17 
7974.0 5.960234E-17 
7976.0 5.780931E-17 
7978.0 5.920751E-17 
7980.0 5.958103E-17 
7982.0 5.817696E-17 
7984.0 6.421827E-17 
7986.0 6.436659E-17 
7988.0 5.284838E-17 
7990.0 5.656794E-17 
7992.0 5.993614E-17 
7994.0 6.337421E-17 
7996.0 7.553374E-17 
7998.0 7.028925E-17 
8000.0 7.335645E-17 
8002.0 5.575827E-17 
8004.0 5.369628E-17 
8006.0 5.916843E-17 
8008.0 6.669116E-17 
8010.0 6.904324E-17 
8012.0 7.434674E-17 
8014.0 6.624815E-17 
8016.0 7.193848E-17 
8018.0 7.225188E-17 
8020.0 6.791322E-17 
8022.0 6.624379E-17 
8024.0 6.449628E-17 
8026.0 5.615051E-17 
8028.0 6.327597E-17 
8030.0 6.387140E-17 
8032.0 7.262121E-17 
8034.0 6.838877E-17 
8036.0 5.981084E-17 
8038.0 5.704181E-17 
8040.0 6.842261E-17 
8042.0 7.373895E-17 
8044.0 6.896734E-17 
8046.0 6.718228E-17 
8048.0 7.335078E-17 
8050.0 7.012441E-17 
8052.0 6.692393E-17 
8054.0 6.861562E-17 
8056.0 6.991032E-17 
8058.0 6.973398E-17 
8060.0 6.699853E-17 
8062.0 6.194479E-17 
8064.0 6.218633E-17 
8066.0 6.518468E-17 
8068.0 7.164578E-17 
8070.0 7.622017E-17 
8072.0 7.592626E-17 
8074.0 7.003635E-17 
8076.0 8.058703E-17 
8078.0 7.601606E-17 
8080.0 6.957419E-17 
8082.0 7.076602E-17 
8084.0 7.438156E-17 
8086.0 7.064999E-17 
8088.0 7.087857E-17 
8090.0 6.937140E-17 
8092.0 6.823719E-17 
8094.0 7.127434E-17 
8096.0 7.435381E-17 
8098.0 7.398887E-17 
8100.0 7.080114E-17 
8102.0 6.942308E-17 
8104.0 6.809899E-17 
8106.0 6.275314E-17 
8108.0 6.610946E-17 
8110.0 7.158343E-17 
8112.0 7.357081E-17 
8114.0 6.958596E-17 
8116.0 6.944127E-17 
8118.0 7.103588E-17 
8120.0 6.761914E-17 
8122.0 7.423352E-17 
8124.0 7.628769E-17 
8126.0 7.319479E-17 
8128.0 6.777160E-17 
8130.0 7.214397E-17 
8132.0 7.655619E-17 
8134.0 7.409456E-17 
8136.0 6.316090E-17 
8138.0 6.741281E-17 
8140.0 7.122940E-17 
8142.0 6.927433E-17 
8144.0 6.927278E-17 
8146.0 6.561502E-17 
8148.0 7.548768E-17 
8150.0 7.864528E-17 
8152.0 7.759117E-17 
8154.0 7.427126E-17 
8156.0 6.887180E-17 
8158.0 6.767401E-17 
8160.0 6.872935E-17 
8162.0 7.016579E-17 
8164.0 6.421014E-17 
8166.0 6.238780E-17 
8168.0 6.783489E-17 
8170.0 7.101905E-17 
8172.0 6.839638E-17 
8174.0 6.830169E-17 
8176.0 6.667372E-17 
8178.0 7.124585E-17 
8180.0 7.331688E-17 
8182.0 7.045702E-17 
8184.0 6.515900E-17 
8186.0 6.233639E-17 
8188.0 6.535200E-17 
8190.0 6.782427E-17 
8192.0 7.140924E-17 
8194.0 5.922061E-17 
8196.0 6.618678E-17 
8198.0 6.669937E-17 
8200.0 6.425492E-17 
8202.0 6.078637E-17 
8204.0 6.161651E-17 
8206.0 6.806667E-17 
8208.0 7.207450E-17 
8210.0 7.009940E-17 
8212.0 6.822379E-17 
8214.0 6.897152E-17 
8216.0 7.152385E-17 
8218.0 6.939257E-17 
8220.0 6.853764E-17 
8222.0 6.271066E-17 
8224.0 6.479255E-17 
8226.0 6.100210E-17 
8228.0 5.963531E-17 
8230.0 6.129901E-17 
8232.0 6.031038E-17 
8234.0 5.561808E-17 
8236.0 6.846761E-17 
8238.0 6.581854E-17 
8240.0 6.272967E-17 
8242.0 6.411718E-17 
8244.0 6.678673E-17 
8246.0 6.730525E-17 
8248.0 6.392529E-17 
8250.0 6.437980E-17 
8252.0 6.599934E-17 
8254.0 6.923470E-17 
8256.0 6.307939E-17 
8258.0 6.200736E-17 
8260.0 6.977791E-17 
8262.0 7.137961E-17 
8264.0 6.611421E-17 
8266.0 6.533279E-17 
8268.0 6.781920E-17 
8270.0 7.422799E-17 
8272.0 6.951879E-17 
8274.0 6.090702E-17 
8276.0 5.357389E-17 
8278.0 5.443625E-17 
8280.0 5.432984E-17 
8282.0 5.535841E-17 
8284.0 6.750395E-17 
8286.0 6.982462E-17 
8288.0 6.723286E-17 
8290.0 6.104925E-17 
8292.0 6.353349E-17 
8294.0 6.764359E-17 
8296.0 5.690321E-17 
8298.0 4.645611E-17 
8300.0 4.903995E-17 
8302.0 4.837089E-17 
8304.0 5.515794E-17 
8306.0 6.752776E-17 
8308.0 5.478535E-17 
8310.0 4.694894E-17 
8312.0 6.895513E-17 
8314.0 6.249953E-17 
8316.0 6.615136E-17 
8318.0 6.654290E-17 
8320.0 5.516649E-17 
8322.0 5.394139E-17 
8324.0 6.058676E-17 
8326.0 6.291472E-17 
8328.0 6.339088E-17 
8330.0 6.384701E-17 
8332.0 5.864827E-17 
8334.0 5.711893E-17 
8336.0 6.131604E-17 
8338.0 6.160100E-17 
8340.0 6.657766E-17 
8342.0 5.958491E-17 
8344.0 2.573014E-17 
8346.0 3.618804E-17 
8348.0 4.824955E-17 
8350.0 4.243959E-17 
8352.0 3.431348E-17 
8354.0 2.062425E-17 
8356.0 3.684521E-17 
8358.0 6.354149E-17 
8360.0 6.420808E-17 
8362.0 5.504717E-17 
8364.0 4.852466E-17 
8366.0 5.093287E-17 
8368.0 5.540070E-17 
8370.0 5.696166E-17 
8372.0 4.883417E-17 
8374.0 5.764153E-17 
8376.0 5.404846E-17 
8378.0 5.198859E-17 
8380.0 5.515428E-17 
8382.0 4.925674E-17 
8384.0 4.598465E-17 
8386.0 4.357908E-17 
8388.0 5.275783E-17 
8390.0 5.182374E-17 
8392.0 4.342738E-17 
8394.0 3.815907E-17 
8396.0 4.137677E-17 
8398.0 4.055794E-17 
8400.0 3.164949E-17 
8402.0 4.261728E-17 
8404.0 4.818082E-17 
8406.0 5.801330E-17 
8408.0 5.754561E-17 
8410.0 3.965725E-17 
8412.0 3.801730E-17 
8414.0 4.214496E-17 
8416.0 4.007463E-17 
8418.0 4.994551E-17 
8420.0 4.225787E-17 
8422.0 3.535394E-17 
8424.0 3.297642E-17 
8426.0 2.989118E-17 
8428.0 1.841952E-17 
8430.0 2.304356E-17 
8432.0 5.142838E-17 
8434.0 3.967954E-17 
8436.0 4.436580E-17 
8438.0 3.626451E-17 
8440.0 1.229793E-17 
8442.0 2.817216E-17 
8444.0 3.401098E-17 
8446.0 3.892659E-17 
8448.0 3.240797E-17 
8450.0 3.307213E-17 
8452.0 3.500257E-17 
8454.0 3.652836E-17 
8456.0 3.896145E-17 
8458.0 4.136676E-17 
8460.0 3.766361E-17 
8462.0 2.155367E-17 
8464.0 2.640033E-17 
8466.0 3.327989E-17 
8468.0 4.054499E-17 
8470.0 4.278945E-17 
8472.0 3.192212E-17 
8474.0 2.407825E-17 
8476.0 1.572957E-17 
8478.0 3.275269E-17 
8480.0 3.443513E-17 
8482.0 3.185851E-17 
8484.0 3.096023E-17 
8486.0 3.412139E-17 
8488.0 3.643822E-17 
8490.0 3.432214E-17 
8492.0 2.774381E-17 
8494.0 3.444250E-17 
8496.0 3.806940E-17 
8498.0 3.959618E-17 
8500.0 3.486592E-17 
8502.0 2.729986E-17 
8504.0 3.319746E-17 
8506.0 2.842135E-17 
8508.0 4.114280E-17 
8510.0 4.593622E-17 
8512.0 3.698834E-17 
8514.0 2.922345E-17 
8516.0 3.064747E-17 
8518.0 3.353026E-17 
8520.0 3.132927E-17 
8522.0 4.042289E-17 
8524.0 4.074967E-17 
8526.0 3.390119E-17 
8528.0 3.011035E-17 
8530.0 3.270195E-17 
8532.0 3.237204E-17 
8534.0 3.457303E-17 
8536.0 3.297046E-17 
8538.0 3.591523E-17 
8540.0 3.422288E-17 
8542.0 3.452463E-17 
8544.0 3.608232E-17 
8546.0 3.629132E-17 
8548.0 3.334829E-17 
8550.0 3.475901E-17 
8552.0 3.770033E-17 
8554.0 4.134325E-17 
8556.0 3.555304E-17 
8558.0 3.323903E-17 
8560.0 3.868929E-17 
8562.0 3.800373E-17 
8564.0 3.958459E-17 
8566.0 4.113247E-17 
8568.0 3.633927E-17 
8570.0 2.831321E-17 
8572.0 3.336925E-17 
8574.0 3.614284E-17 
8576.0 2.892148E-17 
8578.0 2.830823E-17 
8580.0 3.903234E-17 
8582.0 3.553021E-17 
8584.0 3.472989E-17 
8586.0 3.576964E-17 
8588.0 3.610361E-17 
8590.0 3.379706E-17 
8592.0 2.751802E-17 
8594.0 2.338179E-17 
8596.0 3.261027E-17 
8598.0 3.208014E-17 
8600.0 3.026486E-17 
8602.0 3.480451E-17 
8604.0 3.801607E-17 
8606.0 3.507900E-17 
8608.0 3.165959E-17 
8610.0 3.035991E-17 
8612.0 3.066100E-17 
8614.0 3.061752E-17 
8616.0 3.204954E-17 
8618.0 3.105294E-17 
8620.0 2.619186E-17 
8622.0 2.337705E-17 
8624.0 2.748190E-17 
8626.0 3.366688E-17 
8628.0 3.702280E-17 
8630.0 2.932230E-17 
8632.0 3.097600E-17 
8634.0 3.501622E-17 
8636.0 4.135514E-17 
8638.0 4.707586E-17 
8640.0 4.144603E-17 
8642.0 3.361073E-17 
8644.0 2.108556E-17 
8646.0 2.922382E-17 
8648.0 3.250856E-17 
8650.0 3.221287E-17 
8652.0 3.381383E-17 
8654.0 4.290909E-17 
8656.0 4.524723E-17 
8658.0 4.106884E-17 
8660.0 1.930276E-17 
8662.0 2.349728E-17 
8664.0 3.170932E-17 
8666.0 3.516803E-17 
8668.0 3.476561E-17 
8670.0 3.157638E-17 
8672.0 3.605021E-17 
8674.0 3.268744E-17 
8676.0 3.826598E-17 
8678.0 3.539041E-17 
8680.0 3.229899E-17 
8682.0 3.969041E-17 
8684.0 5.021823E-17 
8686.0 4.038236E-17 
8688.0 4.637081E-17 
8690.0 3.995052E-17 
8692.0 3.322450E-17 
8694.0 3.132313E-17 
8696.0 3.800349E-17 
8698.0 4.542457E-17 
8700.0 4.841524E-17 
8702.0 4.466637E-17 
8704.0 4.366017E-17 
8706.0 4.170661E-17 
8708.0 4.633365E-17 
8710.0 4.946991E-17 
8712.0 4.552007E-17 
8714.0 4.267608E-17 
8716.0 4.649025E-17 
8718.0 4.024349E-17 
8720.0 3.897303E-17 
8722.0 4.496275E-17 
8724.0 4.213475E-17 
8726.0 4.158574E-17 
8728.0 4.724719E-17 
8730.0 4.720565E-17 
8732.0 4.740158E-17 
8734.0 4.837496E-17 
8736.0 4.999728E-17 
8738.0 5.106822E-17 
8740.0 5.110189E-17 
8742.0 5.049894E-17 
8744.0 4.881559E-17 
8746.0 4.447747E-17 
8748.0 4.993749E-17 
8750.0 5.418814E-17 
8752.0 4.899346E-17 
8754.0 5.314699E-17 
8756.0 5.208618E-17 
8758.0 4.292583E-17 
8760.0 4.916314E-17 
8762.0 5.517178E-17 
8764.0 5.566268E-17 
8766.0 3.192409E-17 
8768.0 5.434296E-17 
8770.0 5.622282E-17 
8772.0 4.735029E-17 
8774.0 4.280977E-17 
8776.0 5.204329E-17 
8778.0 3.444844E-17 
8780.0 5.800981E-17 
8782.0 5.595346E-17 
8784.0 5.908689E-17 
8786.0 5.598992E-17 
8788.0 4.060588E-17 
8790.0 4.114307E-17 
8792.0 4.688979E-17 
8794.0 4.743841E-17 
8796.0 5.388269E-17 
8798.0 4.868678E-17 
8800.0 5.202587E-17 
8802.0 5.476946E-17 
8804.0 5.627372E-17 
8806.0 6.243070E-17 
8808.0 5.759113E-17 
8810.0 6.811429E-17 
8812.0 5.711024E-17 
8814.0 6.409402E-17 
8816.0 6.804224E-17 
8818.0 6.797300E-17 
8820.0 6.465792E-17 
8822.0 6.457744E-17 
8824.0 6.427048E-17 
8826.0 4.482963E-17 
8828.0 8.057588E-17 
8830.0 7.105397E-17 
8832.0 6.586414E-17 
8834.0 6.887434E-17 
8836.0 3.342821E-17 
8838.0 3.662356E-17 
8840.0 5.807830E-17 
8842.0 7.336205E-17 
8844.0 6.517011E-17 
8846.0 6.137260E-17 
8848.0 6.198731E-17 
8850.0 6.591810E-17 
8852.0 6.644662E-17 
8854.0 6.790306E-17 
8856.0 7.318467E-17 
8858.0 8.561757E-17 
8860.0 7.715172E-17 
8862.0 7.169068E-17 
8864.0 6.908321E-17 
8866.0 6.641676E-17 
8868.0 6.385891E-17 
8870.0 7.268899E-17 
8872.0 7.286725E-17 
8874.0 9.364765E-17 
8876.0 9.199099E-17 
8878.0 7.926092E-17 
8880.0 6.784854E-17 
8882.0 7.321129E-17 
8884.0 6.525729E-17 
8886.0 6.730154E-17 
8888.0 9.087411E-17 
8890.0 1.152360E-16 
8892.0 1.031807E-16 
8894.0 7.798320E-17 
8896.0 5.536147E-17 
8898.0 6.284053E-17 
8900.0 7.176205E-17 
8902.0 7.016640E-17 
8904.0 7.392111E-17 
8906.0 7.843428E-17 
8908.0 7.817161E-17 
8910.0 7.207108E-17 
8912.0 6.535360E-17 
8914.0 7.454747E-17 
8916.0 7.648068E-17 
8918.0 6.203617E-17 
8920.0 6.636311E-17 
8922.0 7.219098E-17 
8924.0 8.144574E-17 
8926.0 9.015620E-17 
8928.0 7.774150E-17 
8930.0 6.750539E-17 
8932.0 7.142454E-17 
8934.0 8.587555E-17 
8936.0 8.712194E-17 
8938.0 7.860065E-17 
8940.0 7.732903E-17 
8942.0 8.669890E-17 
8944.0 8.815668E-17 
8946.0 1.027211E-16 
8948.0 9.839333E-17 
8950.0 9.029069E-17 
8952.0 7.666187E-17 
8954.0 7.188483E-17 
8956.0 6.796507E-17 
8958.0 6.786001E-17 
8960.0 7.813184E-17 
8962.0 8.812209E-17 
8964.0 1.126033E-16 
8966.0 4.859216E-17 
8968.0 5.690664E-17 
8970.0 7.319335E-17 
8972.0 7.851248E-17 
8974.0 7.164162E-17 
8976.0 7.698510E-17 
8978.0 9.131480E-17 
8980.0 7.954177E-17 
8982.0 7.678260E-17 
8984.0 7.081055E-17 
8986.0 6.951764E-17 
8988.0 7.607634E-17 
8990.0 7.516074E-17 
8992.0 8.322062E-17 
8994.0 8.988694E-17 
8996.0 7.479785E-17 
8998.0 8.619274E-17 
9000.0 7.106620E-17 
