4949.21270738087  3.027107E-16
4951.30706407416  3.144124E-16
4953.40084674735  2.918615E-16
4955.4940568826  2.797855E-16
4957.58669596207  2.873004E-16
4959.67876546792  2.845326E-16
4961.77026688228  2.744428E-16
4963.86120168733  3.010196E-16
4965.95157136522  2.960894E-16
4968.0413773981  2.859481E-16
4970.13062126812  2.586544E-16
4972.21930445745  2.874105E-16
4974.30742844824  2.755008E-16
4976.39499472264  2.997331E-16
4978.48200476281  3.004896E-16
4980.56846005091  2.866994E-16
4982.65436206908  2.993543E-16
4984.73971229949  3.220810E-16
4986.82451222428  3.007991E-16
4988.90876332563  2.835456E-16
4990.99246708567  3.404803E-16
4993.07562498657  2.807591E-16
4995.15823851048  3.100305E-16
4997.24030913956  3.268822E-16
4999.32183835596  3.198775E-16
5001.40282764183  2.925594E-16
5003.48327847934  3.111942E-16
5005.56319235063  3.044134E-16
5007.64257073787  3.172829E-16
5009.72141512321  2.753868E-16
5011.7997269888  3.272119E-16
5013.8775078168  3.009913E-16
5015.95475908936  2.945017E-16
5018.03148228864  3.038510E-16
5020.1076788968  3.111797E-16
5022.18335039598  3.035827E-16
5024.25849826835  3.326939E-16
5026.33312399606  3.153750E-16
5028.40722906127  3.181116E-16
5030.48081494613  2.872836E-16
5032.55388313279  3.305460E-16
5034.62643510342  2.906863E-16
5036.69847234016  3.192414E-16
5038.76999632518  3.180241E-16
5040.84100854062  3.090503E-16
5042.91151046865  2.941983E-16
5044.98150359141  2.965391E-16
5047.05098939107  2.947476E-16
5049.11996934977  2.728271E-16
5051.18844494968  2.918130E-16
5053.25641767295  2.977061E-16
5055.32388900173  2.788702E-16
5057.39086041819  2.823763E-16
5059.45733340447  2.598386E-16
5061.52330944272  3.033432E-16
5063.58879001512  2.391275E-16
5065.6537766038  2.903822E-16
5067.71827069093  2.577439E-16
5069.78227375867  2.682647E-16
5071.84578728915  2.795812E-16
5073.90881276456  2.855327E-16
5075.97135166703  2.649706E-16
5078.03340547872  2.697638E-16
5080.09497568179  2.663495E-16
5082.15606375839  2.835639E-16
5084.21667119068  2.891164E-16
5086.27679946082  2.792016E-16
5088.33645005095  2.748048E-16
5090.39562444324  2.805034E-16
5092.45432411984  2.656472E-16
5094.5125505629  2.616058E-16
5096.57030525459  2.455603E-16
5098.62758967705  2.530275E-16
5100.68440531244  2.818033E-16
5102.74075364291  2.803483E-16
5104.79663615063  2.945359E-16
5106.85205431775  2.509098E-16
5108.90700962642  2.710274E-16
5110.96150355879  2.571032E-16
5113.01553759703  2.618278E-16
5115.06911322328  2.761288E-16
5117.12223191971  2.541311E-16
5119.17489516847  2.452425E-16
5121.22710445171  3.006082E-16
5123.27886125159  2.425327E-16
5125.33016705026  2.524345E-16
5127.38102332988  2.633496E-16
5129.43143157261  2.748354E-16
5131.4813932606  2.524784E-16
5133.530909876  2.595253E-16
5135.57998290098  2.817518E-16
5137.62861381768  2.768910E-16
5139.67680410826  2.528540E-16
5141.72455525488  2.672675E-16
5143.77186873969  2.412924E-16
5145.81874604485  2.732585E-16
5147.86518865251  2.441521E-16
5149.91119804483  2.545083E-16
5151.95677570396  2.613647E-16
5154.00192311206  2.488271E-16
5156.04664175129  2.355318E-16
5158.09093310379  2.333202E-16
5160.13479865173  2.274465E-16
5162.17823987725  2.431986E-16
5164.22125826253  2.583096E-16
5166.2638552897  2.370096E-16
5168.30603244092  2.190358E-16
5170.34779119836  2.068946E-16
5172.38913304417  2.373370E-16
5174.43005946049  2.303294E-16
5176.47057192949  2.184943E-16
5178.51067193333  2.353943E-16
5180.55036095415  2.321295E-16
5182.58964047411  2.410039E-16
5184.62851197537  2.526423E-16
5186.66697694009  2.188455E-16
5188.70503685041  2.230149E-16
5190.7426931885  2.280590E-16
5192.7799474365  2.382479E-16
5194.81680107658  2.283260E-16
5196.85325559089  2.524200E-16
5198.88931246159  2.553198E-16
5200.92497317082  2.286843E-16
5202.96023920075  2.623706E-16
5204.99511203353  2.238616E-16
5207.02959315131  2.582532E-16
5209.06368403626  2.448654E-16
5211.09738617053  2.785259E-16
5213.13070103626  2.541125E-16
5215.16363011563  2.266904E-16
5217.19617489077  2.532639E-16
5219.22833684385  2.490465E-16
5221.26011745703  2.385781E-16
5223.29151821245  2.427587E-16
5225.32254059228  2.672496E-16
5227.35318607867  2.607913E-16
5229.38345615377  2.537715E-16
5231.41335229974  2.507710E-16
5233.44287599873  2.548356E-16
5235.47202873291  2.535397E-16
5237.50081198442  2.610748E-16
5239.52922723542  2.386728E-16
5241.55727596807  2.460214E-16
5243.58495966451  2.659756E-16
5245.61227980692  2.494574E-16
5247.63923787743  2.458716E-16
5249.66583535822  2.580065E-16
5251.69207373142  2.494793E-16
5253.71795447921  2.403029E-16
5255.74347908372  2.472553E-16
5257.76864902713  2.707400E-16
5259.79346579158  2.527320E-16
5261.81793085922  2.568352E-16
5263.84204571222  2.277033E-16
5265.86581183273  2.552574E-16
5267.88923070291  2.630897E-16
5269.9123038049  2.815330E-16
5271.93503262087  2.660559E-16
5273.95741863297  2.536001E-16
5275.97946332336  2.685418E-16
5278.00116817419  2.625204E-16
5280.02253466761  2.586148E-16
5282.04356428578  2.732767E-16
5284.06425851087  2.655207E-16
5286.08461882501  2.812033E-16
5288.10464671037  2.550937E-16
5290.12434364911  2.850106E-16
5292.14371112337  2.566365E-16
5294.16275061532  2.503172E-16
5296.1814636071  2.511879E-16
5298.19985158088  2.414431E-16
5300.21791601881  2.944575E-16
5302.23565840305  2.624100E-16
5304.25308021574  2.572457E-16
5306.27018293905  2.514643E-16
5308.28696805513  2.691344E-16
5310.30343704613  2.607642E-16
5312.31959139422  2.738691E-16
5314.33543258154  2.533827E-16
5316.35096209025  2.570154E-16
5318.36618140251  2.771354E-16
5320.38109200048  2.516191E-16
5322.3956953663  2.535761E-16
5324.40999298213  2.845414E-16
5326.42398633013  2.775521E-16
5328.43767689246  2.661420E-16
5330.45106615126  2.593372E-16
5332.46415558869  2.968318E-16
5334.47694668692  2.699991E-16
5336.48944092809  2.575792E-16
5338.50163979436  2.790831E-16
5340.51354476789  2.514456E-16
5342.52515733082  2.690525E-16
5344.53647896533  2.702541E-16
5346.54751115355  2.828516E-16
5348.55825537765  3.023368E-16
5350.56871311978  2.774292E-16
5352.5788858621  2.799101E-16
5354.58877508676  2.766110E-16
5356.59838227591  2.979353E-16
5358.60770891172  3.085741E-16
5360.61675647634  2.908635E-16
5362.62552645192  2.970918E-16
5364.63402032062  2.649224E-16
5366.64223956459  3.086069E-16
5368.650185666  3.014071E-16
5370.65786010698  2.813078E-16
5372.66526436971  2.992151E-16
5374.67239993633  3.073570E-16
5376.679268289  3.063130E-16
5378.68587090988  2.635005E-16
5380.69220928112  3.032016E-16
5382.69828488488  2.962256E-16
5384.7040992033  3.072192E-16
5386.70965371855  3.007161E-16
5388.71494991279  3.190247E-16
5390.71998926816  3.259754E-16
5392.72477326683  3.243082E-16
5394.72930339094  3.019205E-16
5396.73358112266  3.338728E-16
5398.73760794413  2.936253E-16
5400.74138533752  3.141683E-16
5402.74491478498  3.261018E-16
5404.74819776866  3.096779E-16
5406.75123577072  3.280626E-16
5408.75403027332  3.174595E-16
5410.75658275861  3.380673E-16
5412.75889470874  3.120595E-16
5414.76096760587  3.412850E-16
5416.76280293216  3.473337E-16
5418.76440216976  3.272826E-16
5420.76576680083  3.715146E-16
5422.76689830752  3.611205E-16
5424.76779817199  3.594994E-16
5426.76846787639  3.608015E-16
5428.76890890287  3.259663E-16
5430.7691227336  3.593958E-16
5432.76911085073  3.543890E-16
5434.76887473642  3.432947E-16
5436.76841587281  3.539760E-16
5438.76773574206  3.518325E-16
5440.76683582634  3.664097E-16
5442.76571760779  3.697636E-16
5444.76438256857  3.683760E-16
5446.76283219084  3.769004E-16
5448.76106795674  3.412096E-16
5450.75909134844  3.452251E-16
5452.7569038481  3.415005E-16
5454.75450693786  3.548033E-16
5456.75190209988  3.444036E-16
5458.74909081632  3.571376E-16
5460.74607456934  3.580646E-16
5462.74285484108  3.408232E-16
5464.7394331137  3.498852E-16
5466.73581086936  3.728602E-16
5468.73198959022  3.459953E-16
5470.72797075842  3.630946E-16
5472.72375585613  3.609654E-16
5474.7193463655  3.577176E-16
5476.71474376868  3.635574E-16
5478.70994954783  3.493241E-16
5480.70496518511  3.527986E-16
5482.69979216267  3.591320E-16
5484.69443196267  3.837168E-16
5486.68888606725  3.632379E-16
5488.68315595859  3.579001E-16
5490.67724311882  3.277122E-16
5492.67114903011  3.452121E-16
5494.66487517462  3.616581E-16
5496.65842303449  3.402346E-16
5498.65179409189  3.499582E-16
5500.64498982896  3.594961E-16
5502.63801172787  3.586076E-16
5504.63086127076  3.291891E-16
5506.6235399398  3.555858E-16
5508.61604921714  3.393034E-16
5510.60839058494  3.405156E-16
5512.60056552534  3.337976E-16
5514.59257552051  3.583371E-16
5516.5844220526  3.448163E-16
5518.57610660377  3.477276E-16
5520.56763065616  3.774995E-16
5522.55899569195  3.249153E-16
5524.55020319327  3.531159E-16
5526.5412546423  3.155310E-16
5528.53215152117  3.718189E-16
5530.52289531205  3.683234E-16
5532.5134874971  3.580116E-16
5534.50392955846  3.510126E-16
5536.4942229783  3.449558E-16
5538.48436923877  3.300326E-16
5540.47436982202  3.567729E-16
5542.46422621021  3.271456E-16
5544.45393988549  3.427526E-16
5546.44351233003  3.339999E-16
5548.43294502597  3.190461E-16
5550.42223945547  3.416816E-16
5552.41139710068  3.570969E-16
5554.40041944377  3.335732E-16
5556.38930796689  3.316805E-16
5558.37806415218  3.173358E-16
5560.36668948181  3.505176E-16
5562.35518543794  3.223874E-16
5564.34355350271  3.133709E-16
5566.33179515829  3.333304E-16
5568.31991188682  2.984779E-16
5570.30790517046  3.098058E-16
5572.29577649138  2.785835E-16
5574.28352733172  3.494726E-16
5576.27115917364  3.069845E-16
5578.25867349929  2.729873E-16
5580.24607179084  2.748449E-16
5582.23335553042  2.896420E-16
5584.22052620021  2.745938E-16
5586.20758528236  2.889086E-16
5588.19453425902  2.916857E-16
5590.18137461234  2.898942E-16
5592.16810782448  2.831792E-16
5594.1547353776  2.638305E-16
5596.14125875385  2.547485E-16
5598.1276794354  2.445062E-16
5600.11399890438  2.591815E-16
5602.10021864296  2.455634E-16
5604.08634013329  2.331747E-16
5606.07236485754  2.375706E-16
5608.05829429785  2.344247E-16
5610.04412993637  2.343616E-16
5612.02987325527  2.362290E-16
5614.01552573671  2.253400E-16
5616.00108886282  2.506260E-16
5617.98656411578  2.294686E-16
5619.97195297773  2.307470E-16
5621.95725693083  2.285282E-16
5623.94247745724  2.268574E-16
5625.92761603911  1.928600E-16
5627.9126741586  2.090452E-16
5629.89765329786  2.006930E-16
5631.88255493905  2.252515E-16
5633.86738056432  2.332345E-16
5635.85213165583  2.087379E-16
5637.83680969573  2.261428E-16
5639.82141616618  2.056924E-16
5641.80595254934  2.152242E-16
5643.79042032735  2.219678E-16
5645.77482098238  2.004353E-16
5647.75915599658  2.150763E-16
5649.7434268521  2.112526E-16
5651.7276350311  2.074681E-16
5653.71178201574  2.132267E-16
5655.69586928817  2.096786E-16
5657.67989833054  2.186123E-16
5659.66387062502  2.171481E-16
5661.64778765376  2.272116E-16
5663.6316508989  2.243645E-16
5665.61546184262  2.237959E-16
5667.59922196705  2.157189E-16
5669.58293275437  2.345519E-16
5671.56659568671  2.151915E-16
5673.55021224625  2.212949E-16
5675.53378391513  2.471441E-16
5677.51731217551  2.225039E-16
5679.50079850954  2.229259E-16
5681.48424439938  2.307020E-16
5683.46765132719  2.503594E-16
5685.45102077512  2.103678E-16
5687.43435422532  2.206714E-16
5689.41765315996  2.205231E-16
5691.40091906118  2.151553E-16
5693.38415341114  2.237511E-16
5695.367357692  2.182261E-16
5697.35053338591  2.441086E-16
5699.33368197503  2.408022E-16
5701.31680494151  2.377787E-16
5703.29990376751  2.476767E-16
5705.28297993518  2.580138E-16
5707.26603492668  2.271372E-16
5709.24907022417  2.656941E-16
5711.23208730979  2.501318E-16
5713.21508766571  2.692414E-16
5715.19807277407  2.631716E-16
5717.18104411705  2.500335E-16
5719.16400317678  2.698636E-16
5721.14695143543  2.582197E-16
5723.12989037514  2.619052E-16
5725.11282147809  2.392544E-16
5727.09574622642  2.706448E-16
5729.07866610228  2.623636E-16
5731.06158258783  2.468748E-16
5733.04449716523  2.337768E-16
5735.02741131664  2.625099E-16
5737.0103265242  2.474132E-16
5738.99324427008  2.580857E-16
5740.97616603642  2.544430E-16
5742.95909330539  2.695330E-16
5744.94202755913  2.338315E-16
5746.92497027981  2.658548E-16
5748.90792294958  2.715196E-16
5750.8908870506  2.508316E-16
5752.87386406501  2.522872E-16
5754.85685547499  2.588171E-16
5756.83986276267  2.635225E-16
5758.82288741021  2.660107E-16
5760.80593089978  2.405739E-16
5762.78899471353  2.413641E-16
5764.7720803336  2.342843E-16
5766.75518924217  2.331476E-16
5768.73832291924  2.388578E-16
5770.72148239205  2.221970E-16
5772.70466767762  2.377579E-16
5774.68787865627  2.533977E-16
5776.67111520833  2.482154E-16
5778.65437721412  2.410588E-16
5780.63766455396  2.156550E-16
5782.62097710819  2.504571E-16
5784.60431475712  2.383912E-16
5786.58767738108  2.275696E-16
5788.5710648604  2.214148E-16
5790.5544770754  2.365582E-16
5792.5379139064  2.359106E-16
5794.52137523373  2.067497E-16
5796.50486093772  2.159824E-16
5798.48837089869  1.953201E-16
5800.47190499696  2.230974E-16
5802.45546311287  2.006214E-16
5804.43904512673  2.073136E-16
5806.42265091886  1.945134E-16
5808.40628036961  2.095856E-16
5810.38993335928  2.063134E-16
5812.3736097682  1.980026E-16
5814.35730947671  2.127825E-16
5816.34103236511  1.821305E-16
5818.32477831375  2.086081E-16
5820.30854720294  2.039445E-16
5822.29233891301  2.103464E-16
5824.27615332429  1.994510E-16
5826.25999031709  2.116303E-16
5828.24384977174  1.823144E-16
5830.22773156858  1.838671E-16
5832.21163558791  1.997983E-16
5834.19556171007  1.888226E-16
5836.17950981539  2.121023E-16
5838.16347978418  2.033684E-16
5840.14747149678  2.001559E-16
5842.1314848335  2.300626E-16
5844.11551967468  2.003846E-16
5846.09957590063  2.118210E-16
5848.08365339169  2.093885E-16
5850.06775202817  1.944385E-16
5852.05187169041  2.163272E-16
5854.03601225872  2.120356E-16
5856.02017361343  2.115152E-16
5858.00435563487  2.420375E-16
5859.98855820336  2.312219E-16
5861.97278119922  2.300243E-16
5863.95702450279  2.628966E-16
5865.94128799438  2.254422E-16
5867.92557155433  2.491072E-16
5869.90987506295  2.259857E-16
5871.89419840057  2.463182E-16
5873.87854144751  2.408272E-16
5875.86290408411  2.684682E-16
5877.84728619068  2.338764E-16
5879.83168764755  2.508041E-16
5881.81610833505  2.660653E-16
5883.8005481335  2.433505E-16
5885.78500692322  2.704196E-16
5887.76948458454  2.363803E-16
5889.75398099779  2.503605E-16
5891.73849604328  2.584356E-16
5893.72302960135  2.553178E-16
5895.70758155232  2.642564E-16
5897.69215177651  2.476564E-16
5899.67674015426  2.961201E-16
5901.66134656587  2.827436E-16
5903.64597089169  3.114321E-16
5905.63061301202  2.821879E-16
5907.61527280721  2.909294E-16
5909.59995015757  2.835421E-16
5911.58464494343  3.003068E-16
5913.56935704511  3.336428E-16
5915.55408634294  2.957863E-16
5917.53883271724  2.836417E-16
5919.52359604834  3.014835E-16
5921.50837621656  3.121848E-16
5923.49317310223  3.177560E-16
5925.47798658568  3.049946E-16
5927.46281654722  2.963518E-16
5929.44766286718  3.099805E-16
5931.43252542589  2.908044E-16
5933.41740410367  3.118103E-16
5935.40229878085  3.201363E-16
5937.38720933774  2.942446E-16
5939.37213565469  2.985584E-16
5941.35707761201  3.101406E-16
5943.34203509002  3.019995E-16
5945.32700796906  3.097542E-16
5947.31199612944  2.806957E-16
5949.29699945149  3.058789E-16
5951.28201781554  3.146502E-16
5953.26705110191  3.131375E-16
5955.25209919092  3.081366E-16
5957.23716196291  3.062201E-16
5959.22223929819  2.981489E-16
5961.20733107709  2.935201E-16
5963.19243717994  3.054861E-16
5965.17755748705  2.988435E-16
5967.16269187876  3.015559E-16
5969.14784023539  2.941039E-16
5971.13300243727  3.023855E-16
5973.11817836471  3.095113E-16
5975.10336789805  3.139428E-16
5977.08857091761  3.046828E-16
5979.07378730372  3.237954E-16
5981.05901693669  3.023406E-16
5983.04425969686  2.741217E-16
5985.02951546454  3.123491E-16
5987.01478412007  3.209561E-16
5989.00006554377  3.085945E-16
5990.98535961596  3.052053E-16
5992.97066621697  3.015819E-16
5994.95598522712  3.010328E-16
5996.94131652674  3.195860E-16
5998.92665999615  2.967484E-16
6000.91201551569  2.850002E-16
6002.89738296566  2.910614E-16
6004.8827622264  3.024716E-16
6006.86815317824  2.828539E-16
6008.85355570149  2.851717E-16
6010.83896967648  3.110577E-16
6012.82439498354  3.293117E-16
6014.809831503  2.958843E-16
6016.79527911517  2.928516E-16
6018.78073770038  2.801950E-16
6020.76620713896  3.087600E-16
6022.75168731123  2.873872E-16
6024.73717809752  3.050091E-16
6026.72267937815  3.188282E-16
6028.70819103344  3.018659E-16
6030.69371294373  3.066514E-16
6032.67924498933  2.854767E-16
6034.66478705058  3.011658E-16
6036.65033900778  2.755559E-16
6038.63590074129  3.069597E-16
6040.6214721314  2.802386E-16
6042.60705305846  3.080451E-16
6044.59264340278  3.019696E-16
6046.57824304469  2.874625E-16
6048.56385186451  2.951417E-16
6050.54946974258  2.672429E-16
6052.53509655921  3.038973E-16
6054.52073219473  2.819623E-16
6056.50637652947  2.867814E-16
6058.49202944374  3.031026E-16
6060.47769081788  3.042103E-16
6062.46336053221  3.060167E-16
6064.44903846705  2.990432E-16
6066.43472450273  3.069767E-16
6068.42041851958  3.126415E-16
6070.40612039791  2.812336E-16
6072.39183001806  2.826774E-16
6074.37754726035  2.922911E-16
6076.3632720051  2.619134E-16
6078.34900413264  2.867720E-16
6080.33474352329  2.854315E-16
6082.32049005738  2.978510E-16
6084.30624361523  2.803951E-16
6086.29200407717  2.853724E-16
6088.27777132352  2.711895E-16
6090.26354523461  2.900491E-16
6092.24932569076  2.667425E-16
6094.23511257231  2.914756E-16
6096.22090575956  2.776099E-16
6098.20670513285  2.718923E-16
6100.1925105725  2.748775E-16
6102.17832195884  2.654756E-16
6104.16413917219  2.756603E-16
6106.14996209287  2.893061E-16
6108.13579060122  2.798350E-16
6110.12162457756  2.594967E-16
6112.1074639022  2.971675E-16
6114.09330845549  2.634394E-16
6116.07915811773  2.818906E-16
6118.06501276926  2.936149E-16
6120.0508722904  2.518273E-16
6122.03673656147  2.543380E-16
6124.02260546281  2.696589E-16
6126.00847887473  2.611102E-16
6127.99435667756  2.483120E-16
6129.98023875163  2.778768E-16
6131.96612497726  2.691861E-16
6133.95201523477  2.592447E-16
6135.93790940449  2.612167E-16
6137.92380736675  2.516244E-16
6139.90970900187  2.715775E-16
6141.89561419017  2.509331E-16
6143.88152281198  2.386859E-16
6145.86743474762  2.385602E-16
6147.85334987743  2.665801E-16
6149.83926808171  2.421897E-16
6151.82518924081  2.569626E-16
6153.81111323504  2.549485E-16
6155.79703994473  2.583346E-16
6157.78296925021  2.609790E-16
6159.76890103179  2.658646E-16
6161.7548351698  2.501386E-16
6163.74077154457  2.585403E-16
6165.72671003643  2.518717E-16
6167.71265052569  2.522643E-16
6169.69859289269  2.573762E-16
6171.68453701774  2.625695E-16
6173.67048278118  2.403831E-16
6175.65643006333  2.610570E-16
6177.6423787445  2.561566E-16
6179.62832870504  2.646322E-16
6181.61427982525  2.599958E-16
6183.60023198548  2.374401E-16
6185.58618506603  2.361286E-16
6187.57213894724  2.779329E-16
6189.55809350944  2.575006E-16
6191.54404863294  2.691354E-16
6193.53000419807  2.568561E-16
6195.51596008516  2.504334E-16
6197.50191617453  2.562385E-16
6199.4878723465  2.484860E-16
6201.47382848141  2.761641E-16
6203.45978445957  2.600038E-16
6205.44574016131  2.815436E-16
6207.43169546696  2.355990E-16
6209.41765025684  2.699386E-16
6211.40360441127  2.711056E-16
6213.38955781059  2.701816E-16
6215.37551033511  2.668386E-16
6217.36146186516  2.614085E-16
6219.34741228106  2.802532E-16
6221.33336146315  2.528247E-16
6223.31930929174  2.613885E-16
6225.30525564716  2.648702E-16
6227.29120040973  2.785160E-16
6229.27714345978  2.714224E-16
6231.26308467764  2.644391E-16
6233.24902394362  2.774841E-16
6235.23496113806  2.844531E-16
6237.22089614128  2.806349E-16
6239.2068288336  2.665335E-16
6241.19275909535  2.508986E-16
6243.17868680686  2.672489E-16
6245.16461184844  2.675652E-16
6247.15053410042  2.688342E-16
6249.13645344314  2.658718E-16
6251.1223697569  2.670287E-16
6253.10828292205  2.593704E-16
6255.0941928189  2.649555E-16
6257.08009932777  2.446546E-16
6259.066002329  2.880083E-16
6261.0519017029  2.840184E-16
6263.03779732981  2.668740E-16
6265.02368909004  2.512259E-16
6267.00957686393  2.602208E-16
6268.99546053179  2.733214E-16
6270.98133997396  2.656717E-16
6272.96721507075  2.656648E-16
6274.95308570249  2.817188E-16
6276.93895174951  2.762542E-16
6278.92481309213  2.776787E-16
6280.91066961068  2.431205E-16
6282.89652118548  2.657224E-16
6284.88236769685  2.678895E-16
6286.86820902513  2.640269E-16
6288.85404505063  2.681739E-16
6290.83987565368  2.737256E-16
6292.82570071461  2.736446E-16
6294.81152011373  2.890691E-16
6296.79733373139  2.915057E-16
6298.78314144789  2.883752E-16
6300.76894314357  2.419743E-16
6302.75473869874  2.668603E-16
6304.74052799375  2.723525E-16
6306.7263109089  2.664681E-16
6308.71208732453  2.767435E-16
6310.69785712095  2.758355E-16
6312.6836201785  2.957186E-16
6314.6693763775  2.899341E-16
6316.65512559828  2.745082E-16
6318.64086772115  2.761137E-16
6320.62660262645  2.598876E-16
6322.61233019449  2.796134E-16
6324.59805030561  2.476153E-16
6326.58376284013  2.886862E-16
6328.56946767837  2.573004E-16
6330.55516470066  2.812015E-16
6332.54085378732  2.819447E-16
6334.52653481868  2.688587E-16
6336.51220767506  2.719602E-16
6338.49787223679  2.755527E-16
6340.4835283842  2.775318E-16
6342.4691759976  2.730210E-16
6344.45481495732  2.750007E-16
6346.44044514369  2.755151E-16
6348.42606643704  2.711112E-16
6350.41167871768  2.836355E-16
6352.39728186594  2.699874E-16
6354.38287576215  2.474681E-16
6356.36846028663  2.725658E-16
6358.3540353197  2.806660E-16
6360.3396007417  2.536711E-16
6362.32515643295  2.730006E-16
6364.31070227376  2.725497E-16
6366.29623814448  2.532914E-16
6368.28176392541  2.753624E-16
6370.26727949689  2.553192E-16
6372.25278473924  2.793834E-16
6374.23827953279  2.734635E-16
6376.22376375785  2.751588E-16
6378.20923729476  2.708973E-16
6380.19470002385  2.765940E-16
6382.18015182542  2.554589E-16
6384.16559257982  2.587731E-16
6386.15102216736  2.615245E-16
6388.13644046837  2.449830E-16
6390.12184736318  2.642776E-16
6392.1072427321  2.656186E-16
6394.09262645547  2.811725E-16
6396.07799841362  2.445893E-16
6398.06335848685  2.684212E-16
6400.0487065555  2.643109E-16
6402.0340424999  2.501666E-16
6404.01936620037  2.389961E-16
6406.00467753723  2.395878E-16
6407.9899763908  2.345577E-16
6409.97526264143  2.115992E-16
6411.96053616942  2.233915E-16
6413.9457968551  2.189138E-16
6415.9310445788  2.100954E-16
6417.91627922085  2.042627E-16
6419.90150066156  2.199502E-16
6421.88670878126  2.055307E-16
6423.87190346029  2.206160E-16
6425.85708457895  1.869077E-16
6427.84225201759  1.938537E-16
6429.82740565651  1.799865E-16
6431.81254537606  1.928756E-16
6433.79767105654  1.635895E-16
6435.78278257829  1.685860E-16
6437.76787982164  1.804423E-16
6439.7529626669  1.731256E-16
6441.7380309944  1.779674E-16
6443.72308468447  1.627714E-16
6445.70812361743  1.610235E-16
6447.6931476736  1.586616E-16
6449.67815673332  1.680461E-16
6451.66315067691  1.403052E-16
6453.64812938468  1.616738E-16
6455.63309273697  1.427374E-16
6457.6180406141  1.393036E-16
6459.6029728964  1.430395E-16
6461.58788946418  1.344788E-16
6463.57279019779  1.384268E-16
6465.55767497753  1.135455E-16
6467.54254368373  1.272018E-16
6469.52739619673  1.268613E-16
6471.51223239684  1.310695E-16
6473.4970521644  1.175794E-16
6475.48185537971  1.205344E-16
6477.46664192312  1.191390E-16
6479.45141167494  1.181721E-16
6481.4361645155  1.148572E-16
6483.42090032512  1.032681E-16
6485.40561898414  1.064777E-16
6487.39032037286  1.104875E-16
6489.37500437163  1.129444E-16
6491.35967086076  1.024898E-16
6493.34431972057  8.759415E-17
6495.32895083141  8.779096E-17
6497.31356407357  1.050894E-16
6499.29815932741  9.198546E-17
6501.28273647323  1.056647E-16
6503.26729539136  9.097462E-17
6505.25183596213  8.967331E-17
6507.23635806586  8.901593E-17
6509.22086158289  9.364401E-17
6511.20534639352  8.376980E-17
6513.18981237809  9.389304E-17
6515.17425941693  8.799707E-17
6517.15868739035  8.052884E-17
6519.14309617868  8.295045E-17
6521.12748566225  9.037142E-17
6523.11185572138  8.146187E-17
6525.0962062364  6.352253E-17
6527.08053708763  8.240469E-17
6529.06484815539  7.610871E-17
6531.04913932002  7.961285E-17
6533.03341046184  8.851044E-17
6535.01766146116  7.914529E-17
6537.00189219832  8.715478E-17
6538.98610255364  8.047635E-17
6540.97029240745  7.296351E-17
6542.95446164007  8.554345E-17
6544.93861013182  7.500895E-17
6546.92273776303  8.823674E-17
6548.90684441403  8.374864E-17
6550.89092996514  9.160641E-17
6552.87499429668  9.129717E-17
6554.85903728899  9.206401E-17
6556.84305882237  8.983886E-17
6558.82705877717  8.903998E-17
6560.8110370337  9.036197E-17
6562.7949934723  8.564118E-17
6564.77892797327  9.667171E-17
6566.76284041696  1.059495E-16
6568.74673068368  1.022159E-16
6570.73059865375  9.115349E-17
6572.71444420752  9.805883E-17
6574.69826722647  1.033869E-16
6576.68206763819  1.238581E-16
6578.66584543009  1.030873E-16
6580.64960059358  9.337956E-17
6582.63333312006  1.101156E-16
6584.61704300095  1.282917E-16
6586.60073022765  1.233554E-16
6588.58439479159  1.124314E-16
6590.56803668415  1.211906E-16
6592.55165589676  1.267069E-16
6594.53525242083  1.299227E-16
6596.51882624776  1.366632E-16
6598.50237736896  1.341241E-16
6600.48590577585  1.373106E-16
6602.46941145983  1.420662E-16
6604.45289441231  1.613022E-16
6606.43635462471  1.494431E-16
6608.41979208843  1.544370E-16
6610.40320679488  1.498254E-16
6612.38659873548  1.655821E-16
6614.36996790162  1.525066E-16
6616.35331428473  1.803848E-16
6618.3366378762  1.650110E-16
6620.31993866746  1.578490E-16
6622.30321664991  1.639819E-16
6624.28647181496  1.871677E-16
6626.26970415402  1.731876E-16
6628.2529136585  1.823246E-16
6630.2361003198  2.032210E-16
6632.21926412935  1.784114E-16
6634.20240507854  1.675127E-16
6636.18552315879  1.815754E-16
6638.16861836151  1.781020E-16
6640.15169067811  1.919004E-16
6642.13474009999  1.959187E-16
6644.11776661858  1.984072E-16
6646.10077022527  2.012304E-16
6648.08375091147  2.067866E-16
6650.0667086686  1.920787E-16
6652.04964348807  2.036829E-16
6654.03255536128  2.083579E-16
6656.01544427964  2.158340E-16
6657.99831023457  2.065114E-16
6659.98115321748  2.241047E-16
6661.96397321977  2.186051E-16
6663.94677023285  2.144412E-16
6665.92954424814  2.251810E-16
6667.91229525704  2.224114E-16
6669.89502325096  2.145684E-16
6671.87772822132  2.062558E-16
6673.86041015952  2.088650E-16
6675.84306905697  2.197424E-16
6677.82570490508  2.485951E-16
6679.80831769526  2.143740E-16
6681.79090741892  2.272185E-16
6683.77347406748  2.465954E-16
6685.75601763233  2.381311E-16
6687.7385381049  2.371529E-16
6689.72103547659  2.529271E-16
6691.7035097388  2.285458E-16
6693.68596088295  2.356921E-16
6695.66838890046  2.287185E-16
6697.65079378272  2.481291E-16
6699.63317552115  2.434307E-16
6701.61553410715  2.393556E-16
6703.59786953215  2.285856E-16
6705.58018178754  2.407853E-16
6707.56247086474  2.349641E-16
6709.54473675515  2.371549E-16
6711.52697945019  2.458015E-16
6713.50919894127  2.364698E-16
6715.4913952198  2.688840E-16
6717.47356827717  2.316321E-16
6719.45571810482  2.478464E-16
6721.43784469414  2.551064E-16
6723.41994803654  2.581699E-16
6725.40202812344  2.376348E-16
6727.38408494624  2.446208E-16
6729.36611849635  2.512494E-16
6731.34812876519  2.566149E-16
6733.33011574416  2.548394E-16
6735.31207942467  2.376568E-16
6737.29401979814  2.553459E-16
6739.27593685597  2.363001E-16
6741.25783058957  2.362428E-16
6743.23970099035  2.347983E-16
6745.22154804972  2.492526E-16
6747.20337175909  2.344399E-16
6749.18517210988  2.535398E-16
6751.16694909348  2.400259E-16
6753.14870270131  2.477066E-16
6755.13043292479  2.414230E-16
6757.11213975531  2.469510E-16
6759.09382318429  2.551628E-16
6761.07548320314  2.335074E-16
6763.05711980326  2.325272E-16
6765.03873297608  2.502894E-16
6767.02032271299  2.307732E-16
6769.00188900542  2.456236E-16
6770.98343184475  2.311275E-16
6772.96495122242  2.402835E-16
6774.94644712982  2.418324E-16
6776.92791955836  2.541465E-16
6778.90936849947  2.478271E-16
6780.89079394453  2.475316E-16
6782.87219588498  2.337080E-16
6784.8535743122  2.449244E-16
6786.83492921763  2.368154E-16
6788.81626059265  2.416986E-16
6790.7975684287  2.418551E-16
6792.77885271716  2.360045E-16
6794.76011344946  2.418707E-16
6796.741350617  2.425735E-16
6798.72256421119  2.513904E-16
6800.70375422345  2.202067E-16
6802.68492064517  2.372390E-16
6804.66606346778  2.296101E-16
6806.64718268268  2.309885E-16
6808.62827828129  2.342109E-16
6810.609350255  2.142069E-16
6812.59039859523  2.282323E-16
6814.57142329339  2.391562E-16
6816.5524243409  2.399853E-16
6818.53340172915  2.160460E-16
6820.51435544956  2.485602E-16
6822.49528549354  2.117071E-16
6824.4761918525  2.245742E-16
6826.45707451785  2.236550E-16
6828.437933481  2.086418E-16
6830.41876873335  2.052584E-16
6832.39958026632  2.090535E-16
6834.38036807132  2.052732E-16
6836.36113213975  1.961875E-16
6838.34187246304  2.139199E-16
6840.32258903257  2.248764E-16
6842.30328183977  2.074831E-16
6844.28395087606  2.282938E-16
6846.26459613282  2.204000E-16
6848.24521760148  2.138436E-16
6850.22581527344  2.175177E-16
6852.20638914012  2.204999E-16
6854.18693919292  1.979230E-16
6856.16746542325  2.291144E-16
6858.14796782253  2.146298E-16
6860.12844638216  2.195893E-16
6862.10890109356  2.356080E-16
6864.08933194812  2.067303E-16
6866.06973893728  2.007536E-16
6868.05012205242  2.012156E-16
6870.03048128496  2.050329E-16
6872.01081662631  2.146328E-16
6873.99112806789  1.909751E-16
6875.97141560109  2.113882E-16
6877.95167921734  2.223472E-16
6879.93191890803  2.058394E-16
6881.91213466458  2.182235E-16
6883.89232647841  2.193840E-16
6885.87249434091  2.301988E-16
6887.8526382435  2.017468E-16
6889.83275817759  1.971151E-16
6891.81285413459  1.965850E-16
6893.79292610591  1.975510E-16
6895.77297408295  2.184123E-16
6897.75299805713  2.159698E-16
6899.73299801985  1.782571E-16
6901.71297396254  2.016932E-16
6903.69292587659  1.967011E-16
6905.67285375341  1.850323E-16
6907.65275758443  1.961384E-16
6909.63263736103  2.110973E-16
6911.61249307464  1.938088E-16
6913.59232471667  1.987896E-16
6915.57213227852  1.933619E-16
6917.5519157516  2.014693E-16
6919.53167512733  1.855318E-16
6921.51141039711  2.220197E-16
6923.49112155236  1.904161E-16
6925.47080858447  1.981616E-16
6927.45047148488  2.025002E-16
6929.43011024497  1.883222E-16
6931.40972485616  2.098462E-16
6933.38931530987  1.896685E-16
6935.36888159749  1.923483E-16
6937.34842371045  1.994523E-16
6939.32794164015  1.721300E-16
6941.307435378  1.946520E-16
6943.2869049154  1.987551E-16
6945.26635024378  2.102126E-16
6947.24577135454  1.820717E-16
6949.22516823908  1.831159E-16
6951.20454088883  1.793972E-16
6953.18388929518  1.720998E-16
6955.16321344956  1.938802E-16
6957.14251334335  1.890049E-16
6959.12178896799  1.887304E-16
6961.10104031488  1.730830E-16
6963.08026737542  1.780785E-16
6965.05947014102  1.868603E-16
6967.03864860311  1.947675E-16
6969.01780275308  1.859494E-16
6970.99693258234  1.770729E-16
6972.97603808231  1.842395E-16
6974.9551192444  1.844647E-16
6976.93417606001  1.789174E-16
6978.91320852055  1.780186E-16
6980.89221661744  1.780034E-16
6982.87120034209  1.692819E-16
6984.85015968589  1.726786E-16
6986.82909464027  1.703348E-16
6988.80800519663  1.814610E-16
6990.78689134639  1.740285E-16
6992.76575308094  1.836062E-16
6994.74459039171  1.812533E-16
6996.7234032701  1.767553E-16
6998.70219170752  1.775001E-16
7000.68095569538  1.771679E-16
7002.6596952251  1.850330E-16
7004.63841028807  1.820037E-16
7006.61710087571  1.727476E-16
7008.59576697944  1.839204E-16
7010.57440859065  1.705569E-16
7012.55302570076  1.674995E-16
7014.53161830118  1.795669E-16
7016.51018638332  1.775673E-16
7018.48872993859  1.610423E-16
7020.46724895839  1.813651E-16
7022.44574343414  1.727789E-16
7024.42421335725  1.759562E-16
7026.40265871913  1.770280E-16
7028.38107951118  1.718101E-16
7030.35947572482  1.654483E-16
7032.33784735146  1.613657E-16
7034.3161943825  1.781135E-16
7036.29451680935  1.621739E-16
7038.27281462344  1.689849E-16
7040.25108781615  1.647443E-16
7042.22933637891  1.577267E-16
7044.20756030313  1.563082E-16
7046.18575958021  1.664044E-16
7048.16393420156  1.770452E-16
7050.14208415859  1.512510E-16
7052.12020944272  1.718652E-16
7054.09831004535  1.567318E-16
7056.0763859579  1.568641E-16
7058.05443717176  1.693874E-16
7060.03246367836  1.708756E-16
7062.0104654691  1.713895E-16
7063.98844253538  1.594935E-16
7065.96639486863  1.716506E-16
7067.94432246025  1.765814E-16
7069.92222530165  1.443657E-16
7071.90010338424  1.721646E-16
7073.87795669943  1.661157E-16
7075.85578523863  1.598205E-16
7077.83358899325  1.653831E-16
7079.81136795469  1.603313E-16
7081.78912211438  1.672448E-16
7083.76685146371  1.544521E-16
7085.7445559941  1.503945E-16
7087.72223569695  1.667486E-16
7089.69989056369  1.487617E-16
7091.67752058571  1.540664E-16
7093.65512575443  1.683757E-16
7095.63270606125  1.664956E-16
7097.61026149759  1.625741E-16
7099.58779205485  1.517923E-16
7101.56529772445  1.527836E-16
7103.54277849779  1.522655E-16
7105.52023436629  1.642276E-16
7107.49766532135  1.635917E-16
7109.47507135439  1.714743E-16
7111.45245245681  1.602654E-16
7113.42980862002  1.636449E-16
7115.40713983544  1.458432E-16
7117.38444609447  1.696496E-16
7119.36172738852  1.523061E-16
7121.338983709  1.626417E-16
7123.31621504733  1.641070E-16
7125.2934213949  1.415794E-16
7127.27060274314  1.492191E-16
7129.24775908345  1.523625E-16
7131.22489040724  1.378141E-16
7133.20199670591  1.508380E-16
7135.17907797089  1.540248E-16
7137.15613419358  1.402521E-16
7139.13316536538  1.365876E-16
7141.11017147772  1.536570E-16
7143.087152522  1.449815E-16
7145.06410848962  1.515512E-16
7147.041039372  1.564998E-16
7149.01794516055  1.501188E-16
7150.99482584667  1.483666E-16
7152.97168142179  1.468282E-16
7154.9485118773  1.592306E-16
7156.92531720461  1.515199E-16
7158.90209739514  1.527739E-16
7160.8788524403  1.455369E-16
7162.85558233149  1.462162E-16
7164.83228706013  1.525187E-16
7166.80896661763  1.494499E-16
7168.78562099538  1.499449E-16
7170.76225018481  1.517092E-16
7172.73885417733  1.466035E-16
7174.71543296434  1.348433E-16
7176.69198653725  1.345694E-16
7178.66851488748  1.439631E-16
7180.64501800643  1.430394E-16
7182.62149588551  1.468554E-16
7184.59794851613  1.455661E-16
7186.5743758897  1.407421E-16
7188.55077799764  1.429265E-16
7190.52715483135  1.299992E-16
7192.50350638223  1.438787E-16
7194.47983264171  1.414001E-16
7196.45613360119  1.390939E-16
7198.43240925208  1.193963E-16
7200.40865958579  1.334967E-16
7202.38488459372  1.386380E-16
7204.3610842673  1.411419E-16
7206.33725859793  1.278711E-16
7208.31340757701  1.331992E-16
7210.28953119596  1.321057E-16
7212.26562944619  1.475849E-16
7214.2417023191  1.384827E-16
7216.21774980612  1.349242E-16
7218.19377189864  1.412569E-16
7220.16976858807  1.337129E-16
7222.14573986584  1.354826E-16
7224.12168572334  1.235155E-16
7226.09760615198  1.333599E-16
7228.07350114318  1.208937E-16
7230.04937068834  1.370568E-16
7232.02521477888  1.250351E-16
7234.0010334062  1.192883E-16
7235.97682656172  1.549443E-16
7237.95259423684  1.256310E-16
7239.92833642298  1.277988E-16
7241.90405311153  1.431419E-16
7243.87974429392  1.406878E-16
7245.85540996155  1.348183E-16
7247.83105010584  1.269838E-16
7249.80666471818  1.210747E-16
7251.78225379  1.288954E-16
7253.7578173127  1.361202E-16
7255.73335527769  1.324657E-16
7257.70886767638  1.276545E-16
7259.68435450018  1.352763E-16
7261.6598157405  1.386206E-16
7263.63525138875  1.154287E-16
7265.61066143634  1.314320E-16
7267.58604587468  1.290964E-16
7269.56140469517  1.281754E-16
7271.53673788924  1.403647E-16
7273.51204544828  1.293465E-16
7275.48732736371  1.126356E-16
7277.46258362694  1.011042E-16
7279.43781422938  1.079082E-16
7281.41301916243  1.324353E-16
7283.38819841751  1.335372E-16
7285.36335198602  1.291865E-16
7287.33847985938  1.290291E-16
7289.313582029  1.117561E-16
7291.28865848628  1.173324E-16
7293.26370922264  1.413853E-16
7295.23873422948  1.241217E-16
7297.21373349821  1.289641E-16
7299.18870702025  1.146611E-16
7301.16365478701  1.440665E-16
7303.13857678988  1.255104E-16
7305.1134730203  1.345488E-16
7307.08834346965  1.231617E-16
7309.06318812935  1.082927E-16
7311.03800699082  1.307363E-16
7313.01280004546  1.261310E-16
7314.98756728468  1.256625E-16
7316.96230869989  1.102512E-16
7318.9370242825  1.285279E-16
7320.91171402393  1.242810E-16
7322.88637791557  1.228286E-16
7324.86101594884  1.255065E-16
7326.83562811516  1.221019E-16
7328.81021440592  1.209789E-16
7330.78477481254  1.383333E-16
7332.75930932643  1.095954E-16
7334.733817939  1.300355E-16
7336.70830064166  1.359616E-16
7338.68275742581  1.348081E-16
7340.65718828287  9.889532E-17
7342.63159320425  1.218977E-16
7344.60597218136  1.003393E-16
7346.5803252056  1.186112E-16
7348.55465226839  1.121789E-16
7350.52895336114  1.094770E-16
7352.50322847525  1.123014E-16
7354.47747760213  1.169426E-16
7356.4517007332  1.245834E-16
7358.42589785987  1.124007E-16
7360.40006897354  1.111721E-16
7362.37421406562  1.204054E-16
7364.34833312753  1.210939E-16
7366.32242615067  1.178128E-16
7368.29649312646  1.262583E-16
7370.2705340463  1.260847E-16
7372.2445489016  1.281345E-16
7374.21853768377  1.223095E-16
7376.19250038422  1.260593E-16
7378.16643699311  1.125230E-16
7380.14034748182  1.145872E-16
7382.11423180726  1.262640E-16
7384.08808992599  1.068342E-16
7386.06192179455  1.220670E-16
7388.03572736951  1.136616E-16
7390.00950660741  1.181628E-16
7391.98325946479  1.241253E-16
7393.95698589822  1.128446E-16
7395.93068586424  1.050005E-16
7397.9043593194  1.200014E-16
7399.87800622025  1.256095E-16
7401.85162652335  1.219624E-16
7403.82522018524  1.239606E-16
7405.79878716248  1.211134E-16
7407.77232741161  1.035250E-16
7409.74584088919  1.132510E-16
7411.71932755177  1.109354E-16
7413.6927873559  1.109161E-16
7415.66622025813  1.076943E-16
7417.639626215  1.068584E-16
7419.61300518308  1.194214E-16
7421.58635711891  1.171985E-16
7423.55968197904  1.058915E-16
7425.53297972002  1.256793E-16
7427.50625029841  1.117988E-16
7429.47949367075  1.167003E-16
7431.4527097936  1.131653E-16
7433.4258986235  1.124077E-16
7435.39906011701  1.085660E-16
7437.37219423067  1.323070E-16
7439.34530092105  1.213089E-16
7441.31838014468  1.176578E-16
7443.29143185812  1.059404E-16
7445.26445601792  1.178463E-16
7447.23745258064  1.103209E-16
7449.21042150281  1.113343E-16
7451.183362741  1.149219E-16
7453.15627625175  1.149654E-16
7455.12916199161  1.036240E-16
7457.10201991714  1.154835E-16
7459.07484998488  1.094177E-16
7461.04765215139  1.127796E-16
7463.02042637322  1.170163E-16
7464.99317260691  1.081995E-16
7466.96589080902  1.070634E-16
7468.9385809361  1.144941E-16
7470.91124294471  1.177488E-16
7472.88387679138  1.167509E-16
7474.85648243267  1.041235E-16
7476.82905982513  1.114618E-16
7478.80160892532  1.127460E-16
7480.77412968978  1.142622E-16
7482.74662207507  1.126304E-16
7484.71908603772  1.157960E-16
7486.69152153431  1.186064E-16
7488.66392852137  1.097100E-16
7490.63630695546  1.117382E-16
7492.60865679313  1.077935E-16
7494.58097799092  1.253673E-16
7496.5532705054  1.116232E-16
7498.5255342931  1.108702E-16
7500.49776931059  9.705308E-17
7502.4699755144  1.097835E-16
7504.4421528611  1.077039E-16
7506.41430130723  1.126931E-16
7508.38642080934  1.083025E-16
7510.358511324  1.017130E-16
7512.33057280773  1.058412E-16
7514.3026052171  1.107050E-16
7516.27460850866  1.119994E-16
7518.24658263895  1.018494E-16
7520.21852756454  1.106613E-16
7522.19044324196  1.050079E-16
7524.16232962777  1.149957E-16
7526.13418667852  1.105004E-16
7528.10601435076  1.019504E-16
7530.07781260105  1.123648E-16
7532.04958138593  1.009692E-16
7534.02132066194  9.964785E-17
7535.99303038566  1.119934E-16
7537.96471051362  1.106383E-16
7539.93636100237  1.128925E-16
7541.90798180847  1.034308E-16
7543.87957288847  1.139096E-16
7545.85113419891  1.157357E-16
7547.82266569636  1.049331E-16
7549.79416733735  1.041116E-16
7551.76563907844  9.944494E-17
7553.73708087618  1.011995E-16
7555.70849268713  1.067913E-16
7557.67987446782  1.197003E-16
7559.65122617482  1.102917E-16
7561.62254776468  1.099987E-16
7563.59383919393  1.112367E-16
7565.56510041915  1.030913E-16
7567.53633139686  1.200787E-16
7569.50753208364  1.241170E-16
7571.47870243602  1.010399E-16
7573.44984241056  1.094763E-16
7575.42095196381  1.014039E-16
7577.39203105232  1.098194E-16
7579.36307963263  1.110586E-16
7581.33409766131  1.124816E-16
7583.3050850949  1.165707E-16
7585.27604188995  1.053097E-16
7587.24696800302  1.044425E-16
7589.21786339065  1.071722E-16
7591.18872800939  9.775996E-17
7593.1595618158  1.087927E-16
7595.13036476643  1.238632E-16
7597.10113681782  1.130981E-16
7599.07187792653  1.009335E-16
7601.04258804911  7.462358E-17
7603.0132671421  9.075225E-17
7604.98391516207  1.098646E-16
7606.95453206556  1.120945E-16
7608.92511780911  1.093731E-16
7610.8956723493  8.979231E-17
7612.86619564265  1.052214E-16
7614.83668764573  1.091126E-16
7616.80714831508  9.977378E-17
7618.77757760725  9.036531E-17
7620.7479754788  9.883845E-17
7622.71834188628  1.097055E-16
7624.68867678623  1.190019E-16
7626.65898013521  1.104414E-16
7628.62925188977  8.711869E-17
7630.59949200647  1.039441E-16
7632.56970044184  1.213537E-16
7634.53987715243  9.620426E-17
7636.51002209482  1.171104E-16
7638.48013522553  9.946490E-17
7640.45021650113  1.017711E-16
7642.42026587816  1.029728E-16
7644.39028331317  9.768454E-17
7646.36026876272  9.660475E-17
7648.33022218336  9.803281E-17
7650.30014353163  1.020177E-16
7652.27003276409  1.132478E-16
7654.23988983729  9.624464E-17
7656.20971470778  1.066155E-16
7658.17950733211  1.028048E-16
7660.14926766682  9.837824E-17
7662.11899566848  7.552033E-17
7664.08869129363  9.339504E-17
7666.05835449883  1.036380E-16
7668.02798524061  1.120562E-16
7669.99758347554  9.367212E-17
7671.96714916016  9.540111E-17
7673.93668225103  9.610067E-17
7675.9061827047  1.004892E-16
7677.87565047771  9.988830E-17
7679.84508552662  9.885823E-17
7681.81448780798  8.794840E-17
7683.78385727834  1.023421E-16
7685.75319389425  1.163247E-16
7687.72249761226  9.516238E-17
7689.69176838891  9.289328E-17
7691.66100618078  9.925458E-17
7693.63021094439  8.622580E-17
7695.59938263631  9.525457E-17
7697.56852121308  1.000466E-16
7699.53762663126  9.778782E-17
7701.50669884739  8.018269E-17
7703.47573781803  8.626585E-17
7705.44474349973  1.097534E-16
7707.41371584903  1.022372E-16
7709.3826548225  1.075694E-16
7711.35156037667  9.764759E-17
7713.3204324681  8.770051E-17
7715.28927105335  1.169561E-16
7717.25807608895  1.177850E-16
7719.22684753147  8.603939E-17
7721.19558533745  9.668072E-17
7723.16428946345  9.924900E-17
7725.13295986601  1.001851E-16
7727.10159650168  9.687977E-17
7729.07019932702  9.999776E-17
7731.03876829858  1.042236E-16
7733.00730337291  8.260680E-17
7734.97580450655  9.632490E-17
7736.94427165606  1.068989E-16
7738.91270477799  9.073153E-17
7740.8811038289  9.985327E-17
7742.84946876532  9.181243E-17
7744.81779954382  9.800791E-17
7746.78609612093  9.102095E-17
7748.75435845322  9.347398E-17
7750.72258649724  9.272973E-17
7752.69078020953  8.042500E-17
7754.65893954665  1.061464E-16
7756.62706446514  8.843020E-17
7758.59515492156  8.840294E-17
7760.56321087245  1.064646E-16
7762.53123227438  9.275954E-17
7764.49921908389  8.610385E-17
7766.46717125752  1.005964E-16
7768.43508875184  1.078496E-16
7770.40297152338  9.617753E-17
7772.37081952871  9.449609E-17
7774.33863272438  9.538566E-17
7776.30641106692  8.904186E-17
7778.2741545129  8.870201E-17
7780.24186301887  8.618200E-17
7782.20953654137  9.283819E-17
7784.17717503696  8.575621E-17
7786.14477846218  1.042367E-16
7788.1123467736  7.594526E-17
7790.07987992775  9.844821E-17
7792.04737788119  8.106727E-17
7794.01484059047  8.875717E-17
7795.98226801215  7.575520E-17
7797.94966010276  7.755021E-17
7799.91701681887  9.948514E-17
7801.88433811702  8.986236E-17
7803.85162395376  9.128362E-17
7805.81887428565  9.709144E-17
7807.78608906924  8.036351E-17
7809.75326826107  7.843078E-17
7811.7204118177  8.430171E-17
7813.68751969567  8.732421E-17
7815.65459185155  8.784922E-17
7817.62162824187  1.042314E-16
7819.58862882319  1.065386E-16
7821.55559355207  9.417498E-17
7823.52252238504  8.280668E-17
7825.48941527867  6.411067E-17
7827.4562721895  9.193256E-17
7829.42309307408  8.912360E-17
7831.38987788897  9.356123E-17
7833.35662659071  8.665355E-17
7835.32333913586  8.451789E-17
7837.29001548096  1.002576E-16
7839.25665558258  8.568622E-17
7841.22325939724  8.635669E-17
7843.18982688152  9.234770E-17
7845.15635799196  7.519279E-17
7847.12285268511  9.660662E-17
7849.08931091752  8.852843E-17
7851.05573264574  8.718963E-17
7853.02211782632  7.480053E-17
7854.98846641582  6.888237E-17
7856.95477837078  7.987991E-17
7858.92105364775  8.573783E-17
7860.88729220329  7.872020E-17
7862.85349399395  7.648861E-17
7864.81965897627  7.377719E-17
7866.78578710681  7.561642E-17
7868.75187834212  8.144306E-17
7870.71793263874  8.314512E-17
7872.68394995324  7.991652E-17
7874.64993024216  8.050678E-17
7876.61587346205  7.467988E-17
7878.58177956946  7.763484E-17
7880.54764852094  8.227729E-17
7882.51348027305  6.676295E-17
7884.47927478233  6.956406E-17
7886.44503200533  9.179728E-17
7888.41075189861  6.654139E-17
7890.37643441872  6.935139E-17
7892.34207952221  6.855860E-17
7894.30768716562  8.723382E-17
7896.27325730551  6.234835E-17
7898.23878989843  7.090916E-17
7900.20428490093  6.615796E-17
7902.16974226956  7.920921E-17
7904.13516196087  6.291852E-17
7906.10054393141  7.181110E-17
7908.06588813774  7.967703E-17
7910.0311945364  8.203173E-17
7911.99646308395  7.601558E-17
7913.96169373693  8.312631E-17
7915.9268864519  6.378237E-17
7917.8920411854  5.722931E-17
7919.85715789399  5.233272E-17
7921.82223653422  9.247959E-17
7923.78727706263  8.037639E-17
7925.75227943579  5.936659E-17
7927.71724361024  6.419986E-17
7929.68216954253  5.294018E-17
7931.6470571892  6.131596E-17
7933.61190650683  5.500080E-17
7935.57671745194  5.889906E-17
7937.5414899811  6.423310E-17
7939.50622405086  6.436170E-17
7941.47091961776  7.114800E-17
7943.43557663835  6.639536E-17
7945.40019506919  7.222476E-17
7947.36477486683  6.786098E-17
7949.32931598782  5.880387E-17
7951.29381838871  7.181918E-17
7953.25828202605  6.145571E-17
7955.22270685639  5.702533E-17
7957.18709283628  5.998245E-17
7959.15143992227  6.353302E-17
7961.11574807091  7.418246E-17
7963.08001723876  4.680063E-17
7965.04424738236  6.357497E-17
7967.00843845827  4.251312E-17
7968.97259042303  5.661505E-17
7970.9367032332  5.842698E-17
7972.90077684533  5.692013E-17
7974.86481121596  5.946097E-17
7976.82880630166  5.841031E-17
7978.79276205896  5.754381E-17
7980.75667844442  4.531634E-17
7982.72055541459  5.870151E-17
7984.68439292603  5.705164E-17
7986.64819093528  6.613746E-17
7988.61194939889  7.077659E-17
7990.57566827341  5.623499E-17
7992.5393475154  7.224167E-17
7994.5029870814  6.800217E-17
7996.46658692798  6.228350E-17
7998.43014701166  5.665690E-17
8000.39366728901  4.947846E-17
8002.35714771659  5.568185E-17
8004.32058825093  6.743671E-17
8006.28398884859  7.126382E-17
8008.24734946612  6.798945E-17
8010.21067006008  7.038662E-17
8012.173950587  7.678234E-17
8014.13719100345  7.629135E-17
8016.10039126597  6.373932E-17
8018.06355133111  5.483127E-17
8020.02667115543  6.387200E-17
8021.98975069548  6.390515E-17
8023.9527899078  8.156549E-17
8025.91578874895  6.755836E-17
8027.87874717547  5.455582E-17
8029.84166514393  7.347239E-17
8031.80454261086  6.102285E-17
8033.76737953283  6.617111E-17
8035.73017586637  6.303484E-17
8037.69293156805  7.142722E-17
8039.65564659441  6.129152E-17
8041.618320902  6.848370E-17
8043.58095444738  6.289392E-17
8045.54354718708  6.196579E-17
8047.50609907768  7.451133E-17
8049.46861007571  6.308764E-17
8051.43108013773  6.510670E-17
8053.39350922028  7.082833E-17
8055.35589727992  6.253336E-17
8057.31824427321  5.909908E-17
8059.28055015668  7.645575E-17
8061.24281488689  6.837094E-17
8063.20503842039  8.366537E-17
8065.16722071373  5.467606E-17
8067.12936172347  6.152604E-17
8069.09146140615  7.550883E-17
8071.05351971832  7.441827E-17
8073.01553661654  7.262245E-17
8074.97751205736  5.495122E-17
8076.93944599732  7.885016E-17
8078.90133839297  6.856919E-17
8080.86318920088  6.302875E-17
8082.82499837758  6.203306E-17
8084.78676587963  6.778044E-17
8086.74849166359  7.353474E-17
8088.71017568599  6.861571E-17
8090.67181790339  7.730336E-17
8092.63341827235  7.570280E-17
8094.5949767494  6.453183E-17
8096.55649329112  7.123182E-17
8098.51796785403  7.939937E-17
8100.47940039471  7.646936E-17
8102.44079086968  7.600683E-17
8104.40213923551  7.792847E-17
8106.36344544875  6.416815E-17
8108.32470946595  7.087943E-17
8110.28593124366  6.734893E-17
8112.24711073843  7.004514E-17
8114.20824790681  6.712530E-17
8116.16934270534  7.636776E-17
8118.13039509059  7.696044E-17
8120.0914050191  7.456744E-17
8122.05237244743  7.135921E-17
8124.01329733212  8.268407E-17
8125.97417962972  6.940198E-17
8127.93501929679  7.067204E-17
8129.89581628987  7.614929E-17
8131.85657056552  7.446204E-17
8133.81728208029  8.011180E-17
8135.77795079073  7.351493E-17
8137.73857665338  8.094469E-17
8139.69915962481  7.348921E-17
8141.65969966155  7.169906E-17
8143.62019672017  6.517877E-17
8145.58065075721  6.811247E-17
8147.54106172922  7.563949E-17
8149.50142959276  6.773233E-17
8151.46175430436  7.453420E-17
8153.4220358206  7.281926E-17
8155.38227409801  7.677929E-17
8157.34246909314  6.906747E-17
8159.30262076256  7.619193E-17
8161.2627290628  7.874183E-17
8163.22279395041  8.050334E-17
8165.18281538196  7.492713E-17
8167.14279331399  6.224669E-17
8169.10272770305  7.800609E-17
8171.06261850569  6.891843E-17
8173.02246567846  7.515180E-17
8174.98226917792  7.737402E-17
8176.94202895901  7.064388E-17
8178.90174496485  6.774912E-17
8180.86141713325  6.564084E-17
8182.82104540202  7.562236E-17
8184.78062970894  6.883851E-17
8186.7401699918  6.516699E-17
8188.69966618839  8.401979E-17
8190.65911823651  6.984890E-17
8192.61852607393  8.465494E-17
8194.57788963847  8.338953E-17
8196.53720886791  7.958768E-17
8198.49648370003  8.172229E-17
8200.45571407263  6.813937E-17
8202.4148999235  7.109222E-17
8204.37404119044  7.757131E-17
8206.33313781122  8.386371E-17
8208.29218972366  7.766716E-17
8210.25119686553  8.334247E-17
8212.21015917462  6.775242E-17
8214.16907658873  8.193465E-17
8216.12794904565  6.682878E-17
8218.08677648317  7.274201E-17
8220.04555883909  9.179485E-17
8222.00429605118  7.681791E-17
8223.96298805725  7.363714E-17
8225.92163479508  8.287970E-17
8227.88023620248  6.627971E-17
8229.83879221721  9.032008E-17
8231.79730277709  7.905036E-17
8233.7557678199  7.263478E-17
8235.71418728342  8.582796E-17
8237.67256110546  8.178406E-17
8239.6308892238  7.200943E-17
8241.58917157624  8.192503E-17
8243.54740810056  8.218794E-17
8245.50559873456  8.634393E-17
8247.46374341602  7.893051E-17
8249.42184208275  8.568979E-17
8251.37989467253  8.882951E-17
8253.33790112314  7.196072E-17
8255.29586137239  8.387266E-17
8257.25377535806  7.909271E-17
8259.21164301795  8.664473E-17
8261.16946428985  8.597183E-17
8263.12723911154  8.075302E-17
8265.08496742082  8.031373E-17
8267.04264915547  9.189351E-17
8269.0002842533  8.020214E-17
8270.9578726521  7.334759E-17
8272.91541428964  8.766292E-17
8274.87290910373  8.563746E-17
8276.83035703216  7.752718E-17
8278.78775801271  1.120246E-16
8280.74511198318  7.972905E-17
8282.70241888135  9.635888E-17
8284.65967864503  8.539533E-17
8286.616891212  9.677421E-17
8288.57405652005  9.099161E-17
8290.53117450698  8.558140E-17
8292.48824511057  7.306373E-17
8294.44526826862  9.587233E-17
8296.40224391891  1.142288E-16
8298.35917199924  8.287441E-17
8300.31605244741  7.708636E-17
8302.27288520119  7.840288E-17
8304.22967019838  8.845334E-17
8306.18640737678  1.041053E-16
8308.14309667417  8.172491E-17
8310.09973802835  9.530563E-17
8312.0563313771  7.902711E-17
8314.01287665823  8.208613E-17
8315.96937380951  7.886115E-17
8317.92582276874  8.528611E-17
8319.88222347371  8.566316E-17
8321.83857586222  8.634101E-17
8323.79487987205  8.288387E-17
8325.75113544099  7.509903E-17
8327.70734250684  7.444894E-17
8329.66350100738  8.852879E-17
8331.61961088042  8.882167E-17
8333.57567206373  8.548804E-17
8335.53168449512  9.630399E-17
8337.48764811236  8.960089E-17
8339.44356285326  7.702192E-17
8341.39942865561  1.120774E-16
8343.35524545719  1.117130E-16
8345.31101319579  6.562719E-17
8347.26673180922  6.841794E-17
8349.22240123525  8.416786E-17
8351.17802141168  9.791166E-17
8353.13359227631  9.391774E-17
8355.08911376691  8.624455E-17
8357.0445858213  7.586944E-17
8359.00000837724  8.765336E-17
8360.95538137254  8.496249E-17
8362.91070474499  1.060812E-16
8364.86597843238  9.405921E-17
8366.82120237249  7.679005E-17
8368.77637650313  7.115963E-17
8370.73150076208  9.102583E-17
8372.68657508713  8.643936E-17
8374.64159941608  8.479834E-17
8376.59657368671  1.017005E-16
8378.55149783681  8.499702E-17
8380.50637180419  9.651527E-17
8382.46119552662  9.650893E-17
8384.41596894191  9.248653E-17
8386.37069198783  6.927757E-17
8388.32536460219  8.336242E-17
8390.27998672277  8.995244E-17
8392.23455828737  8.478544E-17
8394.18907923377  8.605616E-17
8396.14354949977  9.975207E-17
8398.09796902316  8.967849E-17
8400.05233774173  7.131141E-17
8402.00665559327  5.475702E-17
8403.96092251556  8.520477E-17
8405.91513844642  8.466370E-17
8407.86930332361  9.106840E-17
8409.82341708495  7.855550E-17
8411.7774796682  9.474283E-17
8413.73149101118  1.028444E-16
8415.68545105167  7.948737E-17
8417.63935972745  8.156921E-17
8419.59321697633  9.390925E-17
8421.54702273609  9.620695E-17
8423.50077694452  8.397377E-17
8425.45447953942  9.954996E-17
8427.40813045857  1.227859E-16
8429.36172963977  6.870571E-17
8431.31527702081  7.907245E-17
8433.26877253947  6.367120E-17
8435.22221613356  8.835485E-17
8437.17560774087  1.004691E-16
8439.12894729917  8.669720E-17
8441.08223474626  8.432044E-17
8443.03547001995  7.911482E-17
8444.98865305801  8.960419E-17
8446.94178379823  8.481982E-17
8448.89486217842  7.995838E-17
8450.84788813636  7.796009E-17
8452.80086160983  9.099795E-17
8454.75378253664  8.454933E-17
8456.70665085457  8.959780E-17
8458.65946650142  8.453176E-17
8460.61222941497  9.149377E-17
8462.56493953302  9.075863E-17
8464.51759679336  8.380399E-17
8466.47020113378  8.802313E-17
8468.42275249207  6.502101E-17
8470.37525080602  8.031046E-17
8472.32769601342  8.452062E-17
8474.28008805207  7.642130E-17
8476.23242685975  8.430614E-17
8478.18471237426  7.356906E-17
8480.13694453339  7.611177E-17
8482.08912327492  8.956087E-17
8484.04124853666  7.466806E-17
8485.99332025639  8.489400E-17
8487.94533837189  7.847586E-17
8489.89730282098  8.827779E-17
8491.84921354143  7.661325E-17
8493.80107047103  8.316517E-17
8495.75287354758  6.996549E-17
8497.70462270887  8.636091E-17
8499.65631789268  8.412631E-17
8501.60795903682  8.238749E-17
8503.55954607907  6.838366E-17
8505.51107895722  7.342481E-17
8507.46255760907  5.233833E-17
8509.4139819724  6.974207E-17
8511.36535198501  9.579667E-17
8513.31666758468  7.986779E-17
8515.26792870922  6.550286E-17
8517.2191352964  7.705669E-17
8519.17028728403  8.432551E-17
8521.12138460989  7.879849E-17
8523.07242721177  8.005598E-17
8525.02341502747  6.388900E-17
8526.97434799477  7.179821E-17
8528.92522605147  7.522216E-17
8530.87604913535  6.954817E-17
8532.82681718422  8.301851E-17
8534.77753013586  8.458038E-17
8536.72818792805  7.027572E-17
8538.6787904986  7.894500E-17
8540.6293377853  6.156253E-17
8542.57982972593  7.058746E-17
8544.53026625829  6.525425E-17
8546.48064732017  8.208267E-17
8548.43097284935  6.656621E-17
8550.38124278363  6.801650E-17
8552.3314570608  6.185330E-17
8554.28161561866  7.326967E-17
8556.23171839499  6.446258E-17
8558.18176532759  5.719339E-17
8560.13175635424  7.889259E-17
8562.08169141273  7.108954E-17
8564.03157044087  6.790776E-17
8565.98139337643  5.632201E-17
8567.93116015722  7.074268E-17
8569.88087072102  5.658537E-17
8571.83052500562  6.087595E-17
8573.78012294881  5.854182E-17
8575.72966448839  6.484385E-17
8577.67914956214  6.367538E-17
8579.62857810787  6.677382E-17
8581.57795006335  5.334522E-17
8583.52726536638  5.980679E-17
8585.47652395475  6.929530E-17
8587.42572576626  5.166577E-17
8589.37487073868  6.322363E-17
8591.32395880983  4.812018E-17
8593.27298991748  6.916243E-17
8595.22196399942  5.599233E-17
8597.17088099345  5.748981E-17
8599.11974083736  4.946902E-17
8601.06854346895  5.255715E-17
8603.01728882599  5.168811E-17
8604.96597684629  4.935997E-17
8606.91460746763  5.726938E-17
8608.86318062781  5.953646E-17
8610.81169626461  5.031046E-17
8612.76015431583  4.822092E-17
8614.70855471926  5.807529E-17
8616.65689741269  5.074255E-17
8618.60518233391  5.216177E-17
8620.55340942071  5.157368E-17
8622.50157861089  4.999891E-17
8624.44968984223  4.983083E-17
8626.39774305252  4.572405E-17
8628.34573817956  5.072898E-17
8630.29367516115  5.062771E-17
8632.24155393505  3.588230E-17
8634.18937443908  3.423260E-17
8636.13713661103  3.036669E-17
8638.08484038867  4.306730E-17
8640.03248570981  4.264760E-17
8641.98007251223  4.978294E-17
8643.92760073373  4.347628E-17
8645.8750703121  4.531801E-17
8647.82248118513  4.098057E-17
8649.7698332906  4.203335E-17
8651.71712656632  3.449273E-17
8653.66436095007  4.166050E-17
8655.61153637964  3.955798E-17
8657.55865279283  5.905788E-17
8659.50571012742  4.977003E-17
8661.45270832121  4.637718E-17
8663.39964731198  4.389872E-17
8665.34652703754  4.041949E-17
8667.29334743567  6.360605E-17
8669.24010844416  4.033729E-17
8671.1868100008  4.676293E-17
8673.13345204338  4.138440E-17
8675.0800345097  3.965448E-17
8677.02655733755  5.470024E-17
8678.97302046471  3.784068E-17
8680.91942382899  4.200424E-17
8682.86576736816  4.530271E-17
8684.81205102002  3.941449E-17
8686.75827472236  4.076732E-17
8688.70443841298  3.749895E-17
8690.65054202967  3.065983E-17
8692.59658551021  4.650294E-17
8694.54256879239  4.186812E-17
8696.48849181401  4.542217E-17
8698.43435451287  4.062126E-17
8700.38015682674  2.772508E-17
8702.32589869342  4.127566E-17
8704.27158005071  3.747855E-17
8706.21720083639  4.876055E-17
8708.16276098826  5.757357E-17
8710.1082604441  3.618486E-17
8712.05369914171  2.744721E-17
8713.99907701888  4.563595E-17
8715.9443940134  3.537833E-17
8717.88965006305  3.220044E-17
8719.83484510565  4.598745E-17
8721.77997907896  2.759430E-17
8723.72505192079  3.100696E-17
8725.67006356892  4.217761E-17
8727.61501396115  3.634304E-17
8729.55990303527  3.267584E-17
8731.50473072907  3.472356E-17
8733.44949698034  3.776473E-17
8735.39420172687  3.512377E-17
8737.33884490645  2.647681E-17
8739.28342645688  3.143095E-17
8741.22794631594  4.144306E-17
8743.17240442143  3.309447E-17
8745.11680071113  4.716891E-17
8747.06113512284  3.657395E-17
8749.00540759436  3.466285E-17
8750.94961806346  3.630335E-17
8752.89376646795  3.319406E-17
8754.83785274561  3.785826E-17
8756.78187683423  3.727320E-17
8758.72583867161  5.394540E-17
8760.66973819554  1.249671E-17
8762.6135753438  3.946182E-17
8764.5573500542  2.604542E-17
8766.50106226451  5.005294E-17
8768.44471191253  3.176805E-17
8770.38829893606  2.272716E-17
8772.33182327288  4.345239E-17
8774.27528486079  5.789493E-17
8776.21868363757  3.740343E-17
8778.16201954102  6.281318E-17
8780.10529250893  2.832832E-17
8782.04850247909  1.681963E-17
8783.99164938929  3.620898E-17
8785.93473317732  4.361895E-17
8787.87775378097  5.682146E-17
8789.82071113804  3.511639E-17
8791.76360518631  2.720796E-17
8793.70643586358  3.258729E-17
8795.64920310764  2.779193E-17
8797.59190685628  3.817626E-17
8799.53454704729  2.747187E-17
8801.47712361846  3.562611E-17
8803.41963650758  3.429603E-17
8805.36208565244  4.217314E-17
8807.30447099084  4.573745E-17
8809.24679246057  3.686153E-17
8811.18904999942  4.591232E-17
8813.13124354517  3.361821E-17
8815.07337303562  4.423265E-17
8817.01543840856  3.013725E-17
8818.95743960179  4.556069E-17
8820.89937655308  4.917169E-17
8822.84124920025  6.356458E-17
8824.78305748107  5.625342E-17
8826.72480133333  4.026992E-17
8828.66648069483  2.409516E-17
8830.60809550337  7.551336E-18
8832.54964569672  5.117128E-17
8834.49113121268  9.144356E-18
8836.43255198905  3.179029E-17
8838.3739079636  4.106682E-17
8840.31519907415  3.409418E-17
8842.25642525847  3.893475E-17
8844.19758645436  3.814710E-17
8846.1386825996  4.066493E-17
8848.079713632  4.348223E-17
8850.02067948933  5.186993E-17
8851.9615801094  3.461300E-17
8853.90241543  4.010529E-17
8855.8431853889  3.936167E-17
8857.78388992391  4.535168E-17
8859.72452897282  4.325752E-17
8861.66510247341  4.513995E-17
8863.60561036349  5.477602E-17
8865.54605258083  4.752309E-17
8867.48642906324  2.265598E-17
8869.4267397485  4.927366E-17
8871.3669845744  3.249903E-17
8873.30716347874  4.017880E-17
8875.2472763993  4.042802E-17
8877.18732327388  4.547614E-17
8879.12730404027  3.715443E-17
8881.06721863626  5.744157E-17
8883.00706699964  6.771263E-17
8884.9468490682  3.283063E-17
8886.88656477974  5.217646E-17
8888.82621407204  2.030629E-17
8890.76579688289  3.069536E-17
8892.70531315009  2.987687E-17
8894.64476281143  2.539113E-17
8896.5841458047  4.995383E-17
8898.52346206768  4.469307E-17
8900.46271153818  5.504324E-17
8902.40189415399  3.200208E-17
8904.34100985288  4.883658E-17
8906.28005857266  5.141328E-17
8908.21904025112  5.006140E-17
8910.15795482604  4.684680E-17
8912.09680223522  4.226275E-17
8914.03558241645  4.296881E-17
8915.97429530753  7.530179E-17
8917.91294084623  5.610789E-17
8919.85151897035  4.616414E-17
8921.7900296177  3.259962E-17
8923.72847272604  2.621993E-17
8925.66684823318  4.922209E-17
8927.60515607692  3.223811E-17
8929.54339619503  6.051080E-17
8931.48156852531  5.081875E-17
8933.41967300555  4.839524E-17
8935.35770957354  4.974969E-17
8937.29567816708  6.421430E-17
8939.23357872395  6.373566E-17
8941.17141118195  5.367831E-17
8943.10917547886  4.740280E-17
8945.04687155249  6.164521E-17
8946.98449934061  5.120362E-17
8948.92205878102  5.073160E-17
8950.85954981152  5.318195E-17
8952.79697236989  5.071273E-17
8954.73432639392  7.935106E-17
8956.67161182141  6.471275E-17
8958.60882859014  5.068307E-17
8960.54597663791  3.118027E-17
8962.48305590252  3.123183E-17
8964.42006632174  3.844850E-17
8966.35700783337  3.593514E-17
