3659.92358398438  1.386130E-16
3667.63341760636  1.350680E-16
3675.34325122834  1.316064E-16
3683.05308485032  1.282395E-16
3690.7629184723  1.326906E-16
3698.47275209428  1.123299E-16
3706.18258571626  1.304451E-16
3713.89241933824  1.266065E-16
3721.60225296021  1.233412E-16
3729.31208658219  1.105079E-16
3737.02192020417  1.091351E-16
3744.73175382615  1.156327E-16
3752.44158744813  1.224609E-16
3760.15142107011  1.171967E-16
3767.86125469209  1.461682E-16
3775.57108831407  1.361563E-16
3783.28092193604  1.379775E-16
3790.99075555802  1.411961E-16
3798.70058918  1.254170E-16
3806.41042280198  1.517622E-16
3814.12025642396  1.464298E-16
3821.83009004594  1.293203E-16
3829.53992366792  1.285212E-16
3837.2497572899  1.383803E-16
3844.95959091188  1.496113E-16
3852.66942453385  1.424683E-16
3860.37925815583  1.377368E-16
3868.08909177781  1.539898E-16
3875.79892539979  1.465820E-16
3883.50875902177  1.597430E-16
3891.21859264375  1.519211E-16
3898.92842626573  1.518725E-16
3906.63825988771  1.520069E-16
3914.34809350968  1.573314E-16
3922.05792713166  1.550442E-16
3929.76776075364  1.605351E-16
3937.47759437562  1.438735E-16
3945.1874279976  1.428606E-16
3952.89726161958  1.377429E-16
3960.60709524156  1.402955E-16
3968.31692886354  1.274115E-16
3976.02676248551  1.450536E-16
3983.73659610749  1.430262E-16
3991.44642972947  1.580404E-16
3999.15626335145  1.485008E-16
4006.86609697343  1.743130E-16
4014.57593059541  1.727417E-16
4022.28576421739  1.828417E-16
4029.99559783937  1.738366E-16
4037.70543146134  1.827147E-16
4045.41526508332  1.830787E-16
4053.1250987053  1.637756E-16
4060.83493232728  1.684137E-16
4068.54476594926  1.542505E-16
4076.25459957124  1.374591E-16
4083.96443319322  1.447510E-16
4091.6742668152  1.567751E-16
4099.38410043717  1.627025E-16
4107.09393405915  1.457417E-16
4114.80376768113  1.461018E-16
4122.51360130311  1.283440E-16
4130.22343492509  1.386689E-16
4137.93326854707  1.479756E-16
4145.64310216905  1.377458E-16
4153.35293579103  1.400284E-16
4161.06276941301  1.448412E-16
4168.77260303498  1.509694E-16
4176.48243665696  1.649675E-16
4184.19227027894  1.584192E-16
4191.90210390092  1.731209E-16
4199.6119375229  1.733052E-16
4207.32177114488  1.863223E-16
4215.03160476686  1.833795E-16
4222.74143838884  1.845731E-16
4230.45127201081  1.868552E-16
4238.16110563279  1.844920E-16
4245.87093925477  1.845663E-16
4253.58077287675  1.981438E-16
4261.29060649873  1.771436E-16
4269.00044012071  1.847587E-16
4276.71027374269  1.924915E-16
4284.42010736467  1.959707E-16
4292.12994098664  1.937652E-16
4299.83977460862  1.930787E-16
4307.5496082306  1.796000E-16
4315.25944185258  1.793814E-16
4322.96927547456  1.816983E-16
4330.67910909654  1.775963E-16
4338.38894271852  1.861453E-16
4346.0987763405  1.940152E-16
4353.80860996247  1.815426E-16
4361.51844358445  1.900228E-16
4369.22827720643  1.723203E-16
4376.93811082841  1.844551E-16
4384.64794445039  1.907322E-16
4392.35777807237  1.867385E-16
4400.06761169435  1.936914E-16
4407.77744531633  1.920678E-16
4415.4872789383  1.995848E-16
4423.19711256028  1.816287E-16
4430.90694618226  1.802520E-16
4438.61677980424  1.894725E-16
4446.32661342622  1.798290E-16
4454.0364470482  1.812443E-16
4461.74628067018  1.778039E-16
4469.45611429215  1.681385E-16
4477.16594791414  1.810334E-16
4484.87578153611  1.804764E-16
4492.58561515809  1.758804E-16
4500.29544878007  1.723997E-16
4508.00528240205  1.732740E-16
4515.71511602403  1.789567E-16
4523.42494964601  1.770243E-16
4531.13478326799  1.811026E-16
4538.84461688997  1.870988E-16
4546.55445051194  1.793666E-16
4554.26428413392  1.764535E-16
4561.9741177559  1.792003E-16
4569.68395137788  1.698282E-16
4577.39378499986  1.718435E-16
4585.10361862184  1.734163E-16
4592.81345224382  1.581431E-16
4600.5232858658  1.525718E-16
4608.23311948777  1.601573E-16
4615.94295310975  1.564147E-16
4623.65278673173  1.533025E-16
4631.36262035371  1.492426E-16
4639.07245397569  1.468038E-16
4646.78228759767  1.363554E-16
4654.49212121965  1.332030E-16
4662.20195484163  1.427531E-16
4669.9117884636  1.392123E-16
4677.62162208558  1.292358E-16
4685.33145570756  1.338306E-16
4693.04128932954  1.443284E-16
4700.75112295152  1.365022E-16
4708.4609565735  1.350311E-16
4716.17079019548  1.370987E-16
4723.88062381746  1.339667E-16
4731.59045743943  1.350100E-16
4739.30029106141  1.373797E-16
4747.01012468339  1.396816E-16
4754.71995830537  1.354333E-16
4762.42979192735  1.392690E-16
4770.13962554933  1.459471E-16
4777.84945917131  1.364137E-16
4785.55929279329  1.409178E-16
4793.26912641527  1.389826E-16
4800.97896003724  1.394439E-16
4808.68879365922  1.493699E-16
4816.3986272812  1.446286E-16
4824.10846090318  1.379569E-16
4831.81829452516  1.503100E-16
4839.52812814714  1.550152E-16
4847.23796176912  1.482903E-16
4854.9477953911  1.539325E-16
4862.65762901307  1.498517E-16
4870.36746263505  1.481654E-16
4878.07729625703  1.564688E-16
4885.78712987901  1.584481E-16
4893.49696350099  1.530067E-16
4901.20679712297  1.621135E-16
4908.91663074495  1.555169E-16
4916.62646436693  1.564328E-16
4924.3362979889  1.676520E-16
4932.04613161088  1.604070E-16
4939.75596523286  1.586476E-16
4947.46579885484  1.600427E-16
4955.17563247682  1.526227E-16
4962.8854660988  1.588250E-16
4970.59529972078  1.620110E-16
4978.30513334276  1.496811E-16
4986.01496696473  1.531942E-16
4993.72480058671  1.598088E-16
5001.43463420869  1.636821E-16
5009.14446783067  1.602973E-16
5016.85430145265  1.567155E-16
5024.56413507463  1.586069E-16
5032.27396869661  1.545083E-16
5039.98380231859  1.547365E-16
5047.69363594057  1.569755E-16
5055.40346956254  1.530894E-16
5063.11330318452  1.441397E-16
5070.8231368065  1.442810E-16
5078.53297042848  1.438980E-16
5086.24280405046  1.418071E-16
5093.95263767244  1.432594E-16
5101.66247129442  1.318597E-16
5109.3723049164  1.289593E-16
5117.08213853837  1.313111E-16
5124.79197216035  1.298197E-16
5132.50180578233  1.395808E-16
5140.21163940431  1.373032E-16
5147.92147302629  1.337328E-16
5155.63130664827  1.328823E-16
5163.34114027025  1.262035E-16
5171.05097389223  1.236552E-16
5178.7608075142  1.230017E-16
5186.47064113618  1.244597E-16
5194.18047475816  1.299072E-16
5201.89030838014  1.318768E-16
5209.60014200212  1.259419E-16
5217.3099756241  1.258545E-16
5225.01980924608  1.261074E-16
5232.72964286806  1.240458E-16
5240.43947649003  1.229388E-16
5248.14931011201  1.243062E-16
5255.85914373399  1.234825E-16
5263.56897735597  1.212770E-16
5271.27881097795  1.217870E-16
5278.98864459993  1.242457E-16
5286.69847822191  1.276308E-16
5294.40831184389  1.208233E-16
5302.11814546586  1.194682E-16
5309.82797908784  1.197881E-16
5317.53781270982  1.227030E-16
5325.2476463318  1.234061E-16
5332.95747995378  1.297066E-16
5340.66731357576  1.374457E-16
5348.37714719774  1.321882E-16
5356.08698081972  1.361010E-16
5363.7968144417  1.351174E-16
5371.50664806367  1.320384E-16
5379.21648168565  1.370112E-16
5386.92631530763  1.279895E-16
5394.63614892961  1.298815E-16
5402.34598255159  1.292726E-16
5410.05581617357  1.385396E-16
5417.76564979555  1.411980E-16
5425.47548341753  1.323904E-16
5433.1853170395  1.371745E-16
5440.89515066148  1.327570E-16
5448.60498428346  1.324509E-16
5456.31481790544  1.290496E-16
5464.02465152742  1.206261E-16
5471.7344851494  1.239013E-16
5479.44431877138  1.132669E-16
5487.15415239336  1.152341E-16
5494.86398601533  1.241000E-16
5502.57381963731  1.138357E-16
5510.28365325929  1.182686E-16
5517.99348688127  1.257488E-16
5525.70332050325  1.260734E-16
5533.41315412523  1.237257E-16
5541.12298774721  1.199733E-16
5548.83282136919  1.188770E-16
5556.54265499117  1.251169E-16
5564.25248861314  1.283777E-16
5571.96232223512  1.282111E-16
5579.6721558571  1.325781E-16
5587.38198947908  1.337305E-16
5595.09182310106  1.295904E-16
5602.80165672304  1.266071E-16
5610.51149034502  1.295463E-16
5618.221323967  1.326890E-16
5625.93115758897  1.349605E-16
5633.64099121095  1.357583E-16
5641.35082483293  1.353686E-16
5649.06065845491  1.309658E-16
5656.77049207689  1.328006E-16
5664.48032569887  1.327929E-16
5672.19015932085  1.250121E-16
5679.89999294283  1.303605E-16
5687.6098265648  1.287278E-16
5695.31966018678  1.242284E-16
5703.02949380876  1.262098E-16
5710.73932743074  1.242246E-16
5718.44916105272  1.224165E-16
5726.1589946747  1.154904E-16
5733.86882829668  1.217132E-16
5741.57866191865  1.166445E-16
5749.28849554063  1.074852E-16
5756.99832916261  1.133528E-16
5764.70816278459  1.141978E-16
5772.41799640657  1.071046E-16
5780.12783002855  1.160716E-16
5787.83766365053  1.180778E-16
5795.54749727251  1.169297E-16
5803.25733089448  1.271642E-16
5810.96716451646  1.172559E-16
5818.67699813844  1.121344E-16
5826.38683176042  1.130757E-16
5834.0966653824  1.108953E-16
5841.80649900438  1.152129E-16
5849.51633262636  1.131191E-16
5857.22616624834  1.134249E-16
5864.93599987032  1.196108E-16
5872.6458334923  1.125450E-16
5880.35566711428  1.060118E-16
5888.06550073625  1.077683E-16
5895.77533435823  1.158157E-16
5903.48516798021  1.063074E-16
5911.19500160219  1.061838E-16
5918.90483522417  1.104018E-16
5926.61466884615  1.045312E-16
5934.32450246813  1.020433E-16
5942.0343360901  1.005519E-16
5949.74416971208  1.021376E-16
5957.45400333406  1.114168E-16
5965.16383695604  1.067323E-16
5972.87367057802  1.076258E-16
5980.5835042  1.025300E-16
5988.29333782198  1.020696E-16
5996.00317144396  1.133978E-16
6003.71300506593  1.077711E-16
6011.42283868791  1.038327E-16
6019.13267230989  1.118717E-16
6026.84250593187  1.175810E-16
6034.55233955385  1.100660E-16
6042.26217317583  1.164631E-16
6049.97200679781  1.063876E-16
6057.68184041979  1.109337E-16
6065.39167404176  1.139072E-16
6073.10150766374  1.092177E-16
6080.81134128572  1.132007E-16
6088.5211749077  1.088710E-16
6096.23100852968  1.118569E-16
6103.94084215166  1.089667E-16
6111.65067577364  1.003416E-16
6119.36050939562  1.092423E-16
6127.07034301759  1.038588E-16
6134.78017663957  1.114156E-16
6142.49001026155  1.034153E-16
6150.19984388353  1.017292E-16
6157.90967750551  9.903999E-17
6165.61951112749  1.015422E-16
6173.32934474947  1.027082E-16
6181.03917837145  1.024644E-16
6188.74901199342  1.048503E-16
6196.4588456154  1.029600E-16
6204.16867923738  9.610559E-17
6211.87851285936  9.671287E-17
6219.58834648134  1.015436E-16
6227.29818010332  9.629089E-17
6235.0080137253  1.005795E-16
6242.71784734728  1.006411E-16
6250.42768096926  9.651195E-17
6258.13751459123  8.846165E-17
6265.84734821321  9.345947E-17
6273.55718183519  9.278197E-17
6281.26701545717  9.652374E-17
6288.97684907915  9.695991E-17
6296.68668270113  1.029238E-16
6304.39651632311  1.000961E-16
6312.10634994508  9.827464E-17
6319.81618356706  1.072893E-16
6327.52601718904  1.001684E-16
6335.23585081102  1.048082E-16
6342.945684433  1.040656E-16
6350.65551805498  1.035334E-16
6358.36535167696  9.591609E-17
6366.07518529894  9.610299E-17
6373.78501892091  1.028929E-16
6381.49485254289  9.850858E-17
6389.20468616487  1.053233E-16
6396.91451978685  9.986301E-17
6404.62435340883  9.989594E-17
6412.33418703081  9.779217E-17
6420.04402065279  1.053692E-16
6427.75385427477  9.637338E-17
6435.46368789675  9.761916E-17
6443.17352151872  1.008877E-16
6450.8833551407  8.928450E-17
6458.59318876268  8.967609E-17
6466.30302238466  9.227895E-17
6474.01285600664  9.552990E-17
6481.72268962862  1.006197E-16
6489.4325232506  9.231200E-17
6497.14235687258  9.159386E-17
6504.85219049456  8.810901E-17
6512.56202411653  8.770446E-17
6520.27185773851  9.258974E-17
6527.98169136049  9.145100E-17
6535.69152498247  9.191291E-17
6543.40135860445  9.120118E-17
6551.11119222643  9.479349E-17
6558.82102584841  9.066854E-17
6566.53085947039  8.997916E-17
6574.24069309236  8.822052E-17
6581.95052671434  8.551616E-17
6589.66036033632  8.245965E-17
6597.3701939583  7.928205E-17
6605.08002758028  7.913620E-17
6612.78986120226  7.744835E-17
6620.49969482424  7.841866E-17
6628.20952844622  7.348719E-17
6635.91936206819  6.931837E-17
6643.62919569017  6.951006E-17
6651.33902931215  6.593928E-17
6659.04886293413  6.719293E-17
6666.75869655611  6.838407E-17
6674.46853017809  6.701725E-17
6682.17836380007  7.414435E-17
6689.88819742205  7.143867E-17
6697.59803104402  6.837180E-17
6705.307864666  6.719811E-17
6713.01769828798  7.136100E-17
6720.72753190996  7.148188E-17
6728.43736553194  7.552585E-17
6736.14719915392  7.225480E-17
6743.8570327759  7.545761E-17
6751.56686639788  8.046147E-17
6759.27670001986  7.919824E-17
6766.98653364183  7.910817E-17
6774.69636726381  8.042031E-17
6782.40620088579  7.594970E-17
6790.11603450777  7.852796E-17
6797.82586812975  8.419577E-17
6805.53570175173  8.146142E-17
6813.24553537371  8.636984E-17
6820.95536899569  8.368396E-17
6828.66520261766  7.965473E-17
6836.37503623964  7.493489E-17
6844.08486986162  8.177861E-17
6851.7947034836  7.287593E-17
6859.50453710558  7.822752E-17
6867.21437072756  7.607968E-17
6874.92420434954  7.701498E-17
6882.63403797152  7.630088E-17
6890.34387159349  7.981353E-17
6898.05370521547  7.718076E-17
6905.76353883745  7.438904E-17
6913.47337245943  8.136453E-17
6921.18320608141  7.512198E-17
6928.89303970339  7.900939E-17
6936.60287332537  7.125725E-17
6944.31270694735  7.926675E-17
6952.02254056932  7.040914E-17
6959.7323741913  7.670664E-17
6967.44220781328  7.835442E-17
6975.15204143526  8.142608E-17
6982.86187505724  7.656834E-17
6990.57170867922  7.492718E-17
6998.2815423012  7.534837E-17
7005.99137592318  7.676928E-17
7013.70120954515  7.406822E-17
7021.41104316713  7.072151E-17
7029.12087678911  7.307908E-17
7036.83071041109  7.452451E-17
7044.54054403307  7.580728E-17
7052.25037765505  8.187024E-17
7059.96021127703  8.048244E-17
7067.67004489901  9.109145E-17
7075.37987852099  1.052200E-16
7083.08971214296  1.183299E-16
7090.79954576494  1.228162E-16
7098.50937938692  1.198250E-16
7106.2192130089  1.231624E-16
7113.92904663088  1.209518E-16
7121.63888025286  1.146976E-16
7129.34871387484  9.991448E-17
7137.05854749681  8.736041E-17
7144.76838111879  7.933076E-17
7152.47821474077  7.120712E-17
7160.18804836275  6.736479E-17
7167.89788198473  7.110951E-17
7175.60771560671  7.480634E-17
7183.31754922869  7.194415E-17
7191.02738285067  7.120717E-17
7198.73721647265  6.600568E-17
7206.44705009462  6.713919E-17
7214.1568837166  6.900226E-17
7221.86671733858  7.062630E-17
7229.57655096056  6.940974E-17
7237.28638458254  7.381518E-17
7244.99621820452  7.133332E-17
7252.7060518265  7.735738E-17
7260.41588544848  8.274036E-17
7268.12571907045  8.195429E-17
7275.83555269243  8.692073E-17
7283.54538631441  8.196951E-17
7291.25521993639  7.526237E-17
7298.96505355837  7.674523E-17
7306.67488718035  7.456340E-17
7314.38472080233  6.590352E-17
7322.09455442431  7.308787E-17
7329.80438804628  6.840931E-17
7337.51422166826  5.959366E-17
7345.22405529024  6.458755E-17
7352.93388891222  6.045515E-17
7360.6437225342  6.191996E-17
7368.35355615618  6.307014E-17
7376.06338977816  6.429457E-17
7383.77322340014  6.255131E-17
7391.48305702212  6.421336E-17
7399.19289064409  6.597248E-17
7406.90272426607  6.486951E-17
7414.61255788805  6.699467E-17
7422.32239151003  6.060091E-17
7430.03222513201  6.088493E-17
7437.74205875399  6.545963E-17
7445.45189237597  6.441061E-17
7453.16172599795  6.152483E-17
7460.87155961992  6.017041E-17
7468.5813932419  6.103801E-17
7476.29122686388  6.359668E-17
7484.00106048586  6.371348E-17
7491.71089410784  6.048852E-17
7499.42072772982  6.082772E-17
7507.1305613518  6.516960E-17
7514.84039497377  6.249092E-17
7522.55022859575  6.494079E-17
7530.26006221773  6.678926E-17
7537.96989583971  5.826742E-17
7545.67972946169  5.982439E-17
7553.38956308367  5.882018E-17
7561.09939670565  5.869486E-17
7568.80923032763  5.065479E-17
7576.51906394961  5.338043E-17
7584.22889757158  5.035427E-17
7591.93873119356  5.555252E-17
7599.64856481554  5.259733E-17
7607.35839843752  6.116240E-17
7615.0682320595  5.258801E-17
7622.77806568148  5.918563E-17
7630.48789930346  5.924800E-17
7638.19773292543  6.125355E-17
7645.90756654741  6.819456E-17
7653.61740016939  5.589321E-17
7661.32723379137  5.911098E-17
7669.03706741335  5.708047E-17
7676.74690103533  5.847697E-17
7684.45673465731  5.903263E-17
7692.16656827929  6.112956E-17
7699.87640190127  4.860777E-17
7707.58623552324  5.266117E-17
7715.29606914522  5.232580E-17
7723.0059027672  5.354685E-17
7730.71573638918  6.647276E-17
7738.42557001116  6.487828E-17
7746.13540363314  6.103772E-17
7753.84523725512  6.093493E-17
7761.5550708771  6.086623E-17
7769.26490449908  5.860070E-17
7776.97473812105  6.170935E-17
7784.68457174303  5.655617E-17
7792.39440536501  5.299992E-17
7800.10423898699  5.533549E-17
7807.81407260897  5.775175E-17
7815.52390623095  5.571103E-17
7823.23373985293  6.319993E-17
7830.9435734749  6.737232E-17
7838.65340709688  6.308572E-17
7846.36324071886  6.206146E-17
7854.07307434084  6.081105E-17
7861.78290796282  6.140536E-17
7869.4927415848  5.622529E-17
7877.20257520678  6.137400E-17
7884.91240882876  6.318857E-17
7892.62224245074  6.919047E-17
7900.33207607271  6.212052E-17
7908.04190969469  5.816534E-17
7915.75174331667  6.524600E-17
7923.46157693865  6.189086E-17
7931.17141056063  6.735292E-17
7938.88124418261  5.873376E-17
7946.59107780459  5.528712E-17
7954.30091142656  5.736754E-17
7962.01074504855  5.280135E-17
7969.72057867052  6.031379E-17
7977.4304122925  6.635956E-17
7985.14024591448  6.283718E-17
7992.85007953646  5.901163E-17
8000.55991315844  5.763613E-17
8008.26974678042  5.595243E-17
8015.9795804024  5.523314E-17
8023.68941402437  4.911646E-17
8031.39924764635  5.180983E-17
8039.10908126833  5.510020E-17
8046.81891489031  5.610313E-17
8054.52874851229  5.639342E-17
8062.23858213427  5.431242E-17
8069.94841575625  6.029562E-17
8077.65824937823  6.355939E-17
8085.36808300021  5.742566E-17
8093.07791662218  5.920957E-17
8100.78775024416  5.585841E-17
8108.49758386614  5.337837E-17
8116.20741748812  5.395771E-17
8123.9172511101  5.040918E-17
8131.62708473208  5.427308E-17
8139.33691835406  5.016858E-17
8147.04675197604  5.217872E-17
8154.75658559801  6.202438E-17
8162.46641921999  4.787157E-17
8170.17625284197  5.204516E-17
8177.88608646395  5.366546E-17
8185.59592008593  5.416875E-17
8193.30575370791  5.688695E-17
8201.01558732989  5.307565E-17
8208.72542095187  5.692020E-17
8216.43525457384  5.594083E-17
8224.14508819582  5.084042E-17
8231.8549218178  5.788779E-17
8239.56475543978  5.367582E-17
8247.27458906176  5.221604E-17
8254.98442268374  5.522669E-17
8262.69425630572  5.748965E-17
8270.4040899277  4.909160E-17
8278.11392354967  4.365095E-17
8285.82375717165  4.958458E-17
8293.53359079363  5.150102E-17
8301.24342441561  4.346587E-17
8308.95325803759  3.385939E-17
8316.66309165957  4.775357E-17
8324.37292528155  5.597549E-17
8332.08275890353  5.036088E-17
8339.7925925255  5.056096E-17
8347.50242614748  4.831232E-17
8355.21225976946  4.554211E-17
8362.92209339144  4.333089E-17
8370.63192701342  5.118408E-17
8378.3417606354  4.774315E-17
8386.05159425738  4.081099E-17
8393.76142787936  4.910506E-17
8401.47126150133  4.954195E-17
8409.18109512331  5.754954E-17
8416.89092874529  5.829863E-17
8424.60076236727  4.094598E-17
8432.31059598925  5.379177E-17
8440.02042961123  5.242179E-17
8447.73026323321  5.943172E-17
8455.44009685518  5.305478E-17
8463.14993047716  4.929416E-17
8470.85976409914  4.945482E-17
8478.56959772112  5.480221E-17
8486.2794313431  5.009280E-17
8493.98926496508  5.103650E-17
8501.69909858706  5.306002E-17
8509.40893220904  4.940730E-17
8517.11876583102  4.842457E-17
8524.82859945299  5.396255E-17
8532.53843307497  5.334809E-17
8540.24826669695  5.114519E-17
8547.95810031893  5.017095E-17
8555.66793394091  5.290881E-17
8563.37776756289  5.646319E-17
8571.08760118487  5.433156E-17
8578.79743480684  4.924464E-17
8586.50726842883  4.915323E-17
8594.2171020508  4.791392E-17
8601.92693567278  5.205175E-17
8609.63676929476  5.124894E-17
8617.34660291674  5.091039E-17
8625.05643653872  5.092998E-17
8632.7662701607  4.013954E-17
8640.47610378268  5.147139E-17
8648.18593740465  4.927369E-17
8655.89577102663  5.465745E-17
8663.60560464861  4.577030E-17
8671.31543827059  4.587768E-17
8679.02527189257  4.949751E-17
8686.73510551455  5.189703E-17
8694.44493913653  5.083314E-17
8702.15477275851  4.891063E-17
8709.86460638049  5.504569E-17
8717.57444000246  5.444355E-17
8725.28427362444  5.909569E-17
