3836.27563476562  1.976341E-17
3838.26556360721  1.830311E-17
3840.25549244881  1.738760E-17
3842.2454212904  7.093347E-18
3844.23535013199  1.598680E-17
3846.22527897358  2.273706E-17
3848.21520781517  1.793821E-17
3850.20513665676  1.603473E-17
3852.19506549835  1.949020E-17
3854.18499433994  1.105695E-17
3856.17492318153  1.828192E-17
3858.16485202312  1.536286E-17
3860.15478086471  1.019802E-17
3862.14470970631  2.252256E-17
3864.1346385479  2.095199E-17
3866.12456738949  1.253994E-17
3868.11449623108  1.657872E-17
3870.10442507267  1.378592E-17
3872.09435391426  1.598002E-17
3874.08428275585  1.575071E-17
3876.07421159744  1.623120E-17
3878.06414043903  1.892500E-17
3880.05406928062  2.184103E-17
3882.04399812221  2.245756E-17
3884.0339269638  1.522725E-17
3886.0238558054  1.744512E-17
3888.01378464699  1.978321E-17
3890.00371348858  1.354706E-17
3891.99364233017  1.862495E-17
3893.98357117176  2.092731E-17
3895.97350001335  1.254719E-17
3897.96342885494  7.505711E-18
3899.95335769653  1.497253E-17
3901.94328653812  1.586767E-17
3903.93321537971  1.361425E-17
3905.92314422131  1.215978E-17
3907.9130730629  1.343857E-17
3909.90300190449  1.363095E-17
3911.89293074608  1.254317E-17
3913.88285958767  1.314385E-17
3915.87278842926  1.095472E-17
3917.86271727085  1.827006E-17
3919.85264611244  1.173904E-17
3921.84257495403  2.170915E-17
3923.83250379562  2.181846E-17
3925.82243263721  1.234623E-17
3927.8123614788  8.336666E-18
3929.8022903204  8.908690E-18
3931.79221916199  1.103038E-17
3933.78214800358  1.028643E-17
3935.77207684517  6.863085E-18
3937.76200568676  1.123889E-17
3939.75193452835  1.040871E-17
3941.74186336994  7.448056E-19
3943.73179221153  9.619237E-18
3945.72172105312  1.372530E-17
3947.71164989471  1.675422E-17
3949.7015787363  1.884997E-17
3951.6915075779  1.497256E-17
3953.68143641949  1.329509E-17
3955.67136526108  9.713274E-18
3957.66129410267  1.539519E-17
3959.65122294426  8.403656E-18
3961.64115178585  9.845512E-18
3963.63108062744  1.591783E-17
3965.62100946903  9.176244E-18
3967.61093831062  1.568171E-17
3969.60086715221  1.399421E-17
3971.5907959938  7.472120E-18
3973.58072483539  1.319526E-17
3975.57065367699  1.241105E-17
3977.56058251858  8.367119E-18
3979.55051136017  5.661895E-18
3981.54044020176  9.217667E-18
3983.53036904335  2.057883E-17
3985.52029788494  2.019234E-17
3987.51022672653  1.555680E-17
3989.50015556812  1.762718E-17
3991.49008440971  5.020822E-18
3993.4800132513  1.335778E-17
3995.46994209289  1.444954E-17
3997.45987093449  1.922067E-17
3999.44979977608  1.341794E-17
4001.43972861767  1.055513E-17
4003.42965745926  1.450683E-17
4005.41958630085  1.453496E-17
4007.40951514244  1.773408E-17
4009.39944398403  1.187555E-17
4011.38937282562  1.169165E-17
4013.37930166721  1.563057E-17
4015.3692305088  1.497642E-17
4017.35915935039  1.740005E-17
4019.34908819199  1.450041E-17
4021.33901703358  1.981356E-17
4023.32894587517  1.202870E-17
4025.31887471676  2.345344E-17
4027.30880355835  1.575812E-17
4029.29873239994  8.610893E-18
4031.28866124153  1.653856E-17
4033.27859008312  1.147111E-17
4035.26851892471  1.366791E-17
4037.2584477663  2.119033E-17
4039.24837660789  1.564132E-17
4041.23830544948  1.649883E-17
4043.22823429108  2.206792E-17
4045.21816313267  1.276541E-17
4047.20809197426  8.992689E-18
4049.19802081585  1.390192E-17
4051.18794965744  2.387355E-17
4053.17787849903  1.825937E-17
4055.16780734062  1.990086E-17
4057.15773618221  2.737353E-17
4059.1476650238  2.179035E-17
4061.13759386539  1.431348E-17
4063.12752270699  2.192684E-17
4065.11745154858  1.722936E-17
4067.10738039017  1.742166E-17
4069.09730923176  1.777922E-17
4071.08723807335  1.778604E-17
4073.07716691494  2.109017E-17
4075.06709575653  1.341130E-17
4077.05702459812  1.477652E-17
4079.04695343971  2.283937E-17
4081.0368822813  2.125710E-17
4083.02681112289  1.760262E-17
4085.01673996448  1.954375E-17
4087.00666880608  2.426686E-17
4088.99659764767  2.342820E-17
4090.98652648926  1.926140E-17
4092.97645533085  2.114981E-17
4094.96638417244  1.408358E-17
4096.95631301403  2.119413E-17
4098.94624185562  1.515986E-17
4100.93617069721  2.014923E-17
4102.9260995388  1.892575E-17
4104.91602838039  2.048687E-17
4106.90595722198  2.256205E-17
4108.89588606358  1.639686E-17
4110.88581490517  1.865375E-17
4112.87574374676  1.659651E-17
4114.86567258835  2.694225E-17
4116.85560142994  2.151140E-17
4118.84553027153  1.105870E-17
4120.83545911312  1.980119E-17
4122.82538795471  1.305995E-17
4124.8153167963  1.849144E-17
4126.80524563789  1.778565E-17
4128.79517447948  2.076296E-17
4130.78510332107  1.460442E-17
4132.77503216266  1.707100E-17
4134.76496100426  2.087682E-17
4136.75488984585  1.592778E-17
4138.74481868744  1.761994E-17
4140.73474752903  1.788749E-17
4142.72467637062  1.531982E-17
4144.71460521221  1.461125E-17
4146.7045340538  1.842770E-17
4148.69446289539  1.711094E-17
4150.68439173698  1.180947E-17
4152.67432057857  1.749068E-17
4154.66424942016  1.779951E-17
4156.65417826176  1.928686E-17
4158.64410710335  1.505969E-17
4160.63403594494  1.293638E-17
4162.62396478653  1.016195E-17
4164.61389362812  2.026719E-17
4166.60382246971  1.971189E-17
4168.5937513113  1.767936E-17
4170.58368015289  1.847026E-17
4172.57360899448  1.702139E-17
4174.56353783607  2.194465E-17
4176.55346667767  1.946272E-17
4178.54339551926  2.065813E-17
4180.53332436085  1.993387E-17
4182.52325320244  1.723957E-17
4184.51318204403  2.333396E-17
4186.50311088562  1.854452E-17
4188.49303972721  2.003695E-17
4190.4829685688  1.674286E-17
4192.47289741039  2.270679E-17
4194.46282625198  1.700719E-17
4196.45275509357  1.916934E-17
4198.44268393516  2.142095E-17
4200.43261277676  2.324315E-17
4202.42254161835  2.638999E-17
4204.41247045994  2.751848E-17
4206.40239930153  2.048574E-17
4208.39232814312  2.040172E-17
4210.38225698471  2.454422E-17
4212.3721858263  1.923496E-17
4214.36211466789  1.596065E-17
4216.35204350948  1.716549E-17
4218.34197235107  2.070082E-17
4220.33190119266  1.588634E-17
4222.32183003426  1.707802E-17
4224.31175887585  2.045690E-17
4226.30168771744  1.830601E-17
4228.29161655903  1.420455E-17
4230.28154540062  1.634552E-17
4232.27147424221  1.810784E-17
4234.2614030838  1.772188E-17
4236.25133192539  1.670168E-17
4238.24126076698  1.768996E-17
4240.23118960857  1.682454E-17
4242.22111845016  1.957133E-17
4244.21104729175  1.721447E-17
4246.20097613335  1.967856E-17
4248.19090497494  1.910334E-17
4250.18083381653  1.719829E-17
4252.17076265812  1.675698E-17
4254.16069149971  1.866843E-17
4256.1506203413  1.702772E-17
4258.14054918289  2.122863E-17
4260.13047802448  2.176977E-17
4262.12040686607  1.680412E-17
4264.11033570766  1.765176E-17
4266.10026454925  1.570755E-17
4268.09019339085  1.332226E-17
4270.08012223244  1.886652E-17
4272.07005107403  2.336039E-17
4274.05997991562  2.179720E-17
4276.04990875721  2.068763E-17
4278.0398375988  1.542237E-17
4280.02976644039  1.846556E-17
4282.01969528198  2.195794E-17
4284.00962412357  1.769185E-17
4285.99955296516  1.901191E-17
4287.98948180675  1.942508E-17
4289.97941064834  1.760900E-17
4291.96933948994  1.721354E-17
4293.95926833153  1.494369E-17
4295.94919717312  1.768726E-17
4297.93912601471  1.857201E-17
4299.9290548563  1.778828E-17
4301.91898369789  1.644373E-17
4303.90891253948  1.395493E-17
4305.89884138107  1.848170E-17
4307.88877022266  1.667703E-17
4309.87869906425  1.858891E-17
4311.86862790584  1.747549E-17
4313.85855674743  2.196360E-17
4315.84848558903  2.212241E-17
4317.83841443062  1.959651E-17
4319.82834327221  2.573939E-17
4321.8182721138  1.778030E-17
4323.80820095539  1.529684E-17
4325.79812979698  1.947816E-17
4327.78805863857  1.927229E-17
4329.77798748016  1.971833E-17
4331.76791632175  1.809865E-17
4333.75784516334  1.949085E-17
4335.74777400494  1.965229E-17
4337.73770284653  2.355101E-17
4339.72763168812  1.683420E-17
4341.71756052971  1.846141E-17
4343.7074893713  1.938424E-17
4345.69741821289  1.686418E-17
4347.68734705448  1.646819E-17
4349.67727589607  1.449201E-17
4351.66720473766  1.420106E-17
4353.65713357925  1.576970E-17
4355.64706242085  1.672975E-17
4357.63699126244  1.667891E-17
4359.62692010403  1.921229E-17
4361.61684894562  1.959313E-17
4363.60677778721  1.742505E-17
4365.5967066288  1.798144E-17
4367.58663547039  1.661685E-17
4369.57656431198  1.502685E-17
4371.56649315357  1.938522E-17
4373.55642199516  1.459908E-17
4375.54635083675  1.237462E-17
4377.53627967834  1.676436E-17
4379.52620851994  1.483093E-17
4381.51613736153  1.745186E-17
4383.50606620312  1.582677E-17
4385.49599504471  1.573595E-17
4387.4859238863  1.858898E-17
4389.47585272789  2.112906E-17
4391.46578156948  1.631013E-17
4393.45571041107  1.305604E-17
4395.44563925266  1.644039E-17
4397.43556809425  1.568277E-17
4399.42549693584  1.510273E-17
4401.41542577744  1.863458E-17
4403.40535461903  1.455522E-17
4405.39528346062  1.058850E-17
4407.38521230221  2.007347E-17
4409.3751411438  1.242035E-17
4411.36506998539  1.768081E-17
4413.35499882698  1.812868E-17
4415.34492766857  2.181062E-17
4417.33485651016  1.828061E-17
4419.32478535175  1.405545E-17
4421.31471419334  1.414207E-17
4423.30464303493  1.663467E-17
4425.29457187653  2.396313E-17
4427.28450071812  2.132922E-17
4429.27442955971  2.204668E-17
4431.2643584013  1.732368E-17
4433.25428724289  1.356898E-17
4435.24421608448  1.819910E-17
4437.23414492607  2.129417E-17
4439.22407376766  1.925076E-17
4441.21400260925  1.596631E-17
4443.20393145084  1.865184E-17
4445.19386029243  1.904897E-17
4447.18378913403  1.595953E-17
4449.17371797562  1.799940E-17
4451.16364681721  1.647461E-17
4453.1535756588  1.793764E-17
4455.14350450039  1.539663E-17
4457.13343334198  2.013098E-17
4459.12336218357  2.190044E-17
4461.11329102516  1.257524E-17
4463.10321986675  2.221490E-17
4465.09314870834  1.732239E-17
4467.08307754993  2.033681E-17
4469.07300639152  1.923336E-17
4471.06293523312  1.753303E-17
4473.05286407471  2.166134E-17
4475.0427929163  1.758459E-17
4477.03272175789  1.847411E-17
4479.02265059948  1.938391E-17
4481.01257944107  2.451725E-17
4483.00250828266  1.799850E-17
4484.99243712425  1.874688E-17
4486.98236596584  1.804238E-17
4488.97229480743  1.885586E-17
4490.96222364903  2.436264E-17
4492.95215249062  1.718715E-17
4494.94208133221  2.098913E-17
4496.9320101738  1.371443E-17
4498.92193901539  1.424145E-17
4500.91186785698  1.848000E-17
4502.90179669857  2.009846E-17
4504.89172554016  1.972409E-17
4506.88165438175  1.443201E-17
4508.87158322334  1.951857E-17
4510.86151206493  1.644226E-17
4512.85144090653  1.520412E-17
4514.84136974812  1.525038E-17
4516.83129858971  1.602808E-17
4518.8212274313  1.803820E-17
4520.81115627289  1.947661E-17
4522.80108511448  1.965924E-17
4524.79101395607  1.683583E-17
4526.78094279766  1.761540E-17
4528.77087163925  1.656148E-17
4530.76080048084  2.029589E-17
4532.75072932243  1.897572E-17
4534.74065816402  1.628463E-17
4536.73058700562  1.668608E-17
4538.72051584721  1.660557E-17
4540.7104446888  2.112048E-17
4542.70037353039  1.739361E-17
4544.69030237198  1.676844E-17
4546.68023121357  1.768331E-17
4548.67016005516  1.518813E-17
4550.66008889675  1.779082E-17
4552.65001773834  1.690961E-17
4554.63994657993  1.861561E-17
4556.62987542152  1.823501E-17
4558.61980426312  1.566780E-17
4560.60973310471  2.079928E-17
4562.5996619463  2.155982E-17
4564.58959078789  1.338936E-17
4566.57951962948  1.559173E-17
4568.56944847107  1.809409E-17
4570.55937731266  1.717906E-17
4572.54930615425  1.604119E-17
4574.53923499584  1.499077E-17
4576.52916383743  1.539921E-17
4578.51909267902  1.515206E-17
4580.50902152061  1.842833E-17
4582.49895036221  1.706655E-17
4584.4888792038  1.684831E-17
4586.47880804539  1.716671E-17
4588.46873688698  1.258283E-17
4590.45866572857  1.613160E-17
4592.44859457016  2.207030E-17
4594.43852341175  1.933028E-17
4596.42845225334  1.552747E-17
4598.41838109493  1.682636E-17
4600.40830993652  1.904303E-17
4602.39823877811  1.993631E-17
4604.38816761971  1.846012E-17
4606.3780964613  1.988030E-17
4608.36802530289  1.818595E-17
4610.35795414448  1.928871E-17
4612.34788298607  1.558330E-17
4614.33781182766  1.266590E-17
4616.32774066925  1.741232E-17
4618.31766951084  2.039685E-17
4620.30759835243  1.903074E-17
4622.29752719402  1.878798E-17
4624.28745603561  1.965962E-17
4626.27738487721  1.921338E-17
4628.2673137188  1.705857E-17
4630.25724256039  1.935523E-17
4632.24717140198  1.981912E-17
4634.23710024357  2.009659E-17
4636.22702908516  1.831043E-17
4638.21695792675  1.757242E-17
4640.20688676834  1.996991E-17
4642.19681560993  1.773257E-17
4644.18674445152  1.506076E-17
4646.17667329311  1.879605E-17
4648.1666021347  2.317144E-17
4650.1565309763  1.984945E-17
4652.14645981789  1.941788E-17
4654.13638865948  1.899411E-17
4656.12631750107  1.436581E-17
4658.11624634266  1.614750E-17
4660.10617518425  2.152213E-17
4662.09610402584  2.465462E-17
4664.08603286743  2.031623E-17
4666.07596170902  1.584798E-17
4668.06589055061  1.957941E-17
4670.0558193922  2.140773E-17
4672.04574823379  1.736687E-17
4674.03567707539  1.664927E-17
4676.02560591698  1.827194E-17
4678.01553475857  1.850092E-17
4680.00546360016  2.015252E-17
4681.99539244175  1.975739E-17
4683.98532128334  2.116223E-17
4685.97525012493  2.505894E-17
4687.96517896652  2.043935E-17
4689.95510780811  1.803476E-17
4691.9450366497  1.887144E-17
4693.9349654913  2.048596E-17
4695.92489433289  2.024315E-17
4697.91482317448  2.244976E-17
4699.90475201607  1.963583E-17
4701.89468085766  2.240446E-17
4703.88460969925  2.290611E-17
4705.87453854084  1.785635E-17
4707.86446738243  2.328631E-17
4709.85439622402  2.243044E-17
4711.84432506561  1.732868E-17
4713.8342539072  2.304989E-17
4715.82418274879  2.099878E-17
4717.81411159039  1.906987E-17
4719.80404043198  1.814468E-17
4721.79396927357  2.005449E-17
4723.78389811516  2.250629E-17
4725.77382695675  2.014519E-17
4727.76375579834  2.246443E-17
4729.75368463993  2.416869E-17
4731.74361348152  2.291260E-17
4733.73354232311  2.198168E-17
4735.7234711647  2.165802E-17
4737.71340000629  2.466949E-17
4739.70332884788  1.926033E-17
4741.69325768948  2.050183E-17
4743.68318653107  2.088869E-17
4745.67311537266  1.980867E-17
4747.66304421425  2.029319E-17
4749.65297305584  1.892717E-17
4751.64290189743  1.929070E-17
4753.63283073902  2.235937E-17
4755.62275958061  1.985760E-17
4757.6126884222  2.196121E-17
4759.60261726379  2.117798E-17
4761.59254610539  1.907533E-17
4763.58247494698  2.167826E-17
4765.57240378857  2.103621E-17
4767.56233263016  1.926742E-17
4769.55226147175  1.933295E-17
4771.54219031334  1.947825E-17
4773.53211915493  2.227093E-17
4775.52204799652  2.288155E-17
4777.51197683811  2.118972E-17
4779.5019056797  2.229672E-17
4781.49183452129  1.778856E-17
4783.48176336288  1.969181E-17
4785.47169220448  1.733409E-17
4787.46162104607  2.215078E-17
4789.45154988766  1.970917E-17
4791.44147872925  2.016731E-17
4793.43140757084  2.271238E-17
4795.42133641243  1.931403E-17
4797.41126525402  1.969030E-17
4799.40119409561  1.839513E-17
4801.3911229372  1.885501E-17
4803.38105177879  1.561638E-17
4805.37098062038  2.014441E-17
4807.36090946198  2.462236E-17
4809.35083830357  1.856505E-17
4811.34076714516  1.693328E-17
4813.33069598675  1.588934E-17
4815.32062482834  1.880560E-17
4817.31055366993  1.815024E-17
4819.30048251152  1.911972E-17
4821.29041135311  1.927675E-17
4823.2803401947  2.048404E-17
4825.27026903629  1.896677E-17
4827.26019787788  1.882278E-17
4829.25012671947  1.989241E-17
4831.24005556107  1.806015E-17
4833.22998440266  1.865102E-17
4835.21991324425  1.756640E-17
4837.20984208584  2.007722E-17
4839.19977092743  1.849470E-17
4841.18969976902  1.860327E-17
4843.17962861061  1.777615E-17
4845.1695574522  1.706037E-17
4847.15948629379  1.685050E-17
4849.14941513538  2.129336E-17
4851.13934397697  1.865609E-17
4853.12927281856  1.471297E-17
4855.11920166016  1.577136E-17
4857.10913050175  1.865566E-17
4859.09905934334  1.531753E-17
4861.08898818493  1.944053E-17
4863.07891702652  1.556570E-17
4865.06884586811  1.671156E-17
4867.0587747097  1.612492E-17
4869.04870355129  1.915187E-17
4871.03863239288  1.766394E-17
4873.02856123447  1.415960E-17
4875.01849007607  1.673314E-17
4877.00841891766  1.616735E-17
4878.99834775925  1.964037E-17
4880.98827660084  1.619201E-17
4882.97820544243  1.943018E-17
4884.96813428402  1.485132E-17
4886.95806312561  1.611884E-17
4888.9479919672  1.485462E-17
4890.93792080879  1.413250E-17
4892.92784965038  1.609005E-17
4894.91777849197  1.450393E-17
4896.90770733357  1.452405E-17
4898.89763617516  1.512373E-17
4900.88756501675  1.522084E-17
4902.87749385834  1.431939E-17
4904.86742269993  1.144605E-17
4906.85735154152  1.215017E-17
4908.84728038311  1.481710E-17
4910.8372092247  1.412499E-17
4912.82713806629  1.312334E-17
4914.81706690788  1.577786E-17
4916.80699574947  1.441078E-17
4918.79692459106  1.509159E-17
4920.78685343266  1.428950E-17
4922.77678227425  1.695019E-17
4924.76671111584  1.591753E-17
4926.75663995743  1.589770E-17
4928.74656879902  1.802828E-17
4930.73649764061  1.181669E-17
4932.7264264822  1.131739E-17
4934.71635532379  1.471246E-17
4936.70628416538  1.223949E-17
4938.69621300697  1.303196E-17
4940.68614184856  1.257589E-17
4942.67607069016  1.542648E-17
4944.66599953175  1.621600E-17
4946.65592837334  1.397539E-17
4948.64585721493  1.442519E-17
4950.63578605652  1.614973E-17
4952.62571489811  1.758126E-17
4954.6156437397  1.741421E-17
4956.60557258129  1.672460E-17
4958.59550142288  1.431833E-17
4960.58543026447  1.279998E-17
4962.57535910606  1.939450E-17
4964.56528794765  2.036993E-17
4966.55521678925  1.608566E-17
4968.54514563084  1.820719E-17
4970.53507447243  1.738280E-17
4972.52500331402  1.650354E-17
4974.51493215561  1.635679E-17
4976.5048609972  1.468864E-17
4978.49478983879  1.360793E-17
4980.48471868038  1.656899E-17
4982.47464752197  1.809764E-17
4984.46457636356  1.952269E-17
4986.45450520515  1.933314E-17
4988.44443404674  1.890947E-17
4990.43436288834  1.810868E-17
4992.42429172993  1.718716E-17
4994.41422057152  1.911842E-17
4996.40414941311  1.899212E-17
4998.3940782547  1.637207E-17
5000.38400709629  1.612740E-17
5002.37393593788  1.593744E-17
5004.36386477947  1.892619E-17
5006.35379362106  1.737631E-17
5008.34372246265  1.787746E-17
5010.33365130425  1.926549E-17
5012.32358014584  1.868700E-17
5014.31350898743  1.855218E-17
5016.30343782902  1.867511E-17
5018.29336667061  1.709887E-17
5020.2832955122  1.665247E-17
5022.27322435379  2.035550E-17
5024.26315319538  1.976166E-17
5026.25308203697  1.936081E-17
5028.24301087856  1.577084E-17
5030.23293972015  1.836047E-17
5032.22286856174  1.939059E-17
5034.21279740334  1.889926E-17
5036.20272624493  1.740239E-17
5038.19265508652  1.956427E-17
5040.18258392811  1.815292E-17
5042.1725127697  1.912806E-17
5044.16244161129  2.095463E-17
5046.15237045288  1.771307E-17
5048.14229929447  1.956354E-17
5050.13222813606  1.889997E-17
5052.12215697765  1.503235E-17
5054.11208581925  1.777263E-17
5056.10201466084  2.184495E-17
5058.09194350243  2.183256E-17
5060.08187234402  1.777778E-17
5062.07180118561  1.940888E-17
5064.0617300272  2.008364E-17
5066.05165886879  1.843756E-17
5068.04158771038  1.919462E-17
5070.03151655197  1.898301E-17
5072.02144539356  2.045070E-17
5074.01137423515  1.827036E-17
5076.00130307674  2.017575E-17
5077.99123191833  1.972249E-17
5079.98116075993  1.836996E-17
5081.97108960152  1.818623E-17
5083.96101844311  1.994898E-17
5085.9509472847  1.792214E-17
5087.94087612629  1.805111E-17
5089.93080496788  1.865755E-17
5091.92073380947  1.844523E-17
5093.91066265106  2.024260E-17
5095.90059149265  1.602142E-17
5097.89052033424  2.091948E-17
5099.88044917584  1.875233E-17
5101.87037801743  2.030324E-17
5103.86030685902  2.028445E-17
5105.85023570061  2.073385E-17
5107.8401645422  1.953366E-17
5109.83009338379  1.835699E-17
5111.82002222538  1.653314E-17
5113.80995106697  1.978688E-17
5115.79987990856  2.297630E-17
5117.78980875015  1.799429E-17
5119.77973759174  1.532138E-17
5121.76966643334  1.980459E-17
5123.75959527493  2.038697E-17
5125.74952411652  1.962554E-17
5127.73945295811  1.992363E-17
5129.7293817997  1.872282E-17
5131.71931064129  1.868822E-17
5133.70923948288  1.932864E-17
5135.69916832447  2.041180E-17
5137.68909716606  2.020267E-17
5139.67902600765  2.229886E-17
5141.66895484924  2.036567E-17
5143.65888369083  1.963211E-17
5145.64881253242  2.000911E-17
5147.63874137402  1.958597E-17
5149.62867021561  1.737775E-17
5151.6185990572  1.732062E-17
5153.60852789879  1.896960E-17
5155.59845674038  2.086903E-17
5157.58838558197  2.012538E-17
5159.57831442356  2.257042E-17
5161.56824326515  2.031042E-17
5163.55817210674  2.009900E-17
5165.54810094833  2.147008E-17
5167.53802978993  2.084689E-17
5169.52795863152  1.945308E-17
5171.51788747311  2.128204E-17
5173.5078163147  1.679661E-17
5175.49774515629  1.816712E-17
5177.48767399788  2.110778E-17
5179.47760283947  1.913320E-17
5181.46753168106  1.917042E-17
5183.45746052265  1.832511E-17
5185.44738936424  1.747356E-17
5187.43731820583  1.766777E-17
5189.42724704742  2.118096E-17
5191.41717588902  1.957458E-17
5193.40710473061  1.798352E-17
5195.3970335722  2.040620E-17
5197.38696241379  2.027371E-17
5199.37689125538  1.953250E-17
5201.36682009697  1.919756E-17
5203.35674893856  1.820769E-17
5205.34667778015  1.941491E-17
5207.33660662174  1.931966E-17
5209.32653546333  1.705057E-17
5211.31646430493  1.736967E-17
5213.30639314652  2.278070E-17
5215.29632198811  1.748644E-17
5217.2862508297  1.919816E-17
5219.27617967129  1.941495E-17
5221.26610851288  1.940528E-17
5223.25603735447  2.081306E-17
5225.24596619606  1.843534E-17
5227.23589503765  1.838944E-17
5229.22582387924  1.791125E-17
5231.21575272083  1.912729E-17
5233.20568156242  1.635786E-17
5235.19561040401  1.777862E-17
5237.18553924561  1.783890E-17
5239.1754680872  1.604201E-17
5241.16539692879  1.792027E-17
5243.15532577038  1.816030E-17
5245.14525461197  1.865270E-17
5247.13518345356  1.863239E-17
5249.12511229515  1.763017E-17
5251.11504113674  1.875055E-17
5253.10496997833  1.697455E-17
5255.09489881992  1.917333E-17
5257.08482766151  1.610785E-17
5259.07475650311  2.164805E-17
5261.0646853447  1.953103E-17
5263.05461418629  1.947410E-17
5265.04454302788  1.925024E-17
5267.03447186947  2.008997E-17
5269.02440071106  2.105070E-17
5271.01432955265  2.080869E-17
5273.00425839424  1.808973E-17
5274.99418723583  2.009576E-17
5276.98411607742  2.127460E-17
5278.97404491901  1.963980E-17
5280.9639737606  1.727046E-17
5282.9539026022  1.744230E-17
5284.94383144379  1.830925E-17
5286.93376028538  2.078366E-17
5288.92368912697  1.882373E-17
5290.91361796856  1.796787E-17
5292.90354681015  1.758122E-17
5294.89347565174  1.796653E-17
5296.88340449333  2.013459E-17
5298.87333333492  1.871732E-17
5300.86326217651  1.905950E-17
5302.85319101811  1.860638E-17
5304.8431198597  1.719574E-17
5306.83304870129  1.812665E-17
5308.82297754288  1.761729E-17
5310.81290638447  1.880637E-17
5312.80283522606  1.950985E-17
5314.79276406765  1.873328E-17
5316.78269290924  2.027795E-17
5318.77262175083  1.952324E-17
5320.76255059242  1.911544E-17
5322.75247943401  2.013014E-17
5324.74240827561  1.937925E-17
5326.7323371172  1.828710E-17
5328.72226595879  1.833757E-17
5330.71219480038  1.869492E-17
5332.70212364197  2.079831E-17
5334.69205248356  1.949569E-17
5336.68198132515  1.947648E-17
5338.67191016674  1.873743E-17
5340.66183900833  1.956818E-17
5342.65176784992  2.291279E-17
5344.64169669151  1.958705E-17
5346.6316255331  2.072255E-17
5348.6215543747  2.179008E-17
5350.61148321629  2.060880E-17
5352.60141205788  1.658830E-17
5354.59134089947  1.723269E-17
5356.58126974106  2.114657E-17
5358.57119858265  2.023679E-17
5360.56112742424  1.753919E-17
5362.55105626583  1.761427E-17
5364.54098510742  1.891366E-17
5366.53091394901  1.895616E-17
5368.5208427906  1.970895E-17
5370.5107716322  1.794062E-17
5372.50070047379  1.901542E-17
5374.49062931538  1.911365E-17
5376.48055815697  1.687470E-17
5378.47048699856  1.681154E-17
5380.46041584015  1.816166E-17
5382.45034468174  1.872306E-17
5384.44027352333  1.725244E-17
5386.43020236492  1.801727E-17
5388.42013120651  1.826731E-17
5390.4100600481  1.895902E-17
5392.3999888897  2.031720E-17
5394.38991773128  2.132500E-17
5396.37984657288  2.084500E-17
5398.36977541447  1.954799E-17
5400.35970425606  1.771845E-17
5402.34963309765  1.770704E-17
5404.33956193924  1.953307E-17
5406.32949078083  1.915371E-17
5408.31941962242  1.926676E-17
5410.30934846401  1.990004E-17
5412.2992773056  1.693242E-17
5414.28920614719  1.864286E-17
5416.27913498879  1.901841E-17
5418.26906383038  2.000199E-17
5420.25899267197  1.874553E-17
5422.24892151356  1.936490E-17
5424.23885035515  1.864732E-17
5426.22877919674  1.942114E-17
5428.21870803833  2.067659E-17
5430.20863687992  1.841568E-17
5432.19856572151  1.920241E-17
5434.1884945631  1.413722E-17
5436.17842340469  1.437463E-17
5438.16835224629  1.846601E-17
5440.15828108788  1.963041E-17
5442.14820992947  1.911048E-17
5444.13813877106  1.885508E-17
5446.12806761265  1.917994E-17
5448.11799645424  1.879332E-17
5450.10792529583  1.852402E-17
5452.09785413742  1.974415E-17
5454.08778297901  1.943583E-17
5456.0777118206  2.115051E-17
5458.06764066219  2.197470E-17
5460.05756950378  1.964366E-17
5462.04749834538  1.724559E-17
5464.03742718697  2.063139E-17
5466.02735602856  2.168327E-17
5468.01728487015  2.105008E-17
5470.00721371174  1.805231E-17
5471.99714255333  2.043158E-17
5473.98707139492  1.916294E-17
5475.97700023651  2.011936E-17
5477.9669290781  1.920898E-17
5479.95685791969  1.838579E-17
5481.94678676129  2.047673E-17
5483.93671560288  2.108890E-17
5485.92664444447  1.981734E-17
5487.91657328606  1.912424E-17
5489.90650212765  1.869973E-17
5491.89643096924  1.718547E-17
5493.88635981083  1.926072E-17
5495.87628865242  1.979144E-17
5497.86621749401  1.922297E-17
5499.8561463356  1.912735E-17
5501.84607517719  1.900490E-17
5503.83600401878  1.610796E-17
5505.82593286037  2.058317E-17
5507.81586170197  2.124334E-17
5509.80579054356  2.094573E-17
5511.79571938515  1.620265E-17
5513.78564822674  2.155255E-17
5515.77557706833  1.805975E-17
5517.76550590992  1.832037E-17
5519.75543475151  1.997649E-17
5521.7453635931  2.041614E-17
5523.73529243469  1.984685E-17
5525.72522127628  2.028278E-17
5527.71515011787  1.823902E-17
5529.70507895946  1.862862E-17
5531.69500780106  2.142702E-17
5533.68493664265  1.890699E-17
5535.67486548424  1.731082E-17
5537.66479432583  1.811157E-17
5539.65472316742  2.136649E-17
5541.64465200901  1.789026E-17
5543.6345808506  1.728125E-17
5545.62450969219  2.176271E-17
5547.61443853378  1.966893E-17
5549.60436737537  2.092030E-17
5551.59429621697  1.907610E-17
5553.58422505856  2.043626E-17
5555.57415390015  1.796770E-17
5557.56408274174  1.892452E-17
5559.55401158333  1.840349E-17
5561.54394042492  1.642933E-17
5563.53386926651  1.927790E-17
5565.5237981081  1.968638E-17
5567.51372694969  1.872903E-17
5569.50365579128  1.725728E-17
5571.49358463287  1.850111E-17
5573.48351347446  1.978327E-17
5575.47344231605  1.724141E-17
5577.46337115765  1.442336E-17
5579.45329999924  1.727718E-17
5581.44322884083  1.207486E-17
5583.43315768242  2.210060E-17
5585.42308652401  1.864743E-17
5587.4130153656  1.879214E-17
5589.40294420719  1.752841E-17
5591.39287304878  1.898042E-17
5593.38280189037  1.875158E-17
5595.37273073197  1.901612E-17
5597.36265957356  1.907627E-17
5599.35258841515  1.982019E-17
5601.34251725674  2.068026E-17
5603.33244609833  1.805958E-17
5605.32237493992  1.724712E-17
5607.31230378151  1.629628E-17
5609.3022326231  1.686685E-17
5611.29216146469  1.973905E-17
5613.28209030628  1.947932E-17
5615.27201914787  1.988876E-17
5617.26194798946  1.690855E-17
5619.25187683106  1.695255E-17
5621.24180567265  1.896085E-17
5623.23173451424  1.844102E-17
5625.22166335583  1.942028E-17
5627.21159219742  1.962729E-17
5629.20152103901  1.779519E-17
5631.1914498806  1.779848E-17
5633.18137872219  1.843605E-17
5635.17130756378  1.764748E-17
5637.16123640537  1.596150E-17
5639.15116524696  1.740284E-17
5641.14109408856  1.959999E-17
5643.13102293015  1.958388E-17
5645.12095177174  1.834509E-17
5647.11088061333  1.737104E-17
5649.10080945492  2.011235E-17
5651.09073829651  2.033302E-17
5653.0806671381  2.086868E-17
5655.07059597969  1.622453E-17
5657.06052482128  2.021319E-17
5659.05045366287  1.815727E-17
5661.04038250446  2.170452E-17
5663.03031134605  2.296232E-17
5665.02024018765  1.900795E-17
5667.01016902924  2.007000E-17
5669.00009787083  2.011770E-17
5670.99002671242  2.010310E-17
5672.97995555401  1.766761E-17
5674.9698843956  1.970223E-17
5676.95981323719  1.857096E-17
5678.94974207878  1.931119E-17
5680.93967092037  1.832743E-17
5682.92959976196  1.885152E-17
5684.91952860355  1.914965E-17
5686.90945744515  1.673216E-17
5688.89938628674  1.807912E-17
5690.88931512833  1.917605E-17
5692.87924396992  1.852556E-17
5694.86917281151  1.939781E-17
5696.8591016531  1.986930E-17
5698.84903049469  1.737873E-17
5700.83895933628  1.883258E-17
5702.82888817787  1.733463E-17
5704.81881701946  1.691171E-17
5706.80874586105  1.894897E-17
5708.79867470265  1.977485E-17
5710.78860354424  1.820031E-17
5712.77853238583  1.729744E-17
5714.76846122742  1.727080E-17
5716.75839006901  1.980269E-17
5718.7483189106  1.830079E-17
5720.73824775219  2.136401E-17
5722.72817659378  1.845733E-17
5724.71810543537  1.785175E-17
5726.70803427696  1.963625E-17
5728.69796311855  1.885538E-17
5730.68789196014  1.917794E-17
5732.67782080174  1.901379E-17
5734.66774964333  1.707965E-17
5736.65767848492  1.906859E-17
5738.64760732651  1.517497E-17
5740.6375361681  1.770074E-17
5742.62746500969  1.474817E-17
5744.61739385128  1.526752E-17
5746.60732269287  1.744509E-17
5748.59725153446  1.680370E-17
5750.58718037605  1.764705E-17
5752.57710921765  1.770159E-17
5754.56703805924  1.655450E-17
5756.55696690083  1.728670E-17
5758.54689574242  1.563888E-17
5760.53682458401  1.725952E-17
5762.5267534256  1.829590E-17
5764.51668226719  1.784584E-17
5766.50661110878  1.693926E-17
5768.49653995037  1.949230E-17
5770.48646879196  1.763001E-17
5772.47639763355  1.677133E-17
5774.46632647514  1.835432E-17
5776.45625531674  1.599799E-17
5778.44618415833  1.645725E-17
5780.43611299992  1.824285E-17
5782.42604184151  1.623278E-17
5784.4159706831  1.654196E-17
5786.40589952469  1.826571E-17
5788.39582836628  1.614063E-17
5790.38575720787  1.750648E-17
5792.37568604946  1.740545E-17
5794.36561489105  1.544487E-17
5796.35554373265  1.557529E-17
5798.34547257424  1.763535E-17
5800.33540141583  1.887212E-17
5802.32533025742  1.751780E-17
5804.31525909901  1.674676E-17
5806.3051879406  1.695369E-17
5808.29511678219  1.742271E-17
5810.28504562378  1.636299E-17
5812.27497446537  1.670178E-17
5814.26490330696  1.691785E-17
5816.25483214855  1.585936E-17
5818.24476099014  1.715275E-17
5820.23468983173  1.822636E-17
5822.22461867333  1.564008E-17
5824.21454751492  1.840404E-17
5826.20447635651  1.855140E-17
5828.1944051981  1.714487E-17
5830.18433403969  1.557310E-17
5832.17426288128  1.704304E-17
5834.16419172287  1.890275E-17
5836.15412056446  1.488046E-17
5838.14404940605  1.743914E-17
5840.13397824764  1.690107E-17
5842.12390708923  1.775816E-17
5844.11383593083  1.925677E-17
5846.10376477242  1.608688E-17
5848.09369361401  1.736428E-17
5850.0836224556  1.921849E-17
5852.07355129719  1.758734E-17
5854.06348013878  1.575554E-17
5856.05340898037  1.510675E-17
5858.04333782196  1.731161E-17
5860.03326666355  1.652621E-17
5862.02319550514  1.634029E-17
5864.01312434673  1.802329E-17
5866.00305318833  1.445932E-17
5867.99298202992  1.526246E-17
5869.98291087151  1.635343E-17
5871.9728397131  1.588738E-17
5873.96276855469  1.685168E-17
5875.95269739628  1.452631E-17
5877.94262623787  1.523861E-17
5879.93255507946  1.531343E-17
5881.92248392105  1.525472E-17
5883.91241276264  1.620617E-17
5885.90234160423  1.471185E-17
5887.89227044583  1.555784E-17
5889.88219928742  1.612692E-17
5891.87212812901  1.111257E-17
5893.8620569706  1.505876E-17
5895.85198581219  1.541404E-17
5897.84191465378  1.773869E-17
5899.83184349537  1.769940E-17
5901.82177233696  1.684893E-17
5903.81170117855  1.677433E-17
5905.80163002014  1.607042E-17
5907.79155886173  1.488626E-17
5909.78148770332  1.452118E-17
5911.77141654492  1.378556E-17
5913.76134538651  1.287970E-17
5915.7512742281  1.402784E-17
5917.74120306969  1.549328E-17
5919.73113191128  1.535072E-17
5921.72106075287  1.518979E-17
5923.71098959446  1.329230E-17
5925.70091843605  1.384553E-17
5927.69084727764  1.243366E-17
5929.68077611923  1.101680E-17
5931.67070496082  1.282242E-17
5933.66063380242  1.284665E-17
5935.65056264401  1.379115E-17
5937.6404914856  1.422395E-17
5939.63042032719  1.478921E-17
5941.62034916878  1.372955E-17
5943.61027801037  1.261006E-17
5945.60020685196  1.401369E-17
5947.59013569355  1.456036E-17
5949.58006453514  1.370877E-17
5951.56999337673  1.323752E-17
5953.55992221832  1.200482E-17
5955.54985105992  1.362186E-17
5957.53977990151  1.118993E-17
5959.5297087431  1.319424E-17
5961.51963758469  1.300048E-17
5963.50956642628  1.380114E-17
5965.49949526787  1.307801E-17
5967.48942410946  1.217318E-17
5969.47935295105  1.530576E-17
5971.46928179264  1.546704E-17
5973.45921063423  1.425294E-17
5975.44913947582  1.364048E-17
5977.43906831741  1.389722E-17
5979.428997159  1.425214E-17
5981.4189260006  1.510881E-17
5983.40885484219  1.469207E-17
5985.39878368378  1.298450E-17
5987.38871252537  1.208977E-17
5989.37864136696  1.556012E-17
5991.36857020855  1.491518E-17
5993.35849905014  1.560551E-17
5995.34842789173  1.477837E-17
5997.33835673332  1.543350E-17
5999.32828557491  1.580306E-17
6001.3182144165  1.351216E-17
6003.3081432581  1.565001E-17
6005.29807209969  1.558743E-17
6007.28800094128  1.444052E-17
6009.27792978287  1.527230E-17
6011.26785862446  1.558099E-17
6013.25778746605  1.350661E-17
6015.24771630764  1.406461E-17
6017.23764514923  1.468398E-17
6019.22757399082  1.647843E-17
6021.21750283241  1.519098E-17
6023.20743167401  1.680620E-17
6025.1973605156  1.826959E-17
6027.18728935719  1.570837E-17
6029.17721819878  1.794377E-17
6031.16714704037  1.567710E-17
6033.15707588196  1.811968E-17
6035.14700472355  1.807607E-17
6037.13693356514  1.553984E-17
6039.12686240673  1.703651E-17
6041.11679124832  1.750146E-17
6043.10672008991  1.492826E-17
6045.0966489315  1.732522E-17
6047.0865777731  1.809177E-17
6049.07650661469  1.714955E-17
6051.06643545628  1.688111E-17
6053.05636429787  1.825290E-17
6055.04629313946  2.065626E-17
6057.03622198105  1.712699E-17
6059.02615082264  1.611087E-17
6061.01607966423  1.693401E-17
6063.00600850582  1.808154E-17
6064.99593734741  1.836918E-17
6066.98586618901  1.861844E-17
6068.97579503059  1.891679E-17
6070.96572387219  1.810451E-17
6072.95565271378  1.656558E-17
6074.94558155537  1.819273E-17
6076.93551039696  1.776314E-17
6078.92543923855  1.560970E-17
6080.91536808014  1.864062E-17
6082.90529692173  1.697303E-17
6084.89522576332  1.750055E-17
6086.88515460491  1.741886E-17
6088.8750834465  1.661800E-17
6090.86501228809  1.992587E-17
6092.85494112969  1.778020E-17
6094.84486997128  1.690351E-17
6096.83479881287  1.802140E-17
6098.82472765446  2.018652E-17
6100.81465649605  1.706037E-17
6102.80458533764  1.738608E-17
6104.79451417923  2.030354E-17
6106.78444302082  1.906416E-17
6108.77437186241  1.645632E-17
6110.764300704  1.605936E-17
6112.75422954559  1.750155E-17
6114.74415838719  1.515784E-17
6116.73408722878  1.649730E-17
6118.72401607037  1.690336E-17
6120.71394491196  1.614485E-17
6122.70387375355  1.683328E-17
6124.69380259514  1.849904E-17
6126.68373143673  1.747382E-17
6128.67366027832  1.736493E-17
6130.66358911991  1.939822E-17
6132.6535179615  1.675113E-17
6134.64344680309  1.759895E-17
6136.63337564469  1.800424E-17
6138.62330448628  1.726430E-17
6140.61323332787  1.697536E-17
6142.60316216946  1.740045E-17
6144.59309101105  1.851653E-17
6146.58301985264  1.881276E-17
6148.57294869423  1.723685E-17
6150.56287753582  1.850844E-17
6152.55280637741  1.785847E-17
6154.542735219  1.791675E-17
6156.53266406059  1.572427E-17
6158.52259290218  1.535641E-17
6160.51252174378  1.715114E-17
6162.50245058537  1.798226E-17
6164.49237942696  2.160767E-17
6166.48230826855  2.005467E-17
6168.47223711014  1.787196E-17
6170.46216595173  1.957113E-17
6172.45209479332  1.740615E-17
6174.44202363491  1.507472E-17
6176.4319524765  1.731330E-17
6178.42188131809  1.801958E-17
6180.41181015969  1.839971E-17
6182.40173900128  1.874766E-17
6184.39166784287  1.644101E-17
6186.38159668446  1.788867E-17
6188.37152552605  1.782917E-17
6190.36145436764  1.810197E-17
6192.35138320923  1.818150E-17
6194.34131205082  1.809429E-17
6196.33124089241  1.526788E-17
6198.321169734  1.587011E-17
6200.31109857559  1.652180E-17
6202.30102741718  1.606948E-17
6204.29095625878  1.620244E-17
6206.28088510037  1.761600E-17
6208.27081394196  1.874157E-17
6210.26074278355  1.862836E-17
6212.25067162514  1.738053E-17
6214.24060046673  1.910388E-17
6216.23052930832  2.009737E-17
6218.22045814991  1.686959E-17
6220.2103869915  1.812731E-17
6222.20031583309  1.527165E-17
6224.19024467468  1.736843E-17
6226.18017351627  1.806733E-17
6228.17010235787  1.826388E-17
6230.16003119946  1.634599E-17
6232.14996004105  1.664844E-17
6234.13988888264  1.672093E-17
6236.12981772423  1.713137E-17
6238.11974656582  2.000940E-17
6240.10967540741  1.937607E-17
6242.099604249  1.766495E-17
6244.08953309059  1.753608E-17
6246.07946193218  1.728543E-17
6248.06939077377  2.059473E-17
6250.05931961536  1.675148E-17
6252.04924845696  1.307200E-17
6254.03917729855  1.579645E-17
6256.02910614014  1.844890E-17
6258.01903498173  1.629299E-17
6260.00896382332  1.685678E-17
6261.99889266491  1.769647E-17
6263.9888215065  1.550343E-17
6265.97875034809  1.425518E-17
6267.96867918968  1.659198E-17
6269.95860803127  1.620027E-17
6271.94853687286  1.728201E-17
6273.93846571446  1.576129E-17
6275.92839455605  1.389433E-17
6277.91832339764  1.510094E-17
6279.90825223923  1.753023E-17
6281.89818108082  1.510132E-17
6283.88810992241  1.588290E-17
6285.878038764  1.708012E-17
6287.86796760559  1.782632E-17
6289.85789644718  1.920332E-17
6291.84782528878  1.510189E-17
6293.83775413037  1.510113E-17
6295.82768297196  1.672729E-17
6297.81761181355  2.019478E-17
6299.80754065514  1.568439E-17
6301.79746949673  1.732345E-17
6303.78739833832  1.482820E-17
6305.77732717991  1.740836E-17
6307.7672560215  1.655252E-17
6309.75718486309  1.639153E-17
6311.74711370468  1.396208E-17
6313.73704254627  1.369295E-17
6315.72697138787  1.578685E-17
6317.71690022945  1.162718E-17
6319.70682907105  1.433243E-17
6321.69675791264  1.781872E-17
6323.68668675423  1.562489E-17
6325.67661559582  1.098948E-17
6327.66654443741  1.689380E-17
6329.656473279  1.812181E-17
6331.64640212059  1.531111E-17
6333.63633096218  1.641864E-17
6335.62625980377  1.616432E-17
6337.61618864536  1.562494E-17
6339.60611748696  1.719476E-17
6341.59604632855  1.631701E-17
6343.58597517014  1.497130E-17
6345.57590401173  1.607636E-17
6347.56583285332  1.658755E-17
6349.55576169491  1.798550E-17
6351.5456905365  1.625369E-17
6353.53561937809  1.400702E-17
6355.52554821968  1.478338E-17
6357.51547706127  1.806716E-17
6359.50540590286  1.453730E-17
6361.49533474445  1.561082E-17
6363.48526358605  1.604466E-17
6365.47519242764  1.442599E-17
6367.46512126923  1.489255E-17
6369.45505011082  1.639602E-17
6371.44497895241  1.543615E-17
6373.434907794  1.629875E-17
6375.42483663559  1.418194E-17
6377.41476547718  1.360918E-17
6379.40469431877  1.487390E-17
6381.39462316036  1.621899E-17
6383.38455200196  1.468949E-17
6385.37448084355  1.480837E-17
6387.36440968514  1.650499E-17
6389.35433852673  1.505736E-17
6391.34426736832  1.513570E-17
6393.33419620991  1.679135E-17
6395.3241250515  1.532105E-17
6397.31405389309  1.439468E-17
6399.30398273468  1.398567E-17
6401.29391157627  1.338721E-17
6403.28384041786  1.428330E-17
6405.27376925945  1.576182E-17
6407.26369810105  1.759485E-17
6409.25362694264  1.404007E-17
6411.24355578423  1.440304E-17
6413.23348462582  1.209770E-17
6415.22341346741  1.552243E-17
6417.213342309  1.396056E-17
6419.20327115059  1.332489E-17
6421.19319999218  1.463909E-17
6423.18312883377  1.386137E-17
6425.17305767536  1.168624E-17
6427.16298651695  1.301057E-17
6429.15291535855  1.371280E-17
6431.14284420014  1.292101E-17
6433.13277304173  1.184708E-17
6435.12270188332  1.364143E-17
6437.11263072491  1.500698E-17
6439.1025595665  1.138475E-17
6441.09248840809  1.247016E-17
6443.08241724968  1.225833E-17
6445.07234609127  1.141505E-17
6447.06227493286  1.356433E-17
6449.05220377445  1.347712E-17
6451.04213261604  1.379270E-17
6453.03206145764  1.421365E-17
6455.02199029923  1.558878E-17
6457.01191914082  1.442595E-17
6459.00184798241  1.256848E-17
6460.991776824  1.270584E-17
6462.98170566559  1.211703E-17
6464.97163450718  1.423792E-17
6466.96156334877  1.452182E-17
6468.95149219036  1.199332E-17
6470.94142103195  1.147736E-17
6472.93134987355  1.133479E-17
6474.92127871514  1.349604E-17
6476.91120755673  1.317379E-17
6478.90113639832  1.125657E-17
6480.89106523991  1.125910E-17
6482.8809940815  9.902335E-18
6484.87092292309  1.039671E-17
6486.86085176468  1.190644E-17
6488.85078060627  9.646059E-18
6490.84070944786  7.984932E-18
6492.83063828945  1.016885E-17
6494.82056713104  9.796715E-18
6496.81049597264  1.117495E-17
6498.80042481423  1.049333E-17
6500.79035365582  1.059022E-17
6502.78028249741  9.858232E-18
6504.770211339  9.927609E-18
6506.76014018059  1.102859E-17
6508.75006902218  1.124111E-17
6510.73999786377  1.020169E-17
6512.72992670536  1.057850E-17
6514.71985554695  9.881362E-18
6516.70978438854  1.088074E-17
6518.69971323013  9.275263E-18
6520.68964207173  8.348669E-18
6522.67957091332  9.742599E-18
6524.66949975491  9.793721E-18
6526.6594285965  9.691370E-18
6528.64935743809  8.436677E-18
6530.63928627968  9.399441E-18
6532.62921512127  9.439305E-18
6534.61914396286  7.047352E-18
6536.60907280445  1.045133E-17
6538.59900164604  1.128046E-17
6540.58893048764  9.899060E-18
6542.57885932923  1.114247E-17
6544.56878817082  1.113358E-17
6546.55871701241  1.051482E-17
6548.548645854  8.952396E-18
6550.53857469559  1.026812E-17
6552.52850353718  9.921605E-18
6554.51843237877  1.122199E-17
6556.50836122036  1.160431E-17
6558.49829006195  6.970666E-18
6560.48821890354  7.800772E-18
6562.47814774514  9.631540E-18
6564.46807658673  1.042050E-17
6566.45800542832  1.031233E-17
6568.44793426991  9.496685E-18
6570.4378631115  8.899004E-18
6572.42779195309  1.218706E-17
6574.41772079468  9.806941E-18
6576.40764963627  9.469445E-18
6578.39757847786  8.888731E-18
6580.38750731945  9.637497E-18
6582.37743616104  1.048086E-17
6584.36736500263  1.077851E-17
6586.35729384423  8.328324E-18
6588.34722268582  7.774082E-18
6590.33715152741  9.930495E-18
6592.327080369  1.027781E-17
6594.31700921059  1.012995E-17
6596.30693805218  9.902287E-18
6598.29686689377  9.925796E-18
6600.28679573536  9.818765E-18
6602.27672457695  1.150275E-17
6604.26665341854  1.051869E-17
6606.25658226013  9.702153E-18
6608.24651110172  1.018606E-17
6610.23643994332  9.413762E-18
6612.22636878491  9.269080E-18
6614.2162976265  1.181165E-17
6616.20622646809  1.202967E-17
6618.19615530968  1.149541E-17
6620.18608415127  1.022331E-17
6622.17601299286  1.273530E-17
6624.16594183445  1.313842E-17
6626.15587067604  1.312363E-17
6628.14579951763  1.067764E-17
6630.13572835922  1.153375E-17
6632.12565720082  1.252104E-17
6634.11558604241  1.170279E-17
6636.105514884  1.137405E-17
6638.09544372559  1.254031E-17
6640.08537256718  1.142871E-17
6642.07530140877  1.328871E-17
6644.06523025036  1.327958E-17
6646.05515909195  1.151588E-17
6648.04508793354  1.313198E-17
6650.03501677513  1.318293E-17
6652.02494561673  1.384384E-17
6654.01487445832  1.226293E-17
6656.00480329991  1.416309E-17
6657.9947321415  1.451576E-17
6659.98466098309  1.395131E-17
6661.97458982468  1.313328E-17
6663.96451866627  1.274122E-17
6665.95444750786  1.372600E-17
6667.94437634945  1.414468E-17
6669.93430519104  1.377580E-17
6671.92423403263  1.459175E-17
6673.91416287422  1.507220E-17
6675.90409171581  1.728392E-17
6677.89402055741  1.579580E-17
6679.883949399  1.569715E-17
6681.87387824059  1.599505E-17
6683.86380708218  1.339043E-17
6685.85373592377  1.565808E-17
6687.84366476536  1.441998E-17
6689.83359360695  1.589218E-17
6691.82352244854  1.678308E-17
6693.81345129013  1.354924E-17
6695.80338013172  1.414850E-17
6697.79330897331  1.567909E-17
6699.78323781491  1.748923E-17
6701.7731666565  1.742851E-17
6703.76309549809  1.689584E-17
6705.75302433968  1.652514E-17
6707.74295318127  1.742078E-17
6709.73288202286  1.647400E-17
6711.72281086445  1.656282E-17
6713.71273970604  1.617510E-17
6715.70266854763  1.399069E-17
6717.69259738922  1.607063E-17
6719.68252623082  1.484606E-17
6721.67245507241  1.371215E-17
6723.662383914  1.687820E-17
6725.65231275559  1.735460E-17
6727.64224159718  1.689954E-17
6729.63217043877  1.704606E-17
6731.62209928036  1.603918E-17
6733.61202812195  1.853006E-17
6735.60195696354  1.548958E-17
6737.59188580513  1.581248E-17
6739.58181464672  1.570510E-17
6741.57174348831  1.584283E-17
6743.5616723299  1.667330E-17
6745.55160117149  1.673467E-17
6747.54153001309  1.805631E-17
6749.53145885468  1.830988E-17
6751.52138769627  1.817962E-17
6753.51131653786  1.725667E-17
6755.50124537945  1.762664E-17
6757.49117422104  1.758229E-17
6759.48110306263  1.675686E-17
6761.47103190422  1.949031E-17
6763.46096074581  1.912848E-17
6765.4508895874  1.706299E-17
6767.44081842899  1.780561E-17
6769.43074727059  1.768575E-17
6771.42067611218  1.670710E-17
6773.41060495377  1.524190E-17
6775.40053379536  1.702542E-17
6777.39046263695  1.789678E-17
6779.38039147854  1.926254E-17
6781.37032032013  1.651184E-17
6783.36024916172  1.553314E-17
6785.35017800331  1.641065E-17
6787.3401068449  1.679949E-17
6789.3300356865  1.655341E-17
6791.31996452809  1.718071E-17
6793.30989336968  1.792515E-17
6795.29982221127  1.635378E-17
6797.28975105286  1.985922E-17
6799.27967989445  1.725290E-17
6801.26960873604  1.851460E-17
6803.25953757763  1.851681E-17
6805.24946641922  1.760890E-17
6807.23939526081  1.831265E-17
6809.2293241024  1.764532E-17
6811.219252944  1.611984E-17
6813.20918178559  1.768898E-17
6815.19911062718  1.510039E-17
6817.18903946877  1.614282E-17
6819.17896831036  1.804051E-17
6821.16889715195  1.804650E-17
6823.15882599354  1.605551E-17
6825.14875483513  1.659932E-17
6827.13868367672  1.765997E-17
6829.12861251831  1.718987E-17
6831.1185413599  1.995380E-17
6833.10847020149  1.590011E-17
6835.09839904309  1.974854E-17
6837.08832788468  1.876238E-17
6839.07825672627  1.986436E-17
6841.06818556786  1.744532E-17
6843.05811440945  1.817696E-17
6845.04804325104  1.928367E-17
6847.03797209263  1.790850E-17
6849.02790093422  1.769289E-17
6851.01782977581  1.830281E-17
6853.0077586174  1.724852E-17
6854.99768745899  1.899892E-17
6856.98761630058  2.052572E-17
6858.97754514218  1.748915E-17
6860.96747398377  1.502596E-17
6862.95740282536  2.081931E-17
6864.94733166695  1.894070E-17
6866.93726050854  1.805674E-17
6868.92718935013  1.470400E-17
6870.91711819172  1.196646E-17
6872.90704703331  1.194356E-17
6874.8969758749  1.164491E-17
6876.8869047165  1.289402E-17
6878.87683355809  1.377495E-17
6880.86676239968  1.746197E-17
6882.85669124127  1.779624E-17
6884.84662008286  1.667427E-17
6886.83654892445  1.608833E-17
6888.82647776604  1.724666E-17
6890.81640660763  1.383167E-17
6892.80633544922  1.679077E-17
6894.79626429081  1.616609E-17
6896.7861931324  1.603515E-17
6898.77612197399  1.600396E-17
6900.76605081559  1.537192E-17
6902.75597965718  1.646533E-17
6904.74590849877  1.880512E-17
6906.73583734036  2.142925E-17
6908.72576618195  1.913143E-17
6910.71569502354  1.746926E-17
6912.70562386513  1.552528E-17
6914.69555270672  1.672692E-17
6916.68548154831  1.434843E-17
6918.6754103899  1.769477E-17
6920.66533923149  1.651854E-17
6922.65526807308  1.518494E-17
6924.64519691468  1.764097E-17
6926.63512575627  2.074523E-17
6928.62505459786  1.827400E-17
6930.61498343945  1.699040E-17
6932.60491228104  1.609061E-17
6934.59484112263  1.678910E-17
6936.58476996422  1.723506E-17
6938.57469880581  1.560510E-17
6940.5646276474  1.682869E-17
6942.55455648899  1.819731E-17
6944.54448533058  1.412138E-17
6946.53441417217  1.691468E-17
6948.52434301377  1.658424E-17
6950.51427185536  1.894115E-17
6952.50420069695  1.723951E-17
6954.49412953854  1.767237E-17
6956.48405838013  1.637870E-17
6958.47398722172  1.641977E-17
6960.46391606331  1.723346E-17
6962.4538449049  1.467295E-17
6964.44377374649  1.532600E-17
6966.43370258808  1.446640E-17
6968.42363142967  1.733562E-17
6970.41356027127  1.796133E-17
6972.40348911286  1.710960E-17
6974.39341795445  1.685918E-17
6976.38334679604  1.644045E-17
6978.37327563763  1.675124E-17
6980.36320447922  1.558967E-17
6982.35313332081  1.581505E-17
6984.3430621624  1.449275E-17
6986.33299100399  1.459006E-17
6988.32291984559  1.559766E-17
6990.31284868717  1.597418E-17
6992.30277752876  1.654039E-17
6994.29270637036  1.571534E-17
6996.28263521195  1.549014E-17
6998.27256405354  1.692504E-17
7000.26249289513  1.672389E-17
7002.25242173672  1.610233E-17
7004.24235057831  1.689774E-17
7006.2322794199  1.407008E-17
7008.22220826149  1.566143E-17
7010.21213710308  1.708853E-17
7012.20206594467  1.479563E-17
7014.19199478626  1.434758E-17
7016.18192362785  1.510867E-17
7018.17185246945  1.527722E-17
7020.16178131104  1.499174E-17
7022.15171015263  1.684256E-17
7024.14163899422  1.597705E-17
7026.13156783581  1.535123E-17
7028.1214966774  1.541870E-17
7030.11142551899  1.492889E-17
7032.10135436058  1.548740E-17
7034.09128320217  1.712345E-17
7036.08121204377  1.523629E-17
7038.07114088536  1.543287E-17
7040.06106972695  1.546274E-17
7042.05099856854  1.479446E-17
7044.04092741013  1.717383E-17
7046.03085625172  1.591380E-17
7048.02078509331  1.478260E-17
7050.0107139349  1.461842E-17
7052.00064277649  1.519133E-17
7053.99057161808  1.569666E-17
7055.98050045967  1.609937E-17
7057.97042930126  1.469827E-17
7059.96035814286  1.458473E-17
7061.95028698445  1.627152E-17
7063.94021582604  1.491997E-17
7065.93014466763  1.350292E-17
7067.92007350922  1.464175E-17
7069.91000235081  1.640747E-17
7071.8999311924  1.672303E-17
7073.88986003399  1.657755E-17
7075.87978887558  1.383092E-17
7077.86971771717  1.460209E-17
7079.85964655876  1.422126E-17
7081.84957540035  1.506928E-17
7083.83950424195  1.530943E-17
7085.82943308354  1.665341E-17
7087.81936192513  1.594685E-17
7089.80929076672  1.375529E-17
7091.79921960831  1.605073E-17
7093.7891484499  1.494583E-17
7095.77907729149  1.338306E-17
7097.76900613308  1.296946E-17
7099.75893497467  1.300744E-17
7101.74886381626  1.237785E-17
7103.73879265785  1.406752E-17
7105.72872149945  1.310450E-17
7107.71865034104  1.267842E-17
7109.70857918263  1.439637E-17
7111.69850802422  1.511602E-17
7113.68843686581  1.418520E-17
7115.6783657074  1.430979E-17
7117.66829454899  1.323669E-17
7119.65822339058  1.453440E-17
7121.64815223217  1.317610E-17
7123.63808107376  1.278358E-17
7125.62800991535  1.586315E-17
7127.61793875694  1.503521E-17
7129.60786759854  1.571909E-17
7131.59779644013  1.322431E-17
7133.58772528172  1.448708E-17
7135.57765412331  1.276588E-17
7137.5675829649  1.447208E-17
7139.55751180649  1.360401E-17
7141.54744064808  1.231853E-17
7143.53736948967  1.298144E-17
7145.52729833126  1.297746E-17
7147.51722717285  1.351705E-17
7149.50715601445  1.340169E-17
7151.49708485604  1.305497E-17
7153.48701369763  1.188878E-17
7155.47694253922  1.594832E-17
7157.46687138081  1.361430E-17
7159.4568002224  1.337901E-17
7161.44672906399  1.420819E-17
7163.43665790558  1.421372E-17
7165.42658674717  1.300539E-17
7167.41651558876  1.095357E-17
7169.40644443035  1.150994E-17
7171.39637327194  1.351391E-17
7173.38630211354  1.200379E-17
7175.37623095513  1.278775E-17
7177.36615979672  1.350488E-17
7179.35608863831  1.361387E-17
7181.3460174799  1.180725E-17
7183.33594632149  1.200472E-17
7185.32587516308  9.787084E-18
7187.31580400467  1.151607E-17
7189.30573284626  1.320257E-17
7191.29566168785  1.149942E-17
7193.28559052944  1.273880E-17
7195.27551937104  1.007117E-17
7197.26544821263  1.167571E-17
7199.25537705422  1.079923E-17
7201.24530589581  1.180205E-17
7203.2352347374  1.096532E-17
7205.22516357899  9.640022E-18
7207.21509242058  1.076215E-17
7209.20502126217  1.238965E-17
7211.19495010376  1.284682E-17
7213.18487894535  1.272791E-17
7215.17480778694  1.411823E-17
7217.16473662853  1.250293E-17
7219.15466547013  1.282466E-17
7221.14459431172  1.281009E-17
7223.13452315331  1.299774E-17
7225.1244519949  1.063519E-17
7227.11438083649  1.125741E-17
7229.10430967808  1.254576E-17
7231.09423851967  1.121953E-17
7233.08416736126  1.279319E-17
7235.07409620285  1.168935E-17
7237.06402504444  1.166863E-17
7239.05395388603  1.194321E-17
7241.04388272762  1.185261E-17
7243.03381156922  1.218019E-17
7245.02374041081  1.384801E-17
7247.0136692524  1.035415E-17
7249.00359809399  1.390655E-17
7250.99352693558  1.066489E-17
7252.98345577717  1.214389E-17
7254.97338461876  1.002198E-17
7256.96331346035  1.151300E-17
7258.95324230195  1.002107E-17
7260.94317114353  1.143794E-17
7262.93309998513  1.204976E-17
7264.92302882672  1.307886E-17
7266.91295766831  1.226882E-17
7268.9028865099  1.264031E-17
7270.89281535149  1.280188E-17
7272.88274419308  1.165565E-17
7274.87267303467  1.293886E-17
7276.86260187626  1.042449E-17
7278.85253071785  1.133390E-17
7280.84245955944  1.261829E-17
7282.83238840103  1.300259E-17
7284.82231724262  1.416475E-17
7286.81224608422  1.347808E-17
7288.80217492581  1.076939E-17
7290.7921037674  9.293038E-18
7292.78203260899  1.236200E-17
7294.77196145058  1.258983E-17
7296.76189029217  1.133540E-17
7298.75181913376  1.263338E-17
7300.74174797535  1.117569E-17
7302.73167681694  1.417939E-17
7304.72160565853  1.333038E-17
7306.71153450012  1.275400E-17
7308.70146334172  1.321569E-17
7310.69139218331  1.190920E-17
7312.6813210249  8.035387E-18
7314.67124986649  1.144109E-17
7316.66117870808  1.166011E-17
7318.65110754967  1.137647E-17
7320.64103639126  1.208614E-17
7322.63096523285  1.285644E-17
7324.62089407444  1.233844E-17
7326.61082291603  1.173061E-17
7328.60075175762  1.521705E-17
7330.59068059921  1.267523E-17
7332.58060944081  1.292720E-17
7334.5705382824  1.099932E-17
7336.56046712399  1.236490E-17
7338.55039596558  1.536550E-17
7340.54032480717  1.317338E-17
7342.53025364876  1.285412E-17
7344.52018249035  1.286355E-17
7346.51011133194  1.254855E-17
7348.50004017353  1.102954E-17
7350.48996901512  1.504318E-17
7352.47989785671  1.208408E-17
7354.4698266983  1.232515E-17
7356.4597555399  1.023101E-17
7358.44968438149  1.396642E-17
7360.43961322308  1.391678E-17
7362.42954206467  1.294691E-17
7364.41947090626  1.055261E-17
7366.40939974785  1.140641E-17
7368.39932858944  1.242335E-17
7370.38925743103  1.173882E-17
7372.37918627262  8.025573E-18
7374.36911511422  1.042078E-17
7376.35904395581  1.080800E-17
7378.3489727974  1.224000E-17
7380.33890163899  1.082768E-17
7382.32883048058  1.173824E-17
7384.31875932217  1.114250E-17
7386.30868816376  1.318099E-17
7388.29861700535  1.273754E-17
7390.28854584694  1.265855E-17
7392.27847468853  8.797514E-18
7394.26840353012  1.432864E-17
7396.25833237171  1.257787E-17
7398.24826121331  1.067279E-17
7400.2381900549  1.502821E-17
7402.22811889649  1.341707E-17
7404.21804773808  1.055777E-17
7406.20797657967  1.132022E-17
7408.19790542126  1.232735E-17
7410.18783426285  1.268251E-17
7412.17776310444  1.106244E-17
7414.16769194603  9.709755E-18
7416.15762078762  1.172812E-17
7418.14754962921  1.237082E-17
7420.13747847081  1.282888E-17
7422.1274073124  1.299168E-17
7424.11733615399  1.257874E-17
7426.10726499558  1.314295E-17
7428.09719383717  1.166150E-17
7430.08712267876  1.283884E-17
7432.07705152035  1.172945E-17
7434.06698036194  1.344347E-17
7436.05690920353  1.235606E-17
7438.04683804512  1.251865E-17
7440.03676688671  1.215380E-17
7442.0266957283  1.067639E-17
7444.0166245699  1.116717E-17
7446.00655341149  1.218612E-17
7447.99648225308  1.189762E-17
7449.98641109467  1.146294E-17
7451.97633993626  1.218150E-17
7453.96626877785  1.183050E-17
7455.95619761944  1.167368E-17
7457.94612646103  1.002526E-17
7459.93605530262  1.285573E-17
7461.92598414421  1.258070E-17
7463.9159129858  1.277113E-17
7465.9058418274  1.252674E-17
7467.89577066899  9.361877E-18
7469.88569951058  1.229159E-17
7471.87562835217  1.293396E-17
7473.86555719376  1.229528E-17
7475.85548603535  1.369713E-17
7477.84541487694  1.107421E-17
7479.83534371853  1.137314E-17
7481.82527256012  1.232815E-17
7483.81520140171  1.183838E-17
7485.8051302433  1.320031E-17
7487.79505908489  1.392067E-17
7489.78498792649  1.173062E-17
7491.77491676808  1.085642E-17
7493.76484560967  1.089362E-17
7495.75477445126  1.247341E-17
7497.74470329285  1.195940E-17
7499.73463213444  1.295801E-17
7501.72456097603  1.246706E-17
7503.71448981762  1.329362E-17
7505.70441865921  1.294375E-17
7507.6943475008  1.226325E-17
7509.68427634239  1.167912E-17
7511.67420518398  1.260931E-17
7513.66413402558  1.223871E-17
7515.65406286717  9.743603E-18
7517.64399170876  1.146756E-17
7519.63392055035  1.217762E-17
7521.62384939194  1.169956E-17
7523.61377823353  1.471250E-17
7525.60370707512  1.136507E-17
7527.59363591671  1.308731E-17
7529.5835647583  9.880217E-18
7531.57349359989  1.057002E-17
7533.56342244149  1.058399E-17
7535.55335128308  1.079577E-17
7537.54328012467  1.128692E-17
7539.53320896626  1.101118E-17
7541.52313780785  1.092447E-17
7543.51306664944  1.145090E-17
7545.50299549103  1.057017E-17
7547.49292433262  1.214715E-17
7549.48285317421  1.212322E-17
7551.4727820158  1.126136E-17
7553.46271085739  1.081243E-17
7555.45263969898  1.172112E-17
7557.44256854058  1.099230E-17
7559.43249738217  1.288968E-17
7561.42242622376  1.233275E-17
7563.41235506535  1.176486E-17
7565.40228390694  1.150621E-17
7567.39221274853  1.227995E-17
7569.38214159012  1.006300E-17
7571.37207043171  1.003863E-17
7573.3619992733  1.167001E-17
7575.35192811489  6.892716E-18
7577.34185695649  1.101319E-17
7579.33178579807  1.154644E-17
7581.32171463967  1.142497E-17
7583.31164348126  1.199357E-17
7585.30157232285  8.798175E-18
7587.29150116444  1.207129E-17
7589.28143000603  1.050694E-17
7591.27135884762  1.176006E-17
7593.26128768921  1.092641E-17
7595.2512165308  9.603171E-18
7597.24114537239  5.060410E-18
7599.23107421398  5.030479E-18
7601.22100305557  4.795128E-18
7603.21093189716  3.679246E-18
7605.20086073876  3.939182E-18
7607.19078958035  1.854403E-18
7609.18071842194  3.294108E-18
7611.17064726353  4.439212E-18
7613.16057610512  4.336992E-18
7615.15050494671  4.519444E-18
7617.1404337883  5.882529E-18
7619.13036262989  6.982900E-18
7621.12029147148  6.622047E-18
7623.11022031308  7.023393E-18
7625.10014915466  5.441134E-18
7627.09007799626  5.044489E-18
7629.08000683785  6.292910E-18
7631.06993567944  6.889490E-18
7633.05986452103  6.296274E-18
7635.04979336262  5.751347E-18
7637.03972220421  6.568044E-18
7639.0296510458  6.472745E-18
7641.01957988739  5.624205E-18
7643.00950872898  6.768362E-18
7644.99943757058  8.175299E-18
7646.98936641217  7.986188E-18
7648.97929525376  6.872959E-18
7650.96922409535  7.024605E-18
7652.95915293694  8.359353E-18
7654.94908177853  9.905590E-18
7656.93901062012  8.933423E-18
7658.92893946171  8.071169E-18
7660.9188683033  9.756146E-18
7662.90879714489  9.730318E-18
7664.89872598648  9.831815E-18
7666.88865482807  1.067369E-17
7668.87858366966  1.152516E-17
7670.86851251126  9.256969E-18
7672.85844135285  9.739391E-18
7674.84837019444  1.059756E-17
7676.83829903603  9.577765E-18
7678.82822787762  1.003070E-17
7680.81815671921  9.701646E-18
7682.8080855608  1.095384E-17
7684.79801440239  1.223763E-17
7686.78794324398  1.216120E-17
7688.77787208557  1.114505E-17
7690.76780092716  1.150990E-17
7692.75772976876  1.031597E-17
7694.74765861035  1.056310E-17
7696.73758745194  9.907890E-18
7698.72751629353  1.038535E-17
7700.71744513512  1.050167E-17
7702.70737397671  1.251721E-17
7704.6973028183  1.057761E-17
7706.68723165989  1.102478E-17
7708.67716050148  1.070793E-17
7710.66708934307  9.226979E-18
7712.65701818466  1.309354E-17
7714.64694702626  1.187266E-17
7716.63687586785  1.286807E-17
7718.62680470944  1.165714E-17
7720.61673355103  1.171523E-17
7722.60666239262  1.106418E-17
7724.59659123421  1.055560E-17
7726.5865200758  9.512491E-18
7728.57644891739  1.026587E-17
7730.56637775898  1.043335E-17
7732.55630660057  8.864905E-18
7734.54623544217  8.276105E-18
7736.53616428375  1.093932E-17
7738.52609312534  1.031756E-17
7740.51602196694  8.171357E-18
7742.50595080853  1.103722E-17
7744.49587965012  1.097537E-17
7746.48580849171  1.096786E-17
7748.4757373333  9.266437E-18
7750.46566617489  1.012531E-17
7752.45559501648  1.019678E-17
7754.44552385807  1.162238E-17
7756.43545269966  1.162646E-17
7758.42538154125  9.751750E-18
7760.41531038285  1.047667E-17
7762.40523922444  1.124482E-17
7764.39516806603  1.172797E-17
7766.38509690762  1.028552E-17
7768.37502574921  1.039785E-17
7770.3649545908  1.095288E-17
7772.35488343239  7.603227E-18
7774.34481227398  9.102005E-18
7776.33474111557  1.034059E-17
7778.32466995716  7.454103E-18
7780.31459879875  1.143645E-17
7782.30452764034  1.230946E-17
7784.29445648194  9.409224E-18
7786.28438532353  1.022417E-17
7788.27431416512  1.222774E-17
7790.26424300671  9.918151E-18
7792.2541718483  1.226460E-17
7794.24410068989  8.044151E-18
7796.23402953148  1.166336E-17
7798.22395837307  5.602470E-18
7800.21388721466  9.647634E-18
7802.20381605625  1.156073E-17
7804.19374489785  1.076804E-17
7806.18367373944  1.090929E-17
7808.17360258103  8.934733E-18
7810.16353142262  1.571862E-17
7812.15346026421  1.350633E-17
7814.1433891058  8.168796E-18
7816.13331794739  1.380455E-17
