3500.25390625  4.210312E-16
3503.08414387703  4.068386E-16
3505.91438150406  3.962429E-16
3508.74461913109  4.981185E-16
3511.57485675812  4.375882E-16
3514.40509438515  4.123695E-16
3517.23533201218  4.187575E-16
3520.06556963921  3.955543E-16
3522.89580726624  3.657748E-16
3525.72604489327  3.407827E-16
3528.5562825203  3.461365E-16
3531.38652014733  3.352472E-16
3534.21675777436  3.867786E-16
3537.04699540139  4.203034E-16
3539.87723302842  4.333063E-16
3542.70747065545  5.554468E-16
3545.53770828247  4.088007E-16
3548.3679459095  2.686044E-16
3551.19818353653  4.659876E-16
3554.02842116356  3.398815E-16
3556.85865879059  3.863055E-16
3559.68889641762  4.190934E-16
3562.51913404465  3.566871E-16
3565.34937167168  3.170939E-16
3568.17960929871  2.859393E-16
3571.00984692574  3.145817E-16
3573.84008455277  4.134435E-16
3576.6703221798  3.630356E-16
3579.50055980683  3.478975E-16
3582.33079743386  4.879351E-16
3585.16103506089  4.089093E-16
3587.99127268791  4.279564E-16
3590.82151031494  3.827574E-16
3593.65174794197  4.830305E-16
3596.481985569  4.118397E-16
3599.31222319603  3.872984E-16
3602.14246082306  3.665503E-16
3604.97269845009  4.789754E-16
3607.80293607712  4.611432E-16
3610.63317370415  3.763627E-16
3613.46341133118  5.202357E-16
3616.29364895821  3.990273E-16
3619.12388658524  5.250947E-16
3621.95412421227  4.386330E-16
3624.7843618393  4.432598E-16
3627.61459946633  3.577362E-16
3630.44483709336  3.422431E-16
3633.27507472039  4.187919E-16
3636.10531234742  3.955184E-16
3638.93554997445  4.580393E-16
3641.76578760147  4.352050E-16
3644.5960252285  4.187692E-16
3647.42626285553  4.616496E-16
3650.25650048256  4.391951E-16
3653.08673810959  4.808514E-16
3655.91697573662  4.389260E-16
3658.74721336365  4.103292E-16
3661.57745099068  5.176591E-16
3664.40768861771  4.396239E-16
3667.23792624474  3.711870E-16
3670.06816387177  4.426269E-16
3672.8984014988  4.256772E-16
3675.72863912583  4.171155E-16
3678.55887675286  4.113314E-16
3681.38911437989  4.441446E-16
3684.21935200692  3.788001E-16
3687.04958963395  3.959254E-16
3689.87982726097  3.996622E-16
3692.710064888  3.416499E-16
3695.54030251503  3.117643E-16
3698.37054014206  4.820820E-16
3701.20077776909  3.725475E-16
3704.03101539612  4.117650E-16
3706.86125302315  4.690271E-16
3709.69149065018  4.100475E-16
3712.52172827721  4.098672E-16
3715.35196590424  4.236527E-16
3718.18220353127  4.485825E-16
3721.0124411583  3.342560E-16
3723.84267878533  3.616077E-16
3726.67291641236  4.538590E-16
3729.50315403939  4.442767E-16
3732.33339166642  3.534272E-16
3735.16362929345  3.921521E-16
3737.99386692047  4.502723E-16
3740.8241045475  4.282060E-16
3743.65434217453  3.966445E-16
3746.48457980156  3.858261E-16
3749.31481742859  4.857759E-16
3752.14505505562  3.613688E-16
3754.97529268265  3.577809E-16
3757.80553030968  4.410060E-16
3760.63576793671  4.531777E-16
3763.46600556374  4.204653E-16
3766.29624319077  4.773574E-16
3769.1264808178  4.824947E-16
3771.95671844483  4.034903E-16
3774.78695607186  4.145341E-16
3777.61719369889  4.448177E-16
3780.44743132592  4.131472E-16
3783.27766895295  3.779666E-16
3786.10790657998  4.401165E-16
3788.938144207  4.501373E-16
3791.76838183403  4.602008E-16
3794.59861946106  4.737712E-16
3797.42885708809  4.754907E-16
3800.25909471512  3.413348E-16
3803.08933234215  4.319313E-16
3805.91956996918  4.507874E-16
3808.74980759621  4.280606E-16
3811.58004522324  4.609997E-16
3814.41028285027  4.676745E-16
3817.2405204773  4.807051E-16
3820.07075810433  4.323764E-16
3822.90099573136  4.706652E-16
3825.73123335839  4.618870E-16
3828.56147098542  4.295697E-16
3831.39170861245  4.521699E-16
3834.22194623947  3.995955E-16
3837.0521838665  4.570302E-16
3839.88242149353  4.654074E-16
3842.71265912056  4.645340E-16
3845.54289674759  4.341025E-16
3848.37313437462  4.504778E-16
3851.20337200165  4.502361E-16
3854.03360962868  3.954223E-16
3856.86384725571  4.427727E-16
3859.69408488274  4.536076E-16
3862.52432250977  4.441673E-16
3865.3545601368  4.411366E-16
3868.18479776383  4.597709E-16
3871.01503539086  3.893761E-16
3873.84527301789  4.366720E-16
3876.67551064492  4.611636E-16
3879.50574827195  4.974537E-16
3882.33598589897  4.588831E-16
3885.166223526  4.298065E-16
3887.99646115303  4.503858E-16
3890.82669878006  4.110124E-16
3893.65693640709  4.194202E-16
3896.48717403412  4.177141E-16
3899.31741166115  4.277080E-16
3902.14764928818  4.541078E-16
3904.97788691521  4.109211E-16
3907.80812454224  4.313201E-16
3910.63836216927  4.653955E-16
3913.4685997963  4.592987E-16
3916.29883742333  3.897061E-16
3919.12907505036  4.354629E-16
3921.95931267739  4.317086E-16
3924.78955030442  4.041210E-16
3927.61978793145  4.436675E-16
3930.45002555848  3.844692E-16
3933.28026318551  4.356908E-16
3936.11050081253  4.553108E-16
3938.94073843956  4.373716E-16
3941.77097606659  4.480033E-16
3944.60121369362  4.294777E-16
3947.43145132065  4.228341E-16
3950.26168894768  4.693874E-16
3953.09192657471  4.211656E-16
3955.92216420174  4.456637E-16
3958.75240182877  4.257145E-16
3961.5826394558  3.760052E-16
3964.41287708283  3.726867E-16
3967.24311470986  3.807774E-16
3970.07335233689  3.511592E-16
3972.90358996392  3.994405E-16
3975.73382759095  3.683662E-16
3978.56406521798  4.179700E-16
3981.39430284501  4.149729E-16
3984.22454047203  4.069674E-16
3987.05477809906  4.283735E-16
3989.88501572609  4.386094E-16
3992.71525335312  4.258749E-16
3995.54549098015  4.375036E-16
3998.37572860718  3.830448E-16
4001.20596623421  3.784777E-16
4004.03620386124  3.464137E-16
4006.86644148827  4.008878E-16
4009.6966791153  3.956227E-16
4012.52691674233  4.396813E-16
4015.35715436936  4.193498E-16
4018.18739199639  4.622756E-16
4021.01762962342  3.708604E-16
4023.84786725045  3.870581E-16
4026.67810487748  4.382565E-16
4029.5083425045  3.605831E-16
4032.33858013153  3.914961E-16
4035.16881775856  4.037685E-16
4037.99905538559  4.205997E-16
4040.82929301262  4.126470E-16
4043.65953063965  4.099458E-16
4046.48976826668  4.100691E-16
4049.32000589371  3.938282E-16
4052.15024352074  4.437175E-16
4054.98048114777  4.246060E-16
4057.8107187748  4.145448E-16
4060.64095640183  3.858459E-16
4063.47119402886  4.319850E-16
4066.30143165589  4.063907E-16
4069.13166928292  3.971291E-16
4071.96190690995  3.948449E-16
4074.79214453698  4.094348E-16
4077.62238216401  4.118615E-16
4080.45261979103  3.933057E-16
4083.28285741806  3.860783E-16
4086.11309504509  3.879950E-16
4088.94333267212  3.742667E-16
4091.77357029915  3.742999E-16
4094.60380792618  3.896462E-16
4097.43404555321  3.744278E-16
4100.26428318024  4.189962E-16
4103.09452080727  3.318419E-16
4105.9247584343  3.766196E-16
4108.75499606133  3.906823E-16
4111.58523368836  4.002761E-16
4114.41547131539  3.909309E-16
4117.24570894242  3.770840E-16
4120.07594656945  4.019114E-16
4122.90618419648  3.657635E-16
4125.73642182351  3.832656E-16
4128.56665945054  3.503077E-16
4131.39689707757  3.937682E-16
4134.22713470459  3.613471E-16
4137.05737233162  3.706708E-16
4139.88760995865  3.898147E-16
4142.71784758568  4.083720E-16
4145.54808521271  3.748743E-16
4148.37832283974  3.911691E-16
4151.20856046677  4.026737E-16
4154.0387980938  3.739033E-16
4156.86903572083  3.929978E-16
4159.69927334786  4.100394E-16
4162.52951097489  3.675162E-16
4165.35974860192  3.748164E-16
4168.18998622895  4.133919E-16
4171.02022385598  3.695135E-16
4173.85046148301  4.102183E-16
4176.68069911003  4.153135E-16
4179.51093673707  3.701605E-16
4182.3411743641  4.034023E-16
4185.17141199112  3.919488E-16
4188.00164961815  4.019624E-16
4190.83188724518  3.920057E-16
4193.66212487221  4.243084E-16
4196.49236249924  4.052849E-16
4199.32260012627  4.214127E-16
4202.1528377533  4.026227E-16
4204.98307538033  3.945803E-16
4207.81331300736  4.175975E-16
4210.64355063439  3.885254E-16
4213.47378826142  3.659330E-16
4216.30402588845  4.042446E-16
4219.13426351548  4.154191E-16
4221.96450114251  3.960683E-16
4224.79473876954  3.888203E-16
4227.62497639657  4.181638E-16
4230.45521402359  3.706143E-16
4233.28545165062  3.669273E-16
4236.11568927765  3.884571E-16
4238.94592690468  3.945585E-16
4241.77616453171  4.174455E-16
4244.60640215874  4.006043E-16
4247.43663978577  3.925001E-16
4250.2668774128  4.152711E-16
4253.09711503983  3.764900E-16
4255.92735266686  3.569371E-16
4258.75759029389  3.890190E-16
4261.58782792092  3.669397E-16
4264.41806554795  4.067264E-16
4267.24830317498  3.823401E-16
4270.07854080201  4.334429E-16
4272.90877842904  3.771243E-16
4275.73901605606  4.144517E-16
4278.5692536831  3.839257E-16
4281.39949131012  3.738488E-16
4284.22972893715  3.820891E-16
4287.05996656418  3.595214E-16
4289.89020419121  3.592230E-16
4292.72044181824  3.997601E-16
4295.55067944527  3.989132E-16
4298.3809170723  3.821202E-16
4301.21115469933  3.535854E-16
4304.04139232636  3.973018E-16
4306.87162995339  3.471567E-16
4309.70186758042  3.682497E-16
4312.53210520745  3.508251E-16
4315.36234283448  3.552342E-16
4318.19258046151  3.708622E-16
4321.02281808854  3.617599E-16
4323.85305571557  3.521858E-16
4326.6832933426  3.688154E-16
4329.51353096962  3.890762E-16
4332.34376859665  3.465646E-16
4335.17400622368  3.756914E-16
4338.00424385071  3.689132E-16
4340.83448147774  3.731521E-16
4343.66471910477  3.615749E-16
4346.4949567318  3.712557E-16
4349.32519435883  3.312970E-16
4352.15543198586  4.120237E-16
4354.98566961289  3.828523E-16
4357.81590723992  3.970131E-16
4360.64614486695  3.770641E-16
4363.47638249398  3.378864E-16
4366.30662012101  3.687229E-16
4369.13685774804  3.700380E-16
4371.96709537507  3.497223E-16
4374.79733300209  3.544410E-16
4377.62757062912  3.583682E-16
4380.45780825615  3.941231E-16
4383.28804588318  3.218903E-16
4386.11828351021  3.484564E-16
4388.94852113724  3.608425E-16
4391.77875876427  3.510872E-16
4394.6089963913  3.630531E-16
4397.43923401833  3.529709E-16
4400.26947164536  3.357440E-16
4403.09970927239  3.551060E-16
4405.92994689942  3.685893E-16
4408.76018452645  3.255297E-16
4411.59042215348  4.038864E-16
4414.42065978051  3.730058E-16
4417.25089740754  3.344606E-16
4420.08113503457  3.460616E-16
4422.9113726616  3.448831E-16
4425.74161028862  3.290835E-16
4428.57184791565  3.653836E-16
4431.40208554268  3.396051E-16
4434.23232316971  3.484782E-16
4437.06256079674  3.716711E-16
4439.89279842377  3.721407E-16
4442.7230360508  3.587154E-16
4445.55327367783  3.196961E-16
4448.38351130486  3.733309E-16
4451.21374893189  3.601286E-16
4454.04398655892  3.490776E-16
4456.87422418595  3.434431E-16
4459.70446181298  3.335273E-16
4462.53469944001  3.169127E-16
4465.36493706704  3.327958E-16
4468.19517469407  3.378135E-16
4471.0254123211  3.336734E-16
4473.85564994813  3.211286E-16
4476.68588757515  3.350693E-16
4479.51612520218  3.107328E-16
4482.34636282921  3.111127E-16
4485.17660045624  3.365814E-16
4488.00683808327  3.193491E-16
4490.8370757103  3.577718E-16
4493.66731333733  3.311821E-16
4496.49755096436  3.475930E-16
4499.32778859139  3.534765E-16
4502.15802621842  3.352243E-16
4504.98826384545  3.078552E-16
4507.81850147248  3.336270E-16
4510.64873909951  3.690768E-16
4513.47897672654  3.674621E-16
4516.30921435357  3.424702E-16
4519.1394519806  3.177040E-16
4521.96968960763  3.407520E-16
4524.79992723466  3.301885E-16
4527.63016486168  3.395619E-16
4530.46040248871  3.484520E-16
4533.29064011574  3.344204E-16
4536.12087774277  3.387698E-16
4538.9511153698  3.506409E-16
4541.78135299683  3.167388E-16
4544.61159062386  3.681785E-16
4547.44182825089  3.396560E-16
4550.27206587792  3.377732E-16
4553.10230350495  3.430018E-16
4555.93254113198  3.475376E-16
4558.76277875901  3.581734E-16
4561.59301638604  3.316944E-16
4564.42325401307  3.349858E-16
4567.2534916401  3.270327E-16
4570.08372926713  3.397019E-16
4572.91396689416  3.525270E-16
4575.74420452118  3.273553E-16
4578.57444214821  3.212066E-16
4581.40467977524  3.112000E-16
4584.23491740227  3.382996E-16
4587.0651550293  3.159006E-16
4589.89539265633  3.535053E-16
4592.72563028336  3.205796E-16
4595.55586791039  3.162103E-16
4598.38610553742  3.324443E-16
4601.21634316445  3.380092E-16
4604.04658079148  3.072196E-16
4606.87681841851  3.169116E-16
4609.70705604554  3.318079E-16
4612.53729367257  3.199093E-16
4615.3675312996  3.262865E-16
4618.19776892663  3.312232E-16
4621.02800655365  3.206017E-16
4623.85824418069  3.243640E-16
4626.68848180771  3.459703E-16
4629.51871943474  3.242316E-16
4632.34895706177  3.081070E-16
4635.1791946888  3.272131E-16
4638.00943231583  3.259404E-16
4640.83966994286  3.563187E-16
4643.66990756989  3.363374E-16
4646.50014519692  3.242601E-16
4649.33038282395  3.169955E-16
4652.16062045098  3.049773E-16
4654.99085807801  3.346346E-16
4657.82109570504  3.321103E-16
4660.65133333207  3.487653E-16
4663.4815709591  3.375159E-16
4666.31180858613  3.005424E-16
4669.14204621316  3.416541E-16
4671.97228384019  3.367585E-16
4674.80252146722  3.657285E-16
4677.63275909424  3.337671E-16
4680.46299672127  3.577567E-16
4683.2932343483  3.595513E-16
4686.12347197533  3.804267E-16
4688.95370960236  3.729218E-16
4691.78394722939  3.461229E-16
4694.61418485642  3.244514E-16
4697.44442248345  3.377337E-16
4700.27466011048  3.398734E-16
4703.10489773751  3.499887E-16
4705.93513536454  3.257326E-16
4708.76537299157  3.188612E-16
4711.5956106186  3.063907E-16
4714.42584824563  3.194773E-16
4717.25608587265  3.292269E-16
4720.08632349968  3.304398E-16
4722.91656112671  3.036984E-16
4725.74679875374  3.047995E-16
4728.57703638077  3.146621E-16
4731.4072740078  3.086204E-16
4734.23751163483  2.923205E-16
4737.06774926186  3.195673E-16
4739.89798688889  3.034087E-16
4742.72822451592  3.080650E-16
4745.55846214295  3.260725E-16
4748.38869976998  3.345781E-16
4751.21893739701  3.085012E-16
4754.04917502404  3.041882E-16
4756.87941265107  3.328987E-16
4759.7096502781  3.073986E-16
4762.53988790513  3.268118E-16
4765.37012553216  3.146960E-16
4768.20036315919  3.026044E-16
4771.03060078621  3.218347E-16
4773.86083841324  2.791365E-16
4776.69107604027  3.057857E-16
4779.5213136673  3.194823E-16
4782.35155129433  3.321462E-16
4785.18178892136  3.075779E-16
4788.01202654839  2.898701E-16
4790.84226417542  3.017164E-16
4793.67250180245  3.060885E-16
4796.50273942948  2.953434E-16
4799.33297705651  3.083206E-16
4802.16321468354  2.875684E-16
4804.99345231057  2.856614E-16
4807.8236899376  3.259776E-16
4810.65392756463  3.213734E-16
4813.48416519166  2.876399E-16
4816.31440281869  2.865807E-16
4819.14464044572  3.041665E-16
4821.97487807274  3.150698E-16
4824.80511569977  2.909817E-16
4827.6353533268  2.864571E-16
4830.46559095383  2.901758E-16
4833.29582858086  3.025748E-16
4836.12606620789  2.884520E-16
4838.95630383492  3.029831E-16
4841.78654146195  2.847218E-16
4844.61677908898  3.221323E-16
4847.44701671601  2.939056E-16
4850.27725434304  3.093579E-16
4853.10749197007  2.980466E-16
4855.9377295971  2.903921E-16
4858.76796722413  3.002343E-16
4861.59820485115  3.005300E-16
4864.42844247818  3.193728E-16
4867.25868010521  2.879223E-16
4870.08891773225  3.066835E-16
4872.91915535927  3.283773E-16
4875.7493929863  3.023223E-16
4878.57963061333  2.915563E-16
4881.40986824036  2.723200E-16
4884.24010586739  3.112268E-16
4887.07034349442  2.883903E-16
4889.90058112145  2.825706E-16
4892.73081874848  2.883652E-16
4895.56105637551  2.947054E-16
4898.39129400254  2.825666E-16
4901.22153162957  2.850767E-16
4904.0517692566  2.890656E-16
4906.88200688363  3.059381E-16
4909.71224451066  2.704498E-16
4912.54248213769  2.927968E-16
4915.37271976472  2.727857E-16
4918.20295739174  2.920395E-16
4921.03319501877  2.819853E-16
4923.8634326458  2.656852E-16
4926.69367027283  2.962554E-16
4929.52390789986  2.670648E-16
4932.35414552689  2.691797E-16
4935.18438315392  2.680373E-16
4938.01462078095  2.544288E-16
4940.84485840798  2.913191E-16
4943.67509603501  2.807079E-16
4946.50533366204  2.940534E-16
4949.33557128907  2.850371E-16
4952.1658089161  2.981533E-16
4954.99604654313  2.569886E-16
4957.82628417016  2.789161E-16
4960.65652179719  2.674038E-16
4963.48675942422  3.015360E-16
4966.31699705124  2.834155E-16
4969.14723467827  2.740391E-16
4971.9774723053  2.872973E-16
4974.80770993233  2.672898E-16
4977.63794755936  3.092940E-16
4980.46818518639  2.939474E-16
4983.29842281342  2.574350E-16
4986.12866044045  2.849335E-16
4988.95889806748  3.115462E-16
4991.78913569451  3.160014E-16
4994.61937332154  2.531089E-16
4997.44961094857  2.776233E-16
5000.2798485756  2.692777E-16
5003.11008620263  2.604126E-16
5005.94032382966  2.621433E-16
5008.77056145669  2.869935E-16
5011.60079908372  2.906342E-16
5014.43103671075  2.713598E-16
5017.26127433777  2.799220E-16
5020.0915119648  2.616730E-16
5022.92174959183  2.671108E-16
5025.75198721886  2.841011E-16
5028.58222484589  2.653095E-16
5031.41246247292  2.789410E-16
5034.24270009995  2.750936E-16
5037.07293772698  2.855702E-16
5039.90317535401  2.780276E-16
5042.73341298104  2.852956E-16
5045.56365060807  2.735479E-16
5048.3938882351  2.594112E-16
5051.22412586213  2.739416E-16
5054.05436348916  2.382669E-16
5056.88460111619  2.824779E-16
5059.71483874322  2.788935E-16
5062.54507637024  2.576716E-16
5065.37531399727  2.733045E-16
5068.2055516243  2.562449E-16
5071.03578925133  2.547060E-16
5073.86602687836  2.723456E-16
5076.69626450539  2.709744E-16
5079.52650213242  2.684222E-16
5082.35673975945  2.653327E-16
5085.18697738648  2.691531E-16
5088.01721501351  2.702484E-16
5090.84745264054  2.449804E-16
5093.67769026757  2.490211E-16
5096.5079278946  2.819173E-16
5099.33816552163  2.933167E-16
5102.16840314866  2.471515E-16
5104.99864077569  2.633956E-16
5107.82887840272  2.673265E-16
5110.65911602975  2.412568E-16
5113.48935365678  2.739531E-16
5116.3195912838  2.509484E-16
5119.14982891083  2.666044E-16
5121.98006653786  2.543071E-16
5124.81030416489  2.593582E-16
5127.64054179192  2.616308E-16
5130.47077941895  2.718013E-16
5133.30101704598  2.468848E-16
5136.13125467301  2.563791E-16
5138.96149230004  2.605788E-16
5141.79172992707  2.445451E-16
5144.6219675541  2.498628E-16
5147.45220518113  2.690790E-16
5150.28244280816  2.603572E-16
5153.11268043519  2.383480E-16
5155.94291806222  2.457483E-16
5158.77315568925  2.406961E-16
5161.60339331628  2.683348E-16
5164.43363094331  2.565724E-16
5167.26386857033  2.561287E-16
5170.09410619736  2.391742E-16
5172.92434382439  2.439044E-16
5175.75458145142  2.518430E-16
5178.58481907845  2.565408E-16
5181.41505670548  2.500493E-16
5184.24529433251  2.524959E-16
5187.07553195954  2.369821E-16
5189.90576958657  2.554133E-16
5192.7360072136  2.550601E-16
5195.56624484063  2.417959E-16
5198.39648246766  2.437195E-16
5201.22672009469  2.608419E-16
5204.05695772172  2.397433E-16
5206.88719534875  2.632951E-16
5209.71743297578  2.671753E-16
5212.54767060281  2.546112E-16
5215.37790822983  2.475419E-16
5218.20814585686  2.472844E-16
5221.03838348389  2.386734E-16
5223.86862111092  2.613329E-16
5226.69885873795  2.675793E-16
5229.52909636498  2.271680E-16
5232.35933399201  2.531842E-16
5235.18957161904  2.553641E-16
5238.01980924607  2.467265E-16
5240.8500468731  2.416175E-16
5243.68028450013  2.341608E-16
5246.51052212716  2.256499E-16
5249.34075975419  2.492291E-16
5252.17099738122  2.552714E-16
5255.00123500825  2.444965E-16
5257.83147263528  2.274346E-16
5260.66171026231  2.506882E-16
5263.49194788933  2.787235E-16
5266.32218551636  2.451041E-16
5269.15242314339  2.608883E-16
5271.98266077042  2.395819E-16
5274.81289839745  2.183391E-16
5277.64313602448  2.328401E-16
5280.47337365151  2.464231E-16
5283.30361127854  2.545306E-16
5286.13384890557  2.433281E-16
5288.9640865326  2.512066E-16
5291.79432415963  2.284117E-16
5294.62456178666  2.546603E-16
5297.45479941369  2.477357E-16
5300.28503704072  2.409694E-16
5303.11527466775  2.371346E-16
5305.94551229478  2.396755E-16
5308.77574992181  2.567223E-16
5311.60598754884  2.166773E-16
5314.43622517586  2.324090E-16
5317.26646280289  2.190529E-16
5320.09670042992  2.184652E-16
5322.92693805695  2.279777E-16
5325.75717568398  2.387854E-16
5328.58741331101  2.302863E-16
5331.41765093804  2.383801E-16
5334.24788856507  2.161709E-16
5337.0781261921  2.388499E-16
5339.90836381913  2.117953E-16
5342.73860144616  2.572707E-16
5345.56883907319  2.327515E-16
5348.39907670022  2.337524E-16
5351.22931432725  2.430300E-16
5354.05955195428  2.330122E-16
5356.88978958131  2.244736E-16
5359.72002720833  2.122969E-16
5362.55026483537  2.428529E-16
5365.38050246239  2.632042E-16
5368.21074008942  2.515190E-16
5371.04097771645  2.345199E-16
5373.87121534348  2.259614E-16
5376.70145297051  2.276468E-16
5379.53169059754  2.382527E-16
5382.36192822457  2.254737E-16
5385.1921658516  2.379142E-16
5388.02240347863  2.319039E-16
5390.85264110566  2.160239E-16
5393.68287873269  2.466633E-16
5396.51311635972  2.383910E-16
5399.34335398675  2.169995E-16
5402.17359161378  2.374854E-16
5405.00382924081  2.489999E-16
5407.83406686783  2.335796E-16
5410.66430449486  2.323748E-16
5413.49454212189  2.518743E-16
5416.32477974892  2.221911E-16
5419.15501737595  2.386293E-16
5421.98525500298  2.225353E-16
5424.81549263001  2.243792E-16
5427.64573025704  2.228046E-16
5430.47596788407  2.293869E-16
5433.3062055111  2.192449E-16
5436.13644313813  2.347071E-16
5438.96668076516  2.129931E-16
5441.79691839219  2.142725E-16
5444.62715601922  2.289487E-16
5447.45739364625  2.208335E-16
5450.28763127328  2.304150E-16
5453.11786890031  2.168564E-16
5455.94810652734  2.215352E-16
5458.77834415436  2.141545E-16
5461.60858178139  2.492284E-16
5464.43881940842  2.367485E-16
5467.26905703545  2.311114E-16
5470.09929466248  2.103783E-16
5472.92953228951  2.299168E-16
5475.75976991654  2.173271E-16
5478.59000754357  2.281948E-16
5481.4202451706  2.419648E-16
5484.25048279763  2.248258E-16
5487.08072042466  2.303174E-16
5489.91095805169  2.109237E-16
5492.74119567872  2.217929E-16
5495.57143330575  2.000660E-16
5498.40167093278  1.948022E-16
5501.23190855981  2.263564E-16
5504.06214618684  2.251091E-16
5506.89238381387  2.242377E-16
5509.7226214409  2.146808E-16
5512.55285906792  2.127207E-16
5515.38309669495  2.249573E-16
5518.21333432198  2.168022E-16
5521.04357194901  2.256757E-16
5523.87380957604  2.186409E-16
5526.70404720307  2.214423E-16
5529.5342848301  2.258221E-16
5532.36452245713  2.249694E-16
5535.19476008416  2.125738E-16
5538.02499771119  2.075272E-16
5540.85523533822  2.099658E-16
5543.68547296525  2.213805E-16
5546.51571059228  2.038068E-16
5549.34594821931  2.029444E-16
5552.17618584634  2.224926E-16
5555.00642347337  2.260442E-16
5557.83666110039  1.982928E-16
5560.66689872742  1.893927E-16
5563.49713635445  2.265498E-16
5566.32737398148  2.217084E-16
5569.15761160851  2.211607E-16
5571.98784923554  2.528876E-16
5574.81808686257  2.390568E-16
5577.6483244896  1.972870E-16
5580.47856211663  2.201631E-16
5583.30879974366  2.277532E-16
5586.13903737069  2.228799E-16
5588.96927499772  2.157694E-16
5591.79951262475  2.026665E-16
5594.62975025178  1.871041E-16
5597.45998787881  2.179059E-16
5600.29022550584  2.290766E-16
5603.12046313287  2.104626E-16
5605.9507007599  2.000338E-16
5608.78093838692  2.236633E-16
5611.61117601395  2.074049E-16
5614.44141364098  2.338039E-16
5617.27165126801  2.280358E-16
5620.10188889504  2.038192E-16
5622.93212652207  2.102128E-16
5625.7623641491  1.939658E-16
5628.59260177613  1.905655E-16
5631.42283940316  1.821764E-16
5634.25307703019  1.808386E-16
5637.08331465722  1.922336E-16
5639.91355228425  2.054967E-16
5642.74378991128  1.914914E-16
5645.57402753831  2.116654E-16
5648.40426516534  2.057066E-16
5651.23450279237  1.964030E-16
5654.0647404194  1.885801E-16
5656.89497804643  1.862911E-16
5659.72521567346  1.994662E-16
5662.55545330048  2.316318E-16
5665.38569092751  1.945966E-16
5668.21592855454  1.904369E-16
5671.04616618157  1.943368E-16
5673.8764038086  2.142014E-16
5676.70664143563  2.122770E-16
5679.53687906266  2.073272E-16
5682.36711668969  2.054135E-16
5685.19735431672  2.222855E-16
5688.02759194375  1.981873E-16
5690.85782957078  2.069589E-16
5693.68806719781  2.242901E-16
5696.51830482484  2.104577E-16
5699.34854245187  2.078231E-16
5702.1787800789  1.877671E-16
5705.00901770592  1.943278E-16
5707.83925533295  2.132859E-16
5710.66949295999  2.195778E-16
5713.49973058701  1.975934E-16
5716.32996821404  1.838495E-16
5719.16020584107  1.801920E-16
5721.9904434681  1.971896E-16
5724.82068109513  1.928249E-16
5727.65091872216  1.964588E-16
5730.48115634919  2.109070E-16
5733.31139397622  1.913954E-16
5736.14163160325  1.857379E-16
5738.97186923028  2.011953E-16
5741.80210685731  1.721028E-16
5744.63234448434  1.934539E-16
5747.46258211137  2.020045E-16
5750.2928197384  2.000586E-16
5753.12305736543  1.859529E-16
5755.95329499245  1.841782E-16
5758.78353261948  1.800295E-16
5761.61377024651  1.953854E-16
5764.44400787354  2.108471E-16
5767.27424550057  2.097725E-16
5770.1044831276  2.056005E-16
5772.93472075463  1.943025E-16
5775.76495838166  1.850963E-16
5778.59519600869  2.124876E-16
5781.42543363572  1.902971E-16
5784.25567126275  1.899036E-16
5787.08590888978  1.757773E-16
5789.91614651681  1.945907E-16
5792.74638414384  1.800237E-16
5795.57662177087  2.097301E-16
5798.4068593979  1.789441E-16
5801.23709702493  1.915948E-16
5804.06733465196  2.041170E-16
5806.89757227898  2.012985E-16
5809.72780990601  2.023393E-16
5812.55804753304  1.926555E-16
5815.38828516007  2.159819E-16
5818.2185227871  1.997173E-16
5821.04876041413  1.969338E-16
5823.87899804116  2.052328E-16
5826.70923566819  1.914185E-16
5829.53947329522  1.727487E-16
5832.36971092225  2.066194E-16
5835.19994854928  1.941311E-16
5838.03018617631  1.939020E-16
5840.86042380334  2.181602E-16
5843.69066143037  1.834044E-16
5846.5208990574  1.864812E-16
5849.35113668442  2.103572E-16
5852.18137431145  1.967140E-16
5855.01161193849  1.928968E-16
5857.84184956551  1.983072E-16
5860.67208719254  1.937464E-16
5863.50232481957  1.889920E-16
5866.3325624466  1.832030E-16
5869.16280007363  1.811705E-16
5871.99303770066  1.757778E-16
5874.82327532769  1.674493E-16
5877.65351295472  1.935304E-16
5880.48375058175  1.956199E-16
5883.31398820878  1.851389E-16
5886.14422583581  1.798438E-16
5888.97446346284  1.851856E-16
5891.80470108987  1.965147E-16
5894.6349387169  1.921819E-16
5897.46517634393  1.945825E-16
5900.29541397096  1.926129E-16
5903.12565159798  1.867228E-16
5905.95588922501  1.714018E-16
5908.78612685204  1.509965E-16
5911.61636447907  1.775488E-16
5914.4466021061  1.787419E-16
5917.27683973313  2.129612E-16
5920.10707736016  1.836739E-16
5922.93731498719  1.848379E-16
5925.76755261422  1.726152E-16
5928.59779024125  1.753205E-16
5931.42802786828  1.678797E-16
5934.25826549531  1.820972E-16
5937.08850312234  1.813382E-16
5939.91874074937  1.850150E-16
5942.7489783764  1.970509E-16
5945.57921600343  1.902217E-16
5948.40945363046  1.812571E-16
5951.23969125748  2.097456E-16
5954.06992888451  1.729717E-16
5956.90016651154  1.810550E-16
5959.73040413857  1.668244E-16
5962.5606417656  1.842519E-16
5965.39087939263  1.922163E-16
5968.22111701966  1.827589E-16
5971.05135464669  1.902953E-16
5973.88159227372  1.497132E-16
5976.71182990075  1.715937E-16
5979.54206752778  1.945755E-16
5982.37230515481  1.867511E-16
5985.20254278184  2.049910E-16
5988.03278040887  1.725565E-16
5990.8630180359  1.856753E-16
5993.69325566293  1.949347E-16
5996.52349328995  1.941447E-16
5999.35373091699  1.743429E-16
6002.18396854401  1.776121E-16
6005.01420617104  1.680476E-16
6007.84444379807  1.668492E-16
6010.6746814251  1.867232E-16
6013.50491905213  1.864448E-16
6016.33515667916  1.956561E-16
6019.16539430619  1.754422E-16
6021.99563193322  1.821888E-16
6024.82586956025  1.749449E-16
6027.65610718728  1.701981E-16
6030.48634481431  1.786933E-16
6033.31658244134  1.735547E-16
6036.14682006837  1.697284E-16
6038.9770576954  1.651622E-16
6041.80729532243  1.680072E-16
6044.63753294946  1.792490E-16
6047.46777057648  1.828192E-16
6050.29800820351  1.524164E-16
6053.12824583054  1.605018E-16
6055.95848345757  1.708949E-16
6058.7887210846  1.820554E-16
6061.61895871163  1.750467E-16
6064.44919633866  1.769368E-16
6067.27943396569  1.611972E-16
6070.10967159272  1.448007E-16
6072.93990921975  1.501289E-16
6075.77014684678  1.661966E-16
6078.60038447381  1.748683E-16
6081.43062210084  1.759593E-16
6084.26085972787  1.733531E-16
6087.0910973549  1.859485E-16
6089.92133498193  1.800942E-16
6092.75157260896  1.652587E-16
6095.58181023598  1.688450E-16
6098.41204786301  1.790782E-16
6101.24228549004  1.971879E-16
6104.07252311707  1.723388E-16
6106.9027607441  1.553682E-16
6109.73299837113  1.572589E-16
6112.56323599816  1.764125E-16
6115.39347362519  1.861631E-16
6118.22371125222  1.633911E-16
6121.05394887925  1.535202E-16
6123.88418650628  1.696816E-16
6126.71442413331  1.761671E-16
6129.54466176034  1.632602E-16
6132.37489938737  1.775985E-16
6135.2051370144  1.817695E-16
6138.03537464143  1.679531E-16
6140.86561226846  1.689911E-16
6143.69584989549  1.724147E-16
6146.52608752251  1.767286E-16
6149.35632514954  1.473186E-16
6152.18656277657  1.618631E-16
6155.0168004036  1.716783E-16
6157.84703803063  1.666333E-16
6160.67727565766  1.797784E-16
6163.50751328469  1.728647E-16
6166.33775091172  1.685276E-16
6169.16798853875  1.596705E-16
6171.99822616578  1.531511E-16
6174.82846379281  1.827669E-16
6177.65870141984  1.888051E-16
6180.48893904687  1.596936E-16
6183.3191766739  1.566788E-16
6186.14941430093  1.458133E-16
6188.97965192796  1.552501E-16
6191.80988955498  1.700070E-16
6194.64012718201  1.598348E-16
6197.47036480904  1.575871E-16
6200.30060243607  1.578939E-16
6203.1308400631  1.369601E-16
6205.96107769013  1.835388E-16
6208.79131531716  1.596505E-16
6211.62155294419  1.497160E-16
6214.45179057122  1.554846E-16
6217.28202819825  1.456973E-16
6220.11226582528  1.604807E-16
6222.94250345231  1.879789E-16
6225.77274107934  1.843698E-16
6228.60297870637  1.753301E-16
6231.4332163334  1.738965E-16
6234.26345396043  1.514658E-16
6237.09369158746  1.560574E-16
6239.92392921449  1.564272E-16
6242.75416684151  1.692831E-16
6245.58440446854  1.455718E-16
6248.41464209557  1.672603E-16
6251.2448797226  1.518396E-16
6254.07511734963  1.354846E-16
6256.90535497666  1.704404E-16
6259.73559260369  1.731075E-16
6262.56583023072  1.640450E-16
6265.39606785775  1.682817E-16
6268.22630548478  1.578264E-16
6271.05654311181  1.496582E-16
6273.88678073884  1.433481E-16
6276.71701836587  1.376354E-16
6279.5472559929  1.488408E-16
6282.37749361993  1.570053E-16
6285.20773124696  1.541776E-16
6288.03796887399  1.581687E-16
6290.86820650102  1.564176E-16
6293.69844412804  1.545181E-16
6296.52868175507  1.523381E-16
6299.3589193821  1.514515E-16
6302.18915700913  1.599258E-16
6305.01939463616  1.499216E-16
6307.84963226319  1.500059E-16
6310.67986989022  1.554599E-16
6313.51010751725  1.621554E-16
6316.34034514428  1.524170E-16
6319.17058277131  1.488186E-16
6322.00082039834  1.503770E-16
6324.83105802537  1.431739E-16
6327.6612956524  1.491500E-16
6330.49153327943  1.558274E-16
6333.32177090646  1.469022E-16
6336.15200853349  1.422001E-16
6338.98224616052  1.531061E-16
6341.81248378755  1.523490E-16
6344.64272141458  1.477064E-16
6347.47295904161  1.434104E-16
6350.30319666863  1.605582E-16
6353.13343429566  1.562989E-16
6355.96367192269  1.499535E-16
6358.79390954972  1.579763E-16
6361.62414717675  1.525340E-16
6364.45438480378  1.502929E-16
6367.28462243081  1.486885E-16
6370.11486005784  1.360471E-16
6372.94509768487  1.603664E-16
6375.7753353119  1.514329E-16
6378.60557293893  1.526089E-16
6381.43581056596  1.532657E-16
6384.26604819299  1.444201E-16
6387.09628582002  1.419795E-16
6389.92652344705  1.521356E-16
6392.75676107407  1.595232E-16
6395.5869987011  1.306706E-16
6398.41723632813  1.238625E-16
6401.24747395516  1.439291E-16
6404.07771158219  1.448264E-16
6406.90794920922  1.412007E-16
6409.73818683625  1.546955E-16
6412.56842446328  1.574690E-16
6415.39866209031  1.430987E-16
6418.22889971734  1.512265E-16
6421.05913734437  1.540468E-16
6423.8893749714  1.435694E-16
6426.71961259843  1.513991E-16
6429.54985022546  1.455879E-16
6432.38008785249  1.361760E-16
6435.21032547952  1.353176E-16
6438.04056310654  1.364092E-16
6440.87080073358  1.305840E-16
6443.7010383606  1.316848E-16
6446.53127598763  1.380470E-16
6449.36151361466  1.462108E-16
6452.19175124169  1.367262E-16
6455.02198886872  1.455138E-16
6457.85222649575  1.286317E-16
6460.68246412278  1.394758E-16
6463.51270174981  1.436420E-16
6466.34293937684  1.524037E-16
6469.17317700387  1.493964E-16
6472.0034146309  1.421809E-16
6474.83365225793  1.355584E-16
6477.66388988496  1.476019E-16
6480.49412751199  1.349265E-16
6483.32436513902  1.465141E-16
6486.15460276605  1.325354E-16
6488.98484039308  1.545622E-16
6491.81507802011  1.393663E-16
6494.64531564713  1.369141E-16
6497.47555327416  1.505274E-16
6500.30579090119  1.267713E-16
6503.13602852822  1.485123E-16
6505.96626615525  1.423615E-16
6508.79650378228  1.388270E-16
6511.62674140931  1.340009E-16
6514.45697903634  1.491917E-16
6517.28721666337  1.465199E-16
6520.1174542904  1.451589E-16
6522.94769191743  1.515526E-16
6525.77792954446  1.593481E-16
6528.60816717149  1.455853E-16
6531.43840479852  1.389804E-16
6534.26864242555  1.411611E-16
6537.09888005258  1.356995E-16
6539.92911767961  1.419411E-16
6542.75935530663  1.311194E-16
6545.58959293366  1.385546E-16
6548.4198305607  1.767186E-16
6551.25006818772  1.737746E-16
6554.08030581475  1.625401E-16
6556.91054344178  1.610524E-16
6559.74078106881  1.800098E-16
6562.57101869584  1.857742E-16
6565.40125632287  1.895038E-16
6568.2314939499  1.650054E-16
6571.06173157693  1.659264E-16
6573.89196920396  1.838425E-16
6576.72220683099  1.701515E-16
6579.55244445802  1.673047E-16
6582.38268208505  1.621422E-16
6585.21291971208  1.448558E-16
6588.04315733911  1.429081E-16
6590.87339496614  1.485926E-16
6593.70363259316  1.444363E-16
6596.53387022019  1.532686E-16
6599.36410784722  1.380011E-16
6602.19434547425  1.307954E-16
6605.02458310128  1.319422E-16
6607.85482072831  1.357560E-16
6610.68505835534  1.479521E-16
6613.51529598237  1.280498E-16
6616.3455336094  1.359593E-16
6619.17577123643  1.320086E-16
6622.00600886346  1.246761E-16
6624.83624649049  1.397335E-16
6627.66648411752  1.446428E-16
6630.49672174455  1.361817E-16
6633.32695937158  1.257840E-16
6636.15719699861  1.313877E-16
6638.98743462564  1.360567E-16
6641.81767225266  1.341162E-16
6644.64790987969  1.289774E-16
6647.47814750672  1.216251E-16
6650.30838513375  1.352613E-16
6653.13862276078  1.360658E-16
6655.96886038781  1.308140E-16
6658.79909801484  1.284757E-16
6661.62933564187  1.398069E-16
6664.4595732689  1.215418E-16
6667.28981089593  1.185313E-16
6670.12004852296  1.400775E-16
6672.95028614999  1.469048E-16
6675.78052377702  1.427179E-16
6678.61076140405  1.183850E-16
6681.44099903108  1.462107E-16
6684.27123665811  1.384846E-16
6687.10147428513  1.450489E-16
6689.93171191217  1.350169E-16
6692.7619495392  1.421706E-16
6695.59218716622  1.323763E-16
6698.42242479325  1.251603E-16
6701.25266242028  1.385890E-16
6704.08290004731  1.435881E-16
6706.91313767434  1.458043E-16
6709.74337530137  1.341377E-16
6712.5736129284  1.224756E-16
6715.40385055543  1.387903E-16
6718.23408818246  1.339556E-16
6721.06432580949  1.443670E-16
6723.89456343652  1.636401E-16
6726.72480106355  1.372426E-16
6729.55503869058  1.412885E-16
6732.38527631761  1.350512E-16
6735.21551394464  1.288227E-16
6738.04575157166  1.366496E-16
6740.87598919869  1.420714E-16
6743.70622682572  1.215503E-16
6746.53646445275  1.218133E-16
6749.36670207978  1.207625E-16
6752.19693970681  1.369066E-16
6755.02717733384  1.317482E-16
6757.85741496087  1.311701E-16
6760.6876525879  1.335328E-16
6763.51789021493  1.336957E-16
6766.34812784196  1.141794E-16
6769.17836546899  1.109046E-16
6772.00860309602  1.342822E-16
6774.83884072305  1.272448E-16
6777.66907835008  1.210455E-16
6780.49931597711  1.307417E-16
6783.32955360414  1.262051E-16
6786.15979123116  1.336964E-16
6788.99002885819  1.229068E-16
6791.82026648522  1.126832E-16
6794.65050411225  1.265682E-16
6797.48074173928  1.309777E-16
6800.31097936631  1.375066E-16
6803.14121699334  1.605327E-16
6805.97145462037  1.481340E-16
6808.8016922474  1.275795E-16
6811.63192987443  1.265720E-16
6814.46216750146  1.150867E-16
6817.29240512849  1.233127E-16
6820.12264275552  1.260836E-16
6822.95288038255  1.101555E-16
6825.78311800958  1.216522E-16
6828.61335563661  1.126988E-16
6831.44359326364  1.325463E-16
6834.27383089067  1.173869E-16
6837.1040685177  1.236386E-16
6839.93430614472  1.391355E-16
6842.76454377175  1.429550E-16
6845.59478139878  1.434978E-16
6848.42501902581  1.217018E-16
6851.25525665284  1.217523E-16
6854.08549427987  1.352697E-16
6856.9157319069  1.120857E-16
6859.74596953393  1.285015E-16
6862.57620716096  1.460816E-16
6865.40644478799  1.334760E-16
6868.23668241502  1.348294E-16
6871.06692004205  1.260383E-16
6873.89715766908  1.401314E-16
6876.72739529611  1.411349E-16
6879.55763292314  1.166937E-16
6882.38787055016  1.213800E-16
6885.21810817719  1.159695E-16
6888.04834580422  1.167172E-16
6890.87858343125  1.584384E-16
6893.70882105828  1.451191E-16
6896.53905868531  1.250768E-16
6899.36929631234  1.264679E-16
6902.19953393937  1.199396E-16
6905.0297715664  1.318056E-16
6907.86000919343  1.329455E-16
6910.69024682046  1.285047E-16
6913.52048444749  1.137545E-16
6916.35072207452  1.266495E-16
6919.18095970155  1.128200E-16
6922.01119732858  1.317444E-16
6924.84143495561  1.220844E-16
6927.67167258264  1.092171E-16
6930.50191020967  1.295407E-16
6933.33214783669  1.446614E-16
6936.16238546372  1.242217E-16
6938.99262309075  1.069764E-16
6941.82286071778  1.240995E-16
6944.65309834481  1.105224E-16
6947.48333597184  9.658582E-17
6950.31357359887  1.113479E-16
6953.1438112259  1.264525E-16
6955.97404885293  1.319116E-16
6958.80428647996  1.232880E-16
6961.63452410699  1.426265E-16
6964.46476173402  1.256555E-16
6967.29499936105  1.218606E-16
6970.12523698808  1.155360E-16
6972.95547461511  1.289853E-16
6975.78571224214  1.415811E-16
6978.61594986917  1.137676E-16
6981.44618749619  1.209781E-16
6984.27642512322  1.197107E-16
6987.10666275025  1.421462E-16
6989.93690037728  1.415441E-16
6992.76713800431  1.252374E-16
6995.59737563134  1.237600E-16
6998.42761325837  1.275124E-16
7001.2578508854  1.337988E-16
7004.08808851243  1.284410E-16
7006.91832613946  1.176805E-16
7009.74856376649  1.178907E-16
7012.57880139352  1.074810E-16
7015.40903902055  1.121994E-16
7018.23927664758  1.154598E-16
7021.06951427461  1.089101E-16
7023.89975190164  1.233924E-16
7026.72998952866  1.325967E-16
7029.5602271557  1.178035E-16
7032.39046478272  1.279375E-16
7035.22070240976  1.284002E-16
7038.05094003678  1.244168E-16
7040.88117766381  1.280865E-16
7043.71141529084  1.101969E-16
7046.54165291787  1.182280E-16
7049.3718905449  1.311980E-16
7052.20212817193  1.309346E-16
7055.03236579896  1.265771E-16
7057.86260342599  1.211774E-16
7060.69284105302  1.347562E-16
7063.52307868005  1.344127E-16
7066.35331630708  1.193338E-16
7069.18355393411  1.274669E-16
7072.01379156114  1.365548E-16
7074.84402918817  1.204991E-16
7077.6742668152  1.053425E-16
7080.50450444222  1.199649E-16
7083.33474206925  1.327142E-16
7086.16497969628  9.861814E-17
7088.99521732331  1.211585E-16
7091.82545495034  1.257546E-16
7094.65569257737  1.273423E-16
7097.4859302044  1.285824E-16
7100.31616783143  1.147884E-16
7103.14640545846  1.089557E-16
7105.97664308549  1.255214E-16
7108.80688071252  1.183175E-16
7111.63711833955  1.094120E-16
7114.46735596658  1.325136E-16
7117.29759359361  1.240148E-16
7120.12783122064  1.095167E-16
7122.95806884767  1.287715E-16
7125.78830647469  1.089475E-16
7128.61854410172  1.102658E-16
7131.44878172875  1.424068E-16
7134.27901935578  1.279641E-16
7137.10925698281  1.241789E-16
7139.93949460984  1.206145E-16
7142.76973223687  1.221841E-16
7145.5999698639  1.041335E-16
7148.43020749093  1.208862E-16
7151.26044511796  1.010877E-16
7154.09068274499  1.098057E-16
7156.92092037202  1.232537E-16
7159.75115799905  1.056125E-16
7162.58139562608  1.203592E-16
7165.41163325311  1.200873E-16
7168.24187088014  1.088459E-16
7171.07210850717  1.179039E-16
7173.9023461342  1.101641E-16
7176.73258376123  1.179908E-16
7179.56282138826  1.226172E-16
7182.39305901528  1.088878E-16
7185.22329664231  1.231079E-16
7188.05353426934  1.141165E-16
7190.88377189637  1.204484E-16
7193.7140095234  1.015122E-16
7196.54424715043  1.122234E-16
7199.37448477746  1.137627E-16
7202.20472240449  1.114312E-16
7205.03496003152  1.149347E-16
7207.86519765855  9.961591E-17
7210.69543528558  1.169310E-16
7213.52567291261  1.128824E-16
7216.35591053964  1.006795E-16
7219.18614816667  9.591123E-17
7222.0163857937  1.035241E-16
7224.84662342072  1.142492E-16
7227.67686104775  1.102135E-16
7230.50709867478  1.145140E-16
7233.33733630181  1.241996E-16
7236.16757392884  1.162645E-16
7238.99781155587  1.119714E-16
7241.8280491829  1.167468E-16
7244.65828680993  9.385658E-17
7247.48852443696  1.105548E-16
7250.31876206399  8.478835E-17
7253.14899969102  9.818840E-17
7255.97923731805  1.023976E-16
7258.80947494508  1.088031E-16
7261.63971257211  1.004367E-16
7264.46995019914  1.003770E-16
7267.30018782617  9.282129E-17
7270.13042545319  1.045452E-16
7272.96066308022  1.152564E-16
7275.79090070725  1.090186E-16
7278.62113833428  9.938394E-17
7281.45137596131  1.081030E-16
7284.28161358834  1.362277E-16
7287.11185121537  1.117449E-16
7289.9420888424  1.159898E-16
7292.77232646943  1.101486E-16
7295.60256409646  1.206662E-16
7298.43280172349  1.138816E-16
7301.26303935052  1.229981E-16
7304.09327697755  1.011336E-16
7306.92351460458  1.090276E-16
7309.75375223161  8.522358E-17
7312.58398985864  8.131768E-17
7315.41422748567  1.142461E-16
7318.2444651127  1.154627E-16
7321.07470273973  9.582680E-17
7323.90494036676  1.086326E-16
7326.73517799379  1.016694E-16
7329.56541562082  9.947419E-17
7332.39565324784  1.208023E-16
7335.22589087487  1.122637E-16
7338.0561285019  1.087609E-16
7340.88636612893  1.050457E-16
7343.71660375596  1.099903E-16
7346.54684138299  8.379388E-17
7349.37707901002  9.175039E-17
7352.20731663705  1.006998E-16
7355.03755426408  1.124127E-16
7357.86779189111  9.532177E-17
7360.69802951814  9.843299E-17
7363.52826714517  9.973834E-17
7366.3585047722  1.074359E-16
7369.18874239923  1.041170E-16
7372.01898002625  9.063191E-17
7374.84921765328  1.102126E-16
7377.67945528031  1.052839E-16
7380.50969290734  1.015956E-16
7383.33993053437  1.103311E-16
7386.1701681614  9.244383E-17
7389.00040578843  1.028090E-16
7391.83064341546  1.126376E-16
7394.66088104249  1.147686E-16
7397.49111866952  1.054666E-16
7400.32135629655  1.002987E-16
7403.15159392358  1.020566E-16
7405.98183155061  9.831569E-17
7408.81206917764  9.011591E-17
7411.64230680467  9.993817E-17
7414.4725444317  1.130158E-16
7417.30278205873  1.078721E-16
7420.13301968576  9.735167E-17
7422.96325731278  9.967085E-17
7425.79349493982  1.005150E-16
7428.62373256684  1.026580E-16
7431.45397019387  9.993462E-17
7434.2842078209  1.021224E-16
7437.11444544793  1.010456E-16
7439.94468307496  1.069743E-16
7442.77492070199  8.996555E-17
7445.60515832902  9.656289E-17
7448.43539595605  9.981204E-17
7451.26563358308  1.002860E-16
7454.09587121011  8.323236E-17
7456.92610883714  8.289721E-17
7459.75634646417  9.955144E-17
7462.5865840912  9.635126E-17
7465.41682171823  8.318530E-17
7468.24705934526  8.764178E-17
7471.07729697229  9.066995E-17
7473.90753459932  1.134739E-16
7476.73777222634  1.118746E-16
7479.56800985337  1.025484E-16
7482.3982474804  1.032745E-16
7485.22848510743  1.175164E-16
7488.05872273446  8.990920E-17
7490.88896036149  1.058505E-16
7493.71919798852  1.098182E-16
7496.54943561555  1.043302E-16
7499.37967324258  9.172837E-17
7502.20991086961  1.020433E-16
7505.04014849664  9.471508E-17
7507.87038612367  9.809809E-17
7510.7006237507  1.056353E-16
7513.53086137773  8.242822E-17
7516.36109900475  8.196621E-17
7519.19133663179  8.054898E-17
7522.02157425881  1.112191E-16
7524.85181188585  7.938876E-17
7527.68204951287  9.924751E-17
7530.5122871399  1.010832E-16
7533.34252476693  1.014773E-16
7536.17276239396  1.031881E-16
7539.00300002099  9.523558E-17
7541.83323764802  9.382959E-17
7544.66347527505  9.377692E-17
7547.49371290208  9.797727E-17
7550.32395052911  9.036827E-17
7553.15418815614  9.431652E-17
7555.98442578317  1.138604E-16
7558.8146634102  8.034493E-17
7561.64490103723  8.493504E-17
7564.47513866426  1.087507E-16
7567.30537629129  7.688813E-17
7570.13561391832  8.230970E-17
7572.96585154534  1.067326E-16
7575.79608917238  9.267202E-17
7578.6263267994  9.509176E-17
7581.45656442643  8.314206E-17
7584.28680205346  7.020831E-17
7587.11703968049  8.396498E-17
7589.94727730752  8.856400E-17
7592.77751493455  7.818017E-17
7595.60775256158  7.719872E-17
7598.43799018861  6.727837E-17
7601.26822781564  6.714152E-17
7604.09846544267  8.798933E-17
7606.9287030697  9.768224E-17
7609.75894069673  8.076061E-17
7612.58917832376  9.267422E-17
7615.41941595079  1.097026E-16
7618.24965357782  1.093395E-16
7621.07989120485  1.268992E-16
7623.91012883187  8.918410E-17
7626.7403664589  7.261300E-17
7629.57060408593  1.025854E-16
7632.40084171296  9.602568E-17
7635.23107933999  1.079372E-16
7638.06131696702  1.250847E-16
7640.89155459405  9.970817E-17
7643.72179222108  9.278490E-17
7646.55202984811  1.170236E-16
7649.38226747514  8.930362E-17
7652.21250510217  1.135208E-16
7655.0427427292  7.840582E-17
7657.87298035623  1.071797E-16
7660.70321798326  8.878984E-17
7663.53345561029  7.956491E-17
7666.36369323732  8.437304E-17
7669.19393086435  1.007723E-16
7672.02416849137  1.109891E-16
7674.8544061184  1.001949E-16
7677.68464374543  1.056417E-16
7680.51488137246  9.561647E-17
7683.34511899949  1.003633E-16
7686.17535662652  1.051853E-16
7689.00559425355  9.567041E-17
7691.83583188058  9.459949E-17
7694.66606950761  9.080248E-17
7697.49630713464  7.464908E-17
7700.32654476167  9.130595E-17
7703.1567823887  1.106730E-16
7705.98702001573  1.124926E-16
7708.81725764276  9.273626E-17
7711.64749526979  9.634570E-17
7714.47773289682  1.121458E-16
7717.30797052385  7.469674E-17
7720.13820815088  7.451805E-17
7722.9684457779  8.337829E-17
7725.79868340493  1.015220E-16
7728.62892103196  1.012458E-16
7731.45915865899  9.300700E-17
7734.28939628602  1.007299E-16
7737.11963391305  1.033956E-16
7739.94987154008  1.019546E-16
7742.78010916711  9.942934E-17
7745.61034679414  1.093351E-16
7748.44058442117  1.154705E-16
7751.2708220482  9.172793E-17
7754.10105967523  8.541255E-17
7756.93129730226  8.367821E-17
7759.76153492929  8.809994E-17
7762.59177255632  1.043590E-16
7765.42201018335  8.297194E-17
7768.25224781038  8.365017E-17
7771.0824854374  9.139321E-17
7773.91272306443  6.988890E-17
7776.74296069146  8.762192E-17
7779.57319831849  9.912313E-17
7782.40343594552  6.083308E-17
7785.23367357255  7.388948E-17
7788.06391119958  1.036160E-16
7790.89414882661  9.050018E-17
7793.72438645364  8.770439E-17
7796.55462408067  1.064456E-16
7799.3848617077  8.970497E-17
7802.21509933473  9.018768E-17
7805.04533696176  9.668809E-17
7807.87557458879  9.260639E-17
7810.70581221582  6.999203E-17
7813.53604984285  8.070695E-17
7816.36628746988  8.500934E-17
7819.1965250969  7.427538E-17
7822.02676272393  8.985183E-17
7824.85700035096  9.746140E-17
7827.68723797799  9.442827E-17
7830.51747560502  9.141907E-17
7833.34771323205  7.575151E-17
7836.17795085908  7.712608E-17
7839.00818848611  1.105256E-16
7841.83842611314  8.636338E-17
7844.66866374017  6.917994E-17
7847.4989013672  6.115079E-17
7850.32913899423  6.499864E-17
7853.15937662126  8.525856E-17
7855.98961424829  1.001557E-16
7858.81985187532  9.216134E-17
7861.65008950235  6.778630E-17
7864.48032712937  6.629417E-17
7867.31056475641  8.758161E-17
7870.14080238343  6.126092E-17
7872.97104001046  5.810688E-17
7875.80127763749  8.742875E-17
7878.63151526452  9.714076E-17
7881.46175289155  7.414701E-17
7884.29199051858  7.180840E-17
7887.12222814561  8.657379E-17
7889.95246577264  8.819975E-17
7892.78270339967  8.803402E-17
7895.6129410267  9.989907E-17
7898.44317865373  9.658022E-17
7901.27341628076  8.158333E-17
7904.10365390779  7.908512E-17
7906.93389153482  7.916920E-17
7909.76412916185  1.093659E-16
7912.59436678888  9.845800E-17
7915.42460441591  9.884211E-17
7918.25484204293  9.922360E-17
7921.08507966996  9.743134E-17
7923.91531729699  9.733245E-17
7926.74555492402  1.039149E-16
7929.57579255105  9.097700E-17
7932.40603017808  7.103289E-17
7935.23626780511  7.967887E-17
7938.06650543214  9.834596E-17
7940.89674305917  7.570272E-17
7943.7269806862  6.554552E-17
7946.55721831323  8.366810E-17
7949.38745594026  1.111478E-16
7952.21769356729  1.036593E-16
7955.04793119432  7.973444E-17
7957.87816882135  8.348655E-17
7960.70840644838  9.561259E-17
7963.5386440754  9.138435E-17
7966.36888170243  7.216864E-17
7969.19911932946  6.840988E-17
7972.02935695649  9.757817E-17
7974.85959458352  8.306613E-17
7977.68983221055  8.071268E-17
7980.52006983758  7.209056E-17
7983.35030746461  9.108351E-17
7986.18054509164  9.150512E-17
7989.01078271867  7.602136E-17
7991.8410203457  8.349987E-17
7994.67125797273  7.717801E-17
7997.50149559976  6.101739E-17
8000.33173322679  7.550086E-17
8003.16197085382  9.997247E-17
8005.99220848084  7.937020E-17
8008.82244610787  8.836845E-17
8011.65268373491  6.432006E-17
8014.48292136194  8.966635E-17
8017.31315898896  8.188564E-17
8020.14339661599  5.725186E-17
8022.97363424302  7.676347E-17
8025.80387187005  8.117815E-17
8028.63410949708  8.636612E-17
8031.46434712411  7.965197E-17
8034.29458475114  8.652450E-17
8037.12482237817  7.415871E-17
8039.9550600052  7.195591E-17
8042.78529763223  7.919024E-17
8045.61553525926  8.785494E-17
8048.44577288629  6.803623E-17
8051.27601051332  6.772087E-17
8054.10624814035  8.509529E-17
8056.93648576738  8.789245E-17
8059.76672339441  1.053272E-16
8062.59696102143  9.954551E-17
8065.42719864846  8.169812E-17
8068.25743627549  9.539604E-17
8071.08767390252  1.114616E-16
8073.91791152955  9.928041E-17
8076.74814915658  6.226671E-17
8079.57838678361  7.577093E-17
8082.40862441064  7.989695E-17
8085.23886203767  7.625857E-17
8088.0690996647  7.655537E-17
8090.89933729173  5.423838E-17
8093.72957491876  8.885428E-17
8096.55981254579  9.791921E-17
8099.39005017282  7.027258E-17
8102.22028779985  7.914114E-17
8105.05052542688  7.321374E-17
8107.8807630539  8.717921E-17
8110.71100068093  8.867491E-17
8113.54123830796  9.828861E-17
8116.37147593499  1.144069E-16
8119.20171356202  8.226562E-17
8122.03195118905  6.166866E-17
8124.86218881608  9.938099E-17
8127.69242644311  9.169345E-17
8130.52266407014  8.351879E-17
8133.35290169717  9.980551E-17
8136.1831393242  9.841134E-17
8139.01337695123  1.031663E-16
8141.84361457826  8.527166E-17
8144.67385220529  6.627408E-17
8147.50408983232  8.406820E-17
8150.33432745935  8.084691E-17
8153.16456508637  6.344781E-17
8155.99480271341  6.775128E-17
8158.82504034044  8.856312E-17
8161.65527796746  8.967942E-17
8164.48551559449  8.819211E-17
8167.31575322152  8.479760E-17
8170.14599084855  9.343286E-17
8172.97622847558  7.891705E-17
8175.80646610261  7.464459E-17
8178.63670372964  9.381182E-17
8181.46694135667  9.274777E-17
8184.2971789837  1.138833E-16
8187.12741661073  9.109618E-17
8189.95765423776  8.526342E-17
8192.78789186479  8.540642E-17
8195.61812949182  7.924418E-17
8198.44836711885  9.032979E-17
8201.27860474588  9.987029E-17
8204.10884237291  8.251457E-17
8206.93907999994  7.043888E-17
8209.76931762696  8.411164E-17
8212.59955525399  8.283617E-17
8215.42979288102  6.541329E-17
8218.26003050805  7.265978E-17
8221.09026813508  7.337002E-17
8223.92050576211  8.661043E-17
8226.75074338914  7.119587E-17
8229.58098101617  7.519481E-17
8232.4112186432  9.942952E-17
8235.24145627023  1.120981E-16
8238.07169389726  9.683666E-17
8240.90193152429  8.882731E-17
8243.73216915132  9.045329E-17
8246.56240677835  1.035858E-16
8249.39264440538  7.850761E-17
8252.2228820324  8.255432E-17
8255.05311965943  9.108385E-17
8257.88335728646  5.886991E-17
8260.71359491349  7.261962E-17
8263.54383254052  9.867161E-17
8266.37407016755  7.852160E-17
8269.20430779458  7.816509E-17
8272.03454542161  8.853448E-17
8274.86478304864  8.613088E-17
8277.69502067567  1.149994E-16
8280.5252583027  7.505870E-17
8283.35549592973  8.512621E-17
8286.18573355676  7.322283E-17
8289.01597118379  6.949087E-17
8291.84620881082  8.027835E-17
8294.67644643785  7.611505E-17
8297.50668406488  8.994162E-17
8300.33692169191  7.672422E-17
8303.16715931894  4.467198E-17
8305.99739694597  9.615971E-17
8308.82763457299  8.459857E-17
8311.65787220002  7.539945E-17
8314.48810982705  6.110414E-17
8317.31834745408  7.714738E-17
8320.14858508111  7.493352E-17
8322.97882270814  7.331001E-17
8325.80906033517  8.498423E-17
8328.6392979622  6.866252E-17
8331.46953558923  8.862101E-17
8334.29977321626  5.424188E-17
8337.13001084329  8.823113E-17
8339.96024847032  5.690255E-17
8342.79048609735  8.468527E-17
8345.62072372438  8.632426E-17
8348.45096135141  6.684904E-17
8351.28119897844  8.873399E-17
8354.11143660546  7.244791E-17
8356.94167423249  4.550501E-17
8359.77191185952  4.872286E-17
8362.60214948655  7.756218E-17
8365.43238711358  8.017803E-17
8368.26262474061  7.603866E-17
8371.09286236764  8.121263E-17
8373.92309999467  8.217118E-17
8376.7533376217  8.130285E-17
8379.58357524873  8.150449E-17
8382.41381287576  9.392820E-17
8385.24405050279  7.681474E-17
8388.07428812982  1.057751E-16
8390.90452575685  9.714171E-17
8393.73476338388  8.015181E-17
8396.56500101091  6.661545E-17
8399.39523863793  7.148484E-17
8402.22547626496  1.041287E-16
8405.05571389199  1.320517E-16
8407.88595151902  9.910763E-17
8410.71618914605  5.252706E-17
8413.54642677308  8.053366E-17
8416.37666440011  8.954871E-17
8419.20690202714  7.491241E-17
8422.03713965417  7.807222E-17
8424.8673772812  9.115247E-17
8427.69761490823  6.888143E-17
8430.52785253526  6.445800E-17
8433.35809016229  8.875921E-17
8436.18832778932  5.959441E-17
8439.01856541635  8.560964E-17
8441.84880304338  6.908358E-17
8444.6790406704  7.195245E-17
8447.50927829744  9.113004E-17
8450.33951592447  7.759847E-17
8453.1697535515  1.156444E-16
8455.99999117852  1.195924E-16
8458.83022880555  5.935616E-17
8461.66046643258  9.181109E-17
8464.49070405961  1.047191E-16
8467.32094168664  8.096821E-17
8470.15117931367  1.135803E-16
8472.9814169407  8.170736E-17
8475.81165456773  8.374128E-17
8478.64189219476  8.393492E-17
8481.47212982179  6.775984E-17
8484.30236744882  8.944788E-17
8487.13260507585  7.653575E-17
8489.96284270288  9.303451E-17
8492.79308032991  7.734717E-17
8495.62331795694  8.195270E-17
8498.45355558396  7.331199E-17
8501.28379321099  8.864674E-17
8504.11403083803  8.352179E-17
8506.94426846506  4.896748E-17
8509.77450609208  6.216885E-17
8512.60474371911  9.628915E-17
8515.43498134614  7.423379E-17
8518.26521897317  7.658569E-17
8521.0954566002  5.846388E-17
8523.92569422723  8.349797E-17
8526.75593185426  8.289904E-17
8529.58616948129  7.084691E-17
8532.41640710832  8.537663E-17
8535.24664473535  9.098293E-17
8538.07688236238  7.340797E-17
8540.90711998941  7.515375E-17
8543.73735761644  7.250668E-17
8546.56759524347  4.789339E-17
8549.3978328705  4.770727E-17
8552.22807049753  4.682800E-17
8555.05830812455  6.994375E-17
8557.88854575158  8.169563E-17
8560.71878337861  7.589935E-17
8563.54902100564  7.646178E-17
8566.37925863267  5.591711E-17
8569.2094962597  5.926735E-17
8572.03973388673  7.812318E-17
8574.86997151376  7.969908E-17
8577.70020914079  8.392422E-17
8580.53044676782  6.448240E-17
8583.36068439485  5.326278E-17
8586.19092202188  4.954369E-17
8589.02115964891  3.768730E-17
8591.85139727594  7.219323E-17
8594.68163490297  6.779788E-17
8597.51187253  5.896095E-17
8600.34211015703  5.511358E-17
8603.17234778406  7.453666E-17
8606.00258541109  8.131963E-17
8608.83282303811  7.212421E-17
8611.66306066514  8.329886E-17
8614.49329829217  8.754031E-17
8617.3235359192  6.962100E-17
8620.15377354623  6.480120E-17
8622.98401117326  7.543489E-17
8625.81424880029  6.081679E-17
8628.64448642732  9.262561E-17
8631.47472405435  8.383865E-17
8634.30496168138  7.034780E-17
8637.13519930841  1.026316E-16
8639.96543693544  7.341762E-17
8642.79567456247  9.537537E-17
8645.6259121895  8.722761E-17
8648.45614981653  8.657975E-17
8651.28638744356  7.992769E-17
8654.11662507059  7.030459E-17
8656.94686269761  7.218356E-17
8659.77710032464  5.634981E-17
8662.60733795167  6.117082E-17
8665.4375755787  5.472450E-17
8668.26781320573  8.388854E-17
8671.09805083276  8.986313E-17
8673.92828845979  7.801563E-17
8676.75852608682  8.275641E-17
8679.58876371385  7.358154E-17
8682.41900134088  6.142146E-17
8685.24923896791  7.797445E-17
8688.07947659494  6.919576E-17
8690.90971422197  8.250757E-17
8693.739951849  7.530703E-17
8696.57018947603  6.556030E-17
8699.40042710305  5.960122E-17
8702.23066473008  6.505373E-17
8705.06090235712  7.912092E-17
8707.89113998414  6.304303E-17
8710.72137761117  5.568136E-17
8713.5516152382  4.874169E-17
8716.38185286523  5.479038E-17
8719.21209049226  6.064445E-17
8722.04232811929  7.163969E-17
8724.87256574632  8.492108E-17
8727.70280337335  7.546510E-17
8730.53304100038  7.524094E-17
8733.36327862741  8.312310E-17
8736.19351625444  1.100955E-16
8739.02375388147  1.114685E-16
8741.8539915085  1.116602E-16
8744.68422913553  1.118415E-16
8747.51446676256  1.120171E-16
8750.34470438959  1.121829E-16
8753.17494201662  1.123376E-16
8756.00517964364  1.124813E-16
8758.83541727067  1.126171E-16
8761.6656548977  1.127367E-16
8764.49589252473  1.128462E-16
