#OBJECT = AT2020zlp
#MJD-OBS = 59167.503692
#DATE-OBS = 2020-11-14T12:05:19
#EXPTIME = 1820.000000
#AIRMASS = 1.536000
# 
#TELESCOPE = UH88
#INSTRUMENT = SNIFS
#FLUXCAL = RELATIVE
#WL FL ERR
#[Ang] [erg/s/cm2/A] [erg/s/cm2/A]
3308.060000 2.785388e-18 3.793721e-17
3315.060000 3.936511e-17 3.549562e-17
3322.060000 4.699697e-17 3.428269e-17
3329.060000 3.429055e-17 3.299660e-17
3336.060000 2.403636e-17 3.194438e-17
3343.060000 5.882345e-17 3.067067e-17
3350.060000 2.301244e-17 2.888025e-17
3357.060000 2.677878e-17 2.787526e-17
3364.060000 2.577883e-18 2.693745e-17
3371.060000 6.777058e-17 2.753134e-17
3378.060000 3.795763e-17 2.657587e-17
3385.060000 7.032361e-17 2.609775e-17
3392.060000 6.583243e-17 2.541784e-17
3399.060000 6.406946e-17 2.584827e-17
3406.060000 6.089831e-17 2.524893e-17
3413.060000 4.175287e-17 2.451018e-17
3420.060000 8.581502e-17 2.448570e-17
3427.060000 4.876307e-17 2.332379e-17
3434.060000 1.057088e-16 2.241761e-17
3441.060000 9.723590e-17 2.158364e-17
3448.060000 4.749530e-17 2.052860e-17
3455.060000 7.579317e-17 2.009461e-17
3462.060000 7.565843e-17 1.939237e-17
3469.060000 9.199066e-17 1.899656e-17
3476.060000 1.196998e-16 1.882898e-17
3483.060000 9.257490e-17 1.849984e-17
3490.060000 1.157186e-16 1.816029e-17
3497.060000 1.221877e-16 1.756719e-17
3504.060000 1.034591e-16 1.729092e-17
3511.060000 1.318586e-16 1.727321e-17
3518.060000 1.262536e-16 1.722208e-17
3525.060000 1.304902e-16 1.748057e-17
3532.060000 1.209197e-16 1.752106e-17
3539.060000 1.066999e-16 1.769662e-17
3546.060000 1.342149e-16 1.769860e-17
3553.060000 1.170541e-16 1.693548e-17
3560.060000 1.283544e-16 1.633879e-17
3567.060000 1.298086e-16 1.575050e-17
3574.060000 1.288995e-16 1.524407e-17
3581.060000 1.159829e-16 1.483959e-17
3588.060000 1.161220e-16 1.437941e-17
3595.060000 1.288748e-16 1.416426e-17
3602.060000 1.308907e-16 1.386368e-17
3609.060000 1.233856e-16 1.368520e-17
3616.060000 1.365005e-16 1.384893e-17
3623.060000 1.328036e-16 1.393678e-17
3630.060000 1.221484e-16 1.425864e-17
3637.060000 1.379499e-16 1.442781e-17
3644.060000 1.383689e-16 1.422859e-17
3651.060000 1.499166e-16 1.430245e-17
3658.060000 1.593585e-16 1.425959e-17
3665.060000 1.763749e-16 1.396699e-17
3672.060000 1.654825e-16 1.345463e-17
3679.060000 1.472418e-16 1.282238e-17
3686.060000 1.495297e-16 1.242316e-17
3693.060000 1.611656e-16 1.234039e-17
3700.060000 1.660247e-16 1.216655e-17
3707.060000 1.602161e-16 1.196675e-17
3714.060000 1.565430e-16 1.197045e-17
3721.060000 1.458739e-16 1.163337e-17
3728.060000 1.992234e-16 1.188314e-17
3735.060000 1.867356e-16 1.191252e-17
3742.060000 1.801542e-16 1.198505e-17
3749.060000 1.794266e-16 1.190571e-17
3756.060000 1.809170e-16 1.188374e-17
3763.060000 1.790172e-16 1.189538e-17
3770.060000 1.572144e-16 1.192646e-17
3777.060000 1.678120e-16 1.195329e-17
3784.060000 1.624157e-16 1.164436e-17
3791.060000 1.748868e-16 1.124171e-17
3798.060000 1.596608e-16 1.084565e-17
3805.060000 1.619895e-16 1.064473e-17
3812.060000 1.827429e-16 1.054381e-17
3819.060000 1.966786e-16 1.065290e-17
3826.060000 1.798522e-16 1.055319e-17
3833.060000 1.539412e-16 1.039302e-17
3840.060000 1.723901e-16 1.048893e-17
3847.060000 1.398597e-16 1.023787e-17
3854.060000 1.060668e-16 1.000950e-17
3861.060000 8.084265e-17 9.782304e-18
3868.060000 8.088130e-17 9.632409e-18
3875.060000 5.170098e-17 9.301490e-18
3882.060000 6.202172e-17 9.554732e-18
3889.060000 5.542997e-17 9.675784e-18
3896.060000 3.953059e-17 9.465491e-18
3903.060000 5.705906e-17 9.262675e-18
3910.060000 6.239318e-17 9.139324e-18
3917.060000 5.231528e-17 8.921288e-18
3924.060000 6.441136e-17 8.853403e-18
3931.060000 5.499554e-17 8.742198e-18
3938.060000 5.389885e-17 8.724125e-18
3945.060000 6.787025e-17 8.747404e-18
3952.060000 6.145709e-17 8.750273e-18
3959.060000 8.019243e-17 8.947241e-18
3966.060000 8.252948e-17 9.147850e-18
3973.060000 7.184497e-17 9.330132e-18
3980.060000 8.294531e-17 9.408827e-18
3987.060000 9.127409e-17 9.174036e-18
3994.060000 9.674087e-17 9.036772e-18
4001.060000 1.076235e-16 9.016015e-18
4008.060000 1.361680e-16 9.142330e-18
4015.060000 1.239041e-16 9.078338e-18
4022.060000 1.651189e-16 9.157078e-18
4029.060000 1.977073e-16 9.217159e-18
4036.060000 1.868822e-16 8.982978e-18
4043.060000 2.109447e-16 8.976536e-18
4050.060000 2.184350e-16 8.850398e-18
4057.060000 2.405839e-16 8.895791e-18
4064.060000 2.584519e-16 9.162989e-18
4071.060000 2.702383e-16 9.341825e-18
4078.060000 2.580761e-16 9.352890e-18
4085.060000 2.605087e-16 9.479090e-18
4092.060000 2.400619e-16 9.283839e-18
4099.060000 2.525354e-16 9.308871e-18
4106.060000 2.736632e-16 9.272396e-18
4113.060000 2.656813e-16 9.242564e-18
4120.060000 2.625646e-16 9.344378e-18
4127.060000 2.632077e-16 9.409233e-18
4134.060000 2.405529e-16 9.269323e-18
4141.060000 2.179435e-16 8.872121e-18
4148.060000 2.084425e-16 8.558169e-18
4155.060000 1.876643e-16 8.343901e-18
4162.060000 1.754863e-16 8.194266e-18
4169.060000 1.787800e-16 8.098980e-18
4176.060000 1.626157e-16 7.978936e-18
4183.060000 1.640621e-16 7.842716e-18
4190.060000 1.643878e-16 7.813938e-18
4197.060000 1.868773e-16 7.956025e-18
4204.060000 1.799023e-16 7.908813e-18
4211.060000 1.959837e-16 7.976020e-18
4218.060000 2.086651e-16 8.159681e-18
4225.060000 2.308979e-16 8.346420e-18
4232.060000 2.393954e-16 8.512870e-18
4239.060000 2.687494e-16 8.754171e-18
4246.060000 2.551688e-16 8.778058e-18
4253.060000 2.637933e-16 8.833076e-18
4260.060000 2.594283e-16 8.671450e-18
4267.060000 2.729219e-16 8.536237e-18
4274.060000 2.743802e-16 8.357552e-18
4281.060000 2.620045e-16 8.158109e-18
4288.060000 2.672544e-16 8.080755e-18
4295.060000 2.676356e-16 7.964884e-18
4302.060000 2.613869e-16 7.881691e-18
4309.060000 2.581671e-16 7.956622e-18
4316.060000 2.419777e-16 7.830394e-18
4323.060000 2.222859e-16 7.671048e-18
4330.060000 2.308619e-16 7.803922e-18
4337.060000 2.388889e-16 7.910047e-18
4344.060000 2.393967e-16 8.065530e-18
4351.060000 2.377470e-16 8.171124e-18
4358.060000 2.211626e-16 8.182468e-18
4365.060000 2.408630e-16 8.352654e-18
4372.060000 2.203236e-16 8.302445e-18
4379.060000 2.129402e-16 8.172430e-18
4386.060000 2.095363e-16 7.962095e-18
4393.060000 1.920894e-16 7.707648e-18
4400.060000 2.098669e-16 7.668447e-18
4407.060000 1.999914e-16 7.559103e-18
4414.060000 1.907411e-16 7.398703e-18
4421.060000 1.801404e-16 7.346757e-18
4428.060000 1.767554e-16 7.254321e-18
4435.060000 1.705320e-16 7.221897e-18
4442.060000 1.668841e-16 7.178971e-18
4449.060000 1.710811e-16 7.214053e-18
4456.060000 1.610253e-16 7.183496e-18
4463.060000 1.554265e-16 7.196778e-18
4470.060000 1.307070e-16 7.122452e-18
4477.060000 1.349085e-16 7.244463e-18
4484.060000 1.269724e-16 7.273268e-18
4491.060000 1.183621e-16 7.238579e-18
4498.060000 1.091654e-16 7.136087e-18
4505.060000 1.058460e-16 7.074856e-18
4512.060000 1.120441e-16 7.040626e-18
4519.060000 1.269478e-16 6.983970e-18
4526.060000 1.206272e-16 6.896653e-18
4533.060000 1.285980e-16 6.872617e-18
4540.060000 1.173029e-16 6.821335e-18
4547.060000 1.289897e-16 6.800831e-18
4554.060000 1.436637e-16 6.892494e-18
4561.060000 1.371537e-16 6.860015e-18
4568.060000 1.347923e-16 6.885002e-18
4575.060000 1.508835e-16 7.037768e-18
4582.060000 1.452693e-16 7.097017e-18
4589.060000 1.444190e-16 7.177968e-18
4596.060000 1.293121e-16 7.202513e-18
4603.060000 1.405398e-16 7.375492e-18
4610.060000 1.322899e-16 7.492562e-18
4617.060000 1.455454e-16 7.443098e-18
4624.060000 1.569041e-16 7.308388e-18
4631.060000 1.340734e-16 7.016793e-18
4638.060000 1.248588e-16 6.818452e-18
4645.060000 1.356019e-16 6.799800e-18
4652.060000 1.685657e-16 6.855061e-18
4659.060000 1.762824e-16 6.795615e-18
4666.060000 1.674737e-16 6.756053e-18
4673.060000 1.671216e-16 6.843938e-18
4680.060000 1.822518e-16 6.975296e-18
4687.060000 1.963544e-16 7.101349e-18
4694.060000 1.891876e-16 7.165814e-18
4701.060000 1.775436e-16 7.213891e-18
4708.060000 1.941760e-16 7.397871e-18
4715.060000 2.026840e-16 7.526279e-18
4722.060000 2.002784e-16 7.634689e-18
4729.060000 2.005024e-16 7.698928e-18
4736.060000 1.913967e-16 7.579350e-18
4743.060000 1.818677e-16 7.399661e-18
4750.060000 1.824984e-16 7.313091e-18
4757.060000 1.681756e-16 7.145960e-18
4764.060000 1.857694e-16 7.209049e-18
4771.060000 1.901450e-16 7.241651e-18
4778.060000 1.867886e-16 7.193121e-18
4785.060000 1.761805e-16 7.080823e-18
4792.060000 1.753039e-16 7.065965e-18
4799.060000 1.776468e-16 7.075597e-18
4806.060000 1.748713e-16 7.097303e-18
4813.060000 1.842026e-16 7.202233e-18
4820.060000 1.769274e-16 7.327227e-18
4827.060000 1.618606e-16 7.300598e-18
4834.060000 1.635258e-16 7.477290e-18
4841.060000 1.545361e-16 7.512286e-18
4848.060000 1.500099e-16 7.550671e-18
4855.060000 1.369464e-16 7.475375e-18
4862.060000 1.369977e-16 7.478060e-18
4869.060000 1.451537e-16 7.461703e-18
4876.060000 1.408795e-16 7.336428e-18
4883.060000 1.351409e-16 7.430963e-18
4890.060000 1.391237e-16 7.466279e-18
4897.060000 1.337293e-16 9.054448e-18
4904.060000 1.390912e-16 1.415181e-17
4911.060000 1.390912e-16 1.415181e-17
4918.060000 1.390912e-16 1.415181e-17
4925.060000 1.390912e-16 1.415181e-17
4932.060000 1.390912e-16 1.415181e-17
4939.060000 1.390912e-16 1.415181e-17
4946.060000 1.390912e-16 1.415181e-17
4953.060000 1.390912e-16 1.415181e-17
4960.060000 1.390912e-16 1.415181e-17
4967.060000 1.390912e-16 1.415181e-17
4974.060000 1.390912e-16 1.415181e-17
4981.060000 1.390912e-16 1.415181e-17
4988.060000 1.390912e-16 1.415181e-17
4995.060000 1.390912e-16 1.415181e-17
5002.060000 1.390912e-16 1.415181e-17
5009.060000 1.390912e-16 1.415181e-17
5016.060000 1.390912e-16 1.415181e-17
5023.060000 1.390912e-16 1.415181e-17
5030.060000 1.390912e-16 1.415181e-17
5037.060000 1.390912e-16 1.415181e-17
5044.060000 1.390912e-16 1.415181e-17
5051.060000 1.233801e-16 1.264123e-17
5058.060000 1.177983e-16 1.637800e-17
5065.060000 1.177983e-16 1.637800e-17
5072.060000 1.177983e-16 1.637800e-17
5079.060000 1.177983e-16 1.637800e-17
5086.060000 1.177983e-16 1.637800e-17
5093.060000 1.177983e-16 1.637800e-17
5100.060000 1.177983e-16 1.637800e-17
5107.060000 1.177983e-16 1.637800e-17
5114.060000 1.177983e-16 1.637800e-17
5121.060000 1.177983e-16 1.637800e-17
5128.060000 1.177983e-16 1.637800e-17
5135.060000 1.177983e-16 1.637800e-17
5142.060000 1.177983e-16 1.637800e-17
5149.060000 1.177983e-16 1.637800e-17
5156.060000 1.177983e-16 1.637800e-17
5163.060000 1.177983e-16 1.637800e-17
5170.060000 1.177983e-16 1.637800e-17
5177.060000 1.177983e-16 1.637800e-17
5184.060000 1.177983e-16 1.637800e-17
5191.060000 1.177983e-16 1.637800e-17
5198.060000 1.177983e-16 1.637800e-17
5205.060000 1.083435e-16 9.814868e-18
5212.060000 1.089256e-16 9.629273e-18
5219.060000 1.132518e-16 9.799362e-18
5226.060000 1.029073e-16 9.671950e-18
5233.060000 1.025955e-16 9.246717e-18
5240.060000 1.271901e-16 9.583741e-18
5247.060000 1.062943e-16 9.134911e-18
5254.060000 1.050257e-16 8.992409e-18
5261.060000 1.148228e-16 9.000110e-18
5268.060000 1.290415e-16 8.536379e-18
5275.060000 1.094131e-16 8.505746e-18
5282.060000 1.065200e-16 8.301954e-18
5289.060000 1.061139e-16 7.931733e-18
5296.060000 1.134524e-16 8.030871e-18
5303.060000 1.093668e-16 7.587106e-18
5310.060000 1.354024e-16 7.915022e-18
5317.060000 1.292803e-16 7.780089e-18
5324.060000 1.312071e-16 7.296388e-18
5331.060000 1.381869e-16 7.455274e-18
5338.060000 1.317247e-16 7.208496e-18
5345.060000 1.423014e-16 7.357068e-18
5352.060000 1.502623e-16 7.323135e-18
5359.060000 1.308684e-16 6.814577e-18
5366.060000 1.318072e-16 6.916968e-18
5373.060000 1.384628e-16 6.841598e-18
5380.060000 1.474239e-16 6.812160e-18
5387.060000 1.248724e-16 6.659763e-18
5394.060000 1.246189e-16 6.308841e-18
5401.060000 1.252081e-16 6.410515e-18
5408.060000 1.306440e-16 6.425122e-18
5415.060000 1.362376e-16 6.323142e-18
5422.060000 1.388638e-16 6.419109e-18
5429.060000 1.431081e-16 6.272124e-18
5436.060000 1.438068e-16 6.602557e-18
5443.060000 1.477835e-16 6.552965e-18
5450.060000 1.362817e-16 6.183167e-18
5457.060000 1.347017e-16 6.265236e-18
5464.060000 1.351493e-16 6.086654e-18
5471.060000 1.144811e-16 6.032194e-18
5478.060000 1.070250e-16 6.011706e-18
5485.060000 9.644752e-17 5.629259e-18
5492.060000 8.975843e-17 5.676939e-18
5499.060000 8.627465e-17 5.486676e-18
5506.060000 8.395299e-17 5.469678e-18
5513.060000 8.691797e-17 5.573376e-18
5520.060000 8.013811e-17 5.334032e-18
5527.060000 6.841970e-17 5.444978e-18
5534.060000 6.979760e-17 5.464589e-18
5541.060000 5.926083e-17 5.288819e-18
5548.060000 7.567957e-17 5.472722e-18
5555.060000 6.846332e-17 5.230374e-18
5562.060000 7.627336e-17 5.496923e-18
5569.060000 6.783463e-17 5.896186e-18
5576.060000 8.119064e-17 7.802525e-18
5583.060000 7.227819e-17 6.766280e-18
5590.060000 8.973084e-17 5.373909e-18
5597.060000 8.454824e-17 5.352650e-18
5604.060000 8.930964e-17 5.330071e-18
5611.060000 9.387116e-17 5.131267e-18
5618.060000 8.546205e-17 5.219448e-18
5625.060000 7.677931e-17 5.053558e-18
5632.060000 8.577727e-17 5.065067e-18
5639.060000 8.403437e-17 5.087231e-18
5646.060000 7.357604e-17 4.817079e-18
5653.060000 8.293125e-17 5.046893e-18
5660.060000 6.788494e-17 4.930356e-18
5667.060000 6.514749e-17 4.797445e-18
5674.060000 7.330775e-17 4.860700e-18
5681.060000 5.954307e-17 4.658309e-18
5688.060000 6.075424e-17 4.857797e-18
5695.060000 5.111110e-17 4.765530e-18
5702.060000 5.341222e-17 4.580910e-18
5709.060000 4.752664e-17 4.618710e-18
5716.060000 5.366630e-17 4.525372e-18
5723.060000 4.830864e-17 4.604376e-18
5730.060000 6.317519e-17 4.718459e-18
5737.060000 5.711822e-17 4.443202e-18
5744.060000 7.326225e-17 4.674269e-18
5751.060000 8.190015e-17 4.629236e-18
5758.060000 8.945155e-17 4.664051e-18
5765.060000 8.150452e-17 4.671245e-18
5772.060000 8.996384e-17 4.556282e-18
5779.060000 9.613256e-17 4.737982e-18
5786.060000 9.658650e-17 4.687106e-18
5793.060000 9.964421e-17 4.644476e-18
5800.060000 1.004273e-16 4.757526e-18
5807.060000 9.750830e-17 4.585115e-18
5814.060000 1.096420e-16 4.821851e-18
5821.060000 1.012611e-16 4.757091e-18
5828.060000 1.018364e-16 4.561875e-18
5835.060000 1.076349e-16 4.654819e-18
5842.060000 1.056489e-16 4.535125e-18
5849.060000 1.074766e-16 4.660375e-18
5856.060000 1.090548e-16 4.720047e-18
5863.060000 1.060276e-16 4.541670e-18
5870.060000 9.557479e-17 4.610636e-18
5877.060000 9.956148e-17 4.581129e-18
5884.060000 9.603734e-17 4.997864e-18
5891.060000 9.740908e-17 5.686243e-18
5898.060000 9.871941e-17 5.052521e-18
5905.060000 9.857345e-17 4.689190e-18
5912.060000 1.050739e-16 4.619293e-18
5919.060000 1.017449e-16 4.518265e-18
5926.060000 1.006304e-16 4.589817e-18
5933.060000 1.043515e-16 4.497197e-18
5940.060000 1.062379e-16 4.600896e-18
5947.060000 9.930224e-17 4.556783e-18
5954.060000 9.574869e-17 4.363792e-18
5961.060000 9.047059e-17 4.395972e-18
5968.060000 8.084194e-17 4.235178e-18
5975.060000 8.085206e-17 4.411054e-18
5982.060000 6.414956e-17 4.290166e-18
5989.060000 7.165027e-17 4.116546e-18
5996.060000 6.171112e-17 4.171705e-18
6003.060000 5.385426e-17 4.042104e-18
6010.060000 5.213976e-17 4.025005e-18
6017.060000 4.988623e-17 4.008648e-18
6024.060000 5.341697e-17 3.928793e-18
6031.060000 6.017816e-17 4.064282e-18
6038.060000 5.503721e-17 3.977800e-18
6045.060000 5.953964e-17 3.926864e-18
6052.060000 5.707810e-17 3.965373e-18
6059.060000 6.053035e-17 3.879126e-18
6066.060000 6.157426e-17 4.069520e-18
6073.060000 6.405383e-17 4.055881e-18
6080.060000 7.945108e-17 3.983154e-18
6087.060000 8.077557e-17 4.069775e-18
6094.060000 7.312604e-17 3.897731e-18
6101.060000 7.329016e-17 4.056133e-18
6108.060000 7.641124e-17 4.084468e-18
6115.060000 8.214548e-17 3.922375e-18
6122.060000 8.333559e-17 4.026641e-18
6129.060000 8.831794e-17 3.970702e-18
6136.060000 8.523999e-17 3.993789e-18
6143.060000 1.014659e-16 4.089460e-18
6150.060000 1.033338e-16 3.887526e-18
6157.060000 1.084536e-16 4.012222e-18
6164.060000 9.878083e-17 4.007582e-18
6171.060000 9.723721e-17 4.009559e-18
6178.060000 9.149719e-17 4.011046e-18
6185.060000 9.616453e-17 3.914054e-18
6192.060000 9.165884e-17 4.049753e-18
6199.060000 1.033522e-16 4.127435e-18
6206.060000 9.672996e-17 3.955357e-18
6213.060000 9.756663e-17 4.008586e-18
6220.060000 9.801158e-17 3.922487e-18
6227.060000 9.712378e-17 4.063055e-18
6234.060000 9.426785e-17 4.144652e-18
6241.060000 9.310405e-17 3.941295e-18
6248.060000 8.917703e-17 3.939567e-18
6255.060000 8.635411e-17 3.908017e-18
6262.060000 8.914122e-17 3.969302e-18
6269.060000 8.663841e-17 3.919777e-18
6276.060000 7.527012e-17 3.694847e-18
6283.060000 8.086905e-17 3.879242e-18
6290.060000 6.918276e-17 3.872745e-18
6297.060000 6.015666e-17 4.166110e-18
6304.060000 5.802054e-17 4.251841e-18
6311.060000 5.045946e-17 3.678220e-18
6318.060000 4.002599e-17 3.706150e-18
6325.060000 2.965533e-17 3.685928e-18
6332.060000 2.257629e-17 3.507828e-18
6339.060000 1.884369e-17 3.495462e-18
6346.060000 7.971289e-18 3.347966e-18
6353.060000 -4.539195e-19 3.444645e-18
6360.060000 2.276188e-18 3.569930e-18
6367.060000 8.248609e-19 3.396462e-18
6374.060000 -4.721286e-18 3.287737e-18
6381.060000 -1.575949e-17 3.199245e-18
6388.060000 -1.421205e-17 3.226810e-18
6395.060000 -1.457699e-17 3.196058e-18
6402.060000 -1.089074e-17 3.089112e-18
6409.060000 -1.002405e-17 3.185139e-18
6416.060000 -3.394545e-18 3.198499e-18
6423.060000 -4.159935e-18 3.147750e-18
6430.060000 -2.745644e-18 3.167566e-18
6437.060000 1.318168e-18 3.061074e-18
6444.060000 6.551082e-18 3.234810e-18
6451.060000 6.109559e-18 3.266840e-18
6458.060000 1.575873e-17 3.265801e-18
6465.060000 2.366562e-17 3.446716e-18
6472.060000 2.086516e-17 3.353083e-18
6479.060000 2.512106e-17 3.435227e-18
6486.060000 3.647051e-17 3.463851e-18
6493.060000 3.922685e-17 3.378897e-18
6500.060000 4.649221e-17 3.592140e-18
6507.060000 5.089170e-17 3.488141e-18
6514.060000 5.893073e-17 3.515237e-18
6521.060000 6.211740e-17 3.550857e-18
6528.060000 6.667081e-17 3.494978e-18
6535.060000 7.183217e-17 3.653291e-18
6542.060000 7.775644e-17 3.637791e-18
6549.060000 7.786936e-17 3.633203e-18
6556.060000 8.222302e-17 3.745708e-18
6563.060000 7.934079e-17 3.564735e-18
6570.060000 8.101678e-17 3.710627e-18
6577.060000 8.995453e-17 3.770273e-18
6584.060000 9.177762e-17 3.636207e-18
6591.060000 9.304372e-17 3.686789e-18
6598.060000 9.333841e-17 3.620478e-18
6605.060000 9.213369e-17 3.745048e-18
6612.060000 9.667089e-17 3.751925e-18
6619.060000 9.427168e-17 3.563421e-18
6626.060000 9.767901e-17 3.708831e-18
6633.060000 9.148626e-17 3.628584e-18
6640.060000 9.506229e-17 3.667646e-18
6647.060000 9.270866e-17 3.662706e-18
6654.060000 9.144861e-17 3.562426e-18
6661.060000 8.857868e-17 3.665093e-18
6668.060000 9.025077e-17 3.619313e-18
6675.060000 8.754537e-17 3.558675e-18
6682.060000 8.590468e-17 3.599118e-18
6689.060000 8.305665e-17 3.472068e-18
6696.060000 8.422929e-17 3.614824e-18
6703.060000 8.779423e-17 3.590192e-18
6710.060000 8.745433e-17 3.502609e-18
6717.060000 8.019568e-17 3.525779e-18
6724.060000 8.218503e-17 3.447837e-18
6731.060000 7.073835e-17 3.500233e-18
6738.060000 7.294718e-17 3.519410e-18
6745.060000 7.256036e-17 3.391740e-18
6752.060000 6.735299e-17 3.458915e-18
6759.060000 6.814575e-17 3.420867e-18
6766.060000 6.934780e-17 3.453092e-18
6773.060000 7.029557e-17 3.466592e-18
6780.060000 7.320097e-17 3.353096e-18
6787.060000 6.972633e-17 3.438902e-18
6794.060000 5.942645e-17 3.349184e-18
6801.060000 5.648805e-17 3.311969e-18
6808.060000 5.753908e-17 3.374873e-18
6815.060000 5.808789e-17 3.274387e-18
6822.060000 5.584561e-17 3.451818e-18
6829.060000 5.798075e-17 3.674262e-18
6836.060000 5.294880e-17 3.524441e-18
6843.060000 5.068226e-17 3.400271e-18
6850.060000 5.409292e-17 3.259066e-18
6857.060000 4.591563e-17 3.448503e-18
6864.060000 4.732821e-17 3.577851e-18
6871.060000 3.612245e-17 3.144209e-18
6878.060000 3.518759e-17 3.278499e-18
6885.060000 3.935465e-17 3.324513e-18
6892.060000 3.656952e-17 3.370350e-18
6899.060000 3.972749e-17 3.461083e-18
6906.060000 4.424400e-17 3.383003e-18
6913.060000 3.890685e-17 3.542720e-18
6920.060000 4.566830e-17 3.578991e-18
6927.060000 4.551943e-17 3.548001e-18
6934.060000 4.413386e-17 3.522611e-18
6941.060000 4.356023e-17 3.510005e-18
6948.060000 4.660945e-17 3.776739e-18
6955.060000 3.980972e-17 3.569453e-18
6962.060000 4.260250e-17 3.432141e-18
6969.060000 4.500976e-17 3.566455e-18
6976.060000 3.705638e-17 3.490282e-18
6983.060000 3.985422e-17 3.580277e-18
6990.060000 3.698485e-17 3.503755e-18
6997.060000 3.254473e-17 3.342926e-18
7004.060000 3.043444e-17 3.445796e-18
7011.060000 2.816473e-17 3.428582e-18
7018.060000 2.981202e-17 3.442793e-18
7025.060000 2.995624e-17 3.481703e-18
7032.060000 1.855591e-17 3.313453e-18
7039.060000 2.182385e-17 3.432466e-18
7046.060000 2.759770e-17 3.440461e-18
7053.060000 2.304352e-17 3.378365e-18
7060.060000 2.416083e-17 3.393738e-18
7067.060000 2.368429e-17 3.309749e-18
7074.060000 1.945888e-17 3.418696e-18
7081.060000 1.514715e-17 3.357590e-18
7088.060000 2.209189e-17 3.311217e-18
7095.060000 1.399916e-17 3.302805e-18
7102.060000 1.773229e-17 3.216902e-18
7109.060000 2.074795e-17 3.368485e-18
7116.060000 1.313351e-17 3.342384e-18
7123.060000 9.712768e-18 3.172732e-18
7130.060000 1.002107e-17 3.276967e-18
7137.060000 1.489223e-17 3.226864e-18
7144.060000 1.298931e-17 3.330006e-18
7151.060000 1.218085e-17 3.305383e-18
7158.060000 1.192127e-17 3.167613e-18
7165.060000 2.424122e-17 3.323849e-18
7172.060000 1.350638e-17 3.236580e-18
7179.060000 1.582959e-17 3.223860e-18
7186.060000 7.166360e-18 3.192466e-18
7193.060000 9.834353e-18 3.094893e-18
7200.060000 7.673763e-18 3.201353e-18
7207.060000 7.594111e-18 3.174692e-18
7214.060000 8.616291e-18 3.136950e-18
7221.060000 9.011723e-18 3.233281e-18
7228.060000 2.826631e-18 3.156497e-18
7235.060000 5.027930e-18 3.643002e-18
7242.060000 5.857318e-18 4.242756e-18
7249.060000 4.647005e-18 3.670404e-18
7256.060000 3.544801e-18 3.394929e-18
7263.060000 5.839275e-18 3.217099e-18
7270.060000 4.935594e-19 3.574262e-18
7277.060000 4.982041e-18 4.155706e-18
7284.060000 1.095196e-17 3.658488e-18
7291.060000 5.144853e-18 3.412284e-18
7298.060000 7.383717e-18 3.419747e-18
7305.060000 1.180606e-17 3.519320e-18
7312.060000 1.296133e-17 3.725917e-18
7319.060000 1.177083e-17 3.720373e-18
7326.060000 7.054433e-18 3.570936e-18
7333.060000 -4.821249e-18 3.629740e-18
7340.060000 7.558027e-18 4.059710e-18
7347.060000 1.181433e-17 3.737946e-18
7354.060000 1.611962e-18 3.468966e-18
7361.060000 -2.976562e-18 3.770190e-18
7368.060000 7.644293e-18 4.043038e-18
7375.060000 1.508852e-17 3.594811e-18
7382.060000 7.929022e-18 3.399287e-18
7389.060000 3.591863e-18 3.403046e-18
7396.060000 8.578651e-18 3.617218e-18
7403.060000 1.664959e-17 3.743834e-18
7410.060000 1.062762e-17 3.248300e-18
7417.060000 5.500896e-18 3.255486e-18
7424.060000 3.717016e-18 3.213211e-18
7431.060000 4.434229e-18 3.326223e-18
7438.060000 6.071240e-18 3.465070e-18
7445.060000 1.113783e-17 3.235094e-18
7452.060000 8.408333e-18 3.271194e-18
7459.060000 3.799178e-18 3.279309e-18
7466.060000 4.806850e-18 3.376283e-18
7473.060000 -1.039131e-18 3.532778e-18
7480.060000 4.946366e-18 3.514527e-18
7487.060000 7.274690e-18 3.520102e-18
7494.060000 -1.658472e-19 3.371845e-18
7501.060000 4.204516e-18 3.206142e-18
7508.060000 1.483591e-18 3.242467e-18
7515.060000 -2.702121e-19 3.262816e-18
7522.060000 3.933336e-18 3.740932e-18
7529.060000 8.221714e-18 3.708708e-18
7536.060000 8.927133e-18 3.277953e-18
7543.060000 2.530621e-18 3.302290e-18
7550.060000 6.287439e-18 3.276042e-18
7557.060000 2.428667e-18 3.351258e-18
7564.060000 7.418715e-18 3.432788e-18
7571.060000 4.628342e-18 3.486743e-18
7578.060000 -4.088053e-18 3.367970e-18
7585.060000 -6.751277e-18 3.250464e-18
7592.060000 -1.245603e-18 2.947828e-18
7599.060000 -2.805618e-18 2.668955e-18
7606.060000 -4.405455e-18 2.301217e-18
7613.060000 -5.143132e-18 2.595468e-18
7620.060000 -9.462105e-18 2.836274e-18
7627.060000 -3.909135e-18 2.714164e-18
7634.060000 -4.124981e-18 2.672370e-18
7641.060000 -5.602427e-18 2.651564e-18
7648.060000 -1.210381e-17 2.867172e-18
7655.060000 -9.097174e-18 3.021735e-18
7662.060000 -5.009203e-18 3.069082e-18
7669.060000 -1.211196e-17 3.099727e-18
7676.060000 -1.291066e-17 3.060483e-18
7683.060000 -1.499527e-17 3.190405e-18
7690.060000 -2.001891e-17 3.334834e-18
7697.060000 -2.589507e-17 3.275358e-18
7704.060000 -2.638219e-17 3.485545e-18
7711.060000 -1.191901e-17 4.344807e-18
7718.060000 -3.575112e-18 4.558582e-18
7725.060000 -1.860356e-17 3.909160e-18
7732.060000 -2.498485e-17 3.519648e-18
7739.060000 -2.759127e-17 3.620417e-18
7746.060000 -2.123941e-17 4.219547e-18
7753.060000 -1.298020e-17 4.582122e-18
7760.060000 -2.902978e-17 4.038276e-18
7767.060000 -3.461026e-17 3.512885e-18
7774.060000 -3.710480e-17 3.661885e-18
7781.060000 -4.377618e-17 3.742401e-18
7788.060000 -4.504677e-17 3.693748e-18
7795.060000 -2.763180e-17 4.404226e-18
7802.060000 -4.322861e-17 3.596669e-18
7809.060000 -4.712419e-17 3.732537e-18
7816.060000 -4.374774e-17 3.903421e-18
7823.060000 -3.392035e-17 4.321715e-18
7830.060000 -4.525429e-17 3.511804e-18
7837.060000 -4.326425e-17 3.544989e-18
7844.060000 -3.982016e-17 3.753559e-18
7851.060000 -3.648729e-17 4.498666e-18
7858.060000 -4.124346e-17 4.335081e-18
7865.060000 -4.930017e-17 4.026624e-18
7872.060000 -3.513602e-17 4.158517e-18
7879.060000 -2.796917e-17 3.915673e-18
7886.060000 -3.672747e-17 4.029497e-18
7893.060000 -2.534456e-17 3.932805e-18
7900.060000 -2.606068e-17 3.578828e-18
7907.060000 -3.777312e-17 3.865332e-18
7914.060000 -1.338903e-17 4.858037e-18
7921.060000 -1.629893e-17 4.527479e-18
7928.060000 -2.883841e-17 4.002251e-18
7935.060000 -2.204789e-17 3.861234e-18
7942.060000 -2.611217e-17 3.647984e-18
7949.060000 -1.782533e-17 3.763917e-18
7956.060000 -2.721768e-17 3.762784e-18
7963.060000 -1.358753e-17 4.593224e-18
7970.060000 -1.951876e-17 4.148579e-18
7977.060000 -8.393529e-18 4.124040e-18
7984.060000 -1.658803e-17 3.882211e-18
7991.060000 -1.048024e-17 4.774472e-18
7998.060000 -7.361802e-18 4.450510e-18
8005.060000 -1.720512e-17 3.574175e-18
8012.060000 -1.012706e-17 3.933256e-18
8019.060000 -1.174667e-17 3.977455e-18
8026.060000 -9.425555e-18 4.532233e-18
8033.060000 -1.758220e-17 3.880165e-18
8040.060000 -9.072017e-18 3.545559e-18
8047.060000 -8.185180e-18 3.732328e-18
8054.060000 -2.064524e-17 3.743727e-18
8061.060000 -9.536268e-18 4.005060e-18
8068.060000 -1.886283e-17 3.753602e-18
8075.060000 -1.787766e-17 3.493058e-18
8082.060000 -1.290024e-17 3.651796e-18
8089.060000 -9.133438e-18 3.662654e-18
8096.060000 -1.199115e-17 3.667896e-18
8103.060000 -7.342230e-19 3.891639e-18
8110.060000 -9.444525e-18 3.617772e-18
8117.060000 -9.286867e-18 3.699733e-18
8124.060000 -1.245160e-17 3.661739e-18
8131.060000 -1.204188e-17 3.527110e-18
8138.060000 -9.917910e-18 3.664050e-18
8145.060000 -9.161879e-18 3.617895e-18
8152.060000 -1.126307e-17 3.671309e-18
8159.060000 -1.483964e-17 3.613668e-18
8166.060000 -7.796352e-18 3.517796e-18
8173.060000 -1.311114e-17 3.566277e-18
8180.060000 -5.072289e-18 3.571896e-18
8187.060000 -1.025894e-17 3.597135e-18
8194.060000 -1.099212e-17 3.661097e-18
8201.060000 -6.700633e-18 3.563839e-18
8208.060000 -1.237649e-17 3.660494e-18
8215.060000 -8.924948e-18 3.616187e-18
8222.060000 -1.676024e-17 3.510754e-18
8229.060000 -2.164327e-17 3.517959e-18
8236.060000 -1.507354e-17 3.525021e-18
8243.060000 -5.405982e-18 3.791495e-18
8250.060000 -1.316208e-17 3.726772e-18
8257.060000 -9.384961e-18 3.567253e-18
8264.060000 -1.627332e-17 3.605824e-18
8271.060000 -2.345468e-17 3.620204e-18
8278.060000 -1.134534e-17 4.567481e-18
8285.060000 -8.090260e-18 5.075377e-18
8292.060000 -5.815418e-18 4.823392e-18
8299.060000 -1.908883e-18 5.191784e-18
8306.060000 -1.485630e-17 4.213372e-18
8313.060000 -2.289845e-17 4.058308e-18
8320.060000 -1.391784e-17 3.905060e-18
8327.060000 -1.200492e-17 3.734139e-18
8334.060000 -2.680590e-17 3.947378e-18
8341.060000 -1.217123e-17 5.539829e-18
8348.060000 -4.861894e-18 5.934511e-18
8355.060000 -1.037651e-17 4.870199e-18
8362.060000 -1.667945e-17 4.204346e-18
8369.060000 -3.296882e-17 4.136176e-18
8376.060000 -2.669476e-17 4.102816e-18
8383.060000 -1.742372e-17 4.425084e-18
8390.060000 -4.352292e-17 4.049023e-18
8397.060000 -1.081512e-17 5.509041e-18
8404.060000 -3.418647e-17 4.979209e-18
8411.060000 -2.708440e-17 4.470174e-18
8418.060000 -3.721455e-17 4.466065e-18
8425.060000 -1.726074e-17 5.105325e-18
8432.060000 -9.818212e-18 5.922996e-18
8439.060000 -3.302808e-17 4.094278e-18
8446.060000 -2.571799e-17 4.135865e-18
8453.060000 -3.605220e-17 4.420335e-18
8460.060000 -3.597618e-17 4.709992e-18
8467.060000 -2.779458e-17 5.316551e-18
8474.060000 -4.202543e-17 3.919931e-18
8481.060000 -4.362809e-17 3.752595e-18
8488.060000 -4.019715e-17 3.826353e-18
8495.060000 -4.040660e-17 4.304144e-18
8502.060000 -2.671887e-17 4.631664e-18
8509.060000 -4.947647e-17 4.160430e-18
8516.060000 -4.495631e-17 3.819822e-18
8523.060000 -4.428547e-17 3.738994e-18
8530.060000 -5.214309e-17 3.853208e-18
8537.060000 -5.880246e-17 4.045697e-18
8544.060000 -4.695688e-17 4.003971e-18
8551.060000 -5.285269e-17 4.191663e-18
8558.060000 -5.241215e-17 3.806099e-18
8565.060000 -5.992833e-17 3.741020e-18
8572.060000 -5.807645e-17 3.782587e-18
8579.060000 -6.632428e-17 3.620742e-18
8586.060000 -5.734462e-17 3.858817e-18
8593.060000 -5.204542e-17 3.916791e-18
8600.060000 -5.965595e-17 3.813140e-18
8607.060000 -6.166190e-17 3.788398e-18
8614.060000 -4.799771e-17 4.068877e-18
8621.060000 -5.699184e-17 4.853945e-18
8628.060000 -5.560513e-17 5.349209e-18
8635.060000 -3.955941e-17 5.066381e-18
8642.060000 -4.995195e-17 4.558209e-18
8649.060000 -4.836222e-17 4.814747e-18
8656.060000 -3.548425e-17 5.494812e-18
8663.060000 -3.864171e-17 5.490443e-18
8670.060000 -4.415529e-17 4.885344e-18
8677.060000 -4.312250e-17 4.585877e-18
8684.060000 -4.580920e-17 4.264567e-18
8691.060000 -5.349985e-17 4.033370e-18
8698.060000 -4.579746e-17 4.007160e-18
8705.060000 -4.393256e-17 3.902382e-18
8712.060000 -4.323126e-17 3.929144e-18
8719.060000 -4.241844e-17 3.825023e-18
8726.060000 -4.456793e-17 3.873539e-18
8733.060000 -4.547677e-17 3.987328e-18
8740.060000 -5.795733e-17 3.789809e-18
8747.060000 -3.651823e-17 4.042047e-18
8754.060000 -3.922722e-17 4.499704e-18
8761.060000 -2.935435e-17 5.952916e-18
8768.060000 -3.073347e-17 6.401994e-18
8775.060000 -1.288945e-17 6.058916e-18
8782.060000 -3.427640e-17 5.414277e-18
8789.060000 -1.190713e-17 4.839968e-18
8796.060000 -2.658877e-17 4.207620e-18
8803.060000 -2.863405e-17 4.006117e-18
8810.060000 -2.478255e-17 4.040091e-18
8817.060000 -2.877696e-17 4.424835e-18
8824.060000 2.417288e-17 7.350194e-18
8831.060000 -2.276515e-17 7.149160e-18
8838.060000 -1.685532e-17 5.879774e-18
8845.060000 -6.292177e-18 4.751550e-18
8852.060000 -2.484608e-17 4.579742e-18
8859.060000 -2.085547e-17 4.331060e-18
8866.060000 -1.220525e-18 5.147891e-18
8873.060000 3.873447e-18 4.737484e-18
8880.060000 1.192222e-17 5.252218e-18
8887.060000 1.388856e-17 6.878293e-18
8894.060000 -1.049676e-17 4.833984e-18
8901.060000 -4.366693e-18 5.279727e-18
8908.060000 -2.318406e-17 5.119636e-18
8915.060000 3.615771e-17 6.299402e-18
8922.060000 3.803295e-17 7.037098e-18
8929.060000 4.184007e-18 4.654968e-18
8936.060000 -1.225952e-17 4.476415e-18
8943.060000 -3.810513e-18 5.467150e-18
8950.060000 -1.227387e-17 4.982959e-18
8957.060000 9.297771e-18 6.599018e-18
8964.060000 -1.609335e-17 5.222855e-18
8971.060000 -4.454837e-18 4.334148e-18
8978.060000 -1.616910e-17 4.230544e-18
8985.060000 -1.063394e-17 4.768607e-18
8992.060000 -7.867620e-18 4.780878e-18
8999.060000 1.025313e-17 5.792829e-18
9006.060000 -1.539381e-17 5.235200e-18
9013.060000 -2.467105e-17 4.149388e-18
9020.060000 -1.973231e-17 4.275356e-18
9027.060000 -1.964071e-17 4.202571e-18
9034.060000 -1.740617e-17 4.716696e-18
9041.060000 -6.867704e-20 4.967221e-18
9048.060000 7.426855e-19 4.952963e-18
9055.060000 -1.419388e-17 4.639693e-18
9062.060000 -2.029983e-17 4.304395e-18
9069.060000 -2.012319e-17 4.311207e-18
9076.060000 -1.827012e-17 4.232505e-18
9083.060000 -2.153385e-17 4.286079e-18
9090.060000 -1.248229e-17 4.656662e-18
9097.060000 -1.022704e-17 4.617524e-18
9104.060000 -1.891096e-17 4.797016e-18
9111.060000 -1.938329e-17 4.619233e-18
9118.060000 -1.731927e-17 4.342488e-18
9125.060000 -1.876180e-17 4.508685e-18
9132.060000 -1.934581e-17 4.556249e-18
9139.060000 -2.070841e-17 4.471046e-18
9146.060000 -1.844203e-17 4.590298e-18
9153.060000 -1.974635e-17 4.673181e-18
9160.060000 -3.006820e-17 4.806058e-18
9167.060000 -4.062948e-17 4.511891e-18
9174.060000 -2.015128e-17 4.459380e-18
9181.060000 -2.041307e-17 4.570365e-18
9188.060000 -4.021157e-17 4.433884e-18
9195.060000 -2.114890e-17 4.606994e-18
9202.060000 -3.501611e-17 4.542768e-18
9209.060000 -4.374901e-17 4.512671e-18
9216.060000 -3.467765e-17 4.984976e-18
9223.060000 -3.782046e-17 4.963953e-18
9230.060000 -5.054061e-17 4.691140e-18
9237.060000 -4.738952e-17 4.606204e-18
9244.060000 -4.758844e-17 4.385349e-18
9251.060000 -4.075492e-17 4.695799e-18
9258.060000 -4.109017e-17 4.636154e-18
9265.060000 -3.568263e-17 4.421688e-18
9272.060000 -4.356993e-17 4.376413e-18
9279.060000 -5.012357e-17 4.378992e-18
9286.060000 -5.366664e-17 4.691688e-18
9293.060000 -6.951325e-17 4.627609e-18
9300.060000 -6.212523e-17 5.323325e-18
9307.060000 6.000393e-18 8.718785e-18
9314.060000 -1.635314e-17 8.940423e-18
9321.060000 -4.603168e-17 8.117496e-18
9328.060000 -5.600621e-17 7.061443e-18
9335.060000 -3.246805e-17 5.483773e-18
9342.060000 -2.817061e-17 4.744287e-18
9349.060000 -3.133717e-17 4.383676e-18
9356.060000 -3.971396e-17 4.204989e-18
9363.060000 -4.928956e-17 4.493635e-18
9370.060000 -9.847538e-18 6.958425e-18
9377.060000 2.575026e-17 1.046076e-17
9384.060000 -3.029223e-17 6.830703e-18
9391.060000 -3.269695e-17 5.554227e-18
9398.060000 -2.397736e-17 5.893541e-18
9405.060000 -3.284323e-17 5.912539e-18
9412.060000 -5.548304e-17 5.567514e-18
9419.060000 -3.064837e-17 7.187529e-18
9426.060000 -4.480419e-17 5.711949e-18
9433.060000 -5.001233e-17 6.507445e-18
9440.060000 -1.239739e-17 1.007529e-17
9447.060000 -3.775356e-17 7.042414e-18
9454.060000 -4.355668e-17 6.810203e-18
9461.060000 -4.692504e-17 7.221670e-18
9468.060000 -4.957322e-17 6.178883e-18
9475.060000 5.381510e-17 9.807217e-18
9482.060000 -1.089408e-17 7.815083e-18
9489.060000 -4.845649e-17 5.777797e-18
9496.060000 -4.260693e-17 6.107666e-18
9503.060000 -7.729321e-18 8.222392e-18
9510.060000 -4.369779e-17 6.635681e-18
9517.060000 -7.999183e-18 8.859758e-18
9524.060000 -4.416484e-17 7.947779e-18
9531.060000 -4.153215e-17 5.836412e-18
9538.060000 -3.609563e-17 6.303307e-18
9545.060000 -4.745756e-17 6.181708e-18
9552.060000 -4.300006e-17 6.991448e-18
9559.060000 -5.273172e-17 6.544666e-18
9566.060000 6.284736e-18 8.802502e-18
9573.060000 -2.015656e-17 7.772178e-18
9580.060000 -2.888290e-17 6.455530e-18
9587.060000 -4.949129e-17 5.908557e-18
9594.060000 -4.099878e-17 6.421788e-18
9601.060000 -3.295756e-17 6.742722e-18
9608.060000 -1.952996e-17 7.534167e-18
9615.060000 -4.111966e-17 7.139343e-18
9622.060000 -1.546310e-17 7.936377e-18
9629.060000 -3.153702e-17 7.171981e-18
9636.060000 -3.719963e-17 6.522948e-18
9643.060000 -2.903350e-17 6.177507e-18
9650.060000 -1.997431e-17 6.666356e-18
9657.060000 -2.896524e-17 6.761178e-18
9664.060000 -3.535596e-17 7.290233e-18
9671.060000 -5.317982e-17 7.493143e-18
9678.060000 -1.888056e-17 7.933523e-18
9685.060000 -4.599589e-18 8.650968e-18
9692.060000 -2.736053e-17 7.537516e-18
