#OBJECT = 2020adqy
#MJD-OBS = 59219.530405
#DATE-OBS = 2021-01-05T12:43:47
#EXPTIME = 1820.000000
#AIRMASS = 1.820000
# 
#TELESCOPE = UH88
#INSTRUMENT = SNIFS
#FLUXCAL = ABSOLUTE
#WL FL ERR
#[Ang] [erg/s/cm2/A] [erg/s/cm2/A]
3308.060000 nan 1.843752e-16
3315.060000 nan 1.706548e-16
3322.060000 nan 1.640058e-16
3329.060000 nan 1.586610e-16
3336.060000 nan 1.543091e-16
3343.060000 nan 1.468408e-16
3350.060000 nan 1.395310e-16
3357.060000 nan 1.342343e-16
3364.060000 nan 1.300366e-16
3371.060000 nan 1.298303e-16
3378.060000 nan 1.264651e-16
3385.060000 nan 1.234861e-16
3392.060000 nan 1.211212e-16
3399.060000 nan 1.233872e-16
3406.060000 nan 1.200294e-16
3413.060000 nan 1.171303e-16
3420.060000 nan 1.153393e-16
3427.060000 nan 1.102077e-16
3434.060000 nan 1.043735e-16
3441.060000 nan 9.928724e-17
3448.060000 nan 9.564644e-17
3455.060000 nan 9.232507e-17
3462.060000 nan 8.880534e-17
3469.060000 nan 8.663582e-17
3476.060000 nan 8.449015e-17
3483.060000 nan 8.293537e-17
3490.060000 nan 8.080477e-17
3497.060000 nan 7.885771e-17
3504.060000 6.396566e-16 7.817293e-17
3511.060000 5.292110e-16 7.773186e-17
3518.060000 5.919705e-16 7.730368e-17
3525.060000 6.298489e-16 7.770936e-17
3532.060000 6.345855e-16 7.826581e-17
3539.060000 8.291068e-16 7.862641e-17
3546.060000 7.123029e-16 7.746482e-17
3553.060000 7.864423e-16 7.488195e-17
3560.060000 7.300256e-16 7.219924e-17
3567.060000 7.761674e-16 6.963472e-17
3574.060000 7.857022e-16 6.742028e-17
3581.060000 9.554603e-16 6.615103e-17
3588.060000 7.487922e-16 6.407919e-17
3595.060000 8.374400e-16 6.272578e-17
3602.060000 6.077408e-16 6.154749e-17
3609.060000 7.500534e-16 6.060698e-17
3616.060000 8.230012e-16 6.089090e-17
3623.060000 8.929274e-16 6.100039e-17
3630.060000 1.080244e-15 6.291691e-17
3637.060000 1.088424e-15 6.294018e-17
3644.060000 9.937652e-16 6.247811e-17
3651.060000 9.411780e-16 6.223884e-17
3658.060000 1.045626e-15 6.134474e-17
3665.060000 1.004907e-15 5.950881e-17
3672.060000 9.028154e-16 5.717010e-17
3679.060000 9.323104e-16 5.503825e-17
3686.060000 8.767188e-16 5.337611e-17
3693.060000 9.555920e-16 5.216609e-17
3700.060000 8.944485e-16 5.116649e-17
3707.060000 1.042870e-15 5.039233e-17
3714.060000 1.052207e-15 5.032885e-17
3721.060000 1.043697e-15 4.948331e-17
3728.060000 1.066172e-15 4.939020e-17
3735.060000 1.089107e-15 4.916309e-17
3742.060000 1.029004e-15 4.935576e-17
3749.060000 1.017174e-15 4.916322e-17
3756.060000 1.139579e-15 4.915381e-17
3763.060000 1.071351e-15 4.907882e-17
3770.060000 9.409477e-16 4.961427e-17
3777.060000 7.973505e-16 4.952333e-17
3784.060000 8.237175e-16 4.818523e-17
3791.060000 5.609875e-16 4.605358e-17
3798.060000 5.712592e-16 4.456786e-17
3805.060000 6.130329e-16 4.364517e-17
3812.060000 5.893276e-16 4.250431e-17
3819.060000 5.738714e-16 4.260027e-17
3826.060000 5.122546e-16 4.233114e-17
3833.060000 5.695494e-16 4.230009e-17
3840.060000 6.226813e-16 4.223613e-17
3847.060000 5.572693e-16 4.213570e-17
3854.060000 6.308142e-16 4.186627e-17
3861.060000 6.074027e-16 4.156637e-17
3868.060000 6.250377e-16 4.111509e-17
3875.060000 6.272070e-16 4.062534e-17
3882.060000 5.928623e-16 4.130031e-17
3889.060000 6.429860e-16 4.184900e-17
3896.060000 5.559791e-16 4.147955e-17
3903.060000 5.196734e-16 4.039208e-17
3910.060000 6.496017e-16 3.945915e-17
3917.060000 6.549885e-16 3.881254e-17
3924.060000 6.057242e-16 3.802403e-17
3931.060000 7.557240e-16 3.794544e-17
3938.060000 8.704748e-16 3.797124e-17
3945.060000 9.453346e-16 3.772720e-17
3952.060000 8.564433e-16 3.777746e-17
3959.060000 9.131551e-16 3.826020e-17
3966.060000 1.029248e-15 3.904482e-17
3973.060000 1.299419e-15 3.987400e-17
3980.060000 1.416933e-15 3.992020e-17
3987.060000 1.443958e-15 3.936544e-17
3994.060000 1.435478e-15 3.907681e-17
4001.060000 1.413363e-15 3.849542e-17
4008.060000 1.431131e-15 3.813421e-17
4015.060000 1.362606e-15 3.774049e-17
4022.060000 1.386999e-15 3.684819e-17
4029.060000 1.409397e-15 3.627613e-17
4036.060000 1.432895e-15 3.533024e-17
4043.060000 1.384025e-15 3.454523e-17
4050.060000 1.303165e-15 3.389670e-17
4057.060000 1.215909e-15 3.352826e-17
4064.060000 1.116116e-15 3.382015e-17
4071.060000 1.145767e-15 3.422790e-17
4078.060000 1.128257e-15 3.457556e-17
4085.060000 1.210367e-15 3.494871e-17
4092.060000 1.247555e-15 3.494192e-17
4099.060000 1.264734e-15 3.491469e-17
4106.060000 1.214053e-15 3.474402e-17
4113.060000 1.208375e-15 3.469918e-17
4120.060000 1.196039e-15 3.466703e-17
4127.060000 1.247410e-15 3.465334e-17
4134.060000 1.263486e-15 3.456385e-17
4141.060000 1.340486e-15 3.393150e-17
4148.060000 1.434948e-15 3.295267e-17
4155.060000 1.386099e-15 3.199878e-17
4162.060000 1.377779e-15 3.137826e-17
4169.060000 1.370743e-15 3.084014e-17
4176.060000 1.365093e-15 3.065281e-17
4183.060000 1.360141e-15 3.013837e-17
4190.060000 1.379656e-15 2.991213e-17
4197.060000 1.406501e-15 3.006349e-17
4204.060000 1.363296e-15 2.986885e-17
4211.060000 1.329514e-15 2.993567e-17
4218.060000 1.274571e-15 3.023402e-17
4225.060000 1.318082e-15 3.052881e-17
4232.060000 1.311413e-15 3.090965e-17
4239.060000 1.193732e-15 3.106400e-17
4246.060000 1.274292e-15 3.143638e-17
4253.060000 1.208276e-15 3.143795e-17
4260.060000 1.204018e-15 3.092868e-17
4267.060000 1.238694e-15 3.006572e-17
4274.060000 1.152978e-15 2.920955e-17
4281.060000 1.155843e-15 2.884209e-17
4288.060000 1.143886e-15 2.847642e-17
4295.060000 1.111502e-15 2.801730e-17
4302.060000 1.059471e-15 2.766658e-17
4309.060000 1.082400e-15 2.786517e-17
4316.060000 1.021449e-15 2.773157e-17
4323.060000 1.010679e-15 2.772932e-17
4330.060000 9.337388e-16 2.785760e-17
4337.060000 9.197466e-16 2.815846e-17
4344.060000 9.471458e-16 2.863965e-17
4351.060000 8.846271e-16 2.888278e-17
4358.060000 8.873312e-16 2.913876e-17
4365.060000 8.571687e-16 2.949141e-17
4372.060000 8.056769e-16 2.970379e-17
4379.060000 8.002080e-16 2.923710e-17
4386.060000 7.479491e-16 2.843945e-17
4393.060000 7.065455e-16 2.791528e-17
4400.060000 6.988960e-16 2.731595e-17
4407.060000 7.454173e-16 2.705611e-17
4414.060000 7.049763e-16 2.664110e-17
4421.060000 7.307316e-16 2.664805e-17
4428.060000 8.323986e-16 2.639292e-17
4435.060000 8.074833e-16 2.636402e-17
4442.060000 7.873510e-16 2.628777e-17
4449.060000 8.074321e-16 2.635258e-17
4456.060000 8.559197e-16 2.640502e-17
4463.060000 8.796706e-16 2.662789e-17
4470.060000 8.909225e-16 2.678005e-17
4477.060000 8.629067e-16 2.717460e-17
4484.060000 9.124502e-16 2.757961e-17
4491.060000 8.949757e-16 2.781887e-17
4498.060000 9.074013e-16 2.774992e-17
4505.060000 8.978496e-16 2.720007e-17
4512.060000 8.814073e-16 2.670669e-17
4519.060000 7.763026e-16 2.640735e-17
4526.060000 7.889447e-16 2.598754e-17
4533.060000 8.155398e-16 2.578456e-17
4540.060000 8.218660e-16 2.556774e-17
4547.060000 8.492584e-16 2.532780e-17
4554.060000 8.686648e-16 2.526007e-17
4561.060000 9.328292e-16 2.528778e-17
4568.060000 9.388745e-16 2.554456e-17
4575.060000 9.514195e-16 2.595344e-17
4582.060000 1.007164e-15 2.625331e-17
4589.060000 9.801895e-16 2.648014e-17
4596.060000 1.012168e-15 2.686749e-17
4603.060000 1.032190e-15 2.728307e-17
4610.060000 1.069609e-15 2.773663e-17
4617.060000 1.091217e-15 2.730064e-17
4624.060000 1.031798e-15 2.663849e-17
4631.060000 1.137740e-15 2.609066e-17
4638.060000 1.019664e-15 2.540514e-17
4645.060000 1.016661e-15 2.495219e-17
4652.060000 1.118627e-15 2.468716e-17
4659.060000 1.060878e-15 2.435595e-17
4666.060000 1.038669e-15 2.414111e-17
4673.060000 9.965729e-16 2.427241e-17
4680.060000 1.012917e-15 2.456644e-17
4687.060000 1.014453e-15 2.478165e-17
4694.060000 9.968854e-16 2.512115e-17
4701.060000 1.006163e-15 2.544283e-17
4708.060000 1.036315e-15 2.581872e-17
4715.060000 1.004048e-15 2.608686e-17
4722.060000 1.034089e-15 2.649283e-17
4729.060000 1.057544e-15 2.680303e-17
4736.060000 1.019477e-15 2.647674e-17
4743.060000 8.855882e-16 2.596403e-17
4750.060000 8.986391e-16 2.576927e-17
4757.060000 8.704166e-16 2.546272e-17
4764.060000 8.449237e-16 2.527049e-17
4771.060000 8.512516e-16 2.522614e-17
4778.060000 8.259127e-16 2.502333e-17
4785.060000 7.795946e-16 2.481918e-17
4792.060000 8.189208e-16 2.481112e-17
4799.060000 8.271803e-16 2.482069e-17
4806.060000 8.034984e-16 2.481805e-17
4813.060000 8.008186e-16 2.498059e-17
4820.060000 8.420312e-16 2.559789e-17
4827.060000 8.182346e-16 2.566247e-17
4834.060000 7.896043e-16 2.626722e-17
4841.060000 7.546515e-16 2.672334e-17
4848.060000 7.256253e-16 2.694453e-17
4855.060000 7.037737e-16 2.698531e-17
4862.060000 6.887913e-16 2.689472e-17
4869.060000 7.095259e-16 2.678216e-17
4876.060000 6.743651e-16 2.663420e-17
4883.060000 6.811562e-16 2.681933e-17
4890.060000 7.265802e-16 2.688990e-17
4897.060000 7.495357e-16 3.268373e-17
4904.060000 7.581384e-16 5.088975e-17
4911.060000 7.581384e-16 5.088975e-17
4918.060000 7.581384e-16 5.088975e-17
4925.060000 7.581384e-16 5.088975e-17
4932.060000 7.581384e-16 5.088975e-17
4939.060000 7.581384e-16 5.088975e-17
4946.060000 7.581384e-16 5.088975e-17
4953.060000 7.581384e-16 5.088975e-17
4960.060000 7.581384e-16 5.088975e-17
4967.060000 7.581384e-16 5.088975e-17
4974.060000 7.581384e-16 5.088975e-17
4981.060000 7.581384e-16 5.088975e-17
4988.060000 7.581384e-16 5.088975e-17
4995.060000 7.581384e-16 5.088975e-17
5002.060000 7.581384e-16 5.088975e-17
5009.060000 7.581384e-16 5.088975e-17
5016.060000 7.581384e-16 5.088975e-17
5023.060000 7.581384e-16 5.088975e-17
5030.060000 7.581384e-16 5.088975e-17
5037.060000 7.581384e-16 5.088975e-17
5044.060000 7.581384e-16 5.088975e-17
5051.060000 9.185192e-16 2.287846e-17
5058.060000 9.754986e-16 2.518984e-17
5065.060000 9.754986e-16 2.518984e-17
5072.060000 9.754986e-16 2.518984e-17
5079.060000 9.754986e-16 2.518984e-17
5086.060000 9.754986e-16 2.518984e-17
5093.060000 9.754986e-16 2.518984e-17
5100.060000 9.754986e-16 2.518984e-17
5107.060000 9.754986e-16 2.518984e-17
5114.060000 9.754986e-16 2.518984e-17
5121.060000 9.754986e-16 2.518984e-17
5128.060000 9.754986e-16 2.518984e-17
5135.060000 9.754986e-16 2.518984e-17
5142.060000 9.754986e-16 2.518984e-17
5149.060000 9.754986e-16 2.518984e-17
5156.060000 9.754986e-16 2.518984e-17
5163.060000 9.754986e-16 2.518984e-17
5170.060000 9.754986e-16 2.518984e-17
5177.060000 9.754986e-16 2.518984e-17
5184.060000 9.754986e-16 2.518984e-17
5191.060000 9.754986e-16 2.518984e-17
5198.060000 9.754986e-16 2.518984e-17
5205.060000 1.064732e-15 1.535854e-17
5212.060000 1.060439e-15 1.508627e-17
5219.060000 1.126062e-15 1.546054e-17
5226.060000 1.079354e-15 1.534346e-17
5233.060000 1.121246e-15 1.477346e-17
5240.060000 1.075975e-15 1.501348e-17
5247.060000 1.069461e-15 1.458581e-17
5254.060000 1.059143e-15 1.442898e-17
5261.060000 1.028326e-15 1.435028e-17
5268.060000 1.104662e-15 1.369799e-17
5275.060000 1.072608e-15 1.373419e-17
5282.060000 1.085546e-15 1.350723e-17
5289.060000 1.060897e-15 1.290108e-17
5296.060000 1.131579e-15 1.302646e-17
5303.060000 1.059923e-15 1.236363e-17
5310.060000 1.091795e-15 1.271240e-17
5317.060000 1.070103e-15 1.242565e-17
5324.060000 1.069272e-15 1.166701e-17
5331.060000 1.076721e-15 1.182225e-17
5338.060000 1.041370e-15 1.144200e-17
5345.060000 1.050867e-15 1.155569e-17
5352.060000 1.010490e-15 1.139579e-17
5359.060000 9.760191e-16 1.081110e-17
5366.060000 9.263067e-16 1.083464e-17
5373.060000 8.530632e-16 1.049753e-17
5380.060000 8.376811e-16 1.034484e-17
5387.060000 8.420426e-16 1.031858e-17
5394.060000 8.045662e-16 9.735345e-18
5401.060000 7.478534e-16 9.856256e-18
5408.060000 8.376332e-16 9.862730e-18
5415.060000 8.150442e-16 9.586175e-18
5422.060000 8.011369e-16 9.700689e-18
5429.060000 8.270202e-16 9.470942e-18
5436.060000 8.107096e-16 9.869235e-18
5443.060000 8.101981e-16 9.850194e-18
5450.060000 8.202953e-16 9.348521e-18
5457.060000 8.510703e-16 9.500741e-18
5464.060000 8.531762e-16 9.316619e-18
5471.060000 8.829178e-16 9.583522e-18
5478.060000 8.810832e-16 9.495305e-18
5485.060000 8.885187e-16 9.111147e-18
5492.060000 8.729069e-16 9.251337e-18
5499.060000 8.975206e-16 9.092870e-18
5506.060000 8.681832e-16 9.002145e-18
5513.060000 8.670576e-16 9.055017e-18
5520.060000 8.598805e-16 8.729489e-18
5527.060000 8.643770e-16 9.006746e-18
5534.060000 8.546866e-16 8.942070e-18
5541.060000 8.071172e-16 8.651501e-18
5548.060000 8.220112e-16 8.804124e-18
5555.060000 7.881670e-16 8.469859e-18
5562.060000 7.479312e-16 8.711216e-18
5569.060000 7.057776e-16 8.878977e-18
5576.060000 7.647081e-16 9.813803e-18
5583.060000 6.937733e-16 9.203797e-18
5590.060000 7.104056e-16 8.216375e-18
5597.060000 7.151655e-16 8.296179e-18
5604.060000 7.274692e-16 8.312693e-18
5611.060000 7.857019e-16 8.116966e-18
5618.060000 8.056689e-16 8.308683e-18
5625.060000 8.036255e-16 8.191125e-18
5632.060000 8.331057e-16 8.265414e-18
5639.060000 8.520221e-16 8.363751e-18
5646.060000 8.757161e-16 8.140909e-18
5653.060000 9.334093e-16 8.486412e-18
5660.060000 9.461928e-16 8.412618e-18
5667.060000 9.503458e-16 8.297777e-18
5674.060000 9.310398e-16 8.367955e-18
5681.060000 9.609533e-16 8.170671e-18
5688.060000 9.237068e-16 8.406507e-18
5695.060000 9.286337e-16 8.388217e-18
5702.060000 9.585748e-16 8.044278e-18
5709.060000 9.567456e-16 8.194960e-18
5716.060000 9.404642e-16 8.020411e-18
5723.060000 9.679572e-16 8.265097e-18
5730.060000 9.273934e-16 8.170572e-18
5737.060000 9.403529e-16 7.828347e-18
5744.060000 9.604585e-16 8.056590e-18
5751.060000 9.546322e-16 7.869067e-18
5758.060000 9.454122e-16 7.870052e-18
5765.060000 9.386210e-16 7.914840e-18
5772.060000 9.235123e-16 7.584970e-18
5779.060000 9.148707e-16 7.807018e-18
5786.060000 9.094165e-16 7.720354e-18
5793.060000 9.234771e-16 7.600006e-18
5800.060000 9.564077e-16 7.805240e-18
5807.060000 9.763680e-16 7.642580e-18
5814.060000 9.506517e-16 7.878426e-18
5821.060000 9.610025e-16 7.863935e-18
5828.060000 9.603859e-16 7.552699e-18
5835.060000 9.433277e-16 7.677652e-18
5842.060000 9.478244e-16 7.466355e-18
5849.060000 9.227465e-16 7.571663e-18
5856.060000 9.187978e-16 7.607909e-18
5863.060000 8.762972e-16 7.281983e-18
5870.060000 8.377854e-16 7.460069e-18
5877.060000 8.552798e-16 7.363505e-18
5884.060000 8.391495e-16 7.627683e-18
5891.060000 8.151153e-16 8.107846e-18
5898.060000 7.883536e-16 7.485018e-18
5905.060000 8.134816e-16 7.398969e-18
5912.060000 8.125944e-16 7.315138e-18
5919.060000 8.143258e-16 7.174923e-18
5926.060000 8.008836e-16 7.218818e-18
5933.060000 8.351105e-16 7.146580e-18
5940.060000 8.527099e-16 7.361760e-18
5947.060000 8.502428e-16 7.337935e-18
5954.060000 8.429145e-16 7.075302e-18
5961.060000 8.291404e-16 7.172210e-18
5968.060000 8.311461e-16 6.988941e-18
5975.060000 8.634081e-16 7.295023e-18
5982.060000 8.584404e-16 7.204789e-18
5989.060000 8.713556e-16 6.978414e-18
5996.060000 8.546384e-16 7.113949e-18
6003.060000 8.753668e-16 7.023291e-18
6010.060000 8.845585e-16 7.013483e-18
6017.060000 9.289516e-16 7.168604e-18
6024.060000 9.162143e-16 6.871932e-18
6031.060000 8.405649e-16 6.884739e-18
6038.060000 7.749633e-16 6.661128e-18
6045.060000 8.513946e-16 6.716914e-18
6052.060000 8.984115e-16 6.907660e-18
6059.060000 8.827041e-16 6.716350e-18
6066.060000 9.042530e-16 7.079287e-18
6073.060000 9.212007e-16 7.066653e-18
6080.060000 9.163607e-16 6.789003e-18
6087.060000 9.174006e-16 6.906730e-18
6094.060000 9.354041e-16 6.751661e-18
6101.060000 9.084991e-16 6.922171e-18
6108.060000 8.937683e-16 6.920167e-18
6115.060000 8.840512e-16 6.634598e-18
6122.060000 8.955162e-16 6.810153e-18
6129.060000 8.921692e-16 6.667337e-18
6136.060000 8.847577e-16 6.707359e-18
6143.060000 8.642761e-16 6.721568e-18
6150.060000 8.741699e-16 6.492082e-18
6157.060000 8.986079e-16 6.708093e-18
6164.060000 8.484406e-16 6.575891e-18
6171.060000 8.351466e-16 6.519252e-18
6178.060000 8.189619e-16 6.585756e-18
6185.060000 8.031503e-16 6.355308e-18
6192.060000 7.593841e-16 6.492769e-18
6199.060000 7.248764e-16 6.408312e-18
6206.060000 6.913604e-16 6.122787e-18
6213.060000 6.033710e-16 6.041893e-18
6220.060000 5.634502e-16 5.811367e-18
6227.060000 5.196775e-16 5.860622e-18
6234.060000 4.981597e-16 5.938530e-18
6241.060000 4.542485e-16 5.590972e-18
6248.060000 4.399048e-16 5.550002e-18
6255.060000 3.959908e-16 5.433887e-18
6262.060000 3.890211e-16 5.489163e-18
6269.060000 3.726478e-16 5.395697e-18
6276.060000 3.541433e-16 5.115016e-18
6283.060000 3.558384e-16 5.321225e-18
6290.060000 3.658205e-16 5.438206e-18
6297.060000 3.869410e-16 6.185093e-18
6304.060000 3.882763e-16 6.347645e-18
6311.060000 3.971656e-16 5.406663e-18
6318.060000 4.343974e-16 5.557427e-18
6325.060000 4.730461e-16 5.698298e-18
6332.060000 4.910892e-16 5.598640e-18
6339.060000 5.244676e-16 5.660866e-18
6346.060000 5.590879e-16 5.638155e-18
6353.060000 5.811399e-16 5.949291e-18
6360.060000 6.117150e-16 6.199363e-18
6367.060000 6.386847e-16 6.026085e-18
6374.060000 6.375008e-16 5.945468e-18
6381.060000 6.761497e-16 5.947473e-18
6388.060000 7.089252e-16 6.066987e-18
6395.060000 7.017030e-16 6.029235e-18
6402.060000 7.413819e-16 5.894198e-18
6409.060000 7.437616e-16 6.105210e-18
6416.060000 7.761684e-16 6.113144e-18
6423.060000 7.725609e-16 6.074805e-18
6430.060000 7.836040e-16 6.156649e-18
6437.060000 7.884831e-16 5.950474e-18
6444.060000 7.632831e-16 6.169397e-18
6451.060000 8.093013e-16 6.277428e-18
6458.060000 8.268706e-16 6.156604e-18
6465.060000 8.264497e-16 6.359982e-18
6472.060000 8.202276e-16 6.190199e-18
6479.060000 8.265571e-16 6.344941e-18
6486.060000 8.373297e-16 6.366121e-18
6493.060000 8.437464e-16 6.139883e-18
6500.060000 8.523222e-16 6.448349e-18
6507.060000 8.348808e-16 6.232826e-18
6514.060000 7.952619e-16 6.159299e-18
6521.060000 8.076695e-16 6.227077e-18
6528.060000 8.102701e-16 6.066089e-18
6535.060000 8.118115e-16 6.287873e-18
6542.060000 8.349968e-16 6.205674e-18
6549.060000 8.302620e-16 6.181208e-18
6556.060000 8.144649e-16 6.264494e-18
6563.060000 8.001805e-16 5.929883e-18
6570.060000 8.001636e-16 6.150797e-18
6577.060000 8.122954e-16 6.215120e-18
6584.060000 7.715459e-16 5.931462e-18
6591.060000 7.760282e-16 6.014597e-18
6598.060000 7.661055e-16 5.880035e-18
6605.060000 7.429199e-16 6.058708e-18
6612.060000 7.596369e-16 6.041191e-18
6619.060000 7.405053e-16 5.750606e-18
6626.060000 7.261363e-16 5.911559e-18
6633.060000 7.474416e-16 5.888244e-18
6640.060000 7.273319e-16 5.894202e-18
6647.060000 7.174545e-16 5.894530e-18
6654.060000 7.043811e-16 5.643958e-18
6661.060000 6.845057e-16 5.789814e-18
6668.060000 6.858265e-16 5.728106e-18
6675.060000 6.816424e-16 5.648936e-18
6682.060000 6.757085e-16 5.702648e-18
6689.060000 6.749311e-16 5.510723e-18
6696.060000 6.587137e-16 5.684466e-18
6703.060000 6.691359e-16 5.693317e-18
6710.060000 6.826405e-16 5.669159e-18
6717.060000 6.671564e-16 5.794529e-18
6724.060000 9.279304e-16 6.597614e-18
6731.060000 8.594265e-16 6.405290e-18
6738.060000 6.659706e-16 5.758588e-18
6745.060000 7.257022e-16 5.871413e-18
6752.060000 6.938779e-16 5.826226e-18
6759.060000 6.285792e-16 5.423272e-18
6766.060000 6.185023e-16 5.465300e-18
6773.060000 6.053455e-16 5.483452e-18
6780.060000 6.173064e-16 5.324239e-18
6787.060000 6.133166e-16 5.482522e-18
6794.060000 5.865636e-16 5.363009e-18
6801.060000 5.881300e-16 5.309212e-18
6808.060000 5.696116e-16 5.317253e-18
6815.060000 5.669728e-16 5.164776e-18
6822.060000 5.549165e-16 5.402365e-18
6829.060000 5.724058e-16 5.737626e-18
6836.060000 5.716855e-16 5.544725e-18
6843.060000 5.612631e-16 5.353267e-18
6850.060000 5.691761e-16 5.169745e-18
6857.060000 5.592685e-16 5.442113e-18
6864.060000 5.250909e-16 5.696762e-18
6871.060000 4.444439e-16 4.889720e-18
6878.060000 4.903286e-16 5.180106e-18
6885.060000 5.584761e-16 5.442744e-18
6892.060000 5.160643e-16 5.449030e-18
6899.060000 5.319472e-16 5.607185e-18
6906.060000 5.214129e-16 5.329253e-18
6913.060000 5.200408e-16 5.594971e-18
6920.060000 5.177780e-16 5.617307e-18
6927.060000 5.075995e-16 5.559225e-18
6934.060000 5.130691e-16 5.562101e-18
6941.060000 5.095294e-16 5.520292e-18
6948.060000 5.052381e-16 5.880476e-18
6955.060000 4.925872e-16 5.640362e-18
6962.060000 5.002859e-16 5.428642e-18
6969.060000 4.954663e-16 5.585900e-18
6976.060000 4.842970e-16 5.515047e-18
6983.060000 4.840781e-16 5.613837e-18
6990.060000 4.873156e-16 5.539952e-18
6997.060000 4.781991e-16 5.308043e-18
7004.060000 4.767713e-16 5.504085e-18
7011.060000 4.749306e-16 5.435343e-18
7018.060000 4.849790e-16 5.467866e-18
7025.060000 4.913743e-16 5.533920e-18
7032.060000 4.758052e-16 5.307659e-18
7039.060000 4.704741e-16 5.499608e-18
7046.060000 4.653305e-16 5.468660e-18
7053.060000 4.566965e-16 5.415844e-18
7060.060000 4.698885e-16 5.459363e-18
7067.060000 4.625624e-16 5.290504e-18
7074.060000 4.612594e-16 5.488810e-18
7081.060000 4.563730e-16 5.414525e-18
7088.060000 4.622414e-16 5.299734e-18
7095.060000 4.416741e-16 5.319775e-18
7102.060000 4.432150e-16 5.155069e-18
7109.060000 4.593017e-16 5.395564e-18
7116.060000 4.640237e-16 5.409608e-18
7123.060000 4.500522e-16 5.180479e-18
7130.060000 4.444028e-16 5.298363e-18
7137.060000 4.544195e-16 5.238433e-18
7144.060000 4.594346e-16 5.391147e-18
7151.060000 4.636132e-16 5.390641e-18
7158.060000 4.471635e-16 5.151649e-18
7165.060000 4.405586e-16 5.283784e-18
7172.060000 4.549922e-16 5.229961e-18
7179.060000 4.392623e-16 5.148017e-18
7186.060000 4.242395e-16 5.133860e-18
7193.060000 4.201090e-16 4.944844e-18
7200.060000 4.145758e-16 5.132307e-18
7207.060000 4.369148e-16 5.153836e-18
7214.060000 4.236319e-16 5.018870e-18
7221.060000 4.315746e-16 5.182307e-18
7228.060000 4.257340e-16 5.098623e-18
7235.060000 4.308136e-16 5.763718e-18
7242.060000 4.338228e-16 6.597324e-18
7249.060000 4.410545e-16 5.840110e-18
7256.060000 4.377342e-16 5.463050e-18
7263.060000 4.237306e-16 5.151003e-18
7270.060000 4.182537e-16 5.576260e-18
7277.060000 4.124705e-16 6.379783e-18
7284.060000 4.191807e-16 5.691248e-18
7291.060000 4.310215e-16 5.453265e-18
7298.060000 4.457881e-16 5.433282e-18
7305.060000 4.183176e-16 5.485924e-18
7312.060000 4.283008e-16 5.806835e-18
7319.060000 4.227900e-16 5.835626e-18
7326.060000 4.303513e-16 5.658753e-18
7333.060000 4.280703e-16 5.805361e-18
7340.060000 4.368748e-16 6.292653e-18
7347.060000 4.323099e-16 5.897603e-18
7354.060000 4.215415e-16 5.479516e-18
7361.060000 4.109242e-16 5.927188e-18
7368.060000 4.273740e-16 6.304575e-18
7375.060000 4.214600e-16 5.672538e-18
7382.060000 4.212771e-16 5.419322e-18
7389.060000 4.142549e-16 5.432129e-18
7396.060000 4.042053e-16 5.690478e-18
7403.060000 4.168242e-16 5.900047e-18
7410.060000 4.172474e-16 5.258357e-18
7417.060000 4.049377e-16 5.250471e-18
7424.060000 3.839879e-16 5.172342e-18
7431.060000 3.858859e-16 5.337094e-18
7438.060000 4.117254e-16 5.586665e-18
7445.060000 4.025663e-16 5.194485e-18
7452.060000 3.998171e-16 5.283322e-18
7459.060000 3.911324e-16 5.312544e-18
7466.060000 3.903163e-16 5.431568e-18
7473.060000 3.846224e-16 5.684162e-18
7480.060000 4.051184e-16 5.640607e-18
7487.060000 3.855106e-16 5.625327e-18
7494.060000 3.967855e-16 5.473559e-18
7501.060000 3.917572e-16 5.166520e-18
7508.060000 3.775483e-16 5.225348e-18
7515.060000 3.696483e-16 5.232287e-18
7522.060000 3.692206e-16 5.906187e-18
7529.060000 3.695973e-16 5.827805e-18
7536.060000 3.671943e-16 5.150717e-18
7543.060000 3.674002e-16 5.200719e-18
7550.060000 3.736319e-16 5.142964e-18
7557.060000 3.861189e-16 5.286276e-18
7564.060000 3.698002e-16 5.320571e-18
7571.060000 3.703832e-16 5.452668e-18
7578.060000 3.616130e-16 5.346319e-18
7585.060000 3.500693e-16 5.170320e-18
7592.060000 2.907329e-16 4.602627e-18
7599.060000 1.511250e-16 3.972543e-18
7606.060000 9.715635e-17 3.312987e-18
7613.060000 1.465472e-16 3.812575e-18
7620.060000 2.021794e-16 4.325852e-18
7627.060000 1.572587e-16 3.967097e-18
7634.060000 1.563234e-16 3.911966e-18
7641.060000 1.713593e-16 3.881073e-18
7648.060000 2.011537e-16 4.279414e-18
7655.060000 2.421479e-16 4.590965e-18
7662.060000 2.705514e-16 4.653559e-18
7669.060000 2.653878e-16 4.717616e-18
7676.060000 2.734002e-16 4.701632e-18
7683.060000 2.855351e-16 4.930513e-18
7690.060000 2.860820e-16 5.087608e-18
7697.060000 2.978113e-16 5.033190e-18
7704.060000 2.983037e-16 5.377547e-18
7711.060000 3.226348e-16 6.521283e-18
7718.060000 3.286403e-16 6.917481e-18
7725.060000 3.231416e-16 6.040212e-18
7732.060000 3.254626e-16 5.515584e-18
7739.060000 3.298648e-16 5.714473e-18
7746.060000 3.318109e-16 6.407110e-18
7753.060000 3.369199e-16 6.932751e-18
7760.060000 3.528010e-16 6.337335e-18
7767.060000 3.420136e-16 5.650587e-18
7774.060000 3.338062e-16 5.859151e-18
7781.060000 3.230491e-16 5.955323e-18
7788.060000 3.206508e-16 5.794502e-18
7795.060000 3.198594e-16 6.682946e-18
7802.060000 3.314864e-16 5.773402e-18
7809.060000 3.282390e-16 5.981478e-18
7816.060000 3.311790e-16 6.152216e-18
7823.060000 3.508487e-16 6.654555e-18
7830.060000 3.451144e-16 5.762291e-18
7837.060000 3.392209e-16 5.765747e-18
7844.060000 3.390517e-16 6.027905e-18
7851.060000 3.470205e-16 7.020456e-18
7858.060000 3.462857e-16 6.889269e-18
7865.060000 3.216242e-16 6.444195e-18
7872.060000 3.359592e-16 6.560496e-18
7879.060000 3.376871e-16 6.105461e-18
7886.060000 3.421685e-16 6.295298e-18
7893.060000 3.584356e-16 6.154754e-18
7900.060000 3.406167e-16 5.645024e-18
7907.060000 3.225193e-16 6.047778e-18
7914.060000 3.647104e-16 7.468752e-18
7921.060000 3.705313e-16 7.032900e-18
7928.060000 3.720851e-16 6.331449e-18
7935.060000 3.772005e-16 6.167765e-18
7942.060000 3.735322e-16 5.877060e-18
7949.060000 3.848101e-16 6.041215e-18
7956.060000 3.618725e-16 6.049302e-18
7963.060000 3.903900e-16 7.116750e-18
7970.060000 3.811315e-16 6.630761e-18
7977.060000 3.891709e-16 6.547582e-18
7984.060000 3.697998e-16 6.222820e-18
7991.060000 3.882518e-16 7.429204e-18
7998.060000 3.837353e-16 7.092843e-18
8005.060000 3.634112e-16 5.764790e-18
8012.060000 3.794420e-16 6.297505e-18
8019.060000 3.839763e-16 6.390051e-18
8026.060000 4.052137e-16 7.274952e-18
8033.060000 3.862023e-16 6.351742e-18
8040.060000 3.840866e-16 5.715091e-18
8047.060000 3.762138e-16 5.967680e-18
8054.060000 3.654167e-16 6.079942e-18
8061.060000 3.761860e-16 6.391091e-18
8068.060000 3.760844e-16 6.099938e-18
8075.060000 3.753590e-16 5.647313e-18
8082.060000 3.556583e-16 5.803955e-18
8089.060000 3.638386e-16 5.830888e-18
8096.060000 3.782982e-16 5.926207e-18
8103.060000 3.799863e-16 6.139344e-18
8110.060000 3.550026e-16 5.665384e-18
8117.060000 3.658707e-16 5.837570e-18
8124.060000 3.443190e-16 5.723092e-18
8131.060000 3.577194e-16 5.571156e-18
8138.060000 3.497447e-16 5.737068e-18
8145.060000 3.537871e-16 5.662617e-18
8152.060000 3.604446e-16 5.812476e-18
8159.060000 3.449318e-16 5.702099e-18
8166.060000 3.480649e-16 5.489542e-18
8173.060000 3.333196e-16 5.610779e-18
8180.060000 3.380880e-16 5.547223e-18
8187.060000 3.280342e-16 5.619500e-18
8194.060000 3.426503e-16 5.725010e-18
8201.060000 3.350337e-16 5.485019e-18
8208.060000 3.446403e-16 5.737482e-18
8215.060000 3.478623e-16 5.674115e-18
8222.060000 3.340081e-16 5.494184e-18
8229.060000 3.258554e-16 5.614859e-18
8236.060000 3.277092e-16 5.519837e-18
8243.060000 3.310767e-16 5.844914e-18
8250.060000 3.179778e-16 5.792215e-18
8257.060000 3.235592e-16 5.588246e-18
8264.060000 3.316692e-16 5.768977e-18
8271.060000 3.190515e-16 5.795172e-18
8278.060000 3.184387e-16 7.084079e-18
8285.060000 3.382815e-16 7.926848e-18
8292.060000 3.332561e-16 7.466130e-18
8299.060000 3.586284e-16 8.001725e-18
8306.060000 3.094116e-16 6.540260e-18
8313.060000 3.296976e-16 6.420618e-18
8320.060000 3.381407e-16 6.143882e-18
8327.060000 3.353267e-16 5.854692e-18
8334.060000 2.973715e-16 6.189587e-18
8341.060000 3.438331e-16 8.292621e-18
8348.060000 3.789391e-16 9.133050e-18
8355.060000 3.296329e-16 7.538058e-18
8362.060000 3.129023e-16 6.453539e-18
8369.060000 2.864151e-16 6.425370e-18
8376.060000 2.843029e-16 6.270561e-18
8383.060000 3.021477e-16 6.761729e-18
8390.060000 2.575542e-16 6.233081e-18
8397.060000 2.923719e-16 8.098536e-18
8404.060000 2.618556e-16 7.678858e-18
8411.060000 2.644611e-16 6.769761e-18
8418.060000 2.405621e-16 6.790597e-18
8425.060000 2.448859e-16 7.431819e-18
8432.060000 2.913153e-16 8.994658e-18
8439.060000 2.150601e-16 6.208817e-18
8446.060000 2.448323e-16 6.238025e-18
8453.060000 2.526778e-16 6.860887e-18
8460.060000 2.484521e-16 7.121410e-18
8467.060000 2.895304e-16 8.284930e-18
8474.060000 2.523645e-16 6.137984e-18
8481.060000 2.448646e-16 5.798252e-18
8488.060000 2.519733e-16 5.921220e-18
8495.060000 2.714829e-16 6.805910e-18
8502.060000 2.876857e-16 7.058650e-18
8509.060000 2.485686e-16 6.573644e-18
8516.060000 2.609831e-16 5.864442e-18
8523.060000 2.543089e-16 5.741201e-18
8530.060000 2.601099e-16 6.016840e-18
8537.060000 2.542558e-16 6.332586e-18
8544.060000 2.537282e-16 6.273352e-18
8551.060000 2.668920e-16 6.735102e-18
8558.060000 2.634894e-16 6.063929e-18
8565.060000 2.690526e-16 6.027716e-18
8572.060000 2.822097e-16 6.130040e-18
8579.060000 2.686349e-16 5.916585e-18
8586.060000 2.778521e-16 6.243356e-18
8593.060000 2.911524e-16 6.270422e-18
8600.060000 3.019564e-16 6.252074e-18
8607.060000 2.820451e-16 6.174348e-18
8614.060000 3.058866e-16 6.279615e-18
8621.060000 3.083611e-16 7.043509e-18
8628.060000 3.130406e-16 7.518864e-18
8635.060000 3.048964e-16 7.103030e-18
8642.060000 3.193635e-16 6.836979e-18
8649.060000 3.116622e-16 6.973785e-18
8656.060000 3.356879e-16 7.695580e-18
8663.060000 3.355978e-16 7.653546e-18
8670.060000 3.473561e-16 7.146277e-18
8677.060000 3.359911e-16 6.959613e-18
8684.060000 3.352735e-16 6.665716e-18
8691.060000 3.357051e-16 6.624112e-18
8698.060000 3.395348e-16 6.606022e-18
8705.060000 3.125102e-16 6.299041e-18
8712.060000 3.295165e-16 6.475613e-18
8719.060000 3.406376e-16 6.399086e-18
8726.060000 3.401954e-16 6.387338e-18
8733.060000 3.458469e-16 6.579915e-18
8740.060000 3.358262e-16 6.350456e-18
8747.060000 3.184699e-16 6.445755e-18
8754.060000 3.074874e-16 7.043921e-18
8761.060000 3.347894e-16 9.269619e-18
8768.060000 3.771918e-16 1.006746e-17
8775.060000 3.825894e-16 9.325215e-18
8782.060000 3.633301e-16 8.717546e-18
8789.060000 3.723494e-16 7.571102e-18
8796.060000 3.542527e-16 6.841510e-18
8803.060000 3.217331e-16 6.426712e-18
8810.060000 3.307204e-16 6.450174e-18
8817.060000 2.979065e-16 6.901695e-18
8824.060000 3.840818e-16 1.078839e-17
8831.060000 3.692788e-16 1.103333e-17
8838.060000 4.031926e-16 9.247085e-18
8845.060000 3.533717e-16 7.316126e-18
8852.060000 3.350224e-16 7.167537e-18
8859.060000 3.295078e-16 6.774924e-18
8866.060000 3.615751e-16 7.905409e-18
8873.060000 3.223111e-16 7.300473e-18
8880.060000 3.179566e-16 7.752105e-18
8887.060000 4.092638e-16 1.044695e-17
8894.060000 3.330495e-16 7.506249e-18
8901.060000 3.526515e-16 8.105083e-18
8908.060000 3.083751e-16 7.969833e-18
8915.060000 3.741048e-16 9.129808e-18
8922.060000 3.959378e-16 1.068065e-17
8929.060000 3.361332e-16 7.460766e-18
8936.060000 3.172607e-16 7.047271e-18
8943.060000 3.569435e-16 8.458682e-18
8950.060000 3.020320e-16 7.672951e-18
8957.060000 3.786900e-16 9.908595e-18
8964.060000 3.298621e-16 8.215777e-18
8971.060000 3.013784e-16 6.628325e-18
8978.060000 nan 6.527818e-18
8985.060000 nan 7.368675e-18
8992.060000 nan 7.343541e-18
8999.060000 nan 8.675175e-18
9006.060000 nan 8.169501e-18
9013.060000 nan 6.501816e-18
9020.060000 nan 6.579011e-18
9027.060000 nan 6.467676e-18
9034.060000 nan 7.269207e-18
9041.060000 nan 7.523589e-18
9048.060000 nan 7.592387e-18
9055.060000 nan 7.269313e-18
9062.060000 nan 6.704961e-18
9069.060000 nan 6.616513e-18
9076.060000 nan 6.475716e-18
9083.060000 nan 6.411939e-18
9090.060000 nan 6.923883e-18
9097.060000 nan 6.947367e-18
9104.060000 nan 7.221826e-18
9111.060000 nan 6.908985e-18
9118.060000 nan 6.527438e-18
9125.060000 nan 6.736361e-18
9132.060000 nan 6.857600e-18
9139.060000 nan 6.681520e-18
9146.060000 nan 6.693465e-18
9153.060000 nan 6.931616e-18
9160.060000 nan 7.366593e-18
9167.060000 nan 6.959761e-18
9174.060000 nan 6.592420e-18
9181.060000 nan 6.867326e-18
9188.060000 nan 6.816067e-18
9195.060000 nan 6.837838e-18
9202.060000 nan 6.853418e-18
9209.060000 nan 7.018016e-18
9216.060000 nan 7.527796e-18
9223.060000 nan 7.386692e-18
9230.060000 nan 7.283142e-18
9237.060000 nan 7.090646e-18
9244.060000 nan 6.778380e-18
9251.060000 nan 7.024438e-18
9258.060000 nan 7.264682e-18
9265.060000 nan 6.947960e-18
9272.060000 nan 6.754718e-18
9279.060000 nan 6.687833e-18
9286.060000 nan 7.484498e-18
9293.060000 nan 7.555876e-18
9300.060000 nan 8.052515e-18
9307.060000 nan 1.267363e-17
9314.060000 nan 1.358359e-17
9321.060000 nan 1.216918e-17
9328.060000 nan 1.058131e-17
9335.060000 nan 8.323336e-18
9342.060000 nan 7.368602e-18
9349.060000 nan 6.522416e-18
9356.060000 nan 6.319872e-18
9363.060000 nan 6.868405e-18
9370.060000 nan 9.845230e-18
9377.060000 nan 1.493914e-17
9384.060000 nan 1.023262e-17
9391.060000 nan 8.493813e-18
9398.060000 nan 8.653236e-18
9405.060000 nan 8.755699e-18
9412.060000 nan 8.483732e-18
9419.060000 nan 1.071995e-17
9426.060000 nan 8.858943e-18
9433.060000 nan 9.537597e-18
9440.060000 nan 1.439386e-17
9447.060000 nan 1.057760e-17
9454.060000 nan 1.013165e-17
9461.060000 nan 1.079018e-17
9468.060000 nan 9.152338e-18
9475.060000 nan 1.382195e-17
9482.060000 nan 1.178682e-17
9489.060000 nan 8.742780e-18
9496.060000 nan 9.181572e-18
9503.060000 nan 1.247769e-17
9510.060000 nan 9.820917e-18
9517.060000 nan 1.257497e-17
9524.060000 nan 1.228919e-17
9531.060000 nan 8.877672e-18
9538.060000 nan 9.095614e-18
9545.060000 nan 9.115175e-18
9552.060000 nan 1.088828e-17
9559.060000 nan 1.037288e-17
9566.060000 nan 1.288095e-17
9573.060000 nan 1.139449e-17
9580.060000 nan 9.472611e-18
9587.060000 nan 9.005269e-18
9594.060000 nan 9.291382e-18
9601.060000 nan 9.786796e-18
9608.060000 nan 1.122781e-17
9615.060000 nan 1.078991e-17
9622.060000 nan 1.157755e-17
9629.060000 nan 1.060705e-17
9636.060000 nan 1.004521e-17
9643.060000 nan 9.219784e-18
9650.060000 nan 9.538288e-18
9657.060000 nan 9.980216e-18
9664.060000 nan 1.097878e-17
9671.060000 nan 1.177746e-17
9678.060000 nan 1.197924e-17
9685.060000 nan 1.278255e-17
9692.060000 nan 1.136118e-17
