4801.59526128982  3.499453E-16
4803.57180167004  3.518671E-16
4805.54834205026  3.435101E-16
4807.52488243048  3.620735E-16
4809.50142281071  3.615783E-16
4811.47796319093  3.726237E-16
4813.45450357115  3.613995E-16
4815.43104395137  3.714291E-16
4817.4075843316  3.512977E-16
4819.38412471182  3.516910E-16
4821.36066509204  3.446925E-16
4823.33720547227  3.444216E-16
4825.31374585249  3.617579E-16
4827.29028623271  3.566031E-16
4829.26682661294  3.539361E-16
4831.24336699316  3.533811E-16
4833.21990737338  3.692835E-16
4835.1964477536  3.507353E-16
4837.17298813383  3.470785E-16
4839.14952851405  3.575474E-16
4841.12606889427  3.541008E-16
4843.10260927449  3.609091E-16
4845.07914965472  3.730076E-16
4847.05569003494  3.550592E-16
4849.03223041516  3.338097E-16
4851.00877079539  3.405010E-16
4852.98531117561  3.520082E-16
4854.96185155583  3.537363E-16
4856.93839193605  3.422344E-16
4858.91493231628  3.402680E-16
4860.8914726965  3.472402E-16
4862.86801307672  3.305030E-16
4864.84455345695  3.198834E-16
4866.82109383717  3.351119E-16
4868.79763421739  3.336451E-16
4870.77417459761  3.140693E-16
4872.75071497784  3.211589E-16
4874.72725535806  3.276648E-16
4876.70379573828  3.202415E-16
4878.68033611851  3.187453E-16
4880.65687649873  3.104098E-16
4882.63341687895  3.003849E-16
4884.60995725917  3.011814E-16
4886.5864976394  3.072713E-16
4888.56303801962  3.123155E-16
4890.53957839984  2.984968E-16
4892.51611878006  2.924220E-16
4894.49265916029  3.177920E-16
4896.46919954051  3.046717E-16
4898.44573992073  3.190551E-16
4900.42228030096  3.061553E-16
4902.39882068118  3.087962E-16
4904.3753610614  3.138821E-16
4906.35190144162  3.232809E-16
4908.32844182185  3.312775E-16
4910.30498220207  3.251338E-16
4912.28152258229  3.009791E-16
4914.25806296252  3.265454E-16
4916.23460334274  3.141574E-16
4918.21114372296  3.135312E-16
4920.18768410318  3.214099E-16
4922.16422448341  3.229067E-16
4924.14076486363  3.287025E-16
4926.11730524385  3.228289E-16
4928.09384562407  3.158882E-16
4930.0703860043  3.411512E-16
4932.04692638452  3.550355E-16
4934.02346676474  3.314101E-16
4936.00000714497  3.430633E-16
4937.97654752519  3.448907E-16
4939.95308790541  3.441081E-16
4941.92962828563  3.556641E-16
4943.90616866586  3.446248E-16
4945.88270904608  3.226553E-16
4947.8592494263  3.348938E-16
4949.83578980653  3.595721E-16
4951.81233018675  3.491956E-16
4953.78887056697  3.317778E-16
4955.76541094719  3.259716E-16
4957.74195132742  3.203742E-16
4959.71849170764  3.329779E-16
4961.69503208786  3.279066E-16
4963.67157246809  3.041279E-16
4965.64811284831  3.067537E-16
4967.62465322853  3.086913E-16
4969.60119360875  3.039068E-16
4971.57773398898  3.057572E-16
4973.5542743692  3.029519E-16
4975.53081474942  2.849036E-16
4977.50735512964  2.953755E-16
4979.48389550987  3.110528E-16
4981.46043589009  5.116956E-16
4983.43697627031  8.465453E-16
4985.41351665054  9.836991E-16
4987.39005703076  8.091627E-16
4989.36659741098  4.756619E-16
4991.3431377912  3.119900E-16
4993.31967817143  2.969394E-16
4995.29621855165  3.092402E-16
4997.27275893187  3.117367E-16
4999.2492993121  2.938170E-16
5001.22583969232  3.129416E-16
5003.20238007254  3.257038E-16
5005.17892045276  3.231588E-16
5007.15546083299  3.283324E-16
5009.13200121321  3.410376E-16
5011.10854159343  3.398187E-16
5013.08508197366  3.309468E-16
5015.06162235388  3.340461E-16
5017.0381627341  3.433281E-16
5019.01470311432  3.471149E-16
5020.99124349455  3.386143E-16
5022.96778387477  3.458372E-16
5024.94432425499  3.651603E-16
5026.92086463521  3.675138E-16
5028.89740501544  3.605441E-16
5030.87394539566  3.635732E-16
5032.85048577588  3.679576E-16
5034.82702615611  3.687386E-16
5036.80356653633  3.749875E-16
5038.78010691655  3.825130E-16
5040.75664729677  3.840434E-16
5042.733187677  3.774969E-16
5044.70972805722  3.706184E-16
5046.68626843744  3.764721E-16
5048.66280881767  3.817118E-16
5050.63934919789  3.829920E-16
5052.61588957811  3.783086E-16
5054.59242995834  3.782836E-16
5056.56897033856  3.774186E-16
5058.54551071878  4.021874E-16
5060.522051099  4.021474E-16
5062.49859147922  3.972261E-16
5064.47513185945  4.017205E-16
5066.45167223967  3.841308E-16
5068.42821261989  3.859873E-16
5070.40475300012  3.746871E-16
5072.38129338034  3.811450E-16
5074.35783376056  3.928715E-16
5076.33437414078  3.929280E-16
5078.31091452101  3.874179E-16
5080.28745490123  4.296282E-16
5082.26399528145  6.352949E-16
5084.24053566168  8.685702E-16
5086.2170760419  8.590998E-16
5088.19361642212  6.800598E-16
5090.17015680235  4.262201E-16
5092.14669718257  3.664786E-16
5094.12323756279  3.418821E-16
5096.09977794301  3.457983E-16
5098.07631832324  3.434606E-16
5100.05285870346  3.319005E-16
5102.02939908368  3.247671E-16
5104.0059394639  3.311940E-16
5105.98247984413  3.437789E-16
5107.95902022435  3.399003E-16
5109.93556060457  3.373146E-16
5111.9121009848  3.375013E-16
5113.88864136502  3.284442E-16
5115.86518174524  3.150166E-16
5117.84172212546  3.059012E-16
5119.81826250569  3.173749E-16
5121.79480288591  3.235063E-16
5123.77134326613  3.077005E-16
5125.74788364636  3.088810E-16
5127.72442402658  3.075109E-16
5129.7009644068  4.908363E-16
5131.67750478702  1.219941E-15
5133.65404516725  1.850633E-15
5135.63058554747  1.790943E-15
5137.60712592769  1.140219E-15
5139.58366630792  4.195951E-16
5141.56020668814  2.901558E-16
5143.53674706836  3.040061E-16
5145.51328744858  2.934456E-16
5147.48982782881  2.945572E-16
5149.46636820903  2.843662E-16
5151.44290858925  3.035601E-16
5153.41944896947  2.961111E-16
5155.3959893497  3.015200E-16
5157.37252972992  3.041927E-16
5159.34907011014  3.040004E-16
5161.32561049036  3.027798E-16
5163.30215087059  2.986003E-16
5165.27869125081  2.973350E-16
5167.25523163103  2.989305E-16
5169.23177201126  3.060920E-16
5171.20831239148  3.103504E-16
5173.1848527717  3.104007E-16
5175.16139315193  3.222843E-16
5177.13793353215  3.056603E-16
5179.11447391237  3.147092E-16
5181.09101429259  3.109107E-16
5183.06755467282  2.987859E-16
5185.04409505304  3.036176E-16
5187.02063543326  3.182335E-16
5188.99717581349  3.266378E-16
5190.97371619371  3.016679E-16
5192.95025657393  3.088200E-16
5194.92679695415  3.267195E-16
5196.90333733438  3.392261E-16
5198.8798777146  3.297860E-16
5200.85641809482  3.273139E-16
5202.83295847504  3.243149E-16
5204.80949885527  3.234620E-16
5206.78603923549  3.184941E-16
5208.76257961571  3.156970E-16
5210.73911999594  3.303044E-16
5212.71566037616  3.186387E-16
5214.69220075638  3.316623E-16
5216.6687411366  3.262743E-16
5218.64528151683  3.303207E-16
5220.62182189705  3.333007E-16
5222.59836227727  3.381772E-16
5224.5749026575  3.317284E-16
5226.55144303772  3.219038E-16
5228.52798341794  3.323512E-16
5230.50452379816  3.219618E-16
5232.48106417839  3.177951E-16
5234.45760455861  3.285131E-16
5236.43414493883  3.236226E-16
5238.41068531906  3.304564E-16
5240.38722569928  3.254959E-16
5242.3637660795  3.167716E-16
5244.34030645972  3.196268E-16
5246.31684683995  3.244454E-16
5248.29338722017  3.299832E-16
5250.26992760039  3.362737E-16
5252.24646798062  3.458261E-16
5254.22300836084  3.422032E-16
5256.19954874106  3.172659E-16
5258.17608912128  3.158330E-16
5260.15262950151  3.317432E-16
5262.12916988173  3.240232E-16
5264.10571026195  3.235475E-16
5266.08225064217  3.292665E-16
5268.0587910224  3.229852E-16
5270.03533140262  3.095389E-16
5272.01187178284  3.186397E-16
5273.98841216307  3.253330E-16
5275.96495254329  3.309922E-16
5277.94149292351  3.178306E-16
5279.91803330373  3.175397E-16
5281.89457368396  3.144269E-16
5283.87111406418  3.271667E-16
5285.8476544444  3.366989E-16
5287.82419482462  3.259700E-16
5289.80073520485  3.167132E-16
5291.77727558507  3.187901E-16
5293.75381596529  3.314384E-16
5295.73035634552  3.361642E-16
5297.70689672574  3.259867E-16
5299.68343710596  3.215817E-16
5301.65997748618  3.241902E-16
5303.63651786641  3.277822E-16
5305.61305824663  3.219652E-16
5307.58959862685  3.188661E-16
5309.56613900708  3.326074E-16
5311.5426793873  3.385186E-16
5313.51921976752  3.315800E-16
5315.49576014774  3.327582E-16
5317.47230052797  3.314367E-16
5319.44884090819  3.298743E-16
5321.42538128841  3.439463E-16
5323.40192166864  3.521848E-16
5325.37846204886  3.588120E-16
5327.35500242908  3.572900E-16
5329.3315428093  3.540143E-16
5331.30808318953  3.634287E-16
5333.28462356975  3.630799E-16
5335.26116394997  3.448533E-16
5337.23770433019  3.483296E-16
5339.21424471042  3.603400E-16
5341.19078509064  3.713390E-16
5343.16732547086  3.842629E-16
5345.14386585109  3.809358E-16
5347.12040623131  3.739481E-16
5349.09694661153  3.655663E-16
5351.07348699176  3.741477E-16
5353.05002737198  3.764492E-16
5355.0265677522  3.782897E-16
5357.00310813242  3.791166E-16
5358.97964851265  3.837975E-16
5360.95618889287  3.897399E-16
5362.93272927309  3.824638E-16
5364.90926965332  3.832391E-16
5366.88581003354  3.887873E-16
5368.86235041376  3.843653E-16
5370.83889079398  3.831519E-16
5372.81543117421  3.866870E-16
5374.79197155443  4.002529E-16
5376.76851193465  3.897512E-16
5378.74505231487  3.920410E-16
5380.7215926951  3.897019E-16
5382.69813307532  3.795236E-16
5384.67467345554  3.873359E-16
5386.65121383576  3.964252E-16
5388.62775421599  3.888749E-16
5390.60429459621  3.837612E-16
5392.58083497643  3.938964E-16
5394.55737535666  4.010754E-16
5396.53391573688  3.893386E-16
5398.5104561171  3.872881E-16
5400.48699649732  3.891613E-16
5402.46353687755  3.876808E-16
5404.44007725777  3.835181E-16
5406.41661763799  3.936230E-16
5408.39315801822  4.044846E-16
5410.36969839844  4.076015E-16
5412.34623877866  4.179878E-16
5414.32277915888  4.114003E-16
5416.29931953911  4.025136E-16
5418.27585991933  3.974217E-16
5420.25240029955  3.947666E-16
5422.22894067978  3.994937E-16
5424.20548106  3.954483E-16
5426.18202144022  4.032576E-16
5428.15856182044  4.200754E-16
5430.13510220067  4.081405E-16
5432.11164258089  3.887712E-16
5434.08818296111  3.961393E-16
5436.06472334134  3.900481E-16
5438.04126372156  4.060822E-16
5440.01780410178  4.163466E-16
5441.994344482  4.203693E-16
5443.97088486223  4.057020E-16
5445.94742524245  4.176320E-16
5447.92396562267  4.147263E-16
5449.9005060029  3.975742E-16
5451.87704638312  4.002495E-16
5453.85358676334  3.832262E-16
5455.83012714356  3.920283E-16
5457.80666752379  4.006127E-16
5459.78320790401  3.906918E-16
5461.75974828423  3.913019E-16
5463.73628866445  3.751963E-16
5465.71282904468  3.707630E-16
5467.6893694249  3.853328E-16
5469.66590980512  3.858301E-16
5471.64245018535  3.967535E-16
5473.61899056557  3.913460E-16
5475.59553094579  3.865265E-16
5477.57207132601  3.795184E-16
5479.54861170624  3.837264E-16
5481.52515208646  3.796796E-16
5483.50169246668  3.814226E-16
5485.47823284691  3.782626E-16
5487.45477322713  3.688814E-16
5489.43131360735  3.705499E-16
5491.40785398757  3.639581E-16
5493.3843943678  3.794686E-16
5495.36093474802  3.836363E-16
5497.33747512824  3.674969E-16
5499.31401550847  3.667649E-16
5501.29055588869  3.595597E-16
5503.26709626891  3.731432E-16
5505.24363664913  3.728593E-16
5507.22017702936  3.660904E-16
5509.19671740958  3.670921E-16
5511.1732577898  3.736363E-16
5513.14979817002  3.809157E-16
5515.12633855025  3.755601E-16
5517.10287893047  3.813301E-16
5519.07941931069  3.824939E-16
5521.05595969092  3.882067E-16
5523.03250007114  3.766811E-16
5525.00904045136  3.763610E-16
5526.98558083159  3.989821E-16
5528.96212121181  3.762961E-16
5530.93866159203  3.817997E-16
5532.91520197225  3.671955E-16
5534.89174235248  3.923327E-16
5536.8682827327  3.854852E-16
5538.84482311292  3.918149E-16
5540.82136349315  3.896323E-16
5542.79790387337  3.965793E-16
5544.77444425359  3.838812E-16
5546.75098463381  3.865604E-16
5548.72752501404  4.013554E-16
5550.70406539426  4.097193E-16
5552.68060577448  4.082913E-16
5554.6571461547  4.073368E-16
5556.63368653493  4.130596E-16
5558.61022691515  4.084554E-16
5560.58676729537  4.087165E-16
5562.56330767559  4.122168E-16
5564.53984805582  4.251749E-16
5566.51638843604  4.337374E-16
5568.49292881626  4.297292E-16
5570.46946919648  4.296403E-16
5572.44600957671  4.033836E-16
5574.42254995693  4.311717E-16
5576.39909033715  4.166985E-16
5578.37563071738  4.002333E-16
5580.3521710976  4.007562E-16
5582.32871147782  4.251133E-16
5584.30525185805  4.244735E-16
5586.28179223827  4.272109E-16
5588.25833261849  4.155155E-16
5590.23487299871  4.076331E-16
5592.21141337894  4.085902E-16
5594.18795375916  4.077327E-16
5596.16449413938  4.100354E-16
5598.14103451961  4.086742E-16
5600.11757489983  4.002408E-16
5602.09411528005  3.934632E-16
5604.07065566027  3.975218E-16
5606.0471960405  3.974297E-16
5608.02373642072  3.945413E-16
5610.00027680094  4.010499E-16
5611.97681718116  3.963600E-16
5613.95335756139  3.889465E-16
5615.92989794161  3.891827E-16
5617.90643832183  3.965367E-16
5619.88297870206  3.900364E-16
5621.85951908228  3.894665E-16
5623.8360594625  3.995991E-16
5625.81259984272  3.928966E-16
5627.78914022295  3.902021E-16
5629.76568060317  3.857555E-16
5631.74222098339  3.889342E-16
5633.71876136362  3.959033E-16
5635.69530174384  3.895492E-16
5637.67184212406  3.830997E-16
5639.64838250428  3.913656E-16
5641.62492288451  3.904069E-16
5643.60146326473  3.686825E-16
5645.57800364495  3.739832E-16
5647.55454402518  3.910557E-16
5649.5310844054  3.917403E-16
5651.50762478562  3.899789E-16
5653.48416516584  3.973771E-16
5655.46070554607  3.892453E-16
5657.43724592629  3.813471E-16
5659.41378630651  3.870314E-16
5661.39032668674  3.793569E-16
5663.36686706696  3.814411E-16
5665.34340744718  3.754096E-16
5667.3199478274  3.742001E-16
5669.29648820763  3.791951E-16
5671.27302858785  3.792466E-16
5673.24956896807  3.791733E-16
5675.22610934829  3.725246E-16
5677.20264972852  3.757245E-16
5679.17919010874  3.828710E-16
5681.15573048896  3.906711E-16
5683.13227086918  3.915698E-16
5685.10881124941  3.842913E-16
5687.08535162963  3.836935E-16
5689.06189200985  3.937096E-16
5691.03843239008  3.937521E-16
5693.0149727703  3.992405E-16
5694.99151315052  3.935502E-16
5696.96805353075  3.857586E-16
5698.94459391097  3.872829E-16
5700.92113429119  3.899612E-16
5702.89767467142  3.989602E-16
5704.87421505164  3.928940E-16
5706.85075543186  3.963429E-16
5708.82729581208  4.018465E-16
5710.80383619231  3.945391E-16
5712.78037657253  3.914718E-16
5714.75691695275  4.054896E-16
5716.73345733297  4.005089E-16
5718.7099977132  4.016142E-16
5720.68653809342  3.825087E-16
5722.66307847364  3.853037E-16
5724.63961885386  3.840016E-16
5726.61615923409  3.905983E-16
5728.59269961431  3.966712E-16
5730.56923999453  3.861386E-16
5732.54578037476  3.908979E-16
5734.52232075498  4.016466E-16
5736.4988611352  3.852154E-16
5738.47540151542  3.838318E-16
5740.45194189565  3.858887E-16
5742.42848227587  3.920610E-16
5744.40502265609  3.883402E-16
5746.38156303632  3.823197E-16
5748.35810341654  3.891078E-16
5750.33464379676  3.883881E-16
5752.31118417698  3.825280E-16
5754.28772455721  3.920703E-16
5756.26426493743  3.912473E-16
5758.24080531765  3.781783E-16
5760.21734569788  3.802157E-16
5762.1938860781  3.769036E-16
5764.17042645832  3.816485E-16
5766.14696683854  3.740518E-16
5768.12350721877  3.762513E-16
5770.10004759899  3.807358E-16
5772.07658797921  3.785984E-16
5774.05312835943  3.755637E-16
5776.02966873966  3.575799E-16
5778.00620911988  3.593548E-16
5779.9827495001  3.702658E-16
5781.95928988033  3.521599E-16
5783.93583026055  3.582198E-16
5785.91237064077  3.559397E-16
5787.88891102099  3.636301E-16
5789.86545140122  3.490235E-16
5791.84199178144  3.432447E-16
5793.81853216166  3.559184E-16
5795.79507254189  3.496133E-16
5797.77161292211  3.369890E-16
5799.74815330233  3.416953E-16
5801.72469368255  3.379955E-16
5803.70123406278  3.444060E-16
5805.677774443  3.457480E-16
5807.65431482322  3.378373E-16
5809.63085520345  3.307538E-16
5811.60739558367  3.367905E-16
5813.58393596389  3.307426E-16
5815.56047634411  3.359940E-16
5817.53701672434  3.351666E-16
5819.51355710456  3.277361E-16
5821.49009748478  3.290307E-16
5823.46663786501  3.315980E-16
5825.44317824523  3.263682E-16
5827.41971862545  3.235142E-16
5829.39625900567  3.225530E-16
5831.3727993859  3.224608E-16
5833.34933976612  3.191130E-16
5835.32588014634  3.162769E-16
5837.30242052657  3.233897E-16
5839.27896090679  3.191696E-16
5841.25550128701  3.132696E-16
5843.23204166723  3.303541E-16
5845.20858204746  3.258725E-16
5847.18512242768  3.309554E-16
5849.1616628079  3.279979E-16
5851.13820318813  3.181955E-16
5853.11474356835  3.124677E-16
5855.09128394857  3.114986E-16
5857.06782432879  3.208796E-16
5859.04436470901  3.212618E-16
5861.02090508924  3.219846E-16
5862.99744546946  3.277247E-16
5864.97398584968  3.246889E-16
5866.95052622991  3.292536E-16
5868.92706661013  3.346819E-16
5870.90360699035  3.399976E-16
5872.88014737058  3.436443E-16
5874.8566877508  3.344282E-16
5876.83322813102  3.301275E-16
5878.80976851124  3.343387E-16
5880.78630889147  3.284236E-16
5882.76284927169  3.181903E-16
5884.73938965191  3.323603E-16
5886.71593003213  3.287110E-16
5888.69247041236  3.165862E-16
5890.66901079258  3.317088E-16
5892.6455511728  3.314293E-16
5894.62209155303  3.208726E-16
5896.59863193325  3.329337E-16
5898.57517231347  3.414549E-16
5900.55171269369  3.466228E-16
5902.52825307392  3.494142E-16
5904.50479345414  3.320437E-16
5906.48133383436  3.397019E-16
5908.45787421458  3.423408E-16
5910.43441459481  3.516642E-16
5912.41095497503  3.515059E-16
5914.38749535525  3.538989E-16
5916.36403573548  3.518872E-16
5918.3405761157  3.365696E-16
5920.31711649592  3.475551E-16
5922.29365687614  3.611223E-16
5924.27019725637  3.602999E-16
5926.24673763659  3.603345E-16
5928.22327801681  3.556943E-16
5930.19981839704  3.530344E-16
5932.17635877726  3.528453E-16
5934.15289915748  3.586830E-16
5936.1294395377  3.615314E-16
5938.10597991793  3.594969E-16
5940.08252029815  3.568025E-16
5942.05906067837  3.474175E-16
5944.0356010586  3.498503E-16
5946.01214143882  3.560472E-16
5947.98868181904  3.578841E-16
5949.96522219926  3.506528E-16
5951.94176257949  3.406916E-16
5953.91830295971  3.428001E-16
5955.89484333993  3.534360E-16
5957.87138372016  3.568776E-16
5959.84792410038  3.477888E-16
5961.8244644806  3.471750E-16
5963.80100486082  3.445367E-16
5965.77754524105  3.464005E-16
5967.75408562127  3.554493E-16
5969.73062600149  3.462753E-16
5971.70716638172  3.431681E-16
5973.68370676194  3.577707E-16
5975.66024714216  3.591240E-16
5977.63678752238  3.464484E-16
5979.61332790261  3.395307E-16
5981.58986828283  3.474621E-16
5983.56640866305  3.570330E-16
5985.54294904328  3.508158E-16
5987.5194894235  3.404952E-16
5989.49602980372  3.392621E-16
5991.47257018394  3.348843E-16
5993.44911056417  3.438598E-16
5995.42565094439  3.480520E-16
5997.40219132461  3.427814E-16
5999.37873170483  3.436874E-16
6001.35527208506  3.515600E-16
6003.33181246528  3.481569E-16
6005.3083528455  3.373202E-16
6007.28489322573  3.455208E-16
6009.26143360595  3.507534E-16
6011.23797398617  3.436023E-16
6013.21451436639  3.504864E-16
6015.19105474662  3.558989E-16
6017.16759512684  3.503922E-16
6019.14413550706  3.546713E-16
6021.12067588729  3.678480E-16
6023.09721626751  4.110161E-16
6025.07375664773  4.329948E-16
6027.05029702795  4.135716E-16
6029.02683740818  3.740709E-16
6031.0033777884  3.473689E-16
6032.97991816862  3.436292E-16
6034.95645854884  3.434042E-16
6036.93299892907  3.447890E-16
6038.90953930929  3.249582E-16
6040.88607968951  3.396787E-16
6042.86262006974  3.275637E-16
6044.83916044996  3.484842E-16
6046.81570083018  3.429252E-16
6048.7922412104  3.418165E-16
6050.76878159063  3.462712E-16
6052.74532197085  3.430473E-16
6054.72186235107  3.526046E-16
6056.69840273129  3.485315E-16
6058.67494311152  3.384842E-16
6060.65148349174  3.378386E-16
6062.62802387196  3.412788E-16
6064.60456425219  3.484092E-16
6066.58110463241  3.392594E-16
6068.55764501263  3.479020E-16
6070.53418539286  3.335531E-16
6072.51072577308  3.408753E-16
6074.4872661533  3.405072E-16
6076.46380653352  3.362982E-16
6078.44034691375  3.380939E-16
6080.41688729397  3.400295E-16
6082.39342767419  3.258184E-16
6084.36996805441  3.297718E-16
6086.34650843464  3.317968E-16
6088.32304881486  3.240867E-16
6090.29958919508  3.305690E-16
6092.27612957531  3.319918E-16
6094.25266995553  3.246277E-16
6096.22921033575  3.230520E-16
6098.20575071597  3.233706E-16
6100.1822910962  3.192825E-16
6102.15883147642  3.109045E-16
6104.13537185664  3.076191E-16
6106.11191223687  3.264126E-16
6108.08845261709  3.208473E-16
6110.06499299731  3.048265E-16
6112.04153337753  3.087193E-16
6114.01807375776  3.145235E-16
6115.99461413798  3.068410E-16
6117.9711545182  3.107206E-16
6119.94769489843  3.223927E-16
6121.92423527865  3.173218E-16
6123.90077565887  3.025981E-16
6125.87731603909  3.106946E-16
6127.85385641932  3.156937E-16
6129.83039679954  3.143158E-16
6131.80693717976  3.072333E-16
6133.78347755998  3.186929E-16
6135.76001794021  3.156664E-16
6137.73655832043  3.013252E-16
6139.71309870065  3.003065E-16
6141.68963908088  3.136145E-16
6143.6661794611  3.166577E-16
6145.64271984132  3.163382E-16
6147.61926022154  3.031941E-16
6149.59580060177  3.169399E-16
6151.57234098199  3.122506E-16
6153.54888136221  3.158613E-16
6155.52542174244  3.156949E-16
6157.50196212266  3.214582E-16
6159.47850250288  3.227074E-16
6161.4550428831  3.157384E-16
6163.43158326333  3.276068E-16
6165.40812364355  3.111406E-16
6167.38466402377  3.124997E-16
6169.36120440399  3.186209E-16
6171.33774478422  3.234516E-16
6173.31428516444  3.278507E-16
6175.29082554466  3.157678E-16
6177.26736592489  3.294405E-16
6179.24390630511  3.261457E-16
6181.22044668533  3.222200E-16
6183.19698706556  3.196177E-16
6185.17352744578  3.182030E-16
6187.150067826  3.170474E-16
6189.12660820622  3.098555E-16
6191.10314858645  3.117994E-16
6193.07968896667  3.049860E-16
6195.05622934689  3.084061E-16
6197.03276972711  3.117355E-16
6199.00931010734  3.125062E-16
6200.98585048756  3.145547E-16
6202.96239086778  3.063128E-16
6204.938931248  3.156530E-16
6206.91547162823  3.110583E-16
6208.89201200845  3.066228E-16
6210.86855238867  3.158088E-16
6212.8450927689  3.110721E-16
6214.82163314912  2.985562E-16
6216.79817352934  3.016016E-16
6218.77471390956  3.081275E-16
6220.75125428979  3.124669E-16
6222.72779467001  3.030534E-16
6224.70433505023  3.122128E-16
6226.68087543046  3.176879E-16
6228.65741581068  3.039726E-16
6230.6339561909  3.079939E-16
6232.61049657113  3.114884E-16
6234.58703695135  3.097385E-16
6236.56357733157  3.022302E-16
6238.54011771179  3.035099E-16
6240.51665809202  3.240747E-16
6242.49319847224  3.218378E-16
6244.46973885246  3.216225E-16
6246.44627923268  3.227910E-16
6248.42281961291  3.145441E-16
6250.39935999313  3.222369E-16
6252.37590037335  3.274163E-16
6254.35244075358  3.221898E-16
6256.3289811338  3.225183E-16
6258.30552151402  3.225405E-16
6260.28206189424  3.173195E-16
6262.25860227447  3.247835E-16
6264.23514265469  3.277668E-16
6266.21168303491  3.286602E-16
6268.18822341514  3.268561E-16
6270.16476379536  3.196647E-16
6272.14130417558  3.235833E-16
6274.1178445558  3.182039E-16
6276.09438493603  3.135517E-16
6278.07092531625  3.090204E-16
6280.04746569647  3.077073E-16
6282.02400607669  3.091834E-16
6284.00054645692  3.171326E-16
6285.97708683714  3.220692E-16
6287.95362721736  3.238439E-16
6289.93016759759  3.239857E-16
6291.90670797781  3.111534E-16
6293.88324835803  3.111984E-16
6295.85978873825  3.128455E-16
6297.83632911848  3.171318E-16
6299.8128694987  3.186201E-16
6301.78940987892  3.122991E-16
6303.76595025915  3.136188E-16
6305.74249063937  3.239906E-16
6307.71903101959  3.186089E-16
6309.69557139981  3.070447E-16
6311.67211178004  3.021914E-16
6313.64865216026  3.017902E-16
6315.62519254048  2.913826E-16
6317.60173292071  2.908562E-16
6319.57827330093  3.033386E-16
6321.55481368115  2.994944E-16
6323.53135406137  2.963558E-16
6325.5078944416  3.006584E-16
6327.48443482182  2.969321E-16
6329.46097520204  2.896173E-16
6331.43751558226  2.874797E-16
6333.41405596249  2.873966E-16
6335.39059634271  2.821181E-16
6337.36713672293  2.756197E-16
6339.34367710316  2.850087E-16
6341.32021748338  2.977210E-16
6343.2967578636  2.873386E-16
6345.27329824383  2.894757E-16
6347.24983862405  2.873547E-16
6349.22637900427  2.804026E-16
6351.20291938449  2.759547E-16
6353.17945976472  2.823088E-16
6355.15600014494  2.814955E-16
6357.13254052516  2.833484E-16
6359.10908090539  2.770547E-16
6361.08562128561  2.827823E-16
6363.06216166583  2.823322E-16
6365.03870204605  2.817727E-16
6367.01524242628  2.936282E-16
6368.9917828065  2.913725E-16
6370.96832318672  2.942180E-16
6372.94486356694  2.841469E-16
6374.92140394717  2.785951E-16
6376.89794432739  2.862114E-16
6378.87448470761  2.803145E-16
6380.85102508783  2.786312E-16
6382.82756546806  2.819314E-16
6384.80410584828  2.839264E-16
6386.7806462285  2.855164E-16
6388.75718660873  2.833449E-16
6390.73372698895  2.821768E-16
6392.71026736917  2.830842E-16
6394.68680774939  2.936741E-16
6396.66334812962  2.915486E-16
6398.63988850984  2.867841E-16
6400.61642889006  2.930467E-16
6402.59296927029  2.954386E-16
6404.56950965051  2.913227E-16
6406.54605003073  2.856591E-16
6408.52259041095  2.814609E-16
6410.49913079118  2.908388E-16
6412.4756711714  2.922519E-16
6414.45221155162  2.856793E-16
6416.42875193184  2.819982E-16
6418.40529231207  2.843825E-16
6420.38183269229  2.871429E-16
6422.35837307251  2.874178E-16
6424.33491345274  2.992238E-16
6426.31145383296  2.860488E-16
6428.28799421318  2.859674E-16
6430.26453459341  2.888618E-16
6432.24107497363  2.802140E-16
6434.21761535385  2.888758E-16
6436.19415573407  2.892606E-16
6438.1706961143  2.889490E-16
6440.14723649452  2.970595E-16
6442.12377687474  3.002509E-16
6444.10031725496  3.050199E-16
6446.07685763519  3.057295E-16
6448.05339801541  2.938294E-16
6450.02993839563  3.005526E-16
6452.00647877586  3.019545E-16
6453.98301915608  3.010116E-16
6455.9595595363  3.065618E-16
6457.93609991652  3.271446E-16
6459.91264029675  3.420538E-16
6461.88918067697  3.374831E-16
6463.86572105719  3.204549E-16
6465.84226143741  3.054165E-16
6467.81880181764  2.960064E-16
6469.79534219786  3.018677E-16
6471.77188257808  3.104572E-16
6473.74842295831  3.015797E-16
6475.72496333853  3.030909E-16
6477.70150371875  3.115252E-16
6479.67804409898  3.052333E-16
6481.6545844792  3.022421E-16
6483.63112485942  3.016027E-16
6485.60766523964  3.114107E-16
6487.58420561987  3.177374E-16
6489.56074600009  3.127498E-16
6491.53728638031  3.061589E-16
6493.51382676053  3.119471E-16
6495.49036714076  3.108256E-16
6497.46690752098  3.197078E-16
6499.4434479012  3.111466E-16
6501.41998828143  3.153907E-16
6503.39652866165  3.043322E-16
6505.37306904187  2.978242E-16
6507.34960942209  3.101331E-16
6509.32614980232  3.125376E-16
6511.30269018254  3.196030E-16
6513.27923056276  3.239685E-16
6515.25577094299  3.208825E-16
6517.23231132321  3.197031E-16
6519.20885170343  3.179761E-16
6521.18539208366  3.179353E-16
6523.16193246388  3.344041E-16
6525.1384728441  3.368408E-16
6527.11501322432  3.340412E-16
6529.09155360454  3.365469E-16
6531.06809398477  3.096342E-16
6533.04463436499  3.214530E-16
6535.02117474521  3.201167E-16
6536.99771512544  3.241761E-16
6538.97425550566  3.247237E-16
6540.95079588588  3.269290E-16
6542.92733626611  3.270425E-16
6544.90387664633  3.215709E-16
6546.88041702655  3.166664E-16
6548.85695740677  3.118211E-16
6550.833497787  3.115409E-16
6552.81003816722  3.155927E-16
6554.78657854744  3.198112E-16
6556.76311892766  3.170198E-16
6558.73965930789  3.102700E-16
6560.71619968811  3.129833E-16
6562.69274006833  3.174287E-16
6564.66928044856  3.179700E-16
6566.64582082878  3.141702E-16
6568.622361209  3.198398E-16
6570.59890158922  3.169926E-16
6572.57544196945  3.130451E-16
6574.55198234967  3.114851E-16
6576.52852272989  3.122296E-16
6578.50506311011  3.176029E-16
6580.48160349034  3.186632E-16
6582.45814387056  3.147682E-16
6584.43468425078  3.148315E-16
6586.41122463101  3.244387E-16
6588.38776501123  3.135241E-16
6590.36430539145  3.139555E-16
6592.34084577168  3.243257E-16
6594.3173861519  3.225460E-16
6596.29392653212  3.191294E-16
6598.27046691234  3.197789E-16
6600.24700729257  3.157469E-16
6602.22354767279  3.253248E-16
6604.20008805301  3.227752E-16
6606.17662843323  3.185295E-16
6608.15316881346  3.229695E-16
6610.12970919368  3.213843E-16
6612.1062495739  3.079476E-16
6614.08278995413  3.196326E-16
6616.05933033435  3.263097E-16
6618.03587071457  3.187874E-16
6620.01241109479  3.239205E-16
6621.98895147502  3.204596E-16
6623.96549185524  3.240213E-16
6625.94203223546  3.200997E-16
6627.91857261568  3.253693E-16
6629.89511299591  3.325737E-16
6631.87165337613  3.227083E-16
6633.84819375635  3.298383E-16
6635.82473413658  3.366384E-16
6637.8012745168  3.338964E-16
6639.77781489702  3.412784E-16
6641.75435527725  3.332048E-16
6643.73089565747  3.274657E-16
6645.70743603769  3.248927E-16
6647.68397641791  3.294088E-16
6649.66051679814  3.360553E-16
6651.63705717836  3.238297E-16
6653.61359755858  3.320737E-16
6655.59013793881  3.307978E-16
6657.56667831903  3.217121E-16
6659.54321869925  3.306893E-16
6661.51975907947  3.280825E-16
6663.4962994597  3.215944E-16
6665.47283983992  3.318050E-16
6667.44938022014  3.370298E-16
6669.42592060036  3.436285E-16
6671.40246098059  3.331185E-16
6673.37900136081  3.231529E-16
6675.35554174103  3.364798E-16
6677.33208212125  3.405807E-16
6679.30862250148  3.353520E-16
6681.2851628817  3.335702E-16
6683.26170326193  3.342302E-16
6685.23824364215  3.316576E-16
6687.21478402237  3.322045E-16
6689.19132440259  3.352534E-16
6691.16786478282  3.355494E-16
6693.14440516304  3.413673E-16
6695.12094554326  3.395541E-16
6697.09748592348  3.315583E-16
6699.07402630371  3.355528E-16
6701.05056668393  3.419003E-16
6703.02710706415  3.438231E-16
6705.00364744437  3.423029E-16
6706.9801878246  3.506881E-16
6708.95672820482  3.481049E-16
6710.93326858504  3.683051E-16
6712.90980896527  4.100100E-16
6714.88634934549  4.271789E-16
6716.86288972571  4.199744E-16
6718.83943010593  3.826440E-16
6720.81597048616  3.644950E-16
6722.79251086638  3.701933E-16
6724.7690512466  5.377706E-16
6726.74559162683  1.397236E-15
6728.72213200705  2.434065E-15
6730.69867238727  2.555068E-15
6732.67521276749  1.808739E-15
6734.65175314772  7.883044E-16
6736.62829352794  3.743983E-16
6738.60483390816  3.623137E-16
6740.58137428839  3.447311E-16
6742.55791466861  3.524460E-16
6744.53445504883  3.576863E-16
6746.51099542905  3.882611E-16
6748.48753580928  4.995382E-16
6750.4640761895  5.785493E-16
6752.44061656972  5.664202E-16
6754.41715694995  4.731159E-16
6756.39369733017  3.604506E-16
6758.37023771039  3.319704E-16
6760.34677809061  3.273625E-16
6762.32331847084  3.229414E-16
6764.29985885106  3.297612E-16
6766.27639923128  3.284819E-16
6768.2529396115  3.221449E-16
6770.22947999173  3.185781E-16
6772.20602037195  3.141713E-16
6774.18256075217  3.132984E-16
6776.1591011324  3.098622E-16
6778.13564151262  3.099742E-16
6780.11218189284  3.158488E-16
6782.08872227306  3.053110E-16
6784.06526265329  3.090357E-16
6786.04180303351  3.055696E-16
6788.01834341373  3.074144E-16
6789.99488379396  3.068694E-16
6791.97142417418  3.069417E-16
6793.9479645544  3.118717E-16
6795.92450493462  3.110967E-16
6797.90104531485  3.055362E-16
6799.87758569507  3.163617E-16
6801.85412607529  3.052227E-16
6803.83066645552  3.019290E-16
6805.80720683574  3.052370E-16
6807.78374721596  3.092352E-16
6809.76028759618  3.025511E-16
6811.73682797641  3.031062E-16
6813.71336835663  3.018772E-16
6815.68990873685  2.990028E-16
6817.66644911708  3.069795E-16
6819.6429894973  3.145508E-16
6821.61952987752  3.117132E-16
6823.59607025774  3.022659E-16
6825.57261063797  3.024271E-16
6827.54915101819  2.957230E-16
6829.52569139841  2.999378E-16
6831.50223177864  3.112964E-16
6833.47877215886  3.100627E-16
6835.45531253908  3.129306E-16
6837.4318529193  3.119547E-16
6839.40839329952  2.964915E-16
6841.38493367975  2.968007E-16
6843.36147405997  2.964523E-16
6845.33801444019  3.083356E-16
6847.31455482042  3.239353E-16
6849.29109520064  3.194328E-16
6851.26763558086  3.182782E-16
6853.24417596109  3.064111E-16
6855.22071634131  2.958372E-16
6857.19725672153  3.015813E-16
6859.17379710175  3.060085E-16
6861.15033748198  3.101082E-16
6863.1268778622  3.009955E-16
6865.10341824242  2.805979E-16
6867.07995862264  2.562046E-16
6869.05649900287  2.411694E-16
6871.03303938309  2.215418E-16
6873.00957976331  2.261782E-16
6874.98612014354  2.465732E-16
6876.96266052376  2.579885E-16
6878.93920090398  2.712596E-16
6880.9157412842  2.916232E-16
6882.89228166443  3.273785E-16
6884.86882204465  4.305376E-16
6886.84536242487  5.343987E-16
6888.8219028051  5.174229E-16
6890.79844318532  4.186883E-16
6892.77498356554  3.022905E-16
6894.75152394576  2.749752E-16
6896.72806432599  2.879894E-16
6898.70460470621  3.534921E-16
6900.68114508643  4.514685E-16
6902.65768546665  4.782340E-16
6904.63422584688  4.499237E-16
6906.6107662271  3.333893E-16
6908.58730660732  2.838438E-16
6910.56384698755  2.851324E-16
6912.54038736777  2.881465E-16
6914.51692774799  2.888152E-16
6916.49346812821  2.850996E-16
6918.47000850844  2.844810E-16
6920.44654888866  2.908111E-16
6922.42308926888  2.862523E-16
6924.39962964911  2.816882E-16
6926.37617002933  2.815697E-16
6928.35271040955  2.787394E-16
6930.32925078977  2.883381E-16
6932.30579117  2.837325E-16
6934.28233155022  2.828797E-16
6936.25887193044  2.798878E-16
6938.23541231067  2.814049E-16
6940.21195269089  2.763300E-16
6942.18849307111  2.737058E-16
6944.16503345133  2.743138E-16
6946.14157383156  2.722483E-16
6948.11811421178  2.728987E-16
6950.094654592  2.678628E-16
6952.07119497223  2.715586E-16
6954.04773535245  2.712149E-16
6956.02427573267  2.719455E-16
6958.00081611289  2.741307E-16
6959.97735649312  2.739073E-16
6961.95389687334  2.691268E-16
6963.93043725356  2.785315E-16
6965.90697763378  2.749793E-16
6967.88351801401  2.642422E-16
6969.86005839423  2.731919E-16
6971.83659877445  2.746785E-16
6973.81313915468  2.736139E-16
6975.7896795349  2.721186E-16
6977.76621991512  2.701001E-16
6979.74276029534  2.677496E-16
6981.71930067557  2.727843E-16
6983.69584105579  2.583343E-16
6985.67238143601  2.618035E-16
6987.64892181624  2.595352E-16
6989.62546219646  2.607920E-16
6991.60200257668  2.699514E-16
6993.57854295691  2.631547E-16
6995.55508333713  2.581833E-16
6997.53162371735  2.609894E-16
6999.50816409757  2.629242E-16
7001.4847044778  2.618472E-16
7003.46124485802  2.605802E-16
7005.43778523824  2.642938E-16
7007.41432561846  2.645158E-16
7009.39086599869  2.591095E-16
7011.36740637891  2.559509E-16
7013.34394675913  2.522196E-16
7015.32048713935  2.500436E-16
7017.29702751958  2.557920E-16
7019.2735678998  2.664292E-16
7021.25010828002  2.565931E-16
7023.22664866025  2.558915E-16
7025.20318904047  2.594934E-16
7027.17972942069  2.524595E-16
7029.15626980091  2.549839E-16
7031.13281018114  2.714083E-16
7033.10935056136  2.730365E-16
7035.08589094158  2.612112E-16
7037.0624313218  2.576901E-16
7039.03897170203  2.553682E-16
7041.01551208225  2.611002E-16
7042.99205246248  2.607440E-16
7044.9685928427  2.660027E-16
7046.94513322292  2.658654E-16
7048.92167360314  2.572717E-16
7050.89821398336  2.674738E-16
7052.87475436359  2.608694E-16
7054.85129474381  2.660678E-16
7056.82783512403  2.664242E-16
7058.80437550426  2.614235E-16
7060.78091588448  2.620418E-16
7062.7574562647  2.662756E-16
7064.73399664493  2.706046E-16
7066.71053702515  2.710917E-16
7068.68707740537  2.691412E-16
7070.66361778559  2.661621E-16
7072.64015816582  2.659097E-16
7074.61669854604  2.691222E-16
7076.59323892626  2.685209E-16
7078.56977930648  2.737546E-16
7080.54631968671  2.863203E-16
7082.52286006693  2.745388E-16
7084.49940044715  2.693529E-16
7086.47594082738  2.683039E-16
7088.4524812076  2.675684E-16
7090.42902158782  2.638487E-16
7092.40556196805  2.655148E-16
7094.38210234827  2.691346E-16
7096.35864272849  2.738601E-16
7098.33518310871  2.769923E-16
7100.31172348894  2.751892E-16
7102.28826386916  2.702104E-16
7104.26480424938  2.731446E-16
7106.2413446296  2.745275E-16
7108.21788500983  2.731260E-16
7110.19442539005  2.740086E-16
7112.17096577027  2.742104E-16
7114.1475061505  2.768802E-16
7116.12404653072  2.789321E-16
7118.10058691094  2.763921E-16
7120.07712729116  2.751557E-16
7122.05366767139  2.727315E-16
7124.03020805161  2.694575E-16
7126.00674843183  2.710548E-16
7127.98328881206  2.717034E-16
7129.95982919228  2.604158E-16
7131.9363695725  2.663993E-16
7133.91290995272  2.640645E-16
7135.88945033295  2.697988E-16
7137.86599071317  2.644524E-16
7139.84253109339  2.612343E-16
7141.81907147361  2.668610E-16
7143.79561185384  2.761062E-16
7145.77215223406  2.735866E-16
7147.74869261428  2.630242E-16
7149.7252329945  2.656457E-16
7151.70177337473  2.658663E-16
7153.67831375495  2.579518E-16
7155.65485413517  2.680807E-16
7157.6313945154  2.634797E-16
7159.60793489562  2.583904E-16
7161.58447527584  2.576286E-16
7163.56101565607  2.582021E-16
7165.53755603629  2.559109E-16
7167.51409641651  2.553342E-16
7169.49063679673  2.505910E-16
7171.46717717696  2.477291E-16
7173.44371755718  2.480635E-16
7175.4202579374  2.468558E-16
7177.39679831763  2.396101E-16
7179.37333869785  2.379604E-16
7181.34987907807  2.388371E-16
7183.32641945829  2.325169E-16
7185.30295983852  2.404297E-16
7187.27950021874  2.369507E-16
7189.25604059896  2.449102E-16
7191.23258097918  2.381449E-16
7193.20912135941  2.357852E-16
7195.18566173963  2.443850E-16
7197.16220211985  2.392040E-16
7199.13874250007  2.363689E-16
7201.1152828803  2.336721E-16
7203.09182326052  2.316179E-16
7205.06836364074  2.378258E-16
7207.04490402097  2.357063E-16
7209.02144440119  2.423396E-16
7210.99798478141  2.456705E-16
7212.97452516164  2.402871E-16
7214.95106554186  2.415646E-16
7216.92760592208  2.553964E-16
7218.9041463023  2.533685E-16
7220.88068668253  2.497132E-16
7222.85722706275  2.497586E-16
7224.83376744297  2.564228E-16
7226.8103078232  2.554824E-16
7228.78684820342  2.557701E-16
7230.76338858364  2.448238E-16
7232.73992896386  2.367993E-16
7234.71646934409  2.369595E-16
7236.69300972431  2.390628E-16
7238.66955010453  2.387529E-16
7240.64609048475  2.397057E-16
7242.62263086498  2.495989E-16
7244.5991712452  2.507151E-16
7246.57571162542  2.450398E-16
7248.55225200565  2.514494E-16
7250.52879238587  2.425187E-16
7252.50533276609  2.394853E-16
7254.48187314631  2.387394E-16
7256.45841352654  2.426574E-16
7258.43495390676  2.368740E-16
7260.41149428698  2.306184E-16
7262.38803466721  2.281429E-16
7264.36457504743  2.332324E-16
7266.34111542765  2.349430E-16
7268.31765580787  2.396910E-16
7270.2941961881  2.418728E-16
7272.27073656832  2.325544E-16
7274.24727694854  2.307692E-16
7276.22381732876  2.244419E-16
7278.20035770899  2.236478E-16
7280.17689808921  2.323875E-16
7282.15343846943  2.443082E-16
7284.12997884966  2.397042E-16
7286.10651922988  2.336274E-16
7288.0830596101  2.333869E-16
7290.05959999032  2.268567E-16
7292.03614037055  2.285809E-16
7294.01268075077  2.408130E-16
7295.98922113099  2.408483E-16
7297.96576151122  2.453306E-16
7299.94230189144  2.362685E-16
7301.91884227166  2.342516E-16
7303.89538265188  2.330464E-16
7305.87192303211  2.412300E-16
7307.84846341233  2.429580E-16
7309.82500379255  2.393555E-16
7311.80154417278  2.433814E-16
7313.778084553  2.557234E-16
7315.75462493322  2.790796E-16
7317.73116531344  2.974021E-16
7319.70770569366  2.843887E-16
7321.68424607389  2.555548E-16
7323.66078645411  2.458697E-16
7325.63732683433  2.613812E-16
7327.61386721456  2.560352E-16
7329.59040759478  2.564175E-16
7331.566947975  2.539213E-16
7333.54348835523  2.418906E-16
7335.52002873545  2.546794E-16
7337.49656911567  2.633338E-16
7339.47310949589  2.457330E-16
7341.44964987612  2.421695E-16
7343.42619025634  2.580869E-16
7345.40273063656  2.557558E-16
7347.37927101679  2.573975E-16
7349.35581139701  2.505661E-16
7351.33235177723  2.536380E-16
7353.30889215746  2.694712E-16
7355.28543253768  2.630210E-16
7357.2619729179  2.649392E-16
7359.23851329812  2.684409E-16
7361.21505367835  2.542272E-16
7363.19159405857  2.636532E-16
7365.16813443879  2.570240E-16
7367.14467481901  2.630362E-16
7369.12121519924  2.674752E-16
7371.09775557946  2.614050E-16
7373.07429595968  2.625914E-16
7375.0508363399  2.665115E-16
7377.02737672013  2.618412E-16
7379.00391710035  2.630087E-16
7380.98045748057  2.574896E-16
7382.9569978608  2.603346E-16
7384.93353824102  2.661957E-16
7386.91007862124  2.655379E-16
7388.88661900146  2.690135E-16
7390.86315938169  2.682967E-16
7392.83969976191  2.639353E-16
7394.81624014213  2.546795E-16
7396.79278052236  2.643823E-16
7398.76932090258  2.661099E-16
7400.7458612828  2.649042E-16
7402.72240166302  2.560750E-16
7404.69894204325  2.547314E-16
7406.67548242347  2.637677E-16
7408.65202280369  2.592706E-16
7410.62856318391  2.517318E-16
7412.60510356414  2.607843E-16
7414.58164394436  2.602685E-16
7416.55818432458  2.585320E-16
7418.53472470481  2.567881E-16
7420.51126508503  2.603795E-16
7422.48780546525  2.543801E-16
7424.46434584547  2.466748E-16
7426.4408862257  2.579590E-16
7428.41742660592  2.522812E-16
7430.39396698614  2.562348E-16
7432.37050736637  2.553116E-16
7434.34704774659  2.477015E-16
7436.32358812681  2.567744E-16
7438.30012850703  2.538513E-16
7440.27666888726  2.561850E-16
7442.25320926748  2.556532E-16
7444.2297496477  2.558743E-16
7446.20629002793  2.494560E-16
7448.18283040815  2.539538E-16
7450.15937078837  2.496906E-16
7452.13591116859  2.567802E-16
7454.11245154882  2.632215E-16
7456.08899192904  2.504108E-16
7458.06553230926  2.502398E-16
7460.04207268948  2.532830E-16
7462.01861306971  2.462331E-16
7463.99515344993  2.478351E-16
7465.97169383015  2.545657E-16
7467.94823421038  2.574342E-16
7469.9247745906  2.452605E-16
7471.90131497082  2.500686E-16
7473.87785535105  2.566005E-16
7475.85439573127  2.495583E-16
7477.83093611149  2.537036E-16
7479.80747649171  2.551939E-16
7481.78401687194  2.622477E-16
7483.76055725216  2.554043E-16
7485.73709763238  2.473507E-16
7487.7136380126  2.491154E-16
7489.69017839283  2.540937E-16
7491.66671877305  2.481166E-16
7493.64325915327  2.516438E-16
7495.6197995335  2.567843E-16
7497.59633991372  2.473241E-16
7499.57288029394  2.499651E-16
7501.54942067416  2.501253E-16
7503.52596105439  2.616585E-16
7505.50250143461  2.806735E-16
7507.47904181483  2.658955E-16
7509.45558219505  2.634310E-16
7511.43212257528  2.581593E-16
7513.4086629555  2.633332E-16
7515.38520333572  2.674532E-16
7517.36174371595  2.766415E-16
7519.33828409617  2.736113E-16
7521.31482447639  2.655675E-16
7523.29136485662  2.482484E-16
7525.26790523684  2.542257E-16
7527.24444561706  2.675231E-16
7529.22098599728  2.553367E-16
7531.19752637751  2.552353E-16
7533.17406675773  2.578244E-16
7535.15060713795  2.546798E-16
7537.12714751817  2.625300E-16
7539.1036878984  2.553942E-16
7541.08022827862  2.600514E-16
7543.05676865884  2.582920E-16
7545.03330903907  2.553838E-16
7547.00984941929  2.541789E-16
7548.98638979951  2.542328E-16
7550.96293017973  2.599829E-16
7552.93947055996  2.568524E-16
7554.91601094018  2.641672E-16
7556.8925513204  2.673671E-16
7558.86909170062  2.622641E-16
7560.84563208085  2.602187E-16
7562.82217246107  2.660040E-16
7564.79871284129  2.757370E-16
7566.77525322152  2.689016E-16
7568.75179360174  2.632503E-16
7570.72833398196  2.698655E-16
7572.70487436219  2.677056E-16
7574.68141474241  2.651500E-16
7576.65795512263  2.619172E-16
7578.63449550285  2.694390E-16
7580.61103588308  2.656120E-16
7582.5875762633  2.540634E-16
7584.56411664352  2.658868E-16
7586.54065702375  2.607261E-16
7588.51719740397  2.565112E-16
7590.49373778419  2.393535E-16
7592.47027816441  2.225669E-16
7594.44681854464  1.807718E-16
7596.42335892486  1.421415E-16
7598.39989930508  1.119564E-16
7600.3764396853  1.033235E-16
7602.35298006553  9.180725E-17
7604.32952044575  8.301169E-17
7606.30606082597  9.833229E-17
7608.2826012062  1.000259E-16
7610.25914158642  9.774008E-17
7612.23568196664  1.112376E-16
7614.21222234686  1.401877E-16
7616.18876272709  1.762077E-16
7618.16530310731  1.988813E-16
7620.14184348753  2.037304E-16
7622.11838386776  1.672504E-16
7624.09492424798  1.492307E-16
7626.0714646282  1.311199E-16
7628.04800500842  1.326644E-16
7630.02454538865  1.365575E-16
7632.00108576887  1.334382E-16
7633.97762614909  1.256892E-16
7635.95416652932  1.353581E-16
7637.93070690954  1.290204E-16
7639.90724728976  1.489318E-16
7641.88378766998  1.544529E-16
7643.86032805021  1.615874E-16
7645.83686843043  1.639615E-16
7647.81340881065  1.622416E-16
7649.78994919087  1.772182E-16
7651.7664895711  1.638755E-16
7653.74302995132  1.759510E-16
7655.71957033154  1.732071E-16
7657.69611071177  1.801069E-16
7659.67265109199  1.847896E-16
7661.64919147221  1.840663E-16
7663.62573185243  1.811575E-16
7665.60227223266  1.760762E-16
7667.57881261288  1.800501E-16
7669.5553529931  1.836865E-16
7671.53189337332  1.784960E-16
7673.50843375355  1.753624E-16
7675.48497413377  1.775658E-16
7677.46151451399  1.775486E-16
7679.43805489422  1.702834E-16
7681.41459527444  1.715135E-16
7683.39113565466  1.768775E-16
7685.36767603488  1.741904E-16
7687.34421641511  1.748495E-16
7689.32075679533  1.712994E-16
7691.29729717556  1.790641E-16
7693.27383755578  1.748945E-16
7695.250377936  1.765524E-16
7697.22691831622  1.796332E-16
7699.20345869644  1.745776E-16
7701.17999907667  1.739438E-16
7703.15653945689  1.690122E-16
7705.13307983711  1.749897E-16
7707.10962021734  1.802219E-16
7709.08616059756  1.814368E-16
7711.06270097778  1.836945E-16
7713.039241358  1.809673E-16
7715.01578173823  1.809943E-16
7716.99232211845  1.714100E-16
7718.96886249867  1.770822E-16
7720.94540287889  1.888659E-16
7722.92194325912  1.872220E-16
7724.89848363934  1.849291E-16
7726.87502401956  1.775233E-16
7728.85156439979  1.882093E-16
7730.82810478001  1.958903E-16
7732.80464516023  1.947114E-16
7734.78118554045  1.879500E-16
7736.75772592068  1.942277E-16
7738.7342663009  1.939637E-16
7740.71080668112  1.970901E-16
7742.68734706135  1.953774E-16
7744.66388744157  1.877311E-16
7746.64042782179  1.981810E-16
7748.61696820201  2.011672E-16
7750.59350858224  1.933679E-16
7752.57004896246  1.999019E-16
7754.54658934268  1.986222E-16
7756.52312972291  1.949221E-16
7758.49967010313  2.005683E-16
7760.47621048335  2.106329E-16
7762.45275086357  2.111351E-16
7764.4292912438  2.019733E-16
7766.40583162402  1.990808E-16
7768.38237200424  2.001815E-16
7770.35891238447  2.076987E-16
7772.33545276469  2.051132E-16
7774.31199314491  2.097424E-16
7776.28853352513  2.152873E-16
7778.26507390536  2.188581E-16
7780.24161428558  2.107394E-16
7782.2181546658  2.182300E-16
7784.19469504602  2.214044E-16
7786.17123542625  2.210335E-16
7788.14777580647  2.214447E-16
7790.12431618669  2.273042E-16
7792.10085656692  2.268963E-16
7794.07739694714  2.244216E-16
7796.05393732736  2.288779E-16
7798.03047770759  2.240131E-16
7800.00701808781  2.182833E-16
7801.98355846803  2.221350E-16
7803.96009884825  2.283763E-16
7805.93663922848  2.293471E-16
7807.9131796087  2.301076E-16
7809.88971998892  2.267254E-16
7811.86626036914  2.223850E-16
7813.84280074937  2.288493E-16
7815.81934112959  2.285678E-16
7817.79588150981  2.276383E-16
7819.77242189003  2.340235E-16
7821.74896227026  2.321134E-16
7823.72550265048  2.292879E-16
7825.70204303071  2.388359E-16
7827.67858341093  2.452883E-16
7829.65512379115  2.362365E-16
7831.63166417137  2.357137E-16
7833.6082045516  2.348058E-16
7835.58474493182  2.296289E-16
7837.56128531204  2.308877E-16
7839.53782569226  2.353270E-16
7841.51436607249  2.408078E-16
7843.49090645271  2.408639E-16
7845.46744683293  2.368941E-16
7847.44398721315  2.382464E-16
7849.42052759338  2.488749E-16
7851.3970679736  2.477958E-16
7853.37360835382  2.393101E-16
7855.35014873405  2.321614E-16
7857.32668911427  2.259397E-16
7859.30322949449  2.378523E-16
7861.27976987472  2.430505E-16
7863.25631025494  2.353763E-16
7865.23285063516  2.399959E-16
7867.20939101538  2.412378E-16
7869.1859313956  2.480271E-16
7871.16247177583  2.561349E-16
7873.13901215605  2.544461E-16
7875.11555253628  2.424748E-16
7877.0920929165  2.439059E-16
7879.06863329672  2.527298E-16
7881.04517367694  2.511959E-16
7883.02171405717  2.481915E-16
7884.99825443739  2.428724E-16
7886.97479481761  2.489956E-16
7888.95133519783  2.588023E-16
7890.92787557806  2.518443E-16
7892.90441595828  2.413728E-16
7894.8809563385  2.466193E-16
7896.85749671872  2.483584E-16
7898.83403709895  2.461504E-16
7900.81057747917  2.462513E-16
7902.78711785939  2.569300E-16
7904.76365823962  2.578680E-16
7906.74019861984  2.503899E-16
7908.71673900006  2.495031E-16
7910.69327938028  2.623348E-16
7912.66981976051  2.610342E-16
7914.64636014073  2.523875E-16
7916.62290052095  2.470338E-16
7918.59944090117  2.558041E-16
7920.5759812814  2.532529E-16
7922.55252166162  2.575681E-16
7924.52906204184  2.646676E-16
7926.50560242207  2.557202E-16
7928.48214280229  2.602632E-16
7930.45868318251  2.683583E-16
7932.43522356274  2.565052E-16
7934.41176394296  2.559261E-16
7936.38830432318  2.631433E-16
7938.3648447034  2.671522E-16
7940.34138508363  2.622802E-16
7942.31792546385  2.619577E-16
7944.29446584407  2.606708E-16
7946.2710062243  2.661023E-16
7948.24754660452  2.695760E-16
7950.22408698474  2.699576E-16
7952.20062736496  2.675907E-16
7954.17716774519  2.577172E-16
7956.15370812541  2.605467E-16
7958.13024850563  2.569840E-16
7960.10678888586  2.616210E-16
7962.08332926608  2.744798E-16
7964.0598696463  2.675796E-16
7966.03641002652  2.627811E-16
7968.01295040675  2.591395E-16
7969.98949078697  2.590635E-16
7971.96603116719  2.580397E-16
7973.94257154742  2.657364E-16
7975.91911192764  2.597791E-16
7977.89565230786  2.547693E-16
7979.87219268808  2.504897E-16
7981.8487330683  2.599031E-16
7983.82527344853  2.574148E-16
7985.80181382875  2.657279E-16
7987.77835420897  2.710098E-16
7989.7548945892  2.679663E-16
7991.73143496942  2.628936E-16
7993.70797534964  2.691123E-16
7995.68451572987  2.629803E-16
7997.66105611009  2.631292E-16
7999.63759649031  2.607983E-16
8001.61413687053  2.605613E-16
8003.59067725076  2.569319E-16
8005.56721763098  2.601810E-16
8007.5437580112  2.556358E-16
8009.52029839142  2.541009E-16
8011.49683877165  2.523087E-16
8013.47337915187  2.596924E-16
8015.44991953209  2.625533E-16
8017.42645991232  2.554643E-16
8019.40300029254  2.606627E-16
8021.37954067276  2.561377E-16
8023.35608105298  2.682054E-16
8025.33262143321  2.704005E-16
8027.30916181343  2.646190E-16
8029.28570219365  2.553741E-16
8031.26224257388  2.644862E-16
8033.2387829541  2.492896E-16
8035.21532333432  2.515088E-16
8037.19186371454  2.604598E-16
8039.16840409477  2.549178E-16
8041.14494447499  2.506989E-16
8043.12148485521  2.519018E-16
8045.09802523544  2.531385E-16
8047.07456561566  2.561941E-16
8049.05110599588  2.583566E-16
8051.0276463761  2.479777E-16
8053.00418675633  2.572362E-16
8054.98072713655  2.549625E-16
8056.95726751677  2.531262E-16
8058.933807897  2.537677E-16
8060.91034827722  2.520358E-16
8062.88688865744  2.423554E-16
8064.86342903766  2.437503E-16
8066.83996941789  2.408827E-16
8068.81650979811  2.451674E-16
8070.79305017833  2.495255E-16
8072.76959055855  2.480860E-16
8074.74613093878  2.457018E-16
8076.722671319  2.536058E-16
8078.69921169922  2.476665E-16
8080.67575207945  2.477511E-16
8082.65229245967  2.442308E-16
8084.62883283989  2.278414E-16
8086.60537322011  2.392451E-16
8088.58191360033  2.418540E-16
8090.55845398056  2.409596E-16
8092.53499436078  2.415738E-16
8094.51153474101  2.391436E-16
8096.48807512123  2.415674E-16
8098.46461550145  2.419471E-16
8100.44115588167  2.329991E-16
8102.4176962619  2.441607E-16
8104.39423664212  2.417037E-16
8106.37077702234  2.398346E-16
8108.34731740257  2.344801E-16
8110.32385778279  2.339437E-16
8112.30039816301  2.385571E-16
8114.27693854323  2.381592E-16
8116.25347892346  2.379961E-16
8118.23001930368  2.334020E-16
8120.2065596839  2.262442E-16
8122.18310006412  2.287605E-16
8124.15964044435  2.264784E-16
8126.13618082457  2.213668E-16
8128.11272120479  2.256607E-16
8130.08926158502  2.335029E-16
8132.06580196524  2.267323E-16
8134.04234234546  2.173410E-16
8136.01888272568  2.175033E-16
8137.99542310591  2.192748E-16
8139.97196348613  2.159331E-16
8141.94850386635  2.178750E-16
8143.92504424658  2.158545E-16
8145.9015846268  2.183592E-16
8147.87812500702  2.160128E-16
8149.85466538724  2.055727E-16
8151.83120576747  2.148500E-16
8153.80774614769  2.166125E-16
8155.78428652791  2.079379E-16
8157.76082690813  2.162858E-16
8159.73736728836  2.122122E-16
8161.71390766858  2.063505E-16
8163.6904480488  2.032302E-16
8165.66698842903  2.042206E-16
8167.64352880925  2.159480E-16
8169.62006918947  2.133541E-16
8171.59660956969  2.095566E-16
8173.57314994992  2.150927E-16
8175.54969033014  2.114786E-16
8177.52623071036  2.038941E-16
8179.50277109059  2.000541E-16
8181.47931147081  2.096359E-16
8183.45585185103  2.093977E-16
8185.43239223125  2.091485E-16
8187.40893261148  2.068904E-16
8189.3854729917  2.045244E-16
8191.36201337192  2.075169E-16
8193.33855375215  2.046607E-16
8195.31509413237  2.103793E-16
8197.29163451259  2.088897E-16
8199.26817489281  2.072703E-16
8201.24471527304  2.132583E-16
8203.22125565326  2.152748E-16
8205.19779603348  2.108177E-16
8207.1743364137  2.140419E-16
8209.15087679393  2.134755E-16
8211.12741717415  2.106472E-16
8213.10395755437  2.147849E-16
8215.0804979346  2.096318E-16
8217.05703831482  2.066596E-16
8219.03357869504  2.063759E-16
8221.01011907527  2.019910E-16
8222.98665945549  1.990992E-16
8224.96319983571  1.960499E-16
8226.93974021593  1.917597E-16
8228.91628059616  1.758374E-16
8230.89282097638  1.723400E-16
8232.8693613566  1.897816E-16
8234.84590173682  2.024745E-16
8236.82244211705  2.062820E-16
8238.79898249727  2.086943E-16
8240.77552287749  1.953931E-16
8242.75206325772  2.029063E-16
8244.72860363794  2.026325E-16
8246.70514401816  2.062950E-16
8248.68168439838  1.928079E-16
8250.65822477861  1.947627E-16
8252.63476515883  2.019393E-16
8254.61130553905  1.927033E-16
8256.58784591928  1.975886E-16
8258.5643862995  1.998903E-16
8260.54092667972  1.965431E-16
8262.51746705994  1.940040E-16
8264.49400744017  2.058213E-16
8266.47054782039  2.029042E-16
8268.44708820061  1.989973E-16
8270.42362858083  1.948106E-16
8272.40016896106  1.921285E-16
8274.37670934128  1.837241E-16
8276.3532497215  1.919375E-16
8278.32979010173  1.891151E-16
8280.30633048195  1.973701E-16
8282.28287086217  1.880920E-16
8284.25941124239  1.966387E-16
8286.23595162262  1.973157E-16
8288.21249200284  1.923594E-16
8290.18903238306  1.952174E-16
8292.16557276328  1.830825E-16
8294.14211314351  1.904851E-16
8296.11865352373  1.873266E-16
8298.09519390395  1.874572E-16
8300.07173428418  1.871556E-16
8302.0482746644  1.935920E-16
8304.02481504462  1.925064E-16
8306.00135542484  1.880054E-16
8307.97789580507  1.817680E-16
8309.95443618529  1.927952E-16
8311.93097656551  1.968380E-16
8313.90751694574  1.912342E-16
8315.88405732596  1.885238E-16
8317.86059770618  1.877540E-16
8319.8371380864  1.829704E-16
8321.81367846663  1.881649E-16
8323.79021884685  1.831579E-16
8325.76675922707  1.835031E-16
8327.7432996073  1.874959E-16
8329.71983998752  1.822459E-16
8331.69638036774  1.844863E-16
8333.67292074796  1.846716E-16
8335.64946112819  1.716410E-16
8337.62600150841  1.651411E-16
8339.60254188863  1.650426E-16
8341.57908226885  1.588143E-16
8343.55562264908  1.632219E-16
8345.5321630293  1.650884E-16
8347.50870340952  1.456750E-16
8349.48524378975  1.466931E-16
8351.46178416997  1.584024E-16
8353.43832455019  1.559109E-16
8355.41486493042  1.501797E-16
8357.39140531064  1.453618E-16
8359.36794569086  1.521898E-16
8361.34448607108  1.574310E-16
8363.32102645131  1.507512E-16
8365.29756683153  1.410262E-16
8367.27410721175  1.468618E-16
8369.25064759197  1.439396E-16
8371.2271879722  1.405654E-16
8373.20372835242  1.465152E-16
8375.18026873264  1.431954E-16
8377.15680911287  1.362353E-16
8379.13334949309  1.368971E-16
8381.10988987331  1.364998E-16
8383.08643025353  1.430347E-16
8385.06297063376  1.413539E-16
8387.03951101398  1.342172E-16
8389.0160513942  1.366591E-16
8390.99259177443  1.336663E-16
8392.96913215465  1.270224E-16
8394.94567253487  1.320292E-16
8396.92221291509  1.325553E-16
8398.89875329532  1.369139E-16
8400.87529367554  1.285202E-16
8402.85183405576  1.196263E-16
8404.82837443598  1.272592E-16
8406.80491481621  1.294354E-16
8408.78145519643  1.216908E-16
8410.75799557665  1.267711E-16
8412.73453595688  1.275127E-16
8414.7110763371  1.216830E-16
8416.68761671732  1.210963E-16
8418.66415709754  1.232765E-16
8420.64069747777  1.225173E-16
8422.61723785799  1.199202E-16
8424.59377823821  1.166161E-16
8426.57031861844  1.288967E-16
8428.54685899866  1.201114E-16
8430.52339937888  1.139701E-16
8432.4999397591  1.138348E-16
8434.47648013933  1.113762E-16
8436.45302051955  1.215535E-16
8438.42956089977  1.153922E-16
8440.40610128  1.177924E-16
8442.38264166022  1.170285E-16
8444.35918204044  1.153319E-16
8446.33572242066  1.177572E-16
8448.31226280089  1.175148E-16
8450.28880318111  1.170956E-16
8452.26534356133  1.255573E-16
8454.24188394155  1.275725E-16
8456.21842432178  1.215067E-16
8458.194964702  1.220110E-16
8460.17150508222  1.283981E-16
8462.14804546245  1.331567E-16
8464.12458584267  1.206732E-16
8466.10112622289  1.282716E-16
8468.07766660312  1.220310E-16
8470.05420698334  1.197614E-16
8472.03074736356  1.222762E-16
8474.00728774378  1.316955E-16
8475.983828124  1.302217E-16
8477.96036850423  1.230728E-16
8479.93690888445  1.262148E-16
8481.91344926467  1.281210E-16
8483.8899896449  1.285993E-16
8485.86653002512  1.293477E-16
8487.84307040534  1.274257E-16
8489.81961078557  1.312976E-16
8491.79615116579  1.341041E-16
8493.77269154601  1.296553E-16
8495.74923192623  1.391758E-16
8497.72577230646  1.337881E-16
8499.70231268668  1.349896E-16
8501.6788530669  1.427387E-16
8503.65539344712  1.426469E-16
8505.63193382735  1.465749E-16
8507.60847420757  1.369738E-16
8509.58501458779  1.292602E-16
8511.56155496802  1.352739E-16
8513.53809534824  1.369911E-16
8515.51463572846  1.410144E-16
8517.49117610868  1.427423E-16
8519.46771648891  1.393928E-16
8521.44425686913  1.413246E-16
8523.42079724935  1.468691E-16
8525.39733762958  1.417230E-16
8527.3738780098  1.411495E-16
8529.35041839002  1.440639E-16
8531.32695877024  1.391825E-16
8533.30349915047  1.400918E-16
8535.28003953069  1.515380E-16
8537.25657991091  1.512865E-16
8539.23312029114  1.402702E-16
8541.20966067136  1.419633E-16
8543.18620105158  1.420053E-16
8545.1627414318  1.419009E-16
8547.13928181203  1.527770E-16
8549.11582219225  1.439013E-16
8551.09236257247  1.414971E-16
8553.06890295269  1.445385E-16
8555.04544333292  1.437244E-16
8557.02198371314  1.359903E-16
8558.99852409337  1.369585E-16
8560.97506447359  1.392096E-16
8562.95160485381  1.393020E-16
8564.92814523403  1.467592E-16
8566.90468561425  1.431624E-16
8568.88122599448  1.494994E-16
8570.8577663747  1.498329E-16
8572.83430675492  1.468705E-16
8574.81084713515  1.424743E-16
8576.78738751537  1.505574E-16
8578.76392789559  1.493845E-16
8580.74046827581  1.502396E-16
8582.71700865604  1.459739E-16
8584.69354903626  1.452138E-16
8586.67008941648  1.491990E-16
8588.64662979671  1.539743E-16
8590.62317017693  1.525168E-16
8592.59971055715  1.538231E-16
8594.57625093737  1.456512E-16
8596.5527913176  1.514810E-16
8598.52933169782  1.523775E-16
8600.50587207804  1.521398E-16
8602.48241245826  1.531698E-16
8604.45895283849  1.630853E-16
8606.43549321871  1.650401E-16
8608.41203359894  1.644165E-16
8610.38857397916  1.644703E-16
8612.36511435938  1.652962E-16
8614.3416547396  1.613016E-16
8616.31819511982  1.634371E-16
8618.29473550005  1.709195E-16
8620.27127588027  1.620876E-16
8622.24781626049  1.697465E-16
8624.22435664072  1.638844E-16
8626.20089702094  1.716802E-16
8628.17743740116  1.786227E-16
8630.15397778139  1.787265E-16
8632.13051816161  1.766092E-16
8634.10705854183  1.790617E-16
8636.08359892205  1.801598E-16
8638.06013930228  1.725279E-16
8640.0366796825  1.720717E-16
8642.01322006272  1.745030E-16
8643.98976044294  1.729454E-16
8645.96630082317  1.823675E-16
8647.94284120339  1.772576E-16
8649.91938158361  1.806765E-16
8651.89592196384  1.884049E-16
8653.87246234406  1.817799E-16
8655.84900272428  1.790911E-16
8657.8255431045  1.829597E-16
8659.80208348473  1.940752E-16
8661.77862386495  2.028381E-16
8663.75516424517  1.920127E-16
8665.7317046254  1.893870E-16
8667.70824500562  1.938043E-16
8669.68478538584  2.003849E-16
8671.66132576606  1.984488E-16
8673.63786614629  2.008998E-16
8675.61440652651  2.058288E-16
8677.59094690673  2.083102E-16
8679.56748728695  2.086726E-16
8681.54402766718  2.068613E-16
8683.5205680474  2.014219E-16
8685.49710842762  2.057817E-16
8687.47364880785  1.998069E-16
8689.45018918807  2.065910E-16
8691.42672956829  2.030383E-16
8693.40326994852  2.074185E-16
8695.37981032874  2.134305E-16
8697.35635070896  2.117388E-16
8699.33289108918  2.118828E-16
8701.3094314694  2.117143E-16
8703.28597184963  2.203604E-16
8705.26251222985  2.250879E-16
8707.23905261007  2.143025E-16
8709.2155929903  2.141907E-16
8711.19213337052  2.034949E-16
8713.16867375074  2.089033E-16
8715.14521413097  2.130776E-16
8717.12175451119  2.247311E-16
8719.09829489141  2.204327E-16
8721.07483527163  2.246905E-16
8723.05137565185  2.250384E-16
8725.02791603208  2.246592E-16
8727.0044564123  2.248532E-16
8728.98099679253  2.155535E-16
8730.95753717275  2.164517E-16
8732.93407755297  2.153502E-16
8734.91061793319  2.270549E-16
8736.88715831342  2.303953E-16
8738.86369869364  2.292603E-16
8740.84023907386  2.303495E-16
8742.81677945409  2.299859E-16
8744.79331983431  2.207685E-16
8746.76986021453  2.254008E-16
8748.74640059475  2.338278E-16
8750.72294097497  2.326644E-16
8752.6994813552  2.286721E-16
8754.67602173542  2.296409E-16
8756.65256211564  2.127014E-16
8758.62910249587  2.154733E-16
8760.60564287609  2.229133E-16
8762.58218325631  2.185594E-16
8764.55872363654  2.334220E-16
8766.53526401676  2.484846E-16
8768.51180439698  2.464857E-16
8770.4883447772  2.380056E-16
8772.46488515743  2.345767E-16
8774.44142553765  2.391199E-16
8776.41796591787  2.266025E-16
8778.3945062981  2.160469E-16
8780.37104667832  2.231558E-16
8782.34758705854  2.296200E-16
8784.32412743876  2.321552E-16
8786.30066781899  2.331375E-16
8788.27720819921  2.402089E-16
8790.25374857943  2.389683E-16
8792.23028895965  2.315601E-16
8794.20682933988  2.264262E-16
8796.1833697201  2.352151E-16
8798.15991010032  2.400680E-16
8800.13645048055  2.369703E-16
8802.11299086077  2.315157E-16
8804.08953124099  2.260110E-16
8806.06607162121  2.329189E-16
8808.04261200144  2.236541E-16
8810.01915238166  2.352520E-16
8811.99569276188  2.311437E-16
8813.97223314211  2.334697E-16
8815.94877352233  2.354197E-16
8817.92531390255  2.319339E-16
8819.90185428277  2.291701E-16
8821.878394663  2.277277E-16
8823.85493504322  2.284211E-16
8825.83147542344  2.226967E-16
8827.80801580367  2.302656E-16
8829.78455618389  2.277076E-16
8831.76109656411  2.253233E-16
8833.73763694433  2.332940E-16
8835.71417732456  2.344351E-16
8837.69071770478  2.351056E-16
8839.667258085  2.262856E-16
