4020.  2.103538
4029.19999977395  1.450784
4038.39999954789  1.584137
4047.59999932183  2.013104
4056.79999909578  2.105515
4065.99999886972  1.98799
4075.19999864366  2.046004
4084.39999841761  2.321069
4093.59999819155  1.857505
4102.7999979655  2.045882
4111.99999773944  2.011123
4121.19999751338  2.010363
4130.39999728733  1.834643
4139.59999706127  2.088932
4148.79999683522  1.51371
4157.99999660916  1.605665
4167.1999963831  1.43335
4176.39999615705  1.669255
4185.59999593099  1.686883
4194.79999570494  1.907727
4203.99999547888  1.581231
4213.19999525282  1.752576
4222.39999502677  1.706941
4231.59999480071  1.76386
4240.79999457465  1.62974
4249.9999943486  2.003173
4259.19999412254  1.942461
4268.39999389649  1.845675
4277.59999367043  1.807558
4286.79999344437  1.811002
4295.99999321832  1.798171
4305.19999299226  1.629869
4314.39999276621  1.701432
4323.59999254015  1.769298
4332.79999231409  1.962122
4341.99999208804  1.867187
4351.19999186198  1.559801
4360.39999163592  1.85033
4369.59999140987  1.755708
4378.79999118381  1.558797
4387.99999095776  1.544072
4397.1999907317  1.798968
4406.39999050565  1.371503
4415.59999027959  1.673014
4424.79999005353  1.440007
4433.99998982748  1.075874
4443.19998960142  1.375762
4452.39998937536  1.279307
4461.59998914931  1.31438
4470.79998892325  1.149188
4479.9999886972  1.246713
4489.19998847114  1.169573
4498.39998824509  1.263229
4507.59998801903  1.04488
4516.79998779297  1.396527
4525.99998756692  1.36618
4535.19998734086  1.432414
4544.3999871148  1.215531
4553.59998688875  1.278777
4562.79998666269  1.361158
4571.99998643664  1.42021
4581.19998621058  1.317587
4590.39998598452  1.287855
4599.59998575847  1.152969
4608.79998553241  1.257282
4617.99998530636  1.227342
4627.1999850803  1.268386
4636.39998485424  1.372804
4645.59998462819  1.161221
4654.79998440213  1.347526
4663.99998417607  1.349479
4673.19998395002  1.508135
4682.39998372396  1.50105
4691.59998349791  1.455358
4700.79998327185  1.463135
4709.9999830458  1.51775
4719.19998281974  1.390817
4728.39998259368  1.429721
4737.59998236763  1.372983
4746.79998214157  1.356543
4755.99998191551  1.285144
4765.19998168946  1.48554
4774.3999814634  1.464217
4783.59998123735  1.414174
4792.79998101129  1.41472
4801.99998078523  1.512861
4811.19998055918  1.474515
4820.39998033312  1.434557
4829.59998010707  1.377601
4838.79997988101  1.224235
4847.99997965495  1.227878
4857.1999794289  1.250815
4866.39997920284  1.236323
4875.59997897679  1.268179
4884.79997875073  1.207086
4893.99997852467  1.251158
4903.19997829862  1.267083
4912.39997807256  1.303744
4921.59997784651  1.247087
4930.79997762045  1.20874
4939.99997739439  1.272151
4949.19997716834  1.178171
4958.39997694228  1.151256
4967.59997671622  1.218964
4976.79997649017  1.250172
4985.99997626411  1.175813
4995.19997603806  1.184005
5004.399975812  1.108391
5013.59997558594  1.254953
5022.79997535989  1.122973
5031.99997513383  1.127774
5041.19997490778  1.085698
5050.39997468172  1.083698
5059.59997445566  0.9729145
5068.79997422961  0.9339461
5077.99997400355  0.9965836
5087.1999737775  0.9072486
5096.39997355144  0.7620639
5105.59997332538  0.893143
5114.79997309933  0.9658238
5123.99997287327  0.9598151
5133.19997264721  0.9949438
5142.39997242116  0.9943662
5151.5999721951  0.8696163
5160.79997196905  1.039174
5169.99997174299  0.8955733
5179.19997151694  0.8866268
5188.39997129088  0.9662662
5197.59997106482  0.920433
5206.79997083877  1.00521
5215.99997061271  1.066759
5225.19997038665  1.050914
5234.3999701606  0.9421915
5243.59996993454  0.9470524
5252.79996970849  1.047449
5261.99996948243  1.022037
5271.19996925637  1.051707
5280.39996903032  1.126384
5289.59996880426  1.112734
5298.79996857821  1.145966
5307.99996835215  1.063352
5317.19996812609  1.110107
5326.39996790004  1.188131
5335.59996767398  1.102186
5344.79996744792  1.088377
5353.99996722187  1.19771
5363.19996699581  1.152773
5372.39996676976  1.096992
5381.5999665437  1.152273
5390.79996631765  1.171956
5399.99996609159  1.147649
5409.19996586553  1.169365
5418.39996563948  1.085374
5427.59996541342  1.134017
5436.79996518736  1.021608
5445.99996496131  0.9000693
5455.19996473525  0.9494829
5464.3999645092  0.9848466
5473.59996428314  0.9496024
5482.79996405708  0.9655585
5491.99996383103  0.9085759
5501.19996360497  0.8749229
5510.39996337892  0.8884462
5519.59996315286  0.9017813
5528.7999629268  0.9140094
5537.99996270075  1.049157
5547.19996247469  0.9914717
5556.39996224864  0.9965344
5565.59996202258  0.980866
5574.79996179652  0.8782089
5583.99996157047  0.9464601
5593.19996134441  0.9221697
5602.39996111836  0.9860842
5611.5999608923  1.002451
5620.79996066624  0.9925916
5629.99996044019  0.8784722
5639.19996021413  0.8866279
5648.39995998807  0.9634471
5657.59995976202  0.8118138
5666.79995953596  0.914802
5675.99995930991  0.9441537
5685.19995908385  0.8520753
5694.3999588578  0.8386382
5703.59995863174  0.8613872
5712.79995840568  0.9014894
5721.99995817963  0.8723691
5731.19995795357  0.9287242
5740.39995772751  0.9086649
5749.59995750146  1.077095
5758.7999572754  1.005591
5767.99995704935  1.03707
5777.19995682329  1.077697
5786.39995659723  1.027144
5795.59995637118  0.9818392
5804.79995614512  0.983605
5813.99995591907  0.9899215
5823.19995569301  1.042638
5832.39995546695  1.028181
5841.5999552409  1.031439
5850.79995501484  0.9902748
5859.99995478878  0.9681063
5869.19995456273  0.9361677
5878.39995433667  1.000756
5887.59995411062  0.9651005
5896.79995388456  1.013685
5905.9999536585  1.021279
5915.19995343245  0.9844344
5924.39995320639  0.977659
5933.59995298034  1.00365
5942.79995275428  1.097356
5951.99995252822  1.025179
5961.19995230217  0.9668901
5970.39995207611  0.9771648
5979.59995185006  0.8133398
5988.799951624  1.031196
5997.99995139794  0.8731244
6007.19995117189  0.8417428
6016.39995094583  0.9008017
6025.59995071978  0.8963974
6034.79995049372  0.9977919
6043.99995026767  0.983466
6053.19995004161  0.8737594
6062.39994981555  0.8662167
6071.5999495895  0.9595934
6080.79994936344  0.8913013
6089.99994913738  1.008458
6099.19994891133  0.9812539
6108.39994868527  0.8759719
6117.59994845922  0.9823136
6126.79994823316  1.035753
6135.9999480071  1.016074
6145.19994778105  1.043179
6154.39994755499  0.9903612
6163.59994732893  1.01965
6172.79994710288  0.9618123
6181.99994687682  0.9724942
6191.19994665077  0.9382393
6200.39994642471  0.9345042
6209.59994619865  0.9238942
6218.7999459726  1.023228
6227.99994574654  0.9011217
6237.19994552049  1.028516
6246.39994529443  0.9198267
6255.59994506837  0.9107044
6264.79994484232  0.8591473
6273.99994461626  0.9042253
6283.19994439021  0.8838052
6292.39994416415  0.8672423
6301.59994393809  0.8976374
6310.79994371204  0.9090267
6319.99994348598  0.8851684
6329.19994325993  0.8061615
6338.39994303387  0.8275301
6347.59994280781  0.8314037
6356.79994258176  0.7647616
6365.9999423557  0.7227803
6375.19994212965  0.6827599
6384.39994190359  0.6614192
6393.59994167753  0.7042702
6402.79994145148  0.730764
6411.99994122542  0.6432082
6421.19994099936  0.6257811
6430.39994077331  0.6632135
6439.59994054725  0.715923
6448.7999403212  0.6545233
6457.99994009514  0.8324151
6467.19993986909  0.7081456
6476.39993964303  0.7258402
6485.59993941697  0.6951234
6494.79993919092  0.8174523
6503.99993896486  0.7514489
6513.1999387388  0.8018093
6522.39993851275  0.7225196
6531.59993828669  0.7760034
6540.79993806064  0.8317289
6549.99993783458  0.8325426
6559.19993760852  0.8405595
6568.39993738247  0.9314349
6577.59993715641  0.7998334
6586.79993693035  1.014203
6595.9999367043  0.8687074
6605.19993647824  0.907461
6614.39993625219  0.819241
6623.59993602613  0.9083704
6632.79993580007  0.8147351
6641.99993557402  0.9123703
6651.19993534796  0.8375246
6660.39993512191  0.769681
6669.59993489585  0.9837295
6678.79993466979  0.908269
6687.99993444374  0.9062564
6697.19993421768  0.8639253
6706.39993399163  0.8468676
6715.59993376557  0.825776
6724.79993353951  0.8544326
6733.99993331346  0.9089549
6743.1999330874  1.037991
6752.39993286135  0.9223654
6761.59993263529  0.8316969
6770.79993240923  0.9163568
6779.99993218318  0.8359323
6789.19993195712  0.9113408
6798.39993173107  0.8703562
6807.59993150501  0.8842821
6816.79993127895  0.8516666
6825.9999310529  0.8777488
6835.19993082684  0.90831
6844.39993060078  0.8889483
6853.59993037473  0.9447551
6862.79993014867  0.9824319
6871.99992992262  0.8549325
6881.19992969656  0.9337255
6890.3999294705  0.83042
6899.59992924445  0.8880371
6908.79992901839  0.8152332
6917.99992879234  0.7941907
6927.19992856628  0.8189679
6936.39992834023  0.8554216
6945.59992811417  0.8136385
6954.79992788811  0.6464571
6963.99992766206  0.7989927
6973.199927436  0.8170309
6982.39992720994  0.7610039
6991.59992698389  0.6493919
7000.79992675783  0.788214
7009.99992653177  0.8498504
7019.19992630572  0.7343189
7028.39992607966  0.7422534
7037.59992585361  0.831647
7046.79992562755  0.7471773
7055.9999254015  0.7793941
7065.19992517544  0.7928218
7074.39992494938  0.6896621
7083.59992472333  0.785911
7092.79992449727  0.7920049
7101.99992427121  0.7321225
7111.19992404516  0.632895
7120.3999238191  0.7779021
7129.59992359305  0.7500907
7138.79992336699  0.8191435
7147.99992314094  0.8666723
7157.19992291488  0.6712416
7166.39992268882  0.7049575
7175.59992246277  0.7298313
7184.79992223671  0.7101482
7193.99992201065  0.6319819
7203.1999217846  0.6142716
7212.39992155854  0.6469548
7221.59992133249  0.7348285
7230.79992110643  0.5205854
7239.99992088037  0.5252931
7249.19992065432  0.7712013
7258.39992042826  0.582591
7267.5999202022  0.7375127
7276.79991997615  0.6959733
7285.99991975009  0.5322396
7295.19991952404  0.7931375
7304.39991929798  0.7468113
7313.59991907193  0.7752756
7322.79991884587  0.708659
7331.99991861981  0.568835
7341.19991839376  0.6355473
7350.3999181677  0.741716
7359.59991794164  0.6887494
7368.79991771559  0.8154084
7377.99991748953  0.6902189
7387.19991726348  0.6200477
7396.39991703742  0.5163219
7405.59991681136  0.6065692
7414.79991658531  0.5684196
7423.99991635925  0.6933543
7433.1999161332  0.6564763
7442.39991590714  0.7566668
7451.59991568108  0.7739673
7460.79991545503  0.5191719
7469.99991522897  0.7557585
7479.19991500292  0.7544988
7488.39991477686  0.6187909
7497.5999145508  0.6526663
7506.79991432475  0.687909
7515.99991409869  0.5884523
7525.19991387264  0.562085
7534.39991364658  0.5577322
7543.59991342052  0.7503367
7552.79991319447  0.7344926
7561.99991296841  0.5693467
7571.19991274235  0.5862275
7580.3999125163  0.5740941
7589.59991229024  0.5202254
7598.79991206419  0.4255911
7607.99991183813  0.3466023
7617.19991161207  0.8799352
7626.39991138602  0.7039601
7635.59991115996  0.4149126
7644.79991093391  0.3080654
7653.99991070785  0.4347947
7663.19991048179  0.3769473
7672.39991025574  0.8195238
7681.59991002968  0.6272992
7690.79990980363  0.5986835
7699.99990957757  0.6663193
7709.19990935151  0.7503971
7718.39990912546  0.7257726
7727.5999088994  0.749706
7736.79990867335  0.5764275
7745.99990844729  0.8114401
7755.19990822123  0.6501647
7764.39990799518  0.3855339
7773.59990776912  0.6368424
7782.79990754307  0.890392
7791.99990731701  0.6667156
7801.19990709095  0.999476
7810.3999068649  0.8405795
7819.59990663884  0.860584
7828.79990641279  0.8428571
7837.99990618673  0.4408332
7847.19990596067  0.2813048
7856.39990573462  0.693782
7865.59990550856  0.5124086
7874.7999052825  1.000793
7883.99990505645  0.3359549
7893.19990483039  0.6689183
7902.39990460434  0.8751806
7911.59990437828  0.2291151
7920.79990415222  0.5823069
7929.99990392617  0.4697696
7939.19990370011  0.9349307
7948.39990347406  0.6907156
7957.599903248  0.9935121
7966.79990302194  0.2467591
7975.99990279589  0.4428274
7985.19990256983  0.1570857
7994.39990234378  0.5534798
