3800.00000000001  8.132131E-16
3803.38321399689  6.225008E-16
3806.76642799378  4.697249E-16
3810.14964199067  8.535888E-16
3813.53285598756  1.069780E-15
3816.91606998444  5.437409E-16
3820.29928398133  4.701077E-16
3823.68249797822  7.518883E-16
3827.0657119751  6.341005E-16
3830.44892597199  7.584393E-16
3833.83213996888  9.285298E-16
3837.21535396577  9.234116E-16
3840.59856796265  9.172163E-16
3843.98178195954  9.187447E-16
3847.36499595643  8.790986E-16
3850.74820995331  9.550104E-16
3854.1314239502  1.063376E-15
3857.51463794709  1.153115E-15
3860.89785194398  1.428258E-15
3864.28106594086  1.350986E-15
3867.66427993775  9.701388E-16
3871.04749393464  1.111841E-15
3874.43070793152  1.031072E-15
3877.81392192841  9.512741E-16
3881.1971359253  1.168278E-15
3884.58034992219  1.053479E-15
3887.96356391907  1.256998E-15
3891.34677791596  1.235941E-15
3894.72999191285  1.017481E-15
3898.11320590974  1.462707E-15
3901.49641990662  1.511941E-15
3904.87963390351  1.541710E-15
3908.2628479004  1.703959E-15
3911.64606189729  1.333128E-15
3915.02927589417  1.077211E-15
3918.41248989106  1.199303E-15
3921.79570388795  1.479428E-15
3925.17891788483  1.462546E-15
3928.56213188172  1.151986E-15
3931.94534587861  1.250806E-15
3935.32855987549  1.178794E-15
3938.71177387238  1.232899E-15
3942.09498786927  1.519170E-15
3945.47820186616  1.375321E-15
3948.86141586304  1.231027E-15
3952.24462985993  1.514212E-15
3955.62784385682  1.469715E-15
3959.01105785371  1.522991E-15
3962.39427185059  1.880551E-15
3965.77748584748  1.542681E-15
3969.16069984437  1.247639E-15
3972.54391384125  1.262004E-15
3975.92712783814  1.177010E-15
3979.31034183503  1.009263E-15
3982.69355583192  1.179370E-15
3986.0767698288  1.319336E-15
3989.45998382569  1.138824E-15
3992.84319782258  1.245670E-15
3996.22641181947  1.371933E-15
3999.60962581635  1.181086E-15
4002.99283981324  1.404652E-15
4006.37605381013  1.555177E-15
4009.75926780701  1.480793E-15
4013.1424818039  1.347879E-15
4016.52569580079  1.141889E-15
4019.90890979767  1.156363E-15
4023.29212379456  1.184668E-15
4026.67533779145  1.242119E-15
4030.05855178834  1.334230E-15
4033.44176578522  1.437632E-15
4036.82497978211  1.137008E-15
4040.208193779  1.054855E-15
4043.59140777588  1.317391E-15
4046.97462177277  1.229956E-15
4050.35783576966  1.202446E-15
4053.74104976655  1.137692E-15
4057.12426376343  1.048021E-15
4060.50747776032  1.083922E-15
4063.89069175721  1.195375E-15
4067.2739057541  1.269835E-15
4070.65711975098  1.095119E-15
4074.04033374787  1.212145E-15
4077.42354774476  1.241288E-15
4080.80676174165  1.072764E-15
4084.18997573853  1.136615E-15
4087.57318973542  1.053494E-15
4090.95640373231  8.600438E-16
4094.33961772919  1.033110E-15
4097.72283172608  1.143330E-15
4101.10604572297  1.156988E-15
4104.48925971986  1.095941E-15
4107.87247371674  1.110282E-15
4111.25568771363  1.336878E-15
4114.63890171052  1.334475E-15
4118.02211570741  1.346345E-15
4121.40532970429  1.214816E-15
4124.78854370118  1.132819E-15
4128.17175769807  1.202973E-15
4131.55497169495  1.311085E-15
4134.93818569184  1.483661E-15
4138.32139968873  1.403737E-15
4141.70461368562  1.335486E-15
4145.0878276825  1.387534E-15
4148.47104167939  1.279110E-15
4151.85425567628  1.475732E-15
4155.23746967316  1.426553E-15
4158.62068367005  1.358065E-15
4162.00389766694  1.472840E-15
4165.38711166383  1.438366E-15
4168.77032566071  1.395340E-15
4172.1535396576  1.490806E-15
4175.53675365449  1.512042E-15
4178.91996765137  1.516035E-15
4182.30318164826  1.596241E-15
4185.68639564515  1.621690E-15
4189.06960964204  1.474174E-15
4192.45282363892  1.410912E-15
4195.83603763581  1.556609E-15
4199.2192516327  1.656784E-15
4202.60246562959  1.435027E-15
4205.98567962647  1.342399E-15
4209.36889362336  1.448384E-15
4212.75210762025  1.377586E-15
4216.13532161713  1.286742E-15
4219.51853561402  1.242767E-15
4222.90174961091  1.292268E-15
4226.28496360779  1.330174E-15
4229.66817760468  1.320018E-15
4233.05139160157  1.432841E-15
4236.43460559846  1.260881E-15
4239.81781959534  1.332482E-15
4243.20103359223  1.413559E-15
4246.58424758912  1.242337E-15
4249.96746158601  1.368490E-15
4253.35067558289  1.418477E-15
4256.73388957978  1.317635E-15
4260.11710357667  1.270597E-15
4263.50031757355  1.208711E-15
4266.88353157044  1.193702E-15
4270.26674556733  1.238457E-15
4273.64995956422  1.207522E-15
4277.0331735611  1.256285E-15
4280.41638755799  1.275606E-15
4283.79960155488  1.254121E-15
4287.18281555177  1.257187E-15
4290.56602954865  1.205923E-15
4293.94924354554  1.219762E-15
4297.33245754243  1.176459E-15
4300.71567153931  1.059301E-15
4304.0988855362  1.006560E-15
4307.48209953309  8.790293E-16
4310.86531352998  9.107260E-16
4314.24852752686  1.052622E-15
4317.63174152375  1.087345E-15
4321.01495552064  1.053349E-15
4324.39816951752  9.463694E-16
4327.78138351441  8.681392E-16
4331.1645975113  7.021361E-16
4334.54781150819  7.687856E-16
4337.93102550507  9.426868E-16
4341.31423950196  8.112542E-16
4344.69745349885  6.470371E-16
4348.08066749573  7.806870E-16
4351.46388149262  9.161820E-16
4354.84709548951  7.827221E-16
4358.2303094864  7.012090E-16
4361.61352348328  7.487356E-16
4364.99673748017  6.389824E-16
4368.37995147706  6.157969E-16
4371.76316547395  7.298061E-16
4375.14637947083  6.477581E-16
4378.52959346772  6.707567E-16
4381.91280746461  7.079033E-16
4385.29602146149  6.445463E-16
4388.67923545838  6.139976E-16
4392.06244945527  6.133804E-16
4395.44566345216  6.285486E-16
4398.82887744904  6.562354E-16
4402.21209144593  6.092196E-16
4405.59530544282  5.695127E-16
4408.9785194397  6.892733E-16
4412.36173343659  7.896786E-16
4415.74494743348  7.350900E-16
4419.12816143037  6.824200E-16
4422.51137542725  7.325064E-16
4425.89458942414  8.414115E-16
4429.27780342103  7.857889E-16
4432.66101741792  6.921101E-16
4436.0442314148  8.276605E-16
4439.42744541169  8.286024E-16
4442.81065940858  8.143999E-16
4446.19387340546  9.257061E-16
4449.57708740235  8.660592E-16
4452.96030139924  9.097745E-16
4456.34351539613  1.044352E-15
4459.72672939301  1.006135E-15
4463.1099433899  8.982636E-16
4466.49315738679  9.235990E-16
4469.87637138368  9.967666E-16
4473.25958538056  1.016991E-15
4476.64279937745  9.755373E-16
4480.02601337434  9.322373E-16
4483.40922737122  1.022702E-15
4486.79244136811  1.075552E-15
4490.175655365  1.085643E-15
4493.55886936189  1.121987E-15
4496.94208335877  1.107929E-15
4500.32529735566  1.092815E-15
4503.70851135255  1.123717E-15
4507.09172534944  1.150124E-15
4510.47493934632  1.153900E-15
4513.85815334321  1.048584E-15
4517.2413673401  1.035949E-15
4520.62458133698  1.108612E-15
4524.00779533387  1.302490E-15
4527.39100933076  1.228182E-15
4530.77422332765  1.079959E-15
4534.15743732453  1.216950E-15
4537.54065132142  1.268912E-15
4540.92386531831  1.280616E-15
4544.30707931519  1.247283E-15
4547.69029331208  1.266168E-15
4551.07350730897  1.269617E-15
4554.45672130586  1.381553E-15
4557.83993530274  1.491815E-15
4561.22314929963  1.507072E-15
4564.60636329652  1.464504E-15
4567.98957729341  1.452713E-15
4571.37279129029  1.558467E-15
4574.75600528718  1.434940E-15
4578.13921928407  1.326098E-15
4581.52243328095  1.477553E-15
4584.90564727784  1.510880E-15
4588.28886127473  1.311090E-15
4591.67207527161  1.387710E-15
4595.0552892685  1.519857E-15
4598.43850326539  1.463952E-15
4601.82171726228  1.371871E-15
4605.20493125916  1.301563E-15
4608.58814525605  1.404736E-15
4611.97135925294  1.341269E-15
4615.35457324982  1.332122E-15
4618.73778724671  1.404879E-15
4622.1210012436  1.376681E-15
4625.50421524049  1.397779E-15
4628.88742923737  1.321572E-15
4632.27064323426  1.399450E-15
4635.65385723115  1.387474E-15
4639.03707122804  1.312525E-15
4642.42028522492  1.273240E-15
4645.80349922181  1.253805E-15
4649.1867132187  1.297755E-15
4652.56992721559  1.221176E-15
4655.95314121247  1.210011E-15
4659.33635520936  1.245303E-15
4662.71956920625  1.191243E-15
4666.10278320313  1.156881E-15
4669.48599720002  1.086757E-15
4672.86921119691  1.023853E-15
4676.2524251938  1.044896E-15
4679.63563919068  1.046624E-15
4683.01885318757  1.025369E-15
4686.40206718446  1.010538E-15
4689.78528118134  9.689919E-16
4693.16849517823  9.705478E-16
4696.55170917512  9.241894E-16
4699.93492317201  8.483174E-16
4703.31813716889  8.311351E-16
4706.70135116578  7.898909E-16
4710.08456516267  9.253960E-16
4713.46777915955  9.519114E-16
4716.85099315644  8.731259E-16
4720.23420715333  7.812737E-16
4723.61742115022  7.838976E-16
4727.0006351471  9.043134E-16
4730.38384914399  7.995672E-16
4733.76706314088  7.067729E-16
4737.15027713777  8.071525E-16
4740.53349113465  7.807921E-16
4743.91670513154  7.355845E-16
4747.29991912843  8.001863E-16
4750.68313312531  7.617367E-16
4754.0663471222  7.034795E-16
4757.44956111909  6.807285E-16
4760.83277511597  6.594588E-16
4764.21598911286  6.958372E-16
4767.59920310975  7.427910E-16
4770.98241710664  6.728293E-16
4774.36563110352  6.717081E-16
4777.74884510041  6.881018E-16
4781.1320590973  6.660647E-16
4784.51527309419  6.468389E-16
4787.89848709107  6.264102E-16
4791.28170108796  6.604052E-16
4794.66491508485  6.656523E-16
4798.04812908174  6.354056E-16
4801.43134307862  6.680997E-16
4804.81455707551  5.979812E-16
4808.1977710724  5.414756E-16
4811.58098506928  5.767250E-16
4814.96419906617  6.022555E-16
4818.34741306306  6.728930E-16
4821.73062705994  6.277229E-16
4825.11384105683  6.094510E-16
4828.49705505372  6.588595E-16
4831.88026905061  6.142437E-16
4835.26348304749  6.360736E-16
4838.64669704438  6.423193E-16
4842.02991104127  6.316104E-16
4845.41312503816  7.277684E-16
4848.79633903504  7.471960E-16
4852.17955303193  6.561840E-16
4855.56276702882  6.667623E-16
4858.9459810257  7.582108E-16
4862.32919502259  8.031955E-16
4865.71240901948  7.506067E-16
4869.09562301637  6.647172E-16
4872.47883701325  6.474802E-16
4875.86205101014  7.076297E-16
4879.24526500703  7.179770E-16
4882.62847900392  7.630678E-16
4886.0116930008  7.815246E-16
4889.39490699769  7.343404E-16
4892.77812099458  7.238872E-16
4896.16133499146  6.704052E-16
4899.54454898835  6.241523E-16
4902.92776298524  7.167841E-16
4906.31097698213  6.733584E-16
4909.69419097901  6.601749E-16
4913.0774049759  5.925682E-16
4916.46061897279  6.010209E-16
4919.84383296967  7.051773E-16
4923.22704696656  6.107146E-16
4926.61026096345  5.427313E-16
4929.99347496034  5.355913E-16
4933.37668895722  5.655329E-16
4936.75990295411  6.201224E-16
4940.143116951  6.155469E-16
4943.52633094789  5.857851E-16
4946.90954494477  5.646947E-16
4950.29275894166  5.384355E-16
4953.67597293855  5.261783E-16
4957.05918693543  4.837623E-16
4960.44240093232  4.534428E-16
4963.82561492921  4.480773E-16
4967.2088289261  4.452423E-16
4970.59204292298  4.724110E-16
4973.97525691987  4.280937E-16
4977.35847091676  4.308750E-16
4980.74168491364  4.314085E-16
4984.12489891053  4.897222E-16
4987.50811290742  5.704978E-16
4990.89132690431  5.129695E-16
4994.27454090119  4.745658E-16
4997.65775489808  5.595636E-16
5001.04096889497  5.421434E-16
5004.42418289186  5.128997E-16
5007.80739688874  6.019578E-16
5011.19061088563  6.134137E-16
5014.57382488252  6.292293E-16
5017.9570388794  6.807804E-16
5021.34025287629  6.656102E-16
5024.72346687318  6.473419E-16
5028.10668087007  6.895928E-16
5031.48989486695  6.646307E-16
5034.87310886384  7.656677E-16
5038.25632286073  8.336344E-16
5041.63953685761  7.279186E-16
5045.0227508545  7.283003E-16
5048.40596485139  7.472278E-16
5051.78917884828  7.559928E-16
5055.17239284516  7.892854E-16
5058.55560684205  7.931564E-16
5061.93882083894  8.376873E-16
5065.32203483583  8.290679E-16
5068.70524883271  7.789633E-16
5072.0884628296  8.133386E-16
5075.47167682649  8.347549E-16
5078.85489082338  7.717558E-16
5082.23810482026  7.350357E-16
5085.62131881715  8.502228E-16
5089.00453281404  8.996318E-16
5092.38774681092  8.755953E-16
5095.77096080781  8.574219E-16
5099.1541748047  8.331476E-16
5102.53738880158  9.761931E-16
5105.92060279847  9.753655E-16
5109.30381679536  9.038390E-16
5112.68703079225  8.356296E-16
5116.07024478913  9.134152E-16
5119.45345878602  9.632047E-16
5122.83667278291  9.476370E-16
5126.2198867798  9.332835E-16
5129.60310077668  9.381690E-16
5132.98631477357  9.846406E-16
5136.36952877046  1.027425E-15
5139.75274276734  1.040790E-15
5143.13595676423  9.264702E-16
5146.51917076112  9.373238E-16
5149.902384758  9.989231E-16
5153.28559875489  7.670011E-16
5156.66881275178  1.496968E-16
5160.05202674867  9.194368E-17
5163.43524074556  9.752935E-16
5166.81845474244  1.121670E-15
5170.20166873933  1.100407E-15
5173.58488273622  1.093143E-15
5176.9680967331  1.107782E-15
5180.35131072999  1.117908E-15
5183.73452472688  1.129241E-15
5187.11773872376  1.125300E-15
5190.50095272065  1.192565E-15
5193.88416671754  1.144376E-15
5197.26738071443  1.113087E-15
5200.65059471131  1.178020E-15
5204.0338087082  1.226686E-15
5207.41702270509  1.243494E-15
5210.80023670197  1.146936E-15
5214.18345069886  1.051438E-15
5217.56666469575  1.191951E-15
5220.94987869264  1.234023E-15
5224.33309268952  1.103618E-15
5227.71630668641  1.126631E-15
5231.0995206833  1.167294E-15
5234.48273468018  1.088940E-15
5237.86594867707  1.099578E-15
5241.24916267396  1.162119E-15
5244.63237667085  1.145282E-15
5248.01559066773  1.110397E-15
5251.39880466462  1.117814E-15
5254.78201866151  1.178931E-15
5258.1652326584  1.184330E-15
5261.54844665528  1.115493E-15
5264.93166065217  1.127201E-15
5268.31487464906  1.138664E-15
5271.69808864594  1.102293E-15
5275.08130264283  1.079985E-15
5278.46451663972  1.117925E-15
5281.84773063661  1.161902E-15
5285.23094463349  1.095916E-15
5288.61415863038  1.128680E-15
5291.99737262727  1.174816E-15
5295.38058662416  1.116351E-15
5298.76380062104  1.045023E-15
5302.14701461793  1.058834E-15
5305.53022861482  1.153289E-15
5308.91344261171  1.165102E-15
5312.29665660859  1.167834E-15
5315.67987060548  1.164949E-15
5319.06308460237  1.056050E-15
5322.44629859925  1.067403E-15
5325.82951259614  1.083727E-15
5329.21272659303  9.759099E-16
5332.59594058992  1.025627E-15
5335.9791545868  9.988655E-16
5339.36236858369  9.946500E-16
5342.74558258058  1.018249E-15
5346.12879657746  9.563295E-16
5349.51201057435  8.810596E-16
5352.89522457124  9.206620E-16
5356.27843856813  9.846701E-16
5359.66165256501  9.991594E-16
5363.0448665619  9.804006E-16
5366.42808055879  9.351904E-16
5369.81129455567  9.142371E-16
5373.19450855256  8.969300E-16
5376.57772254945  8.885527E-16
5379.96093654634  8.658969E-16
5383.34415054322  8.506251E-16
5386.72736454011  9.141873E-16
5390.110578537  9.040882E-16
5393.49379253389  8.376335E-16
5396.87700653077  8.037032E-16
5400.26022052766  8.618369E-16
5403.64343452455  9.314190E-16
5407.02664852143  9.057144E-16
5410.40986251832  8.825260E-16
5413.79307651521  9.120635E-16
5417.1762905121  9.667848E-16
5420.55950450898  9.749855E-16
5423.94271850587  9.398016E-16
5427.32593250276  9.231254E-16
5430.70914649964  9.312330E-16
5434.09236049653  9.452836E-16
5437.47557449342  9.196743E-16
5440.85878849031  9.127121E-16
5444.24200248719  9.647291E-16
5447.62521648408  9.419892E-16
5451.00843048097  9.381473E-16
5454.39164447785  9.560632E-16
5457.77485847474  9.492999E-16
5461.15807247163  9.631763E-16
5464.54128646852  9.972628E-16
5467.9245004654  9.922770E-16
5471.30771446229  9.974812E-16
5474.69092845918  9.897816E-16
5478.07414245606  9.281100E-16
5481.45735645295  9.361513E-16
5484.84057044984  9.138191E-16
5488.22378444673  9.128411E-16
5491.60699844361  9.364203E-16
5494.9902124405  9.012364E-16
5498.37342643739  8.341578E-16
5501.75664043428  8.441571E-16
5505.13985443116  8.548954E-16
5508.52306842805  8.474925E-16
5511.90628242494  8.372154E-16
5515.28949642182  9.110824E-16
5518.67271041871  8.929562E-16
5522.0559244156  8.185463E-16
5525.43913841249  8.070689E-16
5528.82235240937  8.259962E-16
5532.20556640626  8.479307E-16
5535.58878040315  8.475015E-16
5538.97199440004  8.148577E-16
5542.35520839692  7.782493E-16
5545.73842239381  8.010915E-16
5549.1216363907  8.452292E-16
5552.50485038758  8.323528E-16
5555.88806438447  7.849910E-16
5559.27127838136  7.744943E-16
5562.65449237825  7.412971E-16
5566.03770637513  7.041231E-16
5569.42092037202  7.233306E-16
5572.80413436891  7.998742E-16
5576.18734836579  8.422967E-16
5579.57056236268  7.949293E-16
5582.95377635957  7.809604E-16
5586.33699035646  8.079010E-16
5589.72020435334  8.192389E-16
5593.10341835023  8.723800E-16
5596.48663234712  9.572674E-16
5599.869846344  9.403527E-16
5603.25306034089  9.867627E-16
5606.63627433778  9.694334E-16
5610.01948833467  9.394938E-16
5613.40270233155  9.868437E-16
5616.78591632844  9.566566E-16
5620.16913032533  1.065549E-15
5623.55234432222  1.092554E-15
5626.9355583191  1.133926E-15
5630.31877231599  1.119469E-15
5633.70198631288  1.034819E-15
5637.08520030976  1.083132E-15
5640.46841430665  1.068554E-15
5643.85162830354  1.094923E-15
5647.23484230043  1.174139E-15
5650.61805629731  1.182313E-15
5654.0012702942  1.127135E-15
5657.38448429109  1.128671E-15
5660.76769828798  1.117635E-15
5664.15091228486  1.129396E-15
5667.53412628175  1.179968E-15
5670.91734027864  1.169888E-15
5674.30055427553  1.150523E-15
5677.68376827241  1.155934E-15
5681.0669822693  1.183975E-15
5684.45019626619  1.162532E-15
5687.83341026307  1.106589E-15
5691.21662425996  1.160383E-15
5694.59983825685  1.198176E-15
5697.98305225373  1.242565E-15
5701.36626625062  1.245105E-15
5704.74948024751  1.148054E-15
5708.1326942444  1.181175E-15
5711.51590824128  1.162385E-15
5714.89912223817  1.165516E-15
5718.28233623506  1.129315E-15
5721.66555023195  1.128066E-15
5725.04876422883  1.192760E-15
5728.43197822572  1.244359E-15
5731.81519222261  1.196269E-15
5735.19840621949  1.195720E-15
5738.58162021638  1.167368E-15
5741.96483421327  1.136711E-15
5745.34804821016  1.154926E-15
5748.73126220704  1.156180E-15
5752.11447620393  1.149101E-15
5755.49769020082  1.129244E-15
5758.88090419771  1.169596E-15
5762.26411819459  1.234155E-15
5765.64733219148  1.180238E-15
5769.03054618837  1.117525E-15
5772.41376018525  1.120597E-15
5775.79697418214  1.167320E-15
5779.18018817903  1.181480E-15
5782.56340217591  1.171851E-15
5785.9466161728  1.111967E-15
5789.32983016969  1.008116E-15
5792.71304416658  1.054628E-15
5796.09625816346  1.097232E-15
5799.47947216035  1.048432E-15
5802.86268615724  1.031442E-15
5806.24590015412  1.100189E-15
5809.62911415101  1.099027E-15
5813.0123281479  1.074108E-15
5816.39554214479  1.083212E-15
5819.77875614167  1.073363E-15
5823.16197013856  1.061888E-15
5826.54518413545  1.112264E-15
5829.92839813234  1.075307E-15
5833.31161212922  1.050430E-15
5836.69482612611  1.002211E-15
5840.078040123  1.038241E-15
5843.46125411988  1.070771E-15
5846.84446811677  9.842469E-16
5850.22768211366  9.298957E-16
5853.61089611055  9.677897E-16
5856.99411010743  9.901057E-16
5860.37732410432  9.292023E-16
5863.76053810121  9.367595E-16
5867.14375209809  9.655748E-16
5870.52696609498  8.937399E-16
5873.91018009187  8.875083E-16
5877.29339408876  8.947948E-16
5880.67660808564  9.031095E-16
5884.05982208253  9.468585E-16
5887.44303607942  9.356573E-16
5890.8262500763  8.748006E-16
5894.20946407319  9.381732E-16
5897.59267807008  9.232325E-16
5900.97589206697  9.152960E-16
5904.35910606386  9.418066E-16
5907.74232006074  9.393205E-16
5911.12553405763  8.766354E-16
5914.50874805452  9.134427E-16
5917.8919620514  9.365432E-16
5921.27517604829  9.726738E-16
5924.65839004518  9.913647E-16
5928.04160404206  9.924646E-16
5931.42481803895  1.010059E-15
5934.80803203584  9.820394E-16
5938.19124603273  1.011583E-15
5941.57446002961  1.097495E-15
5944.9576740265  1.097161E-15
5948.34088802339  1.107983E-15
5951.72410202028  1.117611E-15
5955.10731601716  1.120045E-15
5958.49053001405  1.102650E-15
5961.87374401094  1.093457E-15
5965.25695800782  1.138880E-15
5968.64017200471  1.239546E-15
5972.0233860016  1.247095E-15
5975.40659999848  1.172455E-15
5978.78981399537  1.184706E-15
5982.17302799226  1.239778E-15
5985.55624198915  1.199428E-15
5988.93945598604  1.210860E-15
5992.32266998292  1.258883E-15
5995.70588397981  1.199440E-15
5999.0890979767  1.150592E-15
6002.47231197358  1.214705E-15
6005.85552597047  1.264588E-15
6009.23873996736  1.273588E-15
6012.62195396424  1.221154E-15
6016.00516796113  1.121199E-15
6019.38838195802  1.085863E-15
6022.77159595491  1.069122E-15
6026.15480995179  1.017597E-15
6029.53802394868  9.946037E-16
6032.92123794557  1.054824E-15
6036.30445194245  1.075368E-15
6039.68766593934  1.081787E-15
6043.07087993623  1.041963E-15
6046.45409393312  9.668905E-16
6049.83730793  9.536668E-16
6053.22052192689  9.611247E-16
6056.60373592378  9.178843E-16
6059.98694992067  8.681983E-16
6063.37016391755  8.434475E-16
6066.75337791444  8.107969E-16
6070.13659191133  7.615260E-16
6073.51980590821  7.343625E-16
6076.9030199051  6.628642E-16
6080.28623390199  6.195005E-16
6083.66944789888  6.399077E-16
6087.05266189576  6.423409E-16
6090.43587589265  6.204633E-16
6093.81908988954  5.701038E-16
6097.20230388643  5.315802E-16
6100.58551788331  5.461602E-16
6103.9687318802  5.075182E-16
6107.35194587709  4.633817E-16
6110.73515987397  4.201139E-16
6114.11837387086  4.781264E-16
6117.50158786775  5.360798E-16
6120.88480186464  4.259280E-16
6124.26801586152  4.035871E-16
6127.65122985841  4.257144E-16
6131.0344438553  4.280723E-16
6134.41765785219  4.167789E-16
6137.80087184907  3.936350E-16
6141.18408584596  4.007186E-16
6144.56729984285  4.443617E-16
6147.95051383973  4.679762E-16
6151.33372783662  4.133702E-16
6154.71694183351  3.948952E-16
6158.1001558304  4.169443E-16
6161.48336982728  4.046687E-16
6164.86658382417  4.268097E-16
6168.24979782106  4.211608E-16
6171.63301181794  4.112822E-16
6175.01622581483  4.073928E-16
6178.39943981172  4.243098E-16
6181.78265380861  3.987869E-16
6185.16586780549  3.923871E-16
6188.54908180238  4.330434E-16
6191.93229579927  4.532658E-16
6195.31550979615  4.622246E-16
6198.69872379304  4.351811E-16
6202.08193778993  4.349533E-16
6205.46515178682  4.258664E-16
6208.8483657837  4.434149E-16
6212.23157978059  4.760812E-16
6215.61479377748  4.724100E-16
6218.99800777437  4.785572E-16
6222.38122177125  4.750447E-16
6225.76443576814  4.519684E-16
6229.14764976503  4.410211E-16
6232.53086376191  4.658601E-16
6235.9140777588  4.746324E-16
6239.29729175569  4.178703E-16
6242.68050575258  4.324778E-16
6246.06371974946  4.743003E-16
6249.44693374635  5.120221E-16
6252.83014774324  5.284758E-16
6256.21336174013  5.461927E-16
6259.59657573701  5.125523E-16
6262.9797897339  5.360197E-16
6266.36300373079  6.310632E-16
6269.74621772767  6.387266E-16
6273.12943172456  6.074449E-16
6276.51264572145  6.431648E-16
6279.89585971833  6.708465E-16
6283.27907371522  6.854302E-16
6286.66228771211  6.978857E-16
6290.045501709  7.135697E-16
6293.42871570588  7.594295E-16
6296.81192970277  7.139990E-16
6300.19514369966  7.518464E-16
6303.57835769654  8.464508E-16
6306.96157169343  8.065623E-16
6310.34478569032  8.502676E-16
6313.72799968721  8.519570E-16
6317.1112136841  8.845688E-16
6320.49442768098  8.825719E-16
6323.87764167787  8.699691E-16
6327.26085567476  8.584363E-16
6330.64406967164  9.228815E-16
6334.02728366853  9.957782E-16
6337.41049766542  9.980813E-16
6340.79371166231  9.406789E-16
6344.17692565919  9.841734E-16
6347.56013965608  1.093839E-15
6350.94335365297  5.901978E-16
6354.32656764985  3.153551E-16
6357.70978164674  9.719432E-16
6361.09299564363  1.083485E-15
6364.47620964052  1.068501E-15
6367.8594236374  1.089895E-15
6371.24263763429  1.134445E-15
6374.62585163118  1.141873E-15
6378.00906562806  1.176200E-15
6381.39227962495  1.211016E-15
6384.77549362184  1.190685E-15
6388.15870761873  1.185261E-15
6391.54192161561  1.208678E-15
6394.9251356125  1.248659E-15
6398.30834960939  1.305843E-15
6401.69156360628  1.327823E-15
6405.07477760316  1.301242E-15
6408.45799160005  1.298561E-15
6411.84120559694  1.293946E-15
6415.22441959382  1.222323E-15
6418.60763359071  1.224043E-15
6421.9908475876  1.238809E-15
6425.37406158449  1.230203E-15
6428.75727558137  1.175085E-15
6432.14048957826  1.197518E-15
6435.52370357515  1.219232E-15
6438.90691757203  1.219184E-15
6442.29013156892  1.261208E-15
6445.67334556581  1.276363E-15
6449.0565595627  1.276643E-15
6452.43977355958  1.292812E-15
6455.82298755647  1.281659E-15
6459.20620155336  1.279555E-15
6462.58941555024  1.228066E-15
6465.97262954713  1.177300E-15
6469.35584354402  1.259313E-15
6472.73905754091  1.250735E-15
6476.12227153779  1.209857E-15
6479.50548553468  1.222010E-15
6482.88869953157  1.243714E-15
6486.27191352846  1.297558E-15
6489.65512752534  1.292891E-15
6493.03834152223  1.367862E-15
6496.42155551912  1.286587E-15
6499.80476951601  1.264570E-15
6503.18798351289  1.321244E-15
6506.57119750978  1.301578E-15
6509.95441150667  1.302210E-15
6513.33762550355  1.355389E-15
6516.72083950044  1.338948E-15
6520.10405349733  1.305721E-15
6523.48726749421  1.312033E-15
6526.8704814911  1.274868E-15
6530.25369548799  1.263673E-15
6533.63690948488  1.246956E-15
6537.02012348177  1.265111E-15
6540.40333747865  1.310002E-15
6543.78655147554  1.249222E-15
6547.16976547242  1.263145E-15
6550.55297946931  1.289467E-15
6553.9361934662  1.324371E-15
6557.31940746309  1.278070E-15
6560.70262145997  1.161444E-15
6564.08583545686  1.148156E-15
6567.46904945375  1.219204E-15
6570.85226345064  1.197378E-15
6574.23547744752  1.151747E-15
6577.61869144441  1.180321E-15
6581.0019054413  1.212896E-15
6584.38511943819  1.200745E-15
6587.76833343507  1.126917E-15
6591.15154743196  1.129240E-15
6594.53476142885  1.138395E-15
6597.91797542573  1.157300E-15
6601.30118942262  1.119259E-15
6604.68440341951  1.108241E-15
6608.06761741639  1.129986E-15
6611.45083141328  1.134998E-15
6614.83404541017  1.140986E-15
6618.21725940706  1.122493E-15
6621.60047340394  1.067319E-15
6624.98368740083  1.098684E-15
6628.36690139772  1.136378E-15
6631.7501153946  1.106562E-15
6635.13332939149  1.053005E-15
6638.51654338838  9.958186E-16
6641.89975738527  9.876649E-16
6645.28297138215  1.055503E-15
6648.66618537904  1.102875E-15
6652.04939937593  1.058057E-15
6655.43261337282  1.096055E-15
6658.8158273697  1.061632E-15
6662.19904136659  1.055088E-15
6665.58225536348  1.100923E-15
6668.96546936036  1.101706E-15
6672.34868335725  1.060033E-15
6675.73189735414  1.031725E-15
6679.11511135103  1.034326E-15
6682.49832534791  1.076885E-15
6685.8815393448  1.083155E-15
6689.26475334169  1.012263E-15
6692.64796733857  1.002424E-15
6696.03118133546  1.035227E-15
6699.41439533235  9.986376E-16
6702.79760932924  9.682347E-16
6706.18082332612  9.844364E-16
6709.56403732301  9.982841E-16
6712.9472513199  1.001232E-15
6716.33046531678  1.017887E-15
6719.71367931367  1.001575E-15
6723.09689331056  1.023959E-15
6726.48010730745  1.011442E-15
6729.86332130434  9.528448E-16
6733.24653530122  9.753024E-16
6736.62974929811  9.978879E-16
6740.012963295  1.008668E-15
6743.39617729188  9.914402E-16
6746.77939128877  9.499311E-16
6750.16260528566  9.499256E-16
6753.54581928255  9.314225E-16
6756.92903327943  9.510831E-16
6760.31224727632  9.831121E-16
6763.69546127321  9.424458E-16
6767.07867527009  9.120652E-16
6770.46188926698  9.016643E-16
6773.84510326387  9.599481E-16
6777.22831726076  9.897482E-16
6780.61153125764  9.421528E-16
6783.99474525453  9.267936E-16
6787.37795925142  9.345703E-16
6790.7611732483  9.383334E-16
6794.14438724519  9.402591E-16
6797.52760124208  9.510919E-16
6800.91081523896  8.947480E-16
6804.29402923585  8.646062E-16
6807.67724323274  9.312010E-16
6811.06045722963  9.299293E-16
6814.44367122652  1.041177E-15
6817.8268852234  6.647704E-16
6821.21009922029  -6.169506E-16
6824.59331321718  -1.031683E-16
6827.97652721406  9.570717E-16
6831.35974121095  9.315778E-16
6834.74295520784  8.836869E-16
6838.12616920473  8.895273E-16
6841.50938320161  9.184282E-16
6844.8925971985  9.232535E-16
6848.27581119539  9.072005E-16
6851.65902519227  8.797117E-16
6855.04223918916  8.609482E-16
6858.42545318605  8.894911E-16
6861.80866718293  8.551796E-16
6865.19188117982  8.540358E-16
6868.57509517671  8.453119E-16
6871.9583091736  7.682380E-16
6875.34152317049  7.314312E-16
6878.72473716737  6.781154E-16
6882.10795116426  6.649563E-16
6885.49116516114  6.866946E-16
6888.87437915803  7.028981E-16
6892.25759315492  7.367945E-16
6895.64080715181  7.541096E-16
6899.0240211487  7.646457E-16
6902.40723514558  7.588923E-16
6905.79044914247  7.186496E-16
6909.17366313936  7.054231E-16
6912.55687713624  7.475875E-16
6915.94009113313  7.778732E-16
6919.32330513002  8.221354E-16
6922.70651912691  8.732306E-16
6926.08973312379  8.162160E-16
6929.47294712068  7.792205E-16
6932.85616111757  7.591212E-16
6936.23937511445  8.002022E-16
6939.62258911134  8.646927E-16
6943.00580310823  8.954247E-16
6946.38901710511  9.076655E-16
6949.772231102  8.567656E-16
6953.15544509889  8.314712E-16
6956.53865909578  8.402715E-16
6959.92187309267  7.952152E-16
6963.30508708955  8.075297E-16
6966.68830108644  8.389465E-16
6970.07151508333  8.652465E-16
6973.45472908021  8.306000E-16
6976.8379430771  8.459685E-16
6980.22115707399  8.638734E-16
6983.60437107088  8.087234E-16
6986.98758506776  8.129976E-16
6990.37079906465  8.120590E-16
6993.75401306154  8.035599E-16
6997.13722705842  7.981399E-16
7000.52044105531  7.648735E-16
7003.9036550522  1.283983E-15
7007.28686904909  1.735681E-15
7010.67008304597  9.200738E-16
7014.05329704286  6.791352E-16
7017.43651103975  8.005103E-16
7020.81972503663  7.550704E-16
7024.20293903352  7.758370E-16
7027.58615303041  8.054037E-16
7030.9693670273  7.808184E-16
7034.35258102419  7.791962E-16
7037.73579502107  7.467780E-16
7041.11900901796  7.532000E-16
7044.50222301485  8.312960E-16
7047.88543701173  7.819398E-16
7051.26865100862  7.565874E-16
7054.65186500551  7.537214E-16
7058.03507900239  7.384198E-16
7061.41829299928  7.452707E-16
7064.80150699617  7.684126E-16
7068.18472099306  7.387552E-16
7071.56793498994  7.348146E-16
7074.95114898683  7.766426E-16
7078.33436298372  7.487996E-16
7081.7175769806  7.427080E-16
7085.10079097749  7.634177E-16
7088.48400497438  7.324725E-16
7091.86721897127  7.284415E-16
7095.25043296815  7.766367E-16
7098.63364696504  7.809356E-16
7102.01686096193  7.751590E-16
7105.40007495881  7.740058E-16
7108.7832889557  7.630560E-16
7112.16650295259  7.422749E-16
7115.54971694948  7.701724E-16
7118.93293094636  7.891255E-16
7122.31614494325  7.409646E-16
7125.69935894014  7.676024E-16
7129.08257293703  7.661825E-16
7132.46578693391  7.256302E-16
7135.8490009308  7.511895E-16
7139.23221492769  7.330641E-16
7142.61542892458  7.540432E-16
7145.99864292146  7.999108E-16
7149.38185691835  7.590376E-16
7152.76507091524  7.660441E-16
7156.14828491212  8.154655E-16
7159.53149890901  7.937525E-16
7162.9147129059  7.863469E-16
7166.29792690279  7.817628E-16
7169.68114089967  7.987025E-16
7173.06435489656  7.683553E-16
7176.44756889345  7.175035E-16
7179.83078289034  7.598525E-16
7183.21399688722  7.777673E-16
7186.59721088411  6.986877E-16
7189.980424881  7.154373E-16
7193.36363887788  7.340620E-16
7196.74685287477  7.510585E-16
7200.13006687166  7.959030E-16
7203.51328086854  7.836978E-16
7206.89649486543  7.461406E-16
7210.27970886232  7.541753E-16
7213.66292285921  7.868737E-16
7217.04613685609  8.295352E-16
7220.42935085298  8.246862E-16
7223.81256484987  8.042216E-16
7227.19577884676  7.901005E-16
7230.57899284364  8.036894E-16
7233.96220684053  7.652487E-16
7237.34542083742  7.042249E-16
7240.7286348343  7.593210E-16
7244.11184883119  8.454609E-16
7247.49506282808  7.718891E-16
7250.87827682497  7.150878E-16
7254.26149082185  7.980694E-16
7257.64470481874  8.366552E-16
7261.02791881563  7.563801E-16
7264.41113281252  7.291923E-16
7267.7943468094  7.679147E-16
7271.17756080629  7.419564E-16
7274.56077480318  7.082514E-16
7277.94398880006  7.372520E-16
7281.32720279695  7.643105E-16
7284.71041679384  7.311353E-16
7288.09363079072  7.619879E-16
7291.47684478761  7.520816E-16
7294.8600587845  7.712732E-16
7298.24327278139  8.063650E-16
7301.62648677827  7.577571E-16
7305.00970077516  7.742335E-16
7308.39291477205  7.839108E-16
7311.77612876894  7.375214E-16
7315.15934276582  7.659722E-16
7318.54255676271  7.924750E-16
7321.9257707596  7.886642E-16
7325.30898475649  7.883814E-16
7328.69219875337  7.231960E-16
7332.07541275026  7.051499E-16
7335.45862674715  7.597473E-16
7338.84184074403  7.705317E-16
7342.22505474092  7.830811E-16
7345.60826873781  7.411815E-16
7348.9914827347  7.433763E-16
7352.37469673158  7.568238E-16
7355.75791072847  6.945860E-16
7359.14112472536  6.924188E-16
7362.52433872224  7.514407E-16
7365.90755271913  7.695788E-16
7369.29076671602  7.328633E-16
7372.67398071291  7.147808E-16
7376.05719470979  7.232805E-16
7379.44040870668  7.290227E-16
7382.82362270357  7.554808E-16
7386.20683670045  6.446717E-16
7389.59005069734  6.546068E-16
7392.97326469423  7.489363E-16
7396.35647869112  7.621017E-16
7399.739692688  7.195696E-16
7403.12290668489  6.836479E-16
7406.50612068178  6.965963E-16
7409.88933467867  7.048316E-16
7413.27254867555  6.712821E-16
7416.65576267244  7.140538E-16
7420.03897666933  6.964642E-16
7423.42219066621  6.536403E-16
7426.8054046631  6.794629E-16
7430.18861865999  7.049310E-16
7433.57183265688  6.733230E-16
7436.95504665376  6.108041E-16
7440.33826065065  6.169576E-16
7443.72147464754  6.560156E-16
7447.10468864442  6.402844E-16
7450.48790264131  6.366427E-16
7453.8711166382  6.541788E-16
7457.25433063509  6.412540E-16
7460.63754463197  6.191505E-16
7464.02075862886  6.443856E-16
7467.40397262575  6.165310E-16
7470.78718662263  6.289448E-16
7474.17040061952  6.396506E-16
7477.55361461641  6.243374E-16
7480.9368286133  6.136887E-16
7484.32004261018  6.063966E-16
7487.70325660707  6.047096E-16
7491.08647060396  5.733817E-16
7494.46968460084  5.363367E-16
7497.85289859773  5.403260E-16
7501.23611259462  5.595816E-16
7504.61932659151  5.366315E-16
7508.00254058839  5.606676E-16
7511.38575458528  5.966469E-16
7514.76896858217  5.858385E-16
7518.15218257906  5.742310E-16
7521.53539657594  5.520402E-16
7524.91861057283  5.707620E-16
7528.30182456972  6.060761E-16
7531.6850385666  5.792914E-16
7535.06825256349  5.606213E-16
7538.45146656038  5.477223E-16
7541.83468055727  5.003937E-16
7545.21789455415  5.614166E-16
7548.60110855104  6.227204E-16
7551.98432254793  6.272646E-16
7555.36753654482  5.753739E-16
7558.7507505417  5.177686E-16
7562.13396453859  4.923682E-16
7565.51717853548  5.226267E-16
7568.90039253236  5.465005E-16
7572.28360652925  5.317924E-16
7575.66682052614  5.379148E-16
7579.05003452302  5.317139E-16
7582.43324851991  4.957811E-16
7585.8164625168  5.086747E-16
7589.19967651369  5.431898E-16
7592.58289051057  4.736783E-16
7595.96610450746  4.660261E-16
7599.34931850435  4.369143E-16
7602.73253250124  3.279785E-16
7606.11574649812  2.466494E-16
7609.49896049501  1.861011E-16
7612.8821744919  1.301014E-16
7616.26538848878  1.640942E-16
7619.64860248567  2.557368E-16
7623.03181648256  3.135822E-16
7626.41503047945  3.459118E-16
7629.79824447633  3.061710E-16
7633.18145847322  2.753596E-16
7636.56467247011  2.549882E-16
7639.947886467  2.782152E-16
7643.33110046388  3.340234E-16
7646.71431446077  3.280750E-16
7650.09752845766  3.281568E-16
7653.48074245454  3.491805E-16
7656.86395645143  3.674191E-16
7660.24717044832  4.477105E-16
7663.6303844452  5.000948E-16
7667.01359844209  4.700470E-16
7670.39681243898  4.557115E-16
7673.78002643587  4.514351E-16
7677.16324043275  4.946802E-16
7680.54645442964  5.200109E-16
7683.92966842653  5.091049E-16
7687.31288242342  5.203297E-16
7690.6960964203  5.484382E-16
7694.07931041719  5.872316E-16
7697.46252441408  5.981268E-16
7700.84573841096  5.927525E-16
7704.22895240785  6.015012E-16
7707.61216640474  5.509958E-16
7710.99538040163  5.842494E-16
7714.37859439851  6.175112E-16
7717.7618083954  6.130919E-16
7721.14502239229  5.524091E-16
7724.52823638917  5.854239E-16
7727.91145038606  6.619124E-16
7731.29466438295  6.135771E-16
7734.67787837984  5.952724E-16
7738.06109237672  5.907849E-16
7741.44430637361  5.611148E-16
7744.8275203705  5.870604E-16
7748.21073436739  6.679627E-16
7751.59394836427  6.870050E-16
7754.97716236116  7.000060E-16
7758.36037635805  6.624687E-16
7761.74359035493  6.306589E-16
7765.12680435182  5.751945E-16
7768.51001834871  6.095137E-16
7771.8932323456  6.440857E-16
7775.27644634248  6.367319E-16
7778.65966033937  6.190347E-16
7782.04287433626  6.205644E-16
7785.42608833315  6.496553E-16
7788.80930233003  6.370281E-16
7792.19251632692  6.205661E-16
7795.57573032381  6.289838E-16
7798.95894432069  5.749277E-16
7802.34215831758  6.400151E-16
7805.72537231447  6.373625E-16
7809.10858631136  6.012006E-16
7812.49180030824  5.945905E-16
7815.87501430513  6.220672E-16
7819.25822830202  6.463770E-16
7822.64144229891  6.085817E-16
7826.02465629579  6.031051E-16
7829.40787029268  6.105008E-16
7832.79108428957  6.312675E-16
7836.17429828645  6.164087E-16
7839.55751228334  6.118120E-16
7842.94072628023  5.463214E-16
7846.32394027712  5.751015E-16
7849.707154274  5.497964E-16
7853.09036827089  6.276162E-16
7856.47358226778  6.614190E-16
7859.85679626466  5.867752E-16
7863.24001026155  5.683402E-16
7866.62322425844  5.758318E-16
7870.00643825533  5.575810E-16
7873.38965225221  5.948661E-16
7876.7728662491  5.792808E-16
7880.15608024599  5.582174E-16
7883.53929424287  5.212905E-16
7886.92250823976  4.967277E-16
7890.30572223665  5.494117E-16
7893.68893623354  5.759368E-16
7897.07215023042  5.603927E-16
7900.45536422731  5.609635E-16
7903.8385782242  4.958811E-16
7907.22179222109  4.562541E-16
7910.60500621797  5.257332E-16
7913.98822021486  5.212271E-16
7917.37143421175  4.971231E-16
7920.75464820863  5.088321E-16
7924.13786220552  4.929488E-16
7927.52107620241  3.576654E-16
7930.9042901993  4.198683E-16
7934.28750419618  4.421106E-16
7937.67071819307  4.161503E-16
7941.05393218996  3.994889E-16
7944.43714618684  3.939289E-16
7947.82036018373  4.060191E-16
7951.20357418062  4.072844E-16
7954.58678817751  4.105492E-16
7957.97000217439  4.258823E-16
7961.35321617128  4.020958E-16
7964.73643016817  3.879090E-16
7968.11964416506  3.965346E-16
7971.50285816194  3.600667E-16
7974.88607215883  3.753903E-16
7978.26928615572  3.992725E-16
7981.6525001526  3.469585E-16
7985.03571414949  3.302954E-16
7988.41892814638  3.948177E-16
7991.80214214327  4.048409E-16
7995.18535614015  2.775733E-16
7998.56857013704  2.762945E-16
8001.95178413393  3.580256E-16
8005.33499813081  2.866484E-16
8008.7182121277  2.523486E-16
8012.10142612459  2.619164E-16
8015.48464012148  2.546777E-16
8018.86785411836  2.368732E-16
8022.25106811525  2.954584E-16
8025.63428211214  3.444975E-16
8029.01749610902  2.624069E-16
8032.40071010591  2.673404E-16
8035.7839241028  2.898464E-16
8039.16713809969  2.231854E-16
8042.55035209657  2.323044E-16
8045.93356609346  2.865483E-16
8049.31678009035  2.594318E-16
8052.69999408723  2.212297E-16
8056.08320808412  2.122706E-16
8059.46642208101  1.935453E-16
8062.8496360779  1.754253E-16
8066.23285007478  2.171135E-16
8069.61606407167  2.592344E-16
8072.99927806856  2.121090E-16
8076.38249206545  2.228945E-16
8079.76570606233  2.160231E-16
8083.14892005922  2.019570E-16
8086.53213405611  2.570444E-16
8089.91534805299  2.917061E-16
8093.29856204988  2.498481E-16
8096.68177604677  1.876004E-16
8100.06499004366  2.230134E-16
8103.44820404054  2.527279E-16
8106.83141803743  2.094052E-16
8110.21463203432  2.140549E-16
8113.5978460312  2.016589E-16
8116.98106002809  1.956872E-16
8120.36427402498  2.472574E-16
8123.74748802187  2.347116E-16
8127.13070201876  2.240919E-16
8130.51391601564  1.722993E-16
8133.89713001253  2.018423E-16
8137.28034400942  2.686575E-16
8140.6635580063  2.534725E-16
8144.04677200319  2.411192E-16
8147.42998600008  2.495969E-16
8150.81319999696  2.397571E-16
8154.19641399385  2.660490E-16
8157.57962799074  2.573270E-16
8160.96284198763  2.913014E-16
8164.34605598451  2.424499E-16
8167.7292699814  2.594831E-16
8171.11248397829  2.993394E-16
8174.49569797518  2.749054E-16
8177.87891197206  2.834925E-16
8181.26212596895  3.054651E-16
8184.64533996584  3.041669E-16
8188.02855396272  2.257908E-16
8191.41176795961  2.077281E-16
8194.7949819565  3.045189E-16
8198.17819595339  3.238803E-16
8201.56140995027  3.451273E-16
8204.94462394716  3.492638E-16
8208.32783794405  3.368373E-16
8211.71105194093  2.989480E-16
8215.09426593782  2.888558E-16
8218.47747993471  3.252077E-16
8221.8606939316  3.123629E-16
8225.24390792848  3.118358E-16
8228.62712192537  3.687879E-16
8232.01033592226  3.699318E-16
8235.39354991915  3.195615E-16
8238.77676391603  3.303302E-16
8242.15997791292  3.303595E-16
8245.54319190981  3.680154E-16
8248.92640590669  3.973131E-16
8252.30961990358  3.866303E-16
8255.69283390047  4.008094E-16
8259.07604789736  3.880717E-16
8262.45926189424  3.920337E-16
8265.84247589113  4.645915E-16
8269.22568988802  4.738836E-16
8272.6089038849  3.999464E-16
8275.99211788179  3.998278E-16
8279.37533187868  4.277755E-16
8282.75854587556  4.092403E-16
8286.14175987245  4.535121E-16
8289.52497386934  4.001832E-16
8292.90818786623  3.912377E-16
8296.29140186312  5.571309E-16
8299.67461586  1.493640E-16
8303.05782985689  -6.311937E-16
8306.44104385378  -3.690141E-16
8309.82425785066  3.685679E-16
8313.20747184755  4.552108E-16
8316.59068584444  3.641364E-16
8319.97389984133  4.246812E-16
8323.35711383821  4.865339E-16
8326.7403278351  5.079364E-16
8330.12354183199  4.970870E-16
8333.50675582887  5.123080E-16
8336.88996982576  5.403203E-16
8340.27318382265  4.821211E-16
8343.65639781954  5.243790E-16
8347.03961181642  6.361372E-16
8350.42282581331  5.554016E-16
8353.8060398102  5.203269E-16
8357.18925380708  5.167734E-16
8360.57246780397  5.441017E-16
8363.95568180086  5.350923E-16
8367.33889579775  4.606340E-16
8370.72210979463  4.980019E-16
8374.10532379152  5.567530E-16
8377.48853778841  5.757699E-16
8380.8717517853  5.683670E-16
8384.25496578218  5.436896E-16
8387.63817977907  4.980222E-16
8391.02139377596  5.051574E-16
8394.40460777284  5.602197E-16
8397.78782176973  5.932537E-16
8401.17103576662  5.656728E-16
8404.55424976351  5.348128E-16
8407.93746376039  4.859745E-16
8411.32067775728  4.465657E-16
8414.70389175417  4.933467E-16
8418.08710575105  5.463865E-16
8421.47031974794  5.371182E-16
8424.85353374483  6.057781E-16
8428.23674774172  5.596290E-16
8431.6199617386  5.411571E-16
8435.00317573549  5.939924E-16
8438.38638973238  6.194882E-16
8441.76960372926  5.441950E-16
8445.15281772615  5.368657E-16
8448.53603172304  5.995423E-16
8451.91924571992  5.522027E-16
8455.30245971681  5.617728E-16
8458.6856737137  6.028758E-16
8462.06888771059  6.580738E-16
8465.45210170748  5.922332E-16
8468.83531570436  5.896719E-16
8472.21852970125  6.262483E-16
8475.60174369814  5.881949E-16
8478.98495769502  5.426737E-16
8482.36817169191  5.534709E-16
8485.7513856888  6.460617E-16
8489.13459968569  6.489136E-16
8492.51781368257  5.840832E-16
8495.90102767946  5.329390E-16
8499.28424167635  5.519719E-16
8502.66745567324  6.127187E-16
8506.05066967012  6.441411E-16
8509.43388366701  6.029769E-16
8512.8170976639  6.343468E-16
8516.20031166079  6.121625E-16
8519.58352565767  5.591824E-16
8522.96673965456  6.717995E-16
8526.34995365145  6.779912E-16
8529.73316764833  6.096588E-16
8533.11638164522  6.413126E-16
8536.49959564211  6.530881E-16
8539.882809639  6.030472E-16
8543.26602363588  6.630556E-16
8546.64923763277  6.905574E-16
8550.03245162966  6.570994E-16
8553.41566562654  6.848170E-16
8556.79887962343  6.772647E-16
8560.18209362032  6.561874E-16
8563.56530761721  6.638331E-16
8566.94852161409  6.880857E-16
8570.33173561098  7.050879E-16
8573.71494960787  6.901624E-16
8577.09816360475  6.676687E-16
8580.48137760164  6.962641E-16
8583.86459159853  7.264100E-16
8587.24780559542  6.712144E-16
8590.63101959231  6.646984E-16
8594.01423358919  7.039634E-16
8597.39744758608  7.182617E-16
8600.78066158297  7.443001E-16
8604.16387557985  7.271685E-16
8607.54708957674  6.741375E-16
8610.93030357363  7.148357E-16
8614.31351757051  7.775602E-16
8617.6967315674  7.126795E-16
8621.07994556429  6.642280E-16
8624.46315956118  7.444949E-16
8627.84637355806  8.177775E-16
8631.22958755495  8.591288E-16
8634.61280155184  8.011952E-16
8637.99601554872  7.895120E-16
8641.37922954561  7.740344E-16
8644.7624435425  7.890755E-16
8648.14565753939  7.687798E-16
8651.52887153627  7.972630E-16
8654.91208553316  8.325943E-16
8658.29529953005  7.959466E-16
8661.67851352693  6.991614E-16
8665.06172752382  6.842522E-16
8668.44494152071  7.576076E-16
8671.8281555176  7.537485E-16
8675.21136951448  7.683370E-16
8678.59458351137  7.082176E-16
8681.97779750826  7.640418E-16
8685.36101150515  7.749247E-16
8688.74422550203  7.660693E-16
8692.12743949892  7.315367E-16
8695.51065349581  6.655227E-16
8698.89386749269  6.530058E-16
8702.27708148958  6.964334E-16
8705.66029548647  7.698867E-16
8709.04350948336  8.072163E-16
8712.42672348024  7.491094E-16
8715.80993747713  6.541688E-16
8719.19315147402  7.797541E-16
8722.5763654709  7.845881E-16
8725.95957946779  7.324042E-16
8729.34279346468  7.677887E-16
8732.72600746157  7.764680E-16
8736.10922145845  7.890747E-16
8739.49243545534  7.483779E-16
8742.87564945223  6.453353E-16
8746.25886344911  6.913407E-16
8749.642077446  7.339340E-16
8753.02529144289  6.880541E-16
8756.40850543978  6.319205E-16
8759.79171943667  6.829742E-16
8763.17493343355  7.667281E-16
8766.55814743044  7.927628E-16
8769.94136142733  7.330069E-16
8773.32457542421  6.840504E-16
8776.7077894211  7.400804E-16
8780.09100341799  7.420561E-16
8783.47421741487  6.734638E-16
8786.85743141176  6.908028E-16
8790.24064540865  7.272426E-16
8793.62385940554  6.866518E-16
8797.00707340242  6.739585E-16
8800.39028739931  6.403868E-16
8803.7735013962  6.543622E-16
8807.15671539308  7.405906E-16
8810.53992938997  6.956398E-16
8813.92314338686  6.377654E-16
8817.30635738375  6.249565E-16
8820.68957138063  6.740610E-16
8824.07278537752  7.631248E-16
8827.45599937441  7.756249E-16
8830.8392133713  6.631492E-16
8834.22242736818  6.230836E-16
8837.60564136507  6.132238E-16
8840.98885536196  5.878357E-16
8844.37206935884  6.192709E-16
8847.75528335573  6.094992E-16
8851.13849735262  5.283794E-16
8854.52171134951  5.797405E-16
8857.90492534639  6.711916E-16
8861.28813934328  6.798316E-16
8864.67135334017  6.326783E-16
8868.05456733705  6.166010E-16
8871.43778133394  6.273155E-16
8874.82099533083  5.928358E-16
8878.20420932772  5.853028E-16
8881.5874233246  6.250074E-16
8884.97063732149  5.767261E-16
8888.35385131838  5.068029E-16
8891.73706531527  5.211416E-16
8895.12027931215  5.807112E-16
8898.50349330904  5.266022E-16
8901.88670730593  5.258816E-16
8905.26992130281  5.339578E-16
8908.6531352997  4.408403E-16
8912.03634929659  4.521238E-16
8915.41956329347  5.651980E-16
8918.80277729036  5.790027E-16
8922.18599128725  4.981619E-16
8925.56920528414  4.594108E-16
8928.95241928103  5.874708E-16
8932.33563327791  5.608050E-16
8935.7188472748  3.977814E-16
8939.10206127169  3.901051E-16
8942.48527526857  4.286874E-16
8945.86848926546  4.629227E-16
8949.25170326235  4.207939E-16
8952.63491725924  3.815123E-16
8956.01813125612  3.733554E-16
8959.40134525301  3.412163E-16
8962.7845592499  3.881597E-16
8966.16777324678  4.946398E-16
8969.55098724367  4.474372E-16
8972.93420124056  4.045874E-16
8976.31741523744  3.684795E-16
8979.70062923433  3.887119E-16
8983.08384323122  4.061542E-16
8986.46705722811  4.573394E-16
8989.85027122499  4.292012E-16
8993.23348522188  3.583315E-16
8996.61669921877  3.190239E-16
8999.99991321566  3.105871E-16
