3800.6641 1.47458803653717
3805.0071 1.70141649246216
3809.3500 1.9183965921402
3813.6929 2.12615585327148
3818.0359 2.31429529190063
3822.3788 2.03869891166687
3826.7217 1.77411532402039
3831.0647 1.51991319656372
3835.4076 1.27548575401306
3839.7505 1.27031290531158
3844.0934 1.37445676326752
3848.4364 1.47521364688873
3852.7793 1.57287919521332
3857.1222 1.70372986793518
3861.4652 1.90436339378357
3865.8081 2.09955835342407
3870.1510 2.28992104530334
3874.4939 2.47606205940247
3878.8369 2.43786954879761
3883.1798 2.39654445648193
3887.5227 2.35770225524902
3891.8657 2.32125902175903
3896.2086 2.3495044708252
3900.5515 2.41602206230164
3904.8944 2.48300838470459
3909.2374 2.55060291290283
3913.5803 2.56787729263306
3917.9232 2.45094156265259
3922.2662 2.33704042434692
3926.6091 2.22589612007141
3930.9520 2.11724710464478
3935.2949 2.11665320396423
3939.6379 2.12674951553345
3943.9808 2.13821649551392
3948.3237 2.15107035636902
3952.6667 2.11118268966675
3957.0096 2.03112459182739
3961.3525 1.95238316059113
3965.6955 1.874791264534
3970.0384 1.83236443996429
3974.3813 1.91929066181183
3978.7242 2.00787734985352
3983.0672 2.09823799133301
3987.4101 2.19045782089233
3991.7530 2.15272188186646
3996.0960 2.09308743476868
4000.4389 2.03360033035278
4004.7818 1.97407066822052
4009.1247 1.92309761047363
4013.4677 1.880735039711
4017.8106 1.83806550502777
4022.1535 1.79495763778687
4026.4965 1.76014959812164
4030.8394 1.77907061576843
4035.1823 1.79809880256653
4039.5252 1.81714248657227
4043.8682 1.83611154556274
4048.2111 1.86532461643219
4052.5540 1.89732551574707
4056.8970 1.92915773391724
4061.2399 1.96074259281158
4065.5828 1.98706650733948
4069.9257 2.00620865821838
4074.2687 2.02484059333801
4078.6116 2.04295492172241
4082.9545 2.05784296989441
4087.2975 2.03195309638977
4091.6404 2.0053083896637
4095.9833 1.97797918319702
4100.3263 1.95003259181976
4104.6692 1.94234395027161
4109.0121 1.94312047958374
4113.3550 1.94361472129822
4117.6980 1.94386506080627
4122.0409 1.91325676441193
4126.3838 1.82281732559204
4130.7268 1.73180842399597
4135.0697 1.64026629924774
4139.4126 1.54822254180908
4143.7555 1.59501481056213
4148.0985 1.64509570598602
4152.4414 1.69527995586395
4156.7843 1.74556636810303
4161.1273 1.75164866447449
4165.4702 1.72975647449493
4169.8131 1.7077157497406
4174.1560 1.68553340435028
4178.4990 1.68421363830566
4182.8419 1.74619483947754
4187.1848 1.8083256483078
4191.5278 1.87060511112213
4195.8707 1.93303394317627
4200.2136 1.9300844669342
4204.5565 1.91844654083252
4208.8995 1.90674126148224
4213.2424 1.89497649669647
4217.5853 1.8840765953064
4221.9283 1.87399458885193
4226.2712 1.86388850212097
4230.6141 1.85376870632172
4234.9570 1.83756542205811
4239.3000 1.78679740428925
4243.6429 1.73590970039368
4247.9858 1.68490099906921
4252.3288 1.63376784324646
4256.6717 1.60490608215332
4261.0146 1.58225274085999
4265.3576 1.55954968929291
4269.7005 1.53678977489471
4274.0434 1.52763783931732
4278.3863 1.53797721862793
4282.7293 1.54835402965546
4287.0722 1.55876338481903
4291.4151 1.56803250312805
4295.7581 1.55080950260162
4300.1010 1.53351533412933
4304.4439 1.51614952087402
4308.7868 1.49871456623077
4313.1298 1.46812427043915
4317.4727 1.43101072311401
4321.8156 1.39377856254578
4326.1586 1.35643327236176
4330.5015 1.3205406665802
4334.8444 1.2882080078125
4339.1873 1.25579726696014
4343.5303 1.22331035137177
4347.8732 1.19074594974518
4352.2161 1.21349477767944
4356.5591 1.24077928066254
4360.9020 1.26823627948761
4365.2449 1.29587686061859
4369.5878 1.28298568725586
4373.9308 1.23711764812469
4378.2737 1.19111478328705
4382.6166 1.1449681520462
4386.9596 1.12142860889435
4391.3025 1.20293462276459
4395.6454 1.28491902351379
4399.9884 1.36738932132721
4404.3313 1.45035135746002
4408.6742 1.43765413761139
4413.0171 1.40125691890717
4417.3601 1.3646924495697
4421.7030 1.32795286178589
4426.0459 1.34169983863831
4430.3889 1.42388260364532
4434.7318 1.50656878948212
4439.0747 1.58977138996124
4443.4176 1.67028713226318
4447.7606 1.68891596794128
4452.1035 1.70771658420563
4456.4464 1.72670114040375
4460.7894 1.74588179588318
4465.1323 1.74831128120422
4469.4752 1.74250566959381
4473.8181 1.73675882816315
4478.1611 1.73107206821442
4482.5040 1.73887276649475
4486.8469 1.77952146530151
4491.1899 1.82054972648621
4495.5328 1.86195647716522
4499.8757 1.9037367105484
4504.2186 1.91701900959015
4508.5616 1.92763483524323
4512.9045 1.93834543228149
4517.2474 1.94913268089294
4521.5904 1.9502911567688
4525.9333 1.94282650947571
4530.2762 1.9352513551712
4534.6192 1.92755377292633
4538.9621 1.92267763614655
4543.3050 1.93460249900818
4547.6479 1.94652462005615
4551.9909 1.95843601226807
4556.3338 1.97032916545868
4560.6767 1.94366252422333
4565.0197 1.90490794181824
4569.3626 1.86577546596527
4573.7055 1.8262711763382
4578.0484 1.79333174228668
4582.3914 1.77129626274109
4586.7343 1.74903607368469
4591.0772 1.72656095027924
4595.4202 1.70388114452362
4599.7631 1.71678841114044
4604.1060 1.72981214523315
4608.4489 1.74290120601654
4612.7919 1.75606977939606
4617.1348 1.76287543773651
4621.4777 1.76565515995026
4625.8207 1.76849246025085
4630.1636 1.7714022397995
4634.5065 1.77785170078278
4638.8494 1.796262383461
4643.1924 1.81489050388336
4647.5353 1.83374714851379
4651.8782 1.8528425693512
4656.2212 1.81290340423584
4660.5641 1.76136088371277
4664.9070 1.70952200889587
4669.2499 1.65737414360046
4673.5929 1.62809991836548
4677.9358 1.62702989578247
4682.2787 1.62604176998138
4686.6217 1.62513327598572
4690.9646 1.62172305583954
4695.3075 1.57917141914368
4699.6505 1.53631389141083
4703.9934 1.49313545227051
4708.3363 1.44962012767792
4712.6792 1.42067039012909
4717.0222 1.39880537986755
4721.3651 1.37676298618317
4725.7080 1.35452842712402
4730.0510 1.33779108524323
4734.3939 1.33554244041443
4738.7368 1.33325481414795
4743.0797 1.33091580867767
4747.4227 1.3285129070282
4751.7656 1.34952306747437
4756.1085 1.37360668182373
4760.4515 1.39784479141235
4764.7944 1.42222619056702
4769.1373 1.42001724243164
4773.4802 1.39048314094543
4777.8232 1.36057186126709
4782.1661 1.33028376102448
4786.5090 1.30015563964844
4790.8520 1.27433407306671
4795.1949 1.24819052219391
4799.5378 1.22172963619232
4803.8807 1.19495642185211
4808.2237 1.21702170372009
4812.5666 1.25948107242584
4816.9095 1.30221545696259
4821.2525 1.34522604942322
4825.5954 1.36258471012115
4829.9383 1.32295262813568
4834.2813 1.28294551372528
4838.6242 1.24256896972656
4842.9671 1.20182883739471
4847.3100 1.16951906681061
4851.6530 1.13772165775299
4855.9959 1.10564804077148
4860.3388 1.07330143451691
4864.6818 1.04751825332642
4869.0247 1.02785730361938
4873.3676 1.00803184509277
4877.7105 0.988043546676636
4882.0535 0.971691846847534
4886.3964 0.982718586921692
4890.7393 0.993830502033234
4895.0823 1.00503063201904
4899.4252 1.01632153987885
4903.7681 1.02632224559784
4908.1110 1.03587424755096
4912.4540 1.04550695419312
4916.7969 1.05522119998932
4921.1398 1.05843985080719
4925.4828 1.04783403873444
4929.8257 1.03713989257813
4934.1686 1.02635324001312
4938.5115 1.01546919345856
4942.8545 1.03096437454224
4947.1974 1.04881918430328
4951.5403 1.06680035591125
4955.8833 1.08490526676178
4960.2262 1.09738445281982
4964.5691 1.10461616516113
4968.9121 1.11187481880188
4973.2550 1.11915862560272
4977.5979 1.12563800811768
4981.9408 1.12589430809021
4986.2838 1.12611830234528
4990.6267 1.12631058692932
4994.9696 1.12647151947021
4999.3126 1.12499141693115
5003.6555 1.12282073497772
5007.9984 1.12060105800629
5012.3413 1.11833143234253
5016.6843 1.12370932102203
5021.0272 1.14631462097168
5025.3701 1.1690593957901
5029.7131 1.19194149971008
5034.0560 1.21495950222015
5038.3989 1.23825645446777
5042.7418 1.2617039680481
5047.0848 1.2852874994278
5051.4277 1.30900847911835
5055.7706 1.306391954422
5060.1136 1.27695691585541
5064.4565 1.2472722530365
5068.7994 1.21734189987183
5073.1423 1.19327223300934
5077.4853 1.23011696338654
5081.8282 1.26722621917725
5086.1711 1.30460596084595
5090.5141 1.3422623872757
5094.8570 1.34871435165405
5099.1999 1.3405534029007
5103.5428 1.33233559131622
5107.8858 1.32406234741211
5112.2287 1.31512570381165
5116.5716 1.30451166629791
5120.9146 1.29382574558258
5125.2575 1.28306686878204
5129.6004 1.27223324775696
5133.9434 1.28767704963684
5138.2863 1.30740439891815
5142.6292 1.3272932767868
5146.9721 1.3473424911499
5151.3151 1.35246562957764
5155.6580 1.33937549591064
5160.0009 1.326167345047
5164.3439 1.31283462047577
5168.6868 1.29895997047424
5173.0297 1.27551472187042
5177.3726 1.25184738636017
5181.7156 1.22795343399048
5186.0585 1.20382869243622
5190.4014 1.20032107830048
5194.7444 1.2090722322464
5199.0873 1.21785163879395
5203.4302 1.22666096687317
5207.7731 1.23923802375793
5212.1161 1.2654994726181
5216.4590 1.29193246364594
5220.8019 1.31853985786438
5225.1449 1.34532415866852
5229.4878 1.33027517795563
5233.8307 1.30463993549347
5238.1736 1.27877855300903
5242.5166 1.25268888473511
5246.8595 1.22827196121216
5251.2024 1.20667111873627
5255.5454 1.18486881256104
5259.8883 1.16286087036133
5264.2312 1.14064347743988
5268.5742 1.16538548469543
5272.9171 1.19172203540802
5277.2600 1.21820247173309
5281.6029 1.24482488632202
5285.9459 1.22638392448425
5290.2888 1.17109560966492
5294.6317 1.11536455154419
5298.9747 1.05919599533081
5303.3176 1.0129257440567
5307.6605 1.03268051147461
5312.0034 1.05254817008972
5316.3464 1.07253229618073
5320.6893 1.0926365852356
5325.0322 1.0864804983139
5329.3752 1.06977593898773
5333.7181 1.05294191837311
5338.0610 1.03597784042358
5342.4039 1.02290594577789
5346.7469 1.01931142807007
5351.0898 1.01567709445953
5355.4327 1.01200067996979
5359.7757 1.00828003883362
5364.1186 0.989811897277832
5368.4615 0.969099640846252
5372.8044 0.948219358921051
5377.1474 0.927168905735016
5381.4903 0.932902991771698
5385.8332 0.971154928207397
5390.1762 1.00963222980499
5394.5191 1.04833316802979
5398.8620 1.08564388751984
5403.2050 1.07366287708282
5407.5479 1.06157100200653
5411.8908 1.04937028884888
5416.2337 1.0370626449585
5420.5767 1.01820290088654
5424.9196 0.99503368139267
5429.2625 0.971695780754089
5433.6055 0.948190927505493
5437.9484 0.929401516914368
5442.2913 0.932198226451874
5446.6342 0.935000360012054
5450.9772 0.93780905008316
5455.3201 0.940625071525574
5459.6630 0.960344970226288
5464.0060 0.985568642616272
5468.3489 1.0109406709671
5472.6918 1.03646051883698
5477.0347 1.0399317741394
5481.3777 0.998741507530212
5485.7206 0.957273781299591
5490.0635 0.915526628494263
5494.4065 0.873498439788818
5498.7494 0.86522763967514
5503.0923 0.860441982746124
5507.4352 0.85560530424118
5511.7782 0.850717067718506
5516.1211 0.85576993227005
5520.4640 0.8717902302742
5524.8070 0.887889206409454
5529.1499 0.904069483280182
5533.4928 0.920220673084259
5537.8357 0.934236645698547
5542.1787 0.948334157466888
5546.5216 0.962519586086273
5550.8645 0.976799786090851
5555.2075 1.00545299053192
5559.5504 1.04310655593872
5563.8933 1.08101844787598
5568.2363 1.11919629573822
5572.5792 1.14620113372803
5576.9221 1.12399566173553
5581.2650 1.1016753911972
5585.6080 1.07923638820648
5589.9509 1.0566737651825
5594.2938 1.0400824546814
5598.6368 1.02536356449127
5602.9797 1.01056158542633
5607.3226 0.995672166347504
5611.6655 0.996536314487457
5616.0085 1.03050076961517
5620.3514 1.06471264362335
5624.6943 1.09917259216309
5629.0373 1.13388133049011
5633.3802 1.11190605163574
5637.7231 1.08280086517334
5642.0660 1.05348324775696
5646.4090 1.02394998073578
5650.7519 1.00132989883423
5655.0948 0.987043440341949
5659.4378 0.972645461559296
5663.7807 0.958133041858673
5668.1236 0.944094002246857
5672.4665 0.956451416015625
5676.8095 0.968880355358124
5681.1524 0.98137640953064
5685.4953 0.993934452533722
5689.8383 1.00445103645325
5694.1812 1.01351368427277
5698.5241 1.02259230613709
5702.8671 1.03167903423309
5707.2100 1.03892350196838
5711.5529 1.03558039665222
5715.8958 1.03213834762573
5720.2388 1.02859103679657
5724.5817 1.02493298053741
5728.9246 1.01401054859161
5733.2676 1.00001120567322
5737.6105 0.985830426216125
5741.9534 0.971468567848206
5746.2963 0.95094621181488
5750.6393 0.914188146591187
5754.9822 0.877144336700439
5759.3251 0.83982515335083
5763.6681 0.80224221944809
5768.0110 0.780198574066162
5772.3539 0.761167168617249
5776.6968 0.741990685462952
5781.0398 0.7226802110672
5785.3827 0.705282688140869
5789.7256 0.690943956375122
5794.0686 0.676522970199585
5798.4115 0.662029266357422
5802.7544 0.647471964359283
5807.0973 0.680811583995819
5811.4403 0.716774463653564
5815.7832 0.752881646156311
5820.1261 0.789144456386566
5824.4691 0.816079556941986
5828.8120 0.833950519561768
5833.1549 0.851938426494598
5837.4979 0.870051503181458
5841.8408 0.886292934417725
5846.1837 0.873731553554535
5850.5266 0.861171185970306
5854.8696 0.848607122898102
5859.2125 0.836033880710602
5863.5554 0.853268146514893
5867.8984 0.888898432254791
5872.2413 0.924748778343201
5876.5842 0.960817277431488
5880.9271 0.991863131523132
5885.2701 0.998445868492126
5889.6130 1.00506997108459
5893.9559 1.01172602176666
5898.2989 1.01840496063232
5902.6418 1.03997921943665
5906.9847 1.06716704368591
5911.3276 1.09446251392365
5915.6706 1.12185895442963
5920.0135 1.13767123222351
5924.3564 1.12381708621979
5928.6994 1.10984587669373
5933.0423 1.09576046466827
5937.3852 1.0815646648407
5941.7281 1.08311116695404
5946.0711 1.08777093887329
5950.4140 1.09242212772369
5954.7569 1.09706830978394
5959.0999 1.09888303279877
5963.4428 1.09617984294891
5967.7857 1.09345018863678
5972.1286 1.0906982421875
5976.4716 1.08792912960052
5980.8145 1.07365083694458
5985.1574 1.0585333108902
5989.5004 1.04335689544678
5993.8433 1.02812588214874
5998.1862 1.03626215457916
6002.5292 1.06927335262299
6006.8721 1.10247421264648
6011.2150 1.13587117195129
6015.5579 1.16769826412201
6019.9009 1.1504020690918
6024.2438 1.13304948806763
6028.5867 1.11563444137573
6032.9297 1.09815013408661
6037.2726 1.07140243053436
6041.6155 1.03791666030884
6045.9584 1.00425219535828
6050.3014 0.970400273799896
6054.6443 0.936941802501678
6058.9872 0.907263100147247
6063.3302 0.87740033864975
6067.6731 0.847348868846893
6072.0160 0.817105531692505
6076.3589 0.797775983810425
6080.7019 0.783667504787445
6085.0448 0.769448280334473
6089.3877 0.755119621753693
6093.7307 0.737098276615143
6098.0736 0.706220328807831
6102.4165 0.675168931484222
6106.7594 0.643950402736664
6111.1024 0.612570822238922
6115.4453 0.597226560115814
6119.7882 0.586810410022736
6124.1312 0.576340198516846
6128.4741 0.565819561481476
6132.8170 0.561317384243011
6137.1600 0.570498585700989
6141.5029 0.579724252223969
6145.8458 0.588997662067413
6150.1887 0.598321914672852
6154.5317 0.608733594417572
6158.8746 0.61939001083374
6163.2175 0.630111336708069
6167.5605 0.640900075435638
6171.9034 0.644267320632935
6176.2463 0.635971546173096
6180.5892 0.627658128738403
6184.9322 0.619327902793884
6189.2751 0.610981285572052
6193.6180 0.626556873321533
6197.9610 0.644011735916138
6202.3039 0.66159200668335
6206.6468 0.679302513599396
6210.9897 0.68635630607605
6215.3327 0.681327939033508
6219.6756 0.676303386688232
6224.0185 0.671278953552246
6228.3615 0.666500985622406
6232.7044 0.687761187553406
6237.0473 0.709165155887604
6241.3902 0.730705678462982
6245.7332 0.752372741699219
6250.0761 0.757652878761292
6254.4190 0.749242186546326
6258.7620 0.740732967853546
6263.1049 0.732112884521484
6267.4478 0.725478112697601
6271.7908 0.741712629795074
6276.1337 0.757940649986267
6280.4766 0.774148166179657
6284.8195 0.79032301902771
6289.1625 0.807998061180115
6293.5054 0.826575875282288
6297.8483 0.845106542110443
6302.1913 0.86358630657196
6306.5342 0.877073228359222
6310.8771 0.86354649066925
6315.2200 0.849884629249573
6319.5630 0.836103796958923
6323.9059 0.822220146656036
6328.2488 0.818414211273193
6332.5918 0.819146156311035
6336.9347 0.819850742816925
6341.2776 0.820538759231567
6345.6205 0.824067950248718
6349.9635 0.83756810426712
6354.3064 0.851106345653534
6358.6493 0.864690363407135
6362.9923 0.878327131271362
6367.3352 0.908990144729614
6371.6781 0.945276319980621
6376.0210 0.981688261032104
6380.3640 1.01823306083679
6384.7069 1.04240572452545
6389.0498 1.03544807434082
6393.3928 1.02851760387421
6397.7357 1.02161467075348
6402.0786 1.01473951339722
6406.4215 1.00898599624634
6410.7645 1.00350975990295
6415.1074 0.998065888881683
6419.4503 0.992653667926788
6423.7933 0.985229909420013
6428.1362 0.973966181278229
6432.4791 0.962704598903656
6436.8221 0.95143985748291
6441.1650 0.940165519714355
6445.5079 0.935864508152008
6449.8508 0.93256801366806
6454.1938 0.929273366928101
6458.5367 0.925973355770111
6462.8796 0.9330894947052
6467.2226 0.955718517303467
6471.5655 0.97842937707901
6475.9084 1.00121593475342
6480.2513 1.02407240867615
6484.5943 0.996156752109528
6488.9372 0.964252114295959
6493.2801 0.932190179824829
6497.6231 0.899972200393677
6501.9660 0.894211709499359
6506.3089 0.920233905315399
6510.6518 0.946319758892059
6514.9948 0.972467005252838
6519.3377 0.998673856258392
6523.6806 0.97182959318161
6528.0236 0.943822801113129
6532.3665 0.915690660476685
6536.7094 0.887436211109161
6541.0523 0.855480492115021
6545.3953 0.819881021976471
6549.7382 0.784145176410675
6554.0811 0.748276054859161
6558.4241 0.7133549451828
6562.7670 0.715343475341797
6567.1099 0.717318534851074
6571.4529 0.719280540943146
6575.7958 0.721229374408722
6580.1387 0.729539811611176
6584.4816 0.743062496185303
6588.8246 0.756603717803955
6593.1675 0.770162880420685
6597.5104 0.782356023788452
6601.8534 0.776753783226013
6606.1963 0.771121323108673
6610.5392 0.765460193157196
6614.8821 0.759772300720215
6619.2251 0.77016407251358
6623.5680 0.791649878025055
6627.9109 0.813182175159454
6632.2539 0.83476448059082
6636.5968 0.853863716125488
6640.9397 0.852958917617798
6645.2826 0.852065145969391
6649.6256 0.851187229156494
6653.9685 0.850329637527466
6658.3114 0.850456953048706
6662.6544 0.851175963878632
6666.9973 0.851927936077118
6671.3402 0.852713942527771
6675.6831 0.852177083492279
6680.0261 0.843909621238709
6684.3690 0.835648357868195
6688.7119 0.827391922473907
6693.0549 0.819138884544373
6697.3978 0.814753234386444
6701.7407 0.812323689460754
6706.0837 0.80991542339325
6710.4266 0.807529270648956
6714.7695 0.80446445941925
6719.1124 0.798263847827911
6723.4554 0.792073667049408
6727.7983 0.785895109176636
6732.1412 0.779728949069977
6736.4842 0.774038434028625
6740.8271 0.768565654754639
6745.1700 0.763111352920532
6749.5129 0.757676661014557
6753.8559 0.753961145877838
6758.1988 0.756624221801758
6762.5417 0.759347021579742
6766.8847 0.762130379676819
6771.2276 0.76497495174408
6775.5705 0.760195910930634
6779.9134 0.75251042842865
6784.2564 0.744824945926666
6788.5993 0.737135887145996
6792.9422 0.730557560920715
6797.2852 0.727579653263092
6801.6281 0.724614679813385
6805.9710 0.721659243106842
6810.3139 0.71871018409729
6814.6569 0.695975363254547
6818.9998 0.666454792022705
6823.3427 0.63675981760025
6827.6857 0.60688453912735
6832.0286 0.580168545246124
6836.3715 0.562864065170288
6840.7144 0.545449793338776
6845.0574 0.527922451496124
6849.4003 0.51027923822403
6853.7432 0.518931448459625
6858.0862 0.535593688488007
6862.4291 0.552364766597748
6866.7720 0.569243907928467
6871.1150 0.590754687786102
6875.4579 0.624192595481873
6879.8008 0.657845675945282
6884.1437 0.691712617874146
6888.4867 0.725792109966278
6892.8296 0.722499012947083
6897.1725 0.708893239498138
6901.5155 0.695176959037781
6905.8584 0.681348085403442
6910.2013 0.663625597953796
6914.5442 0.636610686779022
6918.8872 0.609395265579224
6923.2301 0.581978917121887
6927.5730 0.554361283779144
6931.9160 0.54937756061554
6936.2589 0.55009138584137
6940.6018 0.55077451467514
6944.9447 0.551424443721771
6949.2877 0.550235450267792
6953.6306 0.544863641262054
6957.9735 0.539419114589691
6962.3165 0.533900856971741
6966.6594 0.528308510780334
6971.0023 0.56000292301178
6975.3452 0.600668787956238
6979.6882 0.64147275686264
6984.0311 0.682406783103943
6988.3740 0.704647779464722
6992.7170 0.685343146324158
6997.0599 0.665913701057434
7001.4028 0.646368086338043
7005.7458 0.626715123653412
7010.0887 0.615817606449127
7014.4316 0.606881499290466
7018.7745 0.59789913892746
7023.1175 0.588875889778137
7027.4604 0.587915182113647
7031.8033 0.604509651660919
7036.1463 0.621169686317444
7040.4892 0.637900114059448
7044.8321 0.654706001281738
7049.1750 0.677797079086304
7053.5180 0.702392816543579
7057.8609 0.727109670639038
7062.2038 0.751953721046448
7066.5468 0.765033066272736
7070.8897 0.752456068992615
7075.2326 0.739858329296112
7079.5755 0.727237284183502
7083.9185 0.714590191841125
7088.2614 0.701262891292572
7092.6043 0.687752246856689
7096.9473 0.674201369285584
7101.2902 0.660606622695923
7105.6331 0.652220249176025
7109.9760 0.655352234840393
7114.3190 0.658514499664307
7118.6619 0.661705315113068
7123.0048 0.664922893047333
7127.3478 0.656605839729309
7131.6907 0.645542204380035
7136.0336 0.63442587852478
7140.3766 0.623254716396332
7144.7195 0.611214578151703
7149.0624 0.597270131111145
7153.4053 0.583251595497131
7157.7483 0.569157302379608
7162.0912 0.55498594045639
7166.4341 0.549120187759399
7170.7771 0.545296370983124
7175.1200 0.541448414325714
7179.4629 0.537575781345367
7183.8058 0.540705144405365
7188.1488 0.56058144569397
7192.4917 0.580558180809021
7196.8346 0.600635647773743
7201.1776 0.620813846588135
7205.5205 0.606057584285736
7209.8634 0.581864893436432
7214.2063 0.557538330554962
7218.5493 0.533077597618103
7222.8922 0.526582360267639
7227.2351 0.566184282302856
7231.5781 0.605989098548889
7235.9210 0.645997226238251
7240.2639 0.686209082603455
7244.6068 0.662219107151031
7248.9498 0.619236886501312
7253.2927 0.576023280620575
7257.6356 0.532577633857727
7261.9786 0.508709192276001
7266.3215 0.539880394935608
7270.6644 0.571207404136658
7275.0073 0.602689921855927
7279.3503 0.63432765007019
7283.6932 0.664778470993042
7288.0361 0.694938838481903
7292.3791 0.725243449211121
7296.7220 0.755691111087799
