4.020000000000000000e+03 8.253334355271355088e-18
4.029199999999999818e+03 6.085504900826070574e-17
4.038400000000000091e+03 7.383888618447685443e-17
4.047599999999999909e+03 7.223757039769259963e-17
4.056800000000000182e+03 -5.396749241471035592e-18
4.066000000000000000e+03 5.379025159767800613e-17
4.075199999999999818e+03 6.372891268428633915e-17
4.084400000000000091e+03 4.943333580140604939e-17
4.093599999999999909e+03 1.479334108829019969e-17
4.102800000000000182e+03 4.000091255840261951e-17
4.112000000000000000e+03 8.092622261239039894e-17
4.121199999999999818e+03 2.404631080612270043e-17
4.130399999999999636e+03 3.841684183302887024e-17
4.139600000000000364e+03 7.250649012355603914e-17
4.148800000000000182e+03 7.366950606480559605e-17
4.158000000000000000e+03 7.050016023908622031e-17
4.167199999999999818e+03 8.698450003617367405e-17
4.176399999999999636e+03 1.037431792464980147e-16
4.185600000000000364e+03 1.076132529301682117e-16
4.194800000000000182e+03 1.190807356946766522e-16
4.204000000000000000e+03 1.204325738087149138e-16
4.213199999999999818e+03 1.229699271766641747e-16
4.222399999999999636e+03 1.049944189631600274e-16
4.231600000000000364e+03 1.377482168865283596e-16
4.240800000000000182e+03 9.335181875425166073e-17
4.250000000000000000e+03 1.113433411844148347e-16
4.259199999999999818e+03 1.220751162772288115e-16
4.268399999999999636e+03 1.160903652837341499e-16
4.277600000000000364e+03 1.423676566481674958e-16
4.286800000000000182e+03 1.285424245877522082e-16
4.296000000000000000e+03 1.080059718152287876e-16
4.305199999999999818e+03 9.885133898297781586e-17
4.314399999999999636e+03 8.878625822899177851e-17
4.323600000000000364e+03 7.936531956161303487e-17
4.332800000000000182e+03 9.551610043104970531e-17
4.342000000000000000e+03 1.135027458043212666e-16
4.351199999999999818e+03 1.212092765515675056e-16
4.360399999999999636e+03 1.261471874664844579e-16
4.369600000000000364e+03 1.166750297755764307e-16
4.378800000000000182e+03 1.184215190685861921e-16
4.388000000000000000e+03 1.302278216294412531e-16
4.397199999999999818e+03 1.082040187062086837e-16
4.406399999999999636e+03 1.287978711957983840e-16
4.415600000000000364e+03 1.337472567601726719e-16
4.424800000000000182e+03 1.431713056266546149e-16
4.434000000000000000e+03 1.234281984709083529e-16
4.443199999999999818e+03 1.344874444420647228e-16
4.452399999999999636e+03 1.230790753128517719e-16
4.461600000000000364e+03 1.262589693457424238e-16
4.470800000000000182e+03 1.235332305563678862e-16
4.480000000000000000e+03 1.315901153064221851e-16
4.489199999999999818e+03 1.191565451434559121e-16
4.498399999999999636e+03 1.182970581648990134e-16
4.507600000000000364e+03 1.267403884622482859e-16
4.516800000000000182e+03 1.132078724595583633e-16
4.526000000000000000e+03 1.189876017751480817e-16
4.535199999999999818e+03 9.433652102521438657e-17
4.544399999999999636e+03 1.241214419986767944e-16
4.553600000000000364e+03 1.007277684240523072e-16
4.562800000000000182e+03 9.599438287867276634e-17
4.572000000000000000e+03 9.436233567777094146e-17
4.581199999999999818e+03 7.939687815634315798e-17
4.590399999999999636e+03 9.453835971212222575e-17
4.599600000000000364e+03 8.065652864547360979e-17
4.608800000000000182e+03 7.263449136026494486e-17
4.618000000000000000e+03 7.264863945746205184e-17
4.627199999999999818e+03 7.120133808329027038e-17
4.636399999999999636e+03 6.799322726534420954e-17
4.645600000000000364e+03 6.705290157988372853e-17
4.654800000000000182e+03 7.788319057493032073e-17
4.664000000000000000e+03 6.401899499894133532e-17
4.673199999999999818e+03 7.083664407738299112e-17
4.682399999999999636e+03 7.966592361365970555e-17
4.691600000000000364e+03 7.328973751941515041e-17
4.700800000000000182e+03 7.384848809702736997e-17
4.710000000000000000e+03 7.864250929002949801e-17
4.719199999999999818e+03 8.712479648550756797e-17
4.728399999999999636e+03 8.763185820100257394e-17
4.737600000000000364e+03 8.854761331354777981e-17
4.746800000000000182e+03 9.717399537173258719e-17
4.756000000000000000e+03 9.187729982920443445e-17
4.765199999999999818e+03 8.380000687907722726e-17
4.774399999999999636e+03 9.091155653788142400e-17
4.783600000000000364e+03 8.920871591143486080e-17
4.792800000000000182e+03 9.009925194146454997e-17
4.802000000000000000e+03 9.435581749454402360e-17
4.811199999999999818e+03 9.096639530377123952e-17
4.820399999999999636e+03 9.036076674648441478e-17
4.829600000000000364e+03 1.083250120687680401e-16
4.838800000000000182e+03 9.576016503386715144e-17
4.848000000000000000e+03 1.129835013727645797e-16
4.857199999999999818e+03 1.142960715687637240e-16
4.866399999999999636e+03 1.075780018011836519e-16
4.875600000000000364e+03 1.056285951777472822e-16
4.884800000000000182e+03 9.678166691592113638e-17
4.894000000000000000e+03 1.100364884608096569e-16
4.903199999999999818e+03 1.014031845552590058e-16
4.912399999999999636e+03 1.019207150685864829e-16
4.921600000000000364e+03 1.036638029949174262e-16
4.930800000000000182e+03 1.068988865182776162e-16
4.940000000000000000e+03 1.055129090059980660e-16
4.949199999999999818e+03 9.810953002708516107e-17
4.958399999999999636e+03 1.030811105016554718e-16
4.967600000000000364e+03 1.086162656711704114e-16
4.976800000000000182e+03 1.019389990688463550e-16
4.986000000000000000e+03 9.657784961298807036e-17
4.995199999999999818e+03 9.583318192089843230e-17
5.004399999999999636e+03 8.954547768241744943e-17
5.013600000000000364e+03 9.160149796064455375e-17
5.022800000000000182e+03 9.271095230287007701e-17
5.032000000000000000e+03 9.542923323184183656e-17
5.041199999999999818e+03 8.322988091368117847e-17
5.050399999999999636e+03 8.381091242827312638e-17
5.059600000000000364e+03 9.023727860719759838e-17
5.068800000000000182e+03 8.360129162616238832e-17
5.078000000000000000e+03 8.359924021824325681e-17
5.087199999999999818e+03 8.408430554688925266e-17
5.096399999999999636e+03 8.997050955092679675e-17
5.105600000000000364e+03 7.944871921969308133e-17
5.114800000000000182e+03 8.511075727772875492e-17
5.124000000000000000e+03 7.622372068236113788e-17
5.133199999999999818e+03 7.226722978573630100e-17
5.142399999999999636e+03 7.267886132832228926e-17
5.151600000000000364e+03 7.709218091620301185e-17
5.160800000000000182e+03 7.474199535981734962e-17
5.170000000000000000e+03 7.068714276219260711e-17
5.179199999999999818e+03 8.128841522412531785e-17
5.188399999999999636e+03 7.575331961161448210e-17
5.197600000000000364e+03 7.883929224903341308e-17
5.206800000000000182e+03 6.931233549690497299e-17
5.216000000000000000e+03 6.491351473080107987e-17
5.225199999999999818e+03 5.688794373001558840e-17
5.234399999999999636e+03 5.670205970276267203e-17
5.243600000000000364e+03 6.362963115844527456e-17
5.252800000000000182e+03 6.244327548903192142e-17
5.262000000000000000e+03 5.731969892254376673e-17
5.271199999999999818e+03 6.032819451506853093e-17
5.280399999999999636e+03 6.268313801433759817e-17
5.289600000000000364e+03 6.554122570172062024e-17
5.298800000000000182e+03 6.871463463860885646e-17
5.308000000000000000e+03 6.748668832799633709e-17
5.317199999999999818e+03 7.106513121490483863e-17
5.326399999999999636e+03 6.638727926712965780e-17
5.335600000000000364e+03 6.316485491586397937e-17
5.344800000000000182e+03 6.146045257242091606e-17
5.354000000000000000e+03 6.525431314317292728e-17
5.363199999999999818e+03 7.163216021608748889e-17
5.372399999999999636e+03 6.824032927537095040e-17
5.381600000000000364e+03 6.868968025388935673e-17
5.390800000000000182e+03 6.529596995882109775e-17
5.400000000000000000e+03 6.644238934826039071e-17
5.409199999999999818e+03 6.771778273880895175e-17
5.418399999999999636e+03 7.300663660913010180e-17
5.427600000000000364e+03 6.668374741611356334e-17
5.436800000000000182e+03 6.741795292781563071e-17
5.446000000000000000e+03 7.101154976354610371e-17
5.455199999999999818e+03 7.912301519913910158e-17
5.464399999999999636e+03 7.634951169247330190e-17
5.473600000000000364e+03 8.325983146930049849e-17
5.482800000000000182e+03 8.488511564151408981e-17
5.492000000000000000e+03 7.967260723300913401e-17
5.501199999999999818e+03 8.139993902303216725e-17
5.510399999999999636e+03 7.326736393820681612e-17
5.519600000000000364e+03 8.661124305656524584e-17
5.528800000000000182e+03 8.137640738896625872e-17
5.538000000000000000e+03 8.405892764569612577e-17
5.547199999999999818e+03 7.871424239275009657e-17
5.556399999999999636e+03 8.284526178117872187e-17
5.565600000000000364e+03 7.645038802253536873e-17
5.574800000000000182e+03 8.800005283526217761e-17
5.584000000000000000e+03 8.016543482452332748e-17
5.593199999999999818e+03 7.836423911452175908e-17
5.602399999999999636e+03 7.962007133794466612e-17
5.611600000000000364e+03 8.606343111537342752e-17
5.620800000000000182e+03 7.943343292197310138e-17
5.630000000000000000e+03 7.747622433099913154e-17
5.639199999999999818e+03 7.434387663971802761e-17
5.648399999999999636e+03 6.551224791050166258e-17
5.657600000000000364e+03 5.744262457901404707e-17
5.666800000000000182e+03 6.894588125065418088e-17
5.676000000000000000e+03 6.739039788725026425e-17
5.685199999999999818e+03 6.080977906769690364e-17
5.694399999999999636e+03 5.389808286233041881e-17
5.703600000000000364e+03 5.908424722268678579e-17
5.712800000000000182e+03 5.000547347005182715e-17
5.722000000000000000e+03 5.664755180911787771e-17
5.731199999999999818e+03 5.732679944092192192e-17
5.740399999999999636e+03 5.891302083588830906e-17
5.749600000000000364e+03 5.986854679228506451e-17
5.758800000000000182e+03 5.619666558338257296e-17
5.768000000000000000e+03 6.264848245539407653e-17
5.777199999999999818e+03 6.431259779428335718e-17
5.786399999999999636e+03 6.103968895587234236e-17
5.795600000000000364e+03 6.133836071400808917e-17
5.804800000000000182e+03 6.279683895261668715e-17
5.814000000000000000e+03 6.280436960491336991e-17
5.823199999999999818e+03 6.048984545909609381e-17
5.832399999999999636e+03 6.792066036456615753e-17
5.841600000000000364e+03 5.635767463525479470e-17
5.850800000000000182e+03 5.538085374116847410e-17
5.860000000000000000e+03 6.164832183314395970e-17
5.869199999999999818e+03 6.164050663071655870e-17
5.878399999999999636e+03 4.570988815311700210e-17
5.887600000000000364e+03 4.323171128618978479e-17
5.896800000000000182e+03 5.503799399471014455e-17
5.906000000000000000e+03 5.351622982179633954e-17
5.915199999999999818e+03 4.706289755490263883e-17
5.924399999999999636e+03 6.064579216561949101e-17
5.933600000000000364e+03 6.253681969014431821e-17
5.942800000000000182e+03 5.950120580841761556e-17
5.952000000000000000e+03 6.703206986333719308e-17
5.961199999999999818e+03 7.533704924015329645e-17
5.970399999999999636e+03 6.770601030433109706e-17
5.979600000000000364e+03 7.092887802440510391e-17
5.988800000000000182e+03 6.800169097737185212e-17
5.998000000000000000e+03 7.255447321652901517e-17
6.007199999999999818e+03 7.578665829902281933e-17
6.016399999999999636e+03 6.745482533080079447e-17
6.025600000000000364e+03 7.146362051191858440e-17
6.034800000000000182e+03 7.547133043207270475e-17
6.044000000000000000e+03 6.865448868190890072e-17
6.053199999999999818e+03 7.276341903925990996e-17
6.062399999999999636e+03 7.196182146869192233e-17
6.071600000000000364e+03 7.267191301117684383e-17
6.080799999999999272e+03 7.808060219119977610e-17
6.090000000000000000e+03 7.142792601412569615e-17
6.099199999999999818e+03 7.545845950174137964e-17
6.108399999999999636e+03 7.686006080143083143e-17
6.117600000000000364e+03 6.923104680374816185e-17
6.126799999999999272e+03 7.366935386357288630e-17
6.136000000000000000e+03 7.094832007752255028e-17
6.145199999999999818e+03 7.448495394755017159e-17
6.154399999999999636e+03 5.785841187699750175e-17
6.163600000000000364e+03 7.734093067000995833e-17
6.172799999999999272e+03 7.186092528629515423e-17
6.182000000000000000e+03 6.482666076648301197e-17
6.191199999999999818e+03 6.121081608099731273e-17
6.200399999999999636e+03 6.840209933340672091e-17
6.209600000000000364e+03 6.384595543224014236e-17
6.218799999999999272e+03 6.857919539383187392e-17
6.228000000000000000e+03 5.667638401654902605e-17
6.237199999999999818e+03 6.395033900809943403e-17
6.246399999999999636e+03 6.523045725430689796e-17
6.255600000000000364e+03 6.505817207632435335e-17
6.264799999999999272e+03 5.608948282833040185e-17
6.274000000000000000e+03 6.799738302074167596e-17
6.283199999999999818e+03 6.129828546769112009e-17
6.292399999999999636e+03 6.270724536610984361e-17
6.301600000000000364e+03 7.578919939786458223e-17
6.310799999999999272e+03 5.318210179388411975e-17
6.320000000000000000e+03 6.797604837838270827e-17
6.329199999999999818e+03 7.139194034875718923e-17
6.338399999999999636e+03 6.879710123695794311e-17
6.347600000000000364e+03 6.548069593321643989e-17
6.356799999999999272e+03 7.573099235252045078e-17
6.366000000000000000e+03 6.774372974026351512e-17
6.375199999999999818e+03 6.333217039272630538e-17
6.384399999999999636e+03 7.098594025178146198e-17
6.393600000000000364e+03 6.169739680452550573e-17
6.402799999999999272e+03 7.498885252438277477e-17
6.412000000000000000e+03 7.317792255293268234e-17
6.421199999999999818e+03 7.202804223981046751e-17
6.430399999999999636e+03 6.752137697416436086e-17
6.439600000000000364e+03 6.533194900674470424e-17
6.448799999999999272e+03 6.210671885884124594e-17
6.458000000000000000e+03 7.010940673516107046e-17
6.467199999999999818e+03 6.125022958282423939e-17
6.476399999999999636e+03 6.419292130325918513e-17
6.485600000000000364e+03 6.142332208908463575e-17
6.494799999999999272e+03 6.843043523247033743e-17
6.504000000000000000e+03 6.119777971454347701e-17
6.513199999999999818e+03 6.047182615663223865e-17
6.522399999999999636e+03 5.054871275681745233e-17
6.531600000000000364e+03 4.363123621333044695e-17
6.540799999999999272e+03 4.095104529720552922e-17
6.550000000000000000e+03 3.843294869391650280e-17
6.559199999999999818e+03 3.242906004976981436e-17
6.568399999999999636e+03 3.340342918052052778e-17
6.577600000000000364e+03 3.198911907789981127e-17
6.586799999999999272e+03 2.429610942494636415e-17
6.596000000000000000e+03 3.078690470178259149e-17
6.605199999999999818e+03 2.715235580828584318e-17
6.614399999999999636e+03 2.492367646643932030e-17
6.623600000000000364e+03 3.393322843669339137e-17
6.632799999999999272e+03 2.781805091293381858e-17
6.642000000000000000e+03 2.906365587526311999e-17
6.651199999999999818e+03 3.850549574235985354e-17
6.660399999999999636e+03 2.937657499226948015e-17
6.669600000000000364e+03 4.454745123829623231e-17
6.678799999999999272e+03 4.019468127125439135e-17
6.688000000000000000e+03 4.066859951396562260e-17
6.697199999999999818e+03 4.604837707721860145e-17
6.706399999999999636e+03 4.305927390697453043e-17
6.715600000000000364e+03 5.443084673381867245e-17
6.724799999999999272e+03 5.302516247062565892e-17
6.734000000000000000e+03 4.806523200780254501e-17
6.743199999999999818e+03 5.398653163086948896e-17
6.752399999999999636e+03 6.242090190782358713e-17
6.761600000000000364e+03 6.238381774660160979e-17
6.770799999999999272e+03 6.118219563180297797e-17
6.780000000000000000e+03 5.746636797131676917e-17
6.789199999999999818e+03 6.132470892517851400e-17
6.798399999999999636e+03 7.037626181821557761e-17
6.807600000000000364e+03 6.477988866592681357e-17
6.816799999999999272e+03 6.279378169307269116e-17
6.826000000000000000e+03 5.184657568152540382e-17
6.835199999999999818e+03 6.450988367909970449e-17
6.844399999999999636e+03 6.830321485425968177e-17
6.853600000000000364e+03 7.537358415344853858e-17
6.862799999999999272e+03 6.366249338982078124e-17
6.872000000000000000e+03 4.637535164719346265e-17
6.881199999999999818e+03 5.262981315121716445e-17
6.890399999999999636e+03 5.124390181338661849e-17
6.899600000000000364e+03 6.365768912482307326e-17
6.908799999999999272e+03 6.051460132046858082e-17
6.918000000000000000e+03 6.288161503923602185e-17
6.927199999999999818e+03 6.494781294771997861e-17
6.936399999999999636e+03 4.978464933372467088e-17
6.945600000000000364e+03 5.761196499401590289e-17
6.954799999999999272e+03 5.176945266993340973e-17
6.964000000000000000e+03 5.015495824162996010e-17
6.973199999999999818e+03 5.310813861223207823e-17
6.982399999999999636e+03 5.907537322907531691e-17
6.991600000000000364e+03 4.674493594488215542e-17
7.000799999999999272e+03 6.466386500448767570e-17
7.010000000000000000e+03 6.536334878279721717e-17
7.019199999999999818e+03 5.068489646414573260e-17
7.028399999999999636e+03 5.527260888620978490e-17
7.037600000000000364e+03 5.221880033972936585e-17
7.046799999999999272e+03 5.289035519183666689e-17
7.056000000000000000e+03 6.361608524873410618e-17
7.065199999999999818e+03 5.270927542958145850e-17
7.074399999999999636e+03 4.476006643422441233e-17
7.083600000000000364e+03 4.719573283511130444e-17
7.092799999999999272e+03 6.164566162029398917e-17
7.102000000000000000e+03 4.692968508033464904e-17
7.111199999999999818e+03 5.442702846811112768e-17
7.120399999999999636e+03 5.300562115583470619e-17
7.129600000000000364e+03 4.524856290805127814e-17
7.138799999999999272e+03 5.017990600890455941e-17
7.148000000000000000e+03 5.592630987197574140e-17
7.157199999999999818e+03 4.862656338892593002e-17
7.166399999999999636e+03 5.000043428576015411e-17
7.175600000000000364e+03 5.076799833720525997e-17
7.184799999999999272e+03 4.079698787120120314e-17
7.194000000000000000e+03 3.784702688754314139e-17
7.203199999999999818e+03 3.686706270712911929e-17
7.212399999999999636e+03 5.232798818058636550e-17
7.221600000000000364e+03 4.052398187311175167e-17
7.230799999999999272e+03 5.410138069583880153e-17
7.240000000000000000e+03 4.278109637569539744e-17
7.249199999999999818e+03 4.678226826028789866e-17
7.258399999999999636e+03 2.629198043775106251e-17
7.267600000000000364e+03 4.711101299677362335e-17
7.276799999999999272e+03 3.578696335048187787e-17
7.286000000000000000e+03 5.105381901734438294e-17
7.295199999999999818e+03 3.360943354899318400e-17
7.304399999999999636e+03 4.006654437692502694e-17
7.313600000000000364e+03 4.056479496453511805e-17
7.322799999999999272e+03 3.538142316592673010e-17
7.332000000000000000e+03 2.930814730327664349e-17
7.341199999999999818e+03 4.269038113227793200e-17
7.350399999999999636e+03 4.601433363192836904e-17
7.359600000000000364e+03 4.199799456362409550e-17
7.368799999999999272e+03 5.463462764080478614e-17
7.378000000000000000e+03 3.005706008626990368e-17
7.387199999999999818e+03 4.915561487382504567e-17
7.396399999999999636e+03 3.795752498249042504e-17
7.405600000000000364e+03 3.941471281934344028e-17
7.414799999999999272e+03 6.456120196430249433e-17
7.424000000000000000e+03 5.655775969926402145e-17
7.433199999999999818e+03 3.146446157641457730e-17
7.442399999999999636e+03 2.958047170454135126e-17
7.451600000000000364e+03 4.131090856833549881e-17
7.460799999999999272e+03 3.698726197630042485e-17
7.470000000000000000e+03 3.448095435110150417e-17
7.479199999999999818e+03 5.086192304139943116e-17
7.488399999999999636e+03 4.218895086239318705e-17
7.497600000000000364e+03 2.348455921724813849e-17
7.506799999999999272e+03 2.751292549165893305e-17
7.516000000000000000e+03 3.457356880120539136e-17
7.525199999999999818e+03 4.179895836463158598e-17
7.534399999999999636e+03 3.792500024080483999e-17
7.543600000000000364e+03 3.684836842528542086e-17
7.552799999999999272e+03 4.951570975552653010e-17
7.562000000000000000e+03 4.376567953264991564e-17
7.571199999999999818e+03 2.706000605597797296e-17
7.580399999999999636e+03 4.955504384801465167e-17
7.589600000000000364e+03 3.137971857701974472e-17
7.598799999999999272e+03 6.713813509738180506e-18
7.608000000000000000e+03 1.989494608334772086e-17
7.617199999999999818e+03 4.079110165396227579e-17
7.626399999999999636e+03 2.815767803755829090e-17
7.635600000000000364e+03 1.596624680094344060e-17
7.644799999999999272e+03 3.891404024689979391e-17
7.654000000000000000e+03 1.030922807486473879e-17
7.663199999999999818e+03 3.696358475844670698e-17
7.672399999999999636e+03 4.447084769612892152e-17
7.681600000000000364e+03 3.027273585046452991e-17
7.690799999999999272e+03 2.924682344138441223e-17
7.700000000000000000e+03 3.908537251281667742e-17
7.709199999999999818e+03 5.212600060116826678e-17
7.718399999999999636e+03 2.620084664094364524e-17
7.727600000000000364e+03 3.335841401158539201e-17
7.736799999999999272e+03 4.858972076444281816e-17
7.746000000000000000e+03 4.018591977420622968e-17
7.755199999999999818e+03 3.685263667724619449e-17
7.764399999999999636e+03 1.430704656925395004e-17
7.773600000000000364e+03 1.937730307345693657e-17
7.782799999999999272e+03 4.952759468656769200e-17
7.792000000000000000e+03 2.426618368474542072e-17
7.801199999999999818e+03 5.180306267258266435e-17
7.810399999999999636e+03 4.392637094716691701e-17
7.819600000000000364e+03 1.874069494786877583e-18
7.828799999999999272e+03 3.003475929695547406e-17
7.838000000000000000e+03 6.247320619231654017e-17
7.847199999999999818e+03 3.588193361097031609e-17
7.856399999999999636e+03 9.237270656986856825e-18
7.865600000000000364e+03 4.655634869138741575e-17
7.874799999999999272e+03 1.699777080329911802e-17
7.884000000000000000e+03 9.283108043450870301e-18
7.893199999999999818e+03 5.201663078057650546e-17
7.902399999999999636e+03 -8.033650901008909445e-18
7.911600000000000364e+03 3.881053679121225866e-17
7.920799999999999272e+03 5.908942206459891753e-17
7.930000000000000000e+03 3.798445136579025119e-17
7.939199999999999818e+03 3.687681351218989438e-17
7.948399999999999636e+03 4.273552865011107625e-17
7.957600000000000364e+03 3.393635187068639160e-17
7.966799999999999272e+03 2.626785157928289069e-17
7.976000000000000000e+03 3.285900867984017687e-17
7.985199999999999818e+03 3.383520422538340738e-17
7.994399999999999636e+03 2.878047555563926628e-17
