3406.3354492188  -1.355806E-15
3411.13838091294  1.112388E-15
3415.94131260707  5.727733E-16
3420.74424430121  -8.285414E-17
3425.54717599535  1.701516E-16
3430.35010768948  1.572077E-16
3435.15303938362  1.261846E-17
3439.95597107775  5.525737E-17
3444.75890277189  1.379695E-16
3449.56183446602  -7.626781E-17
3454.36476616016  -5.332046E-18
3459.16769785429  -2.244528E-16
3463.97062954843  1.858644E-16
3468.77356124256  4.128015E-16
3473.5764929367  -1.046810E-17
3478.37942463083  1.576122E-16
3483.18235632497  4.899636E-16
3487.98528801911  5.050467E-17
3492.78821971324  2.126153E-16
3497.59115140737  -4.181656E-16
3502.39408310151  2.810909E-16
3507.19701479565  1.386523E-16
3511.99994648978  2.753120E-17
3516.80287818392  -3.489975E-16
3521.60580987805  -1.017526E-16
3526.40874157219  -6.141397E-17
3531.21167326632  5.819003E-16
3536.01460496046  2.286289E-16
3540.81753665459  -1.972925E-16
3545.62046834873  -1.890922E-16
3550.42340004286  1.856225E-16
3555.226331737  3.457777E-16
3560.02926343113  1.048255E-16
3564.83219512527  1.629825E-16
3569.6351268194  1.599518E-16
3574.43805851354  1.099902E-16
3579.24099020768  1.319002E-17
3584.04392190181  1.577307E-16
3588.84685359595  2.260715E-16
3593.64978529008  6.795827E-17
3598.45271698422  1.017529E-16
3603.25564867835  2.254200E-16
3608.05858037249  2.066382E-16
3612.86151206662  1.755121E-16
3617.66444376076  1.591643E-16
3622.46737545489  3.323753E-16
3627.27030714903  2.402608E-16
3632.07323884316  1.929784E-16
3636.8761705373  2.890603E-16
3641.67910223143  1.822112E-16
3646.48203392557  3.304478E-16
3651.2849656197  2.129712E-16
3656.08789731384  1.381361E-16
3660.89082900798  2.514000E-16
3665.69376070211  4.289776E-16
3670.49669239625  1.844821E-16
3675.29962409038  1.539442E-16
3680.10255578452  2.998455E-16
3684.90548747865  1.772145E-16
3689.70841917279  1.078891E-16
3694.51135086692  1.575056E-16
3699.31428256106  2.058320E-16
3704.11721425519  2.185376E-16
3708.92014594933  2.787614E-16
3713.72307764346  3.402221E-16
3718.5260093376  3.012239E-16
3723.32894103174  2.631056E-16
3728.13187272587  2.823180E-16
3732.93480442  2.225612E-16
3737.73773611414  2.673501E-16
3742.54066780828  2.182445E-16
3747.34359950241  2.085002E-16
3752.14653119655  2.524406E-16
3756.94946289068  2.280718E-16
3761.75239458482  2.093062E-16
3766.55532627895  2.522188E-16
3771.35825797309  2.222836E-16
3776.16118966722  2.101942E-16
3780.96412136136  1.443672E-16
3785.76705305549  2.041701E-16
3790.56998474963  2.226648E-16
3795.37291644377  1.198559E-16
3800.1758481379  1.512616E-16
3804.97877983203  1.508255E-16
3809.78171152617  2.109155E-16
3814.58464322031  1.523001E-16
3819.38757491444  2.666788E-16
3824.19050660858  2.415469E-16
3828.99343830271  2.382632E-16
3833.79636999685  2.404080E-16
3838.59930169098  1.985068E-16
3843.40223338512  1.966569E-16
3848.20516507925  1.805694E-16
3853.00809677339  2.138128E-16
3857.81102846752  2.441655E-16
3862.61396016166  2.435908E-16
3867.41689185579  2.532326E-16
3872.21982354993  2.062212E-16
3877.02275524406  2.604596E-16
3881.8256869382  2.679292E-16
3886.62861863234  2.830545E-16
3891.43155032647  2.852366E-16
3896.23448202061  2.383337E-16
3901.03741371474  2.975952E-16
3905.84034540888  2.813143E-16
3910.64327710301  2.180836E-16
3915.44620879715  3.321803E-16
3920.24914049128  2.785765E-16
3925.05207218542  2.393021E-16
3929.85500387955  2.487094E-16
3934.65793557369  1.961409E-16
3939.46086726782  2.231632E-16
3944.26379896196  2.731703E-16
3949.06673065609  2.741193E-16
3953.86966235023  2.677273E-16
3958.67259404437  3.131073E-16
3963.4755257385  3.032747E-16
3968.27845743264  2.646903E-16
3973.08138912677  2.734839E-16
3977.88432082091  2.868484E-16
3982.68725251504  3.358072E-16
3987.49018420918  3.321155E-16
3992.29311590331  2.819983E-16
3997.09604759745  3.027868E-16
4001.89897929158  2.799706E-16
4006.70191098572  2.984162E-16
4011.50484267985  2.382934E-16
4016.30777437399  2.460209E-16
4021.11070606812  2.508109E-16
4025.91363776226  2.184279E-16
4030.7165694564  2.203253E-16
4035.51950115053  1.854881E-16
4040.32243284467  2.319039E-16
4045.1253645388  2.926238E-16
4049.92829623294  2.723283E-16
4054.73122792707  2.440287E-16
4059.53415962121  2.734772E-16
4064.33709131534  2.576806E-16
4069.14002300948  2.317255E-16
4073.94295470361  2.020940E-16
4078.74588639775  2.843257E-16
4083.54881809188  1.995890E-16
4088.35174978602  1.984632E-16
4093.15468148015  2.270454E-16
4097.95761317429  1.916457E-16
4102.76054486842  1.835361E-16
4107.56347656256  1.904522E-16
4112.3664082567  2.207010E-16
4117.16933995083  2.160065E-16
4121.97227164497  1.754405E-16
4126.7752033391  2.259468E-16
4131.57813503324  1.769596E-16
4136.38106672737  1.982879E-16
4141.18399842151  1.796869E-16
4145.98693011564  1.972469E-16
4150.78986180978  2.104321E-16
4155.59279350391  2.282226E-16
4160.39572519805  2.001075E-16
4165.19865689218  1.943419E-16
4170.00158858632  1.846730E-16
4174.80452028045  1.964485E-16
4179.60745197459  2.447000E-16
4184.41038366873  2.417248E-16
4189.21331536286  2.454918E-16
4194.016247057  2.154345E-16
4198.81917875113  2.082368E-16
4203.62211044527  2.122651E-16
4208.4250421394  2.334873E-16
4213.22797383354  2.040361E-16
4218.03090552767  2.276475E-16
4222.83383722181  2.061686E-16
4227.63676891594  2.421326E-16
4232.43970061008  2.408104E-16
4237.24263230421  2.168663E-16
4242.04556399835  1.859233E-16
4246.84849569248  2.354881E-16
4251.65142738662  2.209348E-16
4256.45435908076  1.806677E-16
4261.25729077489  1.842936E-16
4266.06022246903  2.014191E-16
4270.86315416316  1.960264E-16
4275.6660858573  2.019127E-16
4280.46901755143  2.290076E-16
4285.27194924557  2.092934E-16
4290.0748809397  2.123690E-16
4294.87781263384  2.524814E-16
4299.68074432797  2.355155E-16
4304.48367602211  2.093865E-16
4309.28660771624  1.805011E-16
4314.08953941038  1.980638E-16
4318.89247110451  1.935721E-16
4323.69540279865  2.411041E-16
4328.49833449278  2.184762E-16
4333.30126618692  2.271664E-16
4338.10419788106  2.633465E-16
4342.90712957519  2.658748E-16
4347.71006126933  2.534525E-16
4352.51299296346  2.224887E-16
4357.3159246576  1.892093E-16
4362.11885635173  2.591953E-16
4366.92178804587  2.940354E-16
4371.72471974  2.595975E-16
4376.52765143414  2.481521E-16
4381.33058312827  2.405747E-16
4386.13351482241  2.339115E-16
4390.93644651654  2.027803E-16
4395.73937821068  2.365089E-16
4400.54230990481  2.329932E-16
4405.34524159895  2.061405E-16
4410.14817329309  2.177776E-16
4414.95110498722  2.061200E-16
4419.75403668136  2.156914E-16
4424.55696837549  2.262964E-16
4429.35990006963  1.925165E-16
4434.16283176376  1.745627E-16
4438.9657634579  1.956720E-16
4443.76869515203  2.078346E-16
4448.57162684617  2.376183E-16
4453.3745585403  2.253969E-16
4458.17749023444  1.901525E-16
4462.98042192857  1.790255E-16
4467.78335362271  1.977896E-16
4472.58628531684  2.122125E-16
4477.38921701098  2.084670E-16
4482.19214870512  2.505026E-16
4486.99508039925  2.194132E-16
4491.79801209339  2.027896E-16
4496.60094378752  1.889313E-16
4501.40387548166  2.218027E-16
4506.20680717579  2.293539E-16
4511.00973886993  2.319957E-16
4515.81267056406  2.229579E-16
4520.6156022582  1.886442E-16
4525.41853395233  2.135983E-16
4530.22146564647  2.101727E-16
4535.0243973406  1.804965E-16
4539.82732903474  1.879640E-16
4544.63026072887  1.780941E-16
4549.43319242301  1.848845E-16
4554.23612411714  1.902850E-16
4559.03905581128  2.199406E-16
4563.84198750541  2.017631E-16
4568.64491919955  1.744671E-16
4573.44785089368  1.709419E-16
4578.25078258782  1.544530E-16
4583.05371428196  1.495133E-16
4587.85664597609  1.669658E-16
4592.65957767023  1.810856E-16
4597.46250936436  1.424990E-16
4602.2654410585  1.649167E-16
4607.06837275263  1.577197E-16
4611.87130444677  1.726387E-16
4616.6742361409  1.809229E-16
4621.47716783504  1.578713E-16
4626.28009952917  1.382672E-16
4631.08303122331  1.710774E-16
4635.88596291744  2.001457E-16
4640.68889461158  1.571532E-16
4645.49182630572  1.539955E-16
4650.29475799985  1.309712E-16
4655.09768969399  1.532509E-16
4659.90062138812  1.933364E-16
4664.70355308226  1.927911E-16
4669.50648477639  1.480239E-16
4674.30941647053  1.489634E-16
4679.11234816466  1.337136E-16
4683.9152798588  1.400251E-16
4688.71821155293  1.751499E-16
4693.52114324707  1.725497E-16
4698.3240749412  1.776364E-16
4703.12700663534  1.705983E-16
4707.92993832947  1.709277E-16
4712.73287002361  1.894608E-16
4717.53580171775  2.001179E-16
4722.33873341188  1.848212E-16
4727.14166510602  1.968383E-16
4731.94459680015  2.160843E-16
4736.74752849429  2.355050E-16
4741.55046018842  2.116782E-16
4746.35339188256  1.789296E-16
4751.15632357669  1.828011E-16
4755.95925527083  1.807533E-16
4760.76218696496  1.598322E-16
4765.5651186591  1.565861E-16
4770.36805035323  1.703117E-16
4775.17098204737  1.797362E-16
4779.97391374151  1.857175E-16
4784.77684543564  1.511087E-16
4789.57977712978  1.745634E-16
4794.38270882391  1.866617E-16
4799.18564051805  1.620049E-16
4803.98857221218  1.868767E-16
4808.79150390632  2.010869E-16
4813.59443560045  1.777545E-16
4818.39736729459  1.903124E-16
4823.20029898872  2.215154E-16
4828.00323068286  1.957407E-16
4832.80616237699  1.962910E-16
4837.60909407113  1.967130E-16
4842.41202576526  1.903304E-16
4847.2149574594  1.758196E-16
4852.01788915353  2.070376E-17
4856.82082084767  -7.066513E-17
4861.62375254181  1.925654E-16
4866.42668423594  2.011581E-16
4871.22961593007  1.758315E-16
4876.03254762421  1.707638E-16
4880.83547931835  1.813977E-16
4885.63841101248  1.839366E-16
4890.44134270662  1.837601E-16
4895.24427440075  2.078780E-16
4900.04720609489  1.972063E-16
4904.85013778902  1.988160E-16
4909.65306948316  1.857608E-16
4914.45600117729  1.797069E-16
4919.25893287143  1.716322E-16
4924.06186456556  1.737077E-16
4928.8647962597  2.127883E-16
4933.66772795383  2.193495E-16
4938.47065964797  2.083376E-16
4943.2735913421  2.045046E-16
4948.07652303624  2.122567E-16
4952.87945473038  2.194553E-16
4957.68238642451  2.140867E-16
4962.48531811865  1.778118E-16
4967.28824981278  1.940343E-16
4972.09118150692  2.099300E-16
4976.89411320105  2.008999E-16
4981.69704489519  2.030462E-16
4986.49997658932  2.005611E-16
4991.30290828346  2.154008E-16
4996.10583997759  2.043783E-16
5000.90877167173  2.055578E-16
5005.71170336586  1.741589E-16
5010.51463506  1.786873E-16
5015.31756675414  1.793612E-16
5020.12049844827  1.727863E-16
5024.92343014241  1.794682E-16
5029.72636183654  1.847640E-16
5034.52929353068  1.829321E-16
5039.33222522481  1.813758E-16
5044.13515691895  1.874898E-16
5048.93808861308  1.751968E-16
5053.74102030722  1.700901E-16
5058.54395200135  1.598840E-16
5063.34688369549  1.840287E-16
5068.14981538962  2.023327E-16
5072.95274708376  1.827995E-16
5077.75567877789  1.541142E-16
5082.55861047203  1.585333E-16
5087.36154216617  1.779091E-16
5092.1644738603  1.640637E-16
5096.96740555444  1.663344E-16
5101.77033724857  1.666651E-16
5106.57326894271  1.746986E-16
5111.37620063684  1.638355E-16
5116.17913233098  1.798892E-16
5120.98206402511  1.532248E-16
5125.78499571925  1.664823E-16
5130.58792741338  1.861672E-16
5135.39085910752  1.695094E-16
5140.19379080165  1.602046E-16
5144.99672249579  1.654295E-16
5149.79965418992  1.567035E-16
5154.60258588406  1.550523E-16
5159.4055175782  1.670514E-16
5164.20844927233  1.739043E-16
5169.01138096647  1.818909E-16
5173.8143126606  1.641727E-16
5178.61724435474  1.554782E-16
5183.42017604887  1.685198E-16
5188.22310774301  1.914589E-16
5193.02603943714  1.809575E-16
5197.82897113128  1.818866E-16
5202.63190282541  1.768682E-16
5207.43483451955  1.546075E-16
5212.23776621368  1.533379E-16
5217.04069790782  1.815829E-16
5221.84362960195  1.642298E-16
5226.64656129609  1.579612E-16
5231.44949299022  1.714982E-16
5236.25242468436  1.693423E-16
5241.0553563785  1.768308E-16
5245.85828807263  1.541372E-16
5250.66121976677  1.348394E-16
5255.4641514609  1.559091E-16
5260.26708315504  1.575800E-16
5265.07001484917  1.479774E-16
5269.87294654331  1.413120E-16
5274.67587823744  1.389693E-16
5279.47880993158  1.646522E-16
5284.28174162571  1.702625E-16
5289.08467331985  1.476923E-16
5293.88760501398  1.281009E-16
5298.69053670812  1.455252E-16
5303.49346840225  1.407632E-16
5308.29640009639  1.149174E-16
5313.09933179052  1.090905E-16
5317.90226348466  1.142479E-16
5322.7051951788  1.245365E-16
5327.50812687293  1.302142E-16
5332.31105856707  1.257164E-16
5337.1139902612  1.019176E-16
5341.91692195534  1.341667E-16
5346.71985364947  1.435130E-16
5351.52278534361  1.404813E-16
5356.32571703774  1.252127E-16
5361.12864873188  1.246991E-16
5365.93158042601  1.100533E-16
5370.73451212015  1.189355E-16
5375.53744381428  1.286965E-16
5380.34037550842  1.073592E-16
5385.14330720255  1.085945E-16
5389.94623889669  1.161963E-16
5394.74917059083  1.319468E-16
5399.55210228496  1.127780E-16
5404.3550339791  1.276529E-16
5409.15796567323  1.404680E-16
5413.96089736737  1.129277E-16
5418.7638290615  1.070722E-16
5423.56676075564  1.030255E-16
5428.36969244977  1.157987E-16
5433.17262414391  1.347812E-16
5437.97555583804  1.392643E-16
5442.77848753218  1.520860E-16
5447.58141922631  1.390259E-16
5452.38435092045  1.449586E-16
5457.18728261458  1.537259E-16
5461.99021430872  1.431440E-16
5466.79314600285  1.404577E-16
5471.59607769699  1.224430E-16
5476.39900939113  1.456607E-16
5481.20194108526  1.496804E-16
5486.0048727794  1.512878E-16
5490.80780447353  1.565994E-16
5495.61073616767  1.629704E-16
5500.4136678618  1.644849E-16
5505.21659955594  1.486182E-16
5510.01953125007  1.357089E-16
5514.82246294421  1.313603E-16
5519.62539463834  1.666167E-16
5524.42832633248  1.746421E-16
5529.23125802661  1.553986E-16
5534.03418972075  1.368231E-16
5538.83712141488  1.520236E-16
5543.64005310902  1.580780E-16
5548.44298480316  1.444939E-16
5553.24591649729  1.434377E-16
5558.04884819143  1.529179E-16
5562.85177988556  1.176920E-16
5567.6547115797  1.225526E-16
5572.45764327383  1.996163E-16
5577.26057496797  2.016893E-16
5582.0635066621  1.741216E-16
5586.86643835624  1.526182E-16
5591.66937005037  1.451733E-16
5596.47230174451  1.695641E-16
5601.27523343864  1.834719E-16
5606.07816513278  1.635737E-16
5610.88109682691  1.552507E-16
5615.68402852105  1.457226E-16
5620.48696021518  1.468341E-16
5625.28989190932  1.562835E-16
5630.09282360346  1.561126E-16
5634.89575529759  1.495331E-16
5639.69868699173  1.430933E-16
5644.50161868586  1.367796E-16
5649.30455038  1.244215E-16
5654.10748207413  1.352540E-16
5658.91041376827  1.391010E-16
5663.7133454624  1.092124E-16
5668.51627715654  1.333440E-16
5673.31920885067  1.288136E-16
5678.12214054481  1.274588E-16
5682.92507223894  1.198689E-16
5687.72800393308  1.128044E-16
5692.53093562721  1.416829E-16
5697.33386732135  1.442790E-16
5702.13679901549  1.108954E-16
5706.93973070962  1.458371E-16
5711.74266240376  1.275456E-16
5716.54559409789  1.088337E-16
5721.34852579203  1.232483E-16
5726.15145748616  1.031620E-16
5730.9543891803  1.073987E-16
5735.75732087443  1.285259E-16
5740.56025256857  1.171710E-16
5745.3631842627  1.353613E-16
5750.16611595684  1.522787E-16
5754.96904765097  1.276617E-16
5759.77197934511  1.058340E-16
5764.57491103924  1.236313E-16
5769.37784273338  1.356552E-16
5774.18077442752  1.286222E-16
5778.98370612165  1.251342E-16
5783.78663781579  1.238210E-16
5788.58956950992  1.235349E-16
5793.39250120406  1.098830E-16
5798.19543289819  1.363842E-16
5802.99836459233  1.265418E-16
5807.80129628646  1.116043E-16
5812.6042279806  1.335742E-16
5817.40715967473  1.159125E-16
5822.21009136887  1.249127E-16
5827.013023063  1.163727E-16
5831.81595475714  1.357760E-16
5836.61888645127  1.438562E-16
5841.42181814541  1.327047E-16
5846.22474983954  1.196727E-16
5851.02768153368  1.195712E-16
5855.83061322782  1.104457E-16
5860.63354492195  1.416808E-16
5865.43647661608  4.857314E-16
5870.23940831022  2.317107E-16
5875.04234000436  8.154976E-17
5879.84527169849  1.211794E-16
5884.64820339263  1.132395E-16
5889.45113508676  1.161022E-16
5894.2540667809  1.000815E-16
5899.05699847503  9.788370E-17
5903.85993016917  1.150965E-16
5908.6628618633  1.235144E-16
5913.46579355744  1.377716E-16
5918.26872525157  1.486930E-16
5923.07165694571  1.264889E-16
5927.87458863985  1.042183E-16
5932.67752033398  1.123011E-16
5937.48045202812  1.155081E-16
5942.28338372225  1.094659E-16
5947.08631541639  9.418107E-17
5951.88924711052  1.258455E-16
5956.69217880466  1.320573E-16
5961.49511049879  1.083044E-16
5966.29804219293  1.279058E-16
5971.10097388706  1.135017E-16
5975.9039055812  1.053087E-16
5980.70683727533  1.271185E-16
5985.50976896947  1.312783E-16
5990.3127006636  1.265974E-16
5995.11563235774  1.191943E-16
5999.91856405187  1.368608E-16
6004.72149574601  1.262950E-16
6009.52442744015  1.134423E-16
6014.32735913428  1.190040E-16
6019.13029082842  1.370312E-16
6023.93322252255  1.348733E-16
6028.73615421669  1.377056E-16
6033.53908591082  1.565211E-16
6038.34201760496  1.221426E-16
6043.14494929909  1.183849E-16
6047.94788099323  1.248230E-16
6052.75081268736  1.074966E-16
6057.5537443815  1.274482E-16
6062.35667607563  1.192517E-16
6067.15960776977  1.111639E-16
6071.96253946391  1.141381E-16
6076.76547115804  1.064196E-16
6081.56840285218  1.291290E-16
6086.37133454631  1.264450E-16
6091.17426624045  1.032572E-16
6095.97719793458  1.257923E-16
6100.78012962872  1.320839E-16
6105.58306132285  1.325586E-16
6110.38599301699  1.254504E-16
6115.18892471112  1.228869E-16
6119.99185640526  1.305219E-16
6124.79478809939  1.171875E-16
6129.59771979353  1.015580E-16
6134.40065148766  1.248748E-16
6139.2035831818  1.326459E-16
6144.00651487594  1.290797E-16
6148.80944657007  1.253488E-16
6153.6123782642  1.100631E-16
6158.41530995834  1.150442E-16
6163.21824165248  1.159089E-16
6168.02117334661  1.108942E-16
6172.82410504075  1.113557E-16
6177.62703673488  9.187684E-17
6182.42996842902  9.994105E-17
6187.23290012315  1.305885E-16
6192.03583181729  1.255015E-16
6196.83876351142  1.114247E-16
6201.64169520556  1.241128E-16
6206.44462689969  1.243022E-16
6211.24755859383  1.184521E-16
6216.05049028796  1.124918E-16
6220.8534219821  1.173761E-16
6225.65635367624  1.229972E-16
6230.45928537037  1.125211E-16
6235.2622170645  1.288996E-16
6240.06514875864  1.189880E-16
6244.86808045278  1.094564E-16
6249.67101214691  1.168868E-16
6254.47394384105  9.653400E-17
6259.27687553518  1.105661E-16
6264.07980722932  1.120226E-16
6268.88273892345  1.249974E-16
6273.68567061759  1.042711E-16
6278.48860231172  1.070604E-16
6283.29153400586  1.072390E-16
6288.09446569999  9.029878E-17
6292.89739739413  1.022924E-16
6297.70032908826  1.098343E-16
6302.5032607824  9.775725E-17
6307.30619247654  1.111300E-16
6312.10912417067  1.078624E-16
6316.91205586481  1.151143E-16
6321.71498755894  1.242670E-16
6326.51791925308  1.251036E-16
6331.32085094721  1.103871E-16
6336.12378264135  1.090242E-16
6340.92671433548  1.021638E-16
6345.72964602962  1.106501E-16
6350.53257772375  1.269026E-16
6355.33550941789  1.262906E-16
6360.13844111202  1.221397E-16
6364.94137280616  1.261366E-16
6369.74430450029  1.261414E-16
6374.54723619443  1.109944E-16
6379.35016788857  1.085309E-16
6384.1530995827  9.281209E-17
6388.95603127684  1.093901E-16
6393.75896297097  1.362161E-16
6398.56189466511  1.169711E-16
6403.36482635924  1.004918E-16
6408.16775805338  1.066147E-16
6412.97068974751  1.116949E-16
6417.77362144165  1.235067E-16
6422.57655313578  1.128435E-16
6427.37948482992  1.117068E-16
6432.18241652406  1.122989E-16
6436.98534821819  1.158006E-16
6441.78827991232  1.079504E-16
6446.59121160646  1.086111E-16
6451.3941433006  1.119870E-16
6456.19707499473  1.154249E-16
6461.00000668887  1.134202E-16
6465.802938383  1.166253E-16
6470.60587007714  9.756539E-17
6475.40880177127  1.133407E-16
6480.21173346541  1.304270E-16
6485.01466515954  1.135372E-16
6489.81759685368  1.202593E-16
6494.62052854781  1.153849E-16
6499.42346024195  1.141725E-16
6504.22639193608  1.109833E-16
6509.02932363022  1.189594E-16
6513.83225532435  1.133662E-16
6518.63518701849  1.146825E-16
6523.43811871262  1.079440E-16
6528.24105040676  9.141884E-17
6533.0439821009  1.092042E-16
6537.84691379503  1.186501E-16
6542.64984548917  1.188548E-16
6547.4527771833  1.123069E-16
6552.25570887744  1.094516E-16
6557.05864057157  1.065102E-16
6561.86157226571  1.061863E-16
6566.66450395984  1.063896E-16
6571.46743565398  9.112469E-17
6576.27036734811  9.312286E-17
6581.07329904225  1.035127E-16
6585.87623073638  1.040483E-16
6590.67916243052  9.602769E-17
6595.48209412465  9.061939E-17
6600.28502581879  8.640398E-17
6605.08795751292  1.071810E-16
6609.89088920706  1.125111E-16
6614.6938209012  1.003645E-16
6619.49675259533  1.024502E-16
6624.29968428947  9.545214E-17
6629.1026159836  8.834494E-17
6633.90554767774  1.036189E-16
6638.70847937187  8.247834E-17
6643.51141106601  8.810495E-17
6648.31434276014  1.001839E-16
6653.11727445428  9.565754E-17
6657.92020614841  9.276224E-17
6662.72313784255  1.101895E-16
6667.52606953668  1.007433E-16
6672.32900123082  9.509519E-17
6677.13193292496  1.093935E-16
6681.93486461909  1.052464E-16
6686.73779631323  9.438509E-17
6691.54072800736  1.064346E-16
6696.3436597015  9.402589E-17
6701.14659139563  9.826869E-17
6705.94952308977  9.935691E-17
6710.7524547839  1.142027E-16
6715.55538647804  1.108829E-16
6720.35831817217  9.805800E-17
6725.16124986631  1.033883E-16
6729.96418156044  1.017707E-16
6734.76711325458  1.029855E-16
6739.57004494871  8.691999E-17
6744.37297664285  8.736617E-17
6749.17590833698  9.734146E-17
6753.97884003112  9.780732E-17
6758.78177172526  8.912720E-17
6763.58470341939  9.188631E-17
6768.38763511353  9.869189E-17
6773.19056680766  1.043056E-16
6777.9934985018  9.984280E-17
6782.79643019593  1.056693E-16
6787.59936189007  1.041200E-16
6792.4022935842  8.316277E-17
6797.20522527834  1.032843E-16
6802.00815697247  1.185025E-16
6806.81108866661  1.047916E-16
6811.61402036074  9.943858E-17
6816.41695205488  9.046204E-17
6821.21988374901  8.343991E-17
6826.02281544315  9.681592E-17
6830.82574713729  1.013332E-16
6835.62867883142  7.232867E-17
6840.43161052556  8.998839E-17
6845.23454221969  8.449121E-17
6850.03747391383  9.640464E-17
6854.84040560796  9.390012E-17
6859.6433373021  8.280476E-17
6864.44626899623  7.985842E-17
6869.24920069037  8.436383E-17
6874.0521323845  8.245185E-17
6878.85506407864  1.003046E-16
6883.65799577277  1.016148E-16
6888.46092746691  9.698116E-17
6893.26385916104  9.373246E-17
6898.06679085518  1.050924E-16
6902.86972254931  1.200441E-16
6907.67265424345  1.134280E-16
6912.47558593758  9.946021E-17
6917.27851763172  1.045513E-16
6922.08144932585  1.001251E-16
6926.88438101999  1.053335E-16
6931.68731271413  1.104919E-16
6936.49024440826  1.030936E-16
6941.2931761024  8.402739E-17
6946.09610779653  9.991734E-17
6950.89903949067  1.049430E-16
6955.7019711848  1.102079E-16
6960.50490287894  9.669150E-17
6965.30783457307  1.113773E-16
6970.11076626721  9.817085E-17
6974.91369796134  9.995887E-17
6979.71662965548  9.705036E-17
6984.51956134961  8.068881E-17
6989.32249304375  1.022949E-16
6994.12542473789  9.553974E-17
6998.92835643202  8.997363E-17
7003.73128812616  1.071381E-16
7008.53421982029  1.156666E-16
7013.33715151443  1.007714E-16
7018.14008320856  1.057859E-16
7022.9430149027  9.223736E-17
7027.74594659683  1.032294E-16
7032.54887829097  1.009315E-16
7037.3518099851  9.507635E-17
7042.15474167924  1.012289E-16
7046.95767337338  9.991292E-17
7051.76060506751  9.052608E-17
7056.56353676164  1.500650E-16
7061.36646845578  1.114524E-16
7066.16940014991  1.066231E-16
7070.97233184405  1.123764E-16
7075.77526353819  1.154185E-16
7080.57819523232  9.685045E-17
7085.38112692646  1.021607E-16
7090.18405862059  9.461816E-17
7094.98699031473  7.160131E-17
7099.78992200886  8.536687E-17
7104.592853703  -4.077134E-17
7109.39578539713  -4.634080E-16
7114.19871709127  1.109457E-17
7119.0016487854  1.047109E-16
7123.80458047954  9.737384E-17
7128.60751217367  1.035212E-16
7133.41044386781  8.307317E-17
7138.21337556194  6.586736E-17
7143.01630725608  9.295884E-17
7147.81923895022  1.063797E-16
7152.62217064435  8.028949E-17
7157.42510233849  9.251772E-17
7162.22803403262  8.559231E-17
7167.03096572676  8.452645E-17
7171.83389742089  8.844414E-17
7176.63682911503  8.983800E-17
7181.43976080916  9.391173E-17
7186.2426925033  8.594280E-17
7191.04562419743  9.238191E-17
7195.84855589157  1.068748E-16
7200.6514875857  9.338916E-17
7205.45441927984  9.490612E-17
7210.25735097398  1.084289E-16
7215.06028266811  9.228180E-17
7219.86321436225  1.067951E-16
7224.66614605638  8.993224E-17
7229.46907775052  8.280803E-17
7234.27200944465  9.460069E-17
7239.07494113879  1.014021E-16
7243.87787283292  9.267264E-17
7248.68080452706  7.804953E-17
7253.48373622119  8.954868E-17
7258.28666791533  7.519159E-17
7263.08959960946  7.167325E-17
7267.8925313036  7.606225E-17
7272.69546299773  7.301414E-17
7277.49839469187  7.904420E-17
7282.30132638601  8.217247E-17
7287.10425808014  8.512999E-17
7291.90718977427  7.990402E-17
7296.71012146841  7.776550E-17
7301.51305316255  7.609093E-17
7306.31598485668  7.825317E-17
7311.11891655082  8.113729E-17
7315.92184824495  8.573398E-17
7320.72477993909  9.278456E-17
7325.52771163322  9.323772E-17
7330.33064332736  8.506557E-17
7335.13357502149  8.030445E-17
7339.93650671563  7.353968E-17
7344.73943840976  7.671057E-17
7349.5423701039  9.110448E-17
7354.34530179803  9.935942E-17
7359.14823349217  9.051558E-17
7363.95116518631  8.154578E-17
7368.75409688044  8.526328E-17
7373.55702857458  9.631306E-17
7378.35996026871  8.889583E-17
7383.16289196285  8.723921E-17
7387.96582365698  7.632471E-17
7392.76875535112  6.641564E-17
7397.57168704525  6.622662E-17
7402.37461873939  4.540922E-17
7407.17755043352  7.352124E-17
7411.98048212766  7.880290E-17
7416.78341382179  7.601995E-17
7421.58634551593  8.218297E-17
7426.38927721006  6.238137E-17
7431.1922089042  7.577229E-17
7435.99514059833  7.752694E-17
7440.79807229247  7.553243E-17
7445.60100398661  7.773851E-17
7450.40393568074  8.601581E-17
7455.20686737488  8.653895E-17
7460.00979906901  7.369840E-17
7464.81273076315  7.998507E-17
7469.61566245728  7.971943E-17
7474.41859415142  7.024743E-17
7479.22152584555  5.106346E-17
7484.02445753969  3.270996E-17
7488.82738923382  3.341074E-17
7493.63032092796  3.727840E-17
7498.43325262209  3.556010E-17
7503.23618431623  3.872897E-17
7508.03911601036  4.277784E-17
7512.8420477045  4.045963E-17
7517.64497939864  4.596724E-17
7522.44791109277  4.193217E-17
7527.2508427869  4.878350E-17
7532.05377448104  5.274406E-17
7536.85670617518  5.327554E-17
7541.65963786931  5.167506E-17
7546.46256956345  4.369070E-17
7551.26550125758  5.763808E-17
7556.06843295172  6.254829E-17
7560.87136464585  6.341167E-17
7565.67429633999  6.324250E-17
7570.47722803413  6.467339E-17
7575.28015972826  7.067947E-17
7580.08309142239  7.114383E-17
7584.88602311653  6.959268E-17
7589.68895481067  6.872807E-17
7594.4918865048  6.766754E-17
7599.29481819894  6.462201E-17
7604.09774989307  6.049628E-17
7608.90068158721  6.097762E-17
7613.70361328134  7.575677E-17
7618.50654497548  6.892013E-17
7623.30947666961  5.383284E-17
7628.11240836375  7.221962E-17
7632.91534005788  7.377023E-17
7637.71827175202  6.632433E-17
7642.52120344615  5.575208E-17
7647.32413514029  5.245257E-17
7652.12706683442  6.811595E-17
7656.92999852856  6.921453E-17
7661.73293022269  6.467337E-17
7666.53586191683  6.816192E-17
7671.33879361097  7.229365E-17
7676.1417253051  6.212261E-17
7680.94465699924  6.215299E-17
7685.74758869337  7.134178E-17
7690.55052038751  7.365129E-17
7695.35345208164  7.196972E-17
7700.15638377578  7.432803E-17
7704.95931546991  7.144312E-17
7709.76224716405  6.238377E-17
7714.56517885818  7.010633E-17
7719.36811055232  7.597385E-17
7724.17104224645  6.849343E-17
7728.97397394059  5.702820E-17
7733.77690563472  5.944480E-17
7738.57983732886  7.431567E-17
7743.382769023  8.569556E-17
7748.18570071713  8.321573E-17
7752.98863241127  8.819662E-17
7757.7915641054  8.459120E-17
7762.59449579954  6.327638E-17
7767.39742749367  5.250671E-17
7772.20035918781  5.287905E-17
7777.00329088194  5.695182E-17
7781.80622257608  6.148530E-17
7786.60915427021  7.587348E-17
7791.41208596435  8.292814E-17
7796.21501765848  7.005752E-17
7801.01794935262  6.304535E-17
7805.82088104675  6.639865E-17
7810.62381274089  7.107950E-17
7815.42674443502  6.646468E-17
7820.22967612916  6.276547E-17
7825.0326078233  6.442227E-17
7829.83553951743  6.409212E-17
7834.63847121157  6.840604E-17
7839.4414029057  7.496111E-17
7844.24433459984  7.365542E-17
7849.04726629397  7.216200E-17
7853.85019798811  7.267093E-17
7858.65312968224  7.057776E-17
7863.45606137638  6.769657E-17
7868.25899307051  6.718971E-17
7873.06192476465  7.072212E-17
7877.86485645878  7.326422E-17
7882.66778815292  7.117834E-17
7887.47071984705  6.596532E-17
7892.27365154119  7.533422E-17
7897.07658323532  9.327875E-17
7901.87951492946  8.271109E-17
7906.6824466236  6.442075E-17
7911.48537831773  6.005364E-17
7916.28831001187  5.366245E-17
7921.091241706  5.106900E-17
7925.89417340014  5.997603E-17
7930.69710509427  6.097735E-17
7935.50003678841  5.661729E-17
7940.30296848255  6.362086E-17
7945.10590017668  6.861987E-17
7949.90883187081  6.210541E-17
7954.71176356495  4.955718E-17
7959.51469525908  4.711351E-17
7964.31762695322  6.410393E-17
7969.12055864736  7.859473E-17
7973.92349034149  7.982865E-17
7978.72642203563  7.157092E-17
7983.52935372976  5.911354E-17
7988.3322854239  4.937284E-17
7993.13521711803  5.011596E-17
7997.93814881217  5.637453E-17
8002.7410805063  5.676128E-17
8007.54401220044  6.054147E-17
8012.34694389457  7.018172E-17
8017.14987558871  6.388991E-17
8021.95280728284  5.012628E-17
8026.75573897698  5.415184E-17
8031.55867067111  6.339150E-17
8036.36160236525  6.413579E-17
8041.16453405938  6.428138E-17
8045.96746575352  6.619013E-17
8050.77039744766  6.684438E-17
8055.57332914179  6.691309E-17
8060.37626083593  6.843899E-17
8065.17919253006  7.716935E-17
8069.9821242242  8.794842E-17
8074.78505591833  7.624959E-17
8079.58798761247  5.557347E-17
8084.3909193066  6.026172E-17
8089.19385100074  6.832029E-17
8093.99678269487  5.496983E-17
8098.79971438901  4.814931E-17
8103.60264608314  5.926594E-17
8108.40557777728  5.647769E-17
8113.20850947141  5.356582E-17
8118.01144116555  1.040816E-16
8122.81437285968  3.081167E-17
8127.61730455382  -3.340564E-16
8132.42023624796  -5.405343E-16
8137.22316794209  -2.792276E-16
8142.02609963623  8.451582E-18
8146.82903133036  6.912666E-17
8151.6319630245  5.016328E-17
8156.43489471863  1.143491E-17
8161.23782641277  -5.197535E-17
8166.0407581069  -1.016886E-16
8170.84368980104  -9.361329E-17
8175.64662149517  -5.798733E-17
8180.44955318931  -3.822400E-17
8185.25248488344  -1.233139E-17
8190.05541657758  3.660390E-17
8194.85834827172  7.351795E-17
8199.66127996585  7.862953E-17
8204.46421165999  7.186828E-17
8209.26714335412  6.498654E-17
8214.07007504826  5.505072E-17
8218.87300674239  4.605692E-17
8223.67593843653  4.770152E-17
8228.47887013066  5.706322E-17
8233.2818018248  6.292718E-17
8238.08473351893  6.147488E-17
8242.88766521307  5.274033E-17
8247.6905969072  4.585132E-17
8252.49352860134  5.255173E-17
8257.29646029547  6.398290E-17
8262.09939198961  6.594891E-17
8266.90232368374  5.993446E-17
8271.70525537788  5.142143E-17
8276.50818707201  4.736647E-17
8281.31111876615  5.335125E-17
8286.11405046028  6.119316E-17
8290.91698215442  6.177931E-17
8295.71991384855  5.853552E-17
8300.52284554269  5.623504E-17
8305.32577723683  5.507667E-17
8310.12870893096  5.480949E-17
8314.9316406251  5.497335E-17
