# MJD-OBS = 58195.594549
# DATE-OBS = 2018-03-18T14:16:09
# EXPTIME = 1020.000000
# AIRMASS = 1.013
# TELESCOPE = UH88
# INSTRUMENT = SNIFS
3.303440e+03 3.249090e-16
3.305440e+03 2.428284e-16
3.307440e+03 1.925168e-16
3.309440e+03 1.405513e-16
3.311440e+03 1.021261e-16
3.313440e+03 1.028671e-16
3.315440e+03 1.415301e-16
3.317440e+03 6.924379e-17
3.319440e+03 3.986159e-17
3.321440e+03 9.432442e-17
3.323440e+03 1.226373e-16
3.325440e+03 9.134434e-17
3.327440e+03 8.280864e-17
3.329440e+03 6.458744e-17
3.331440e+03 9.714796e-17
3.333440e+03 5.730607e-17
3.335440e+03 3.805795e-17
3.337440e+03 1.358100e-17
3.339440e+03 0.000000e+00
3.341440e+03 5.687907e-17
3.343440e+03 1.080657e-16
3.345440e+03 1.358849e-16
3.347440e+03 1.487173e-16
3.349440e+03 1.472486e-16
3.351440e+03 1.279858e-16
3.353440e+03 8.694489e-17
3.355440e+03 9.723958e-17
3.357440e+03 5.508877e-17
3.359440e+03 7.022964e-17
3.361440e+03 7.598175e-17
3.363440e+03 3.316087e-17
3.365440e+03 3.837136e-17
3.367440e+03 1.002055e-16
3.369440e+03 6.394368e-17
3.371440e+03 7.935962e-17
3.373440e+03 8.377651e-17
3.375440e+03 8.734635e-17
3.377440e+03 1.770133e-16
3.379440e+03 1.497607e-16
3.381440e+03 1.892546e-16
3.383440e+03 1.834710e-16
3.385440e+03 1.436149e-16
3.387440e+03 1.072433e-16
3.389440e+03 1.016912e-16
3.391440e+03 9.789351e-17
3.393440e+03 1.252186e-16
3.395440e+03 1.874033e-16
3.397440e+03 2.711641e-16
3.399440e+03 2.810121e-16
3.401440e+03 1.675614e-16
3.403440e+03 5.618963e-17
3.405440e+03 2.918291e-17
3.407440e+03 4.154298e-17
3.409440e+03 1.173797e-16
3.411440e+03 1.760098e-16
3.413440e+03 1.714579e-16
3.415440e+03 1.569395e-16
3.417440e+03 1.633426e-16
3.419440e+03 1.251451e-16
3.421440e+03 6.456423e-17
3.423440e+03 3.704031e-17
3.425440e+03 6.106094e-17
3.427440e+03 1.088893e-16
3.429440e+03 1.490861e-16
3.431440e+03 1.748669e-16
3.433440e+03 1.419774e-16
3.435440e+03 1.412275e-16
3.437440e+03 1.513444e-16
3.439440e+03 1.159785e-16
3.441440e+03 1.361590e-16
3.443440e+03 1.091569e-16
3.445440e+03 1.385307e-16
3.447440e+03 1.928734e-16
3.449440e+03 2.277770e-16
3.451440e+03 2.096593e-16
3.453440e+03 1.369682e-16
3.455440e+03 1.014688e-16
3.457440e+03 8.645178e-17
3.459440e+03 1.006234e-16
3.461440e+03 1.249042e-16
3.463440e+03 1.508592e-16
3.465440e+03 1.865870e-16
3.467440e+03 1.546411e-16
3.469440e+03 2.175292e-16
3.471440e+03 1.883899e-16
3.473440e+03 1.526619e-16
3.475440e+03 1.632494e-16
3.477440e+03 1.823621e-16
3.479440e+03 1.173708e-16
3.481440e+03 1.247490e-16
3.483440e+03 7.926978e-17
3.485440e+03 1.095236e-16
3.487440e+03 1.487417e-16
3.489440e+03 9.228312e-17
3.491440e+03 1.087579e-16
3.493440e+03 1.190661e-16
3.495440e+03 1.604516e-16
3.497440e+03 1.333277e-16
3.499440e+03 6.973382e-17
3.501440e+03 3.794824e-17
3.503440e+03 5.820732e-17
3.505440e+03 1.374905e-16
3.507440e+03 1.016260e-16
3.509440e+03 5.014497e-17
3.511440e+03 3.037358e-17
3.513440e+03 6.533417e-17
3.515440e+03 1.480312e-16
3.517440e+03 1.490192e-16
3.519440e+03 1.163775e-16
3.521440e+03 7.699121e-17
3.523440e+03 4.371832e-17
3.525440e+03 4.831076e-17
3.527440e+03 1.012412e-16
3.529440e+03 6.337792e-17
3.531440e+03 7.877377e-17
3.533440e+03 7.140871e-17
3.535440e+03 4.243845e-17
3.537440e+03 1.732316e-17
3.539440e+03 2.735201e-17
3.541440e+03 8.938410e-17
3.543440e+03 9.365837e-17
3.545440e+03 1.301901e-16
3.547440e+03 1.282764e-16
3.549440e+03 1.168722e-16
3.551440e+03 1.073564e-16
3.553440e+03 3.248781e-17
3.555440e+03 9.456730e-17
3.557440e+03 6.551243e-17
3.559440e+03 6.806049e-17
3.561440e+03 9.770722e-17
3.563440e+03 1.179015e-16
3.565440e+03 1.074252e-16
3.567440e+03 1.300669e-16
3.569440e+03 1.292508e-16
3.571440e+03 1.113290e-16
3.573440e+03 9.190785e-17
3.575440e+03 8.753962e-17
3.577440e+03 1.036976e-16
3.579440e+03 1.120539e-16
3.581440e+03 1.345004e-16
3.583440e+03 1.552975e-16
3.585440e+03 1.836008e-16
3.587440e+03 1.935783e-16
3.589440e+03 1.719254e-16
3.591440e+03 1.751388e-16
3.593440e+03 1.486350e-16
3.595440e+03 1.483097e-16
3.597440e+03 1.615489e-16
3.599440e+03 1.494857e-16
3.601440e+03 1.184862e-16
3.603440e+03 1.400523e-16
3.605440e+03 8.694561e-17
3.607440e+03 7.804912e-17
3.609440e+03 7.240088e-17
3.611440e+03 8.981581e-17
3.613440e+03 1.224229e-16
3.615440e+03 1.242703e-16
3.617440e+03 7.466078e-17
3.619440e+03 4.630201e-17
3.621440e+03 1.099934e-16
3.623440e+03 1.437081e-16
3.625440e+03 1.403759e-16
3.627440e+03 1.621901e-16
3.629440e+03 1.511612e-16
3.631440e+03 1.422099e-16
3.633440e+03 1.272358e-16
3.635440e+03 1.176755e-16
3.637440e+03 1.079998e-16
3.639440e+03 9.808654e-17
3.641440e+03 1.150237e-16
3.643440e+03 8.945409e-17
3.645440e+03 5.341489e-17
3.647440e+03 4.505667e-17
3.649440e+03 6.077493e-17
3.651440e+03 7.254733e-17
3.653440e+03 4.766738e-17
3.655440e+03 2.240491e-17
3.657440e+03 7.797371e-17
3.659440e+03 9.738930e-17
3.661440e+03 1.006609e-16
3.663440e+03 1.031285e-16
3.665440e+03 9.242464e-17
3.667440e+03 8.069485e-17
3.669440e+03 1.112705e-16
3.671440e+03 1.138805e-16
3.673440e+03 1.279177e-16
3.675440e+03 1.517028e-16
3.677440e+03 1.526272e-16
3.679440e+03 1.162040e-16
3.681440e+03 1.293930e-16
3.683440e+03 1.492770e-16
3.685440e+03 1.306178e-16
3.687440e+03 1.098602e-16
3.689440e+03 1.170429e-16
3.691440e+03 9.865171e-17
3.693440e+03 1.091891e-16
3.695440e+03 8.042351e-17
3.697440e+03 9.177986e-17
3.699440e+03 1.126039e-16
3.701440e+03 1.186687e-16
3.703440e+03 1.321312e-16
3.705440e+03 9.946285e-17
3.707440e+03 9.063590e-17
3.709440e+03 1.040003e-16
3.711440e+03 1.179344e-16
3.713440e+03 1.262216e-16
3.715440e+03 1.296582e-16
3.717440e+03 7.602831e-17
3.719440e+03 7.365405e-17
3.721440e+03 8.736729e-17
3.723440e+03 6.535229e-17
3.725440e+03 5.676717e-17
3.727440e+03 1.174645e-16
3.729440e+03 1.458243e-16
3.731440e+03 9.891701e-17
3.733440e+03 8.594928e-17
3.735440e+03 1.052001e-16
3.737440e+03 1.230054e-16
3.739440e+03 1.184258e-16
3.741440e+03 1.151405e-16
3.743440e+03 1.109410e-16
3.745440e+03 1.064371e-16
3.747440e+03 1.039868e-16
3.749440e+03 9.180824e-17
3.751440e+03 7.542983e-17
3.753440e+03 7.911170e-17
3.755440e+03 7.777048e-17
3.757440e+03 9.141944e-17
3.759440e+03 1.205981e-16
3.761440e+03 1.293502e-16
3.763440e+03 1.085591e-16
3.765440e+03 8.041816e-17
3.767440e+03 7.523316e-17
3.769440e+03 7.756421e-17
3.771440e+03 8.634812e-17
3.773440e+03 1.063640e-16
3.775440e+03 1.289558e-16
3.777440e+03 1.419315e-16
3.779440e+03 1.448947e-16
3.781440e+03 1.000532e-16
3.783440e+03 9.514861e-17
3.785440e+03 9.248768e-17
3.787440e+03 8.541779e-17
3.789440e+03 8.207368e-17
3.791440e+03 9.214876e-17
3.793440e+03 1.296370e-16
3.795440e+03 1.282736e-16
3.797440e+03 1.057438e-16
3.799440e+03 8.961678e-17
3.801440e+03 8.881510e-17
3.803440e+03 8.856061e-17
3.805440e+03 8.288127e-17
3.807440e+03 9.591582e-17
3.809440e+03 7.367670e-17
3.811440e+03 5.682092e-17
3.813440e+03 7.250685e-17
3.815440e+03 1.089647e-16
3.817440e+03 9.851582e-17
3.819440e+03 7.978948e-17
3.821440e+03 9.165409e-17
3.823440e+03 1.068097e-16
3.825440e+03 1.129844e-16
3.827440e+03 1.079277e-16
3.829440e+03 8.740758e-17
3.831440e+03 8.946405e-17
3.833440e+03 8.353748e-17
3.835440e+03 9.104037e-17
3.837440e+03 1.074736e-16
3.839440e+03 1.159235e-16
3.841440e+03 1.008451e-16
3.843440e+03 9.321383e-17
3.845440e+03 9.692479e-17
3.847440e+03 1.014875e-16
3.849440e+03 9.964302e-17
3.851440e+03 1.019258e-16
3.853440e+03 1.258297e-16
3.855440e+03 1.286457e-16
3.857440e+03 1.665782e-16
3.859440e+03 1.675654e-16
3.861440e+03 1.547102e-16
3.863440e+03 1.338884e-16
3.865440e+03 1.014249e-16
3.867440e+03 9.342221e-17
3.869440e+03 1.241598e-16
3.871440e+03 1.361120e-16
3.873440e+03 1.387452e-16
3.875440e+03 1.257880e-16
3.877440e+03 9.756941e-17
3.879440e+03 8.530836e-17
3.881440e+03 6.497083e-17
3.883440e+03 9.412180e-17
3.885440e+03 1.195253e-16
3.887440e+03 1.188457e-16
3.889440e+03 1.008115e-16
3.891440e+03 9.629136e-17
3.893440e+03 8.301812e-17
3.895440e+03 1.210622e-16
3.897440e+03 1.354455e-16
3.899440e+03 1.219646e-16
3.901440e+03 9.485078e-17
3.903440e+03 7.230779e-17
3.905440e+03 7.582558e-17
3.907440e+03 9.641242e-17
3.909440e+03 9.578517e-17
3.911440e+03 1.139476e-16
3.913440e+03 1.236095e-16
3.915440e+03 8.468698e-17
3.917440e+03 7.191633e-17
3.919440e+03 8.325806e-17
3.921440e+03 1.099607e-16
3.923440e+03 1.008201e-16
3.925440e+03 8.763909e-17
3.927440e+03 1.032175e-16
3.929440e+03 1.060464e-16
3.931440e+03 1.097862e-16
3.933440e+03 1.224769e-16
3.935440e+03 1.123437e-16
3.937440e+03 9.039641e-17
3.939440e+03 7.625148e-17
3.941440e+03 8.050482e-17
3.943440e+03 1.046064e-16
3.945440e+03 1.132045e-16
3.947440e+03 1.122022e-16
3.949440e+03 1.146784e-16
3.951440e+03 1.124970e-16
3.953440e+03 8.738801e-17
3.955440e+03 6.759777e-17
3.957440e+03 9.161947e-17
3.959440e+03 1.001784e-16
3.961440e+03 9.407660e-17
3.963440e+03 8.598004e-17
3.965440e+03 8.614055e-17
3.967440e+03 8.713349e-17
3.969440e+03 1.092442e-16
3.971440e+03 1.201544e-16
3.973440e+03 1.383451e-16
3.975440e+03 1.453166e-16
3.977440e+03 1.217588e-16
3.979440e+03 8.089309e-17
3.981440e+03 1.138651e-16
3.983440e+03 1.101637e-16
3.985440e+03 1.181047e-16
3.987440e+03 1.285589e-16
3.989440e+03 1.221484e-16
3.991440e+03 9.282880e-17
3.993440e+03 7.045392e-17
3.995440e+03 4.772531e-17
3.997440e+03 4.031105e-17
3.999440e+03 6.140175e-17
4.001440e+03 8.735239e-17
4.003440e+03 8.288385e-17
4.005440e+03 8.690778e-17
4.007440e+03 8.149625e-17
4.009440e+03 9.750984e-17
4.011440e+03 9.395599e-17
4.013440e+03 7.332504e-17
4.015440e+03 5.537530e-17
4.017440e+03 2.863817e-17
4.019440e+03 5.087261e-17
4.021440e+03 7.219260e-17
4.023440e+03 8.341133e-17
4.025440e+03 8.413700e-17
4.027440e+03 8.423320e-17
4.029440e+03 9.948863e-17
4.031440e+03 8.704933e-17
4.033440e+03 7.608005e-17
4.035440e+03 8.481043e-17
4.037440e+03 9.283808e-17
4.039440e+03 9.622266e-17
4.041440e+03 1.141029e-16
4.043440e+03 1.191777e-16
4.045440e+03 1.130095e-16
4.047440e+03 8.871711e-17
4.049440e+03 7.276285e-17
4.051440e+03 8.393241e-17
4.053440e+03 1.176159e-16
4.055440e+03 1.263884e-16
4.057440e+03 9.505531e-17
4.059440e+03 8.085632e-17
4.061440e+03 8.391608e-17
4.063440e+03 9.349670e-17
4.065440e+03 9.973551e-17
4.067440e+03 1.044687e-16
4.069440e+03 1.009274e-16
4.071440e+03 9.485691e-17
4.073440e+03 8.462232e-17
4.075440e+03 7.884641e-17
4.077440e+03 8.298212e-17
4.079440e+03 9.255527e-17
4.081440e+03 1.149662e-16
4.083440e+03 1.078509e-16
4.085440e+03 9.612925e-17
4.087440e+03 8.470753e-17
4.089440e+03 7.790925e-17
4.091440e+03 7.948402e-17
4.093440e+03 6.920930e-17
4.095440e+03 9.027377e-17
4.097440e+03 8.122815e-17
4.099440e+03 7.675765e-17
4.101440e+03 8.780642e-17
4.103440e+03 9.868303e-17
4.105440e+03 9.620910e-17
4.107440e+03 1.379756e-16
4.109440e+03 1.329746e-16
4.111440e+03 1.060041e-16
4.113440e+03 8.672435e-17
4.115440e+03 8.820157e-17
4.117440e+03 9.203585e-17
4.119440e+03 1.243438e-16
4.121440e+03 1.261172e-16
4.123440e+03 1.172907e-16
4.125440e+03 1.151619e-16
4.127440e+03 1.120555e-16
4.129440e+03 7.995278e-17
4.131440e+03 1.220964e-16
4.133440e+03 1.119828e-16
4.135440e+03 1.182091e-16
4.137440e+03 1.330751e-16
4.139440e+03 1.340093e-16
4.141440e+03 1.102807e-16
4.143440e+03 1.020351e-16
4.145440e+03 1.252527e-16
4.147440e+03 1.288690e-16
4.149440e+03 1.179374e-16
4.151440e+03 1.060630e-16
4.153440e+03 1.061156e-16
4.155440e+03 1.240875e-16
4.157440e+03 1.263217e-16
4.159440e+03 1.214195e-16
4.161440e+03 1.073363e-16
4.163440e+03 9.957012e-17
4.165440e+03 1.144611e-16
4.167440e+03 1.506211e-16
4.169440e+03 1.296546e-16
4.171440e+03 1.075817e-16
4.173440e+03 1.032119e-16
4.175440e+03 1.023380e-16
4.177440e+03 9.735161e-17
4.179440e+03 1.025225e-16
4.181440e+03 1.278921e-16
4.183440e+03 1.169242e-16
4.185440e+03 1.018959e-16
4.187440e+03 1.082987e-16
4.189440e+03 1.223361e-16
4.191440e+03 1.106678e-16
4.193440e+03 1.086932e-16
4.195440e+03 8.873234e-17
4.197440e+03 9.399086e-17
4.199440e+03 1.139548e-16
4.201440e+03 1.248280e-16
4.203440e+03 1.172903e-16
4.205440e+03 1.324535e-16
4.207440e+03 1.008443e-16
4.209440e+03 1.009349e-16
4.211440e+03 1.115580e-16
4.213440e+03 1.120841e-16
4.215440e+03 1.038458e-16
4.217440e+03 1.194034e-16
4.219440e+03 1.133271e-16
4.221440e+03 1.103123e-16
4.223440e+03 1.043362e-16
4.225440e+03 1.018315e-16
4.227440e+03 1.048653e-16
4.229440e+03 1.062538e-16
4.231440e+03 1.016691e-16
4.233440e+03 8.723979e-17
4.235440e+03 8.790628e-17
4.237440e+03 1.013558e-16
4.239440e+03 1.007359e-16
4.241440e+03 6.722520e-17
4.243440e+03 7.817836e-17
4.245440e+03 7.490521e-17
4.247440e+03 8.457746e-17
4.249440e+03 9.313482e-17
4.251440e+03 1.001020e-16
4.253440e+03 1.066775e-16
4.255440e+03 9.410268e-17
4.257440e+03 7.800194e-17
4.259440e+03 7.177081e-17
4.261440e+03 6.709780e-17
4.263440e+03 6.438909e-17
4.265440e+03 6.965991e-17
4.267440e+03 8.789672e-17
4.269440e+03 6.605300e-17
4.271440e+03 6.345558e-17
4.273440e+03 7.047875e-17
4.275440e+03 7.609954e-17
4.277440e+03 7.520290e-17
4.279440e+03 7.199925e-17
4.281440e+03 8.189035e-17
4.283440e+03 6.428021e-17
4.285440e+03 5.683841e-17
4.287440e+03 6.640764e-17
4.289440e+03 8.168298e-17
4.291440e+03 8.432735e-17
4.293440e+03 6.967549e-17
4.295440e+03 9.340419e-17
4.297440e+03 9.503824e-17
4.299440e+03 8.777439e-17
4.301440e+03 7.864637e-17
4.303440e+03 6.580045e-17
4.305440e+03 4.165140e-17
4.307440e+03 3.266264e-17
4.309440e+03 4.628790e-17
4.311440e+03 5.134353e-17
4.313440e+03 5.036505e-17
4.315440e+03 5.799707e-17
4.317440e+03 8.212330e-17
4.319440e+03 7.447275e-17
4.321440e+03 8.074312e-17
4.323440e+03 8.441721e-17
4.325440e+03 8.214813e-17
4.327440e+03 7.638675e-17
4.329440e+03 7.329014e-17
4.331440e+03 8.414680e-17
4.333440e+03 1.027361e-16
4.335440e+03 1.084194e-16
4.337440e+03 1.034939e-16
4.339440e+03 9.255514e-17
4.341440e+03 8.132124e-17
4.343440e+03 8.076834e-17
4.345440e+03 9.361816e-17
4.347440e+03 9.144976e-17
4.349440e+03 9.792578e-17
4.351440e+03 1.121982e-16
4.353440e+03 1.220062e-16
4.355440e+03 1.216618e-16
4.357440e+03 1.051355e-16
4.359440e+03 1.044396e-16
4.361440e+03 1.117316e-16
4.363440e+03 1.166611e-16
4.365440e+03 1.146135e-16
4.367440e+03 1.117557e-16
4.369440e+03 1.294042e-16
4.371440e+03 1.382022e-16
4.373440e+03 1.310236e-16
4.375440e+03 1.157931e-16
4.377440e+03 1.040686e-16
4.379440e+03 1.041913e-16
4.381440e+03 1.108500e-16
4.383440e+03 1.133089e-16
4.385440e+03 1.236719e-16
4.387440e+03 1.277706e-16
4.389440e+03 1.275895e-16
4.391440e+03 1.305660e-16
4.393440e+03 1.211106e-16
4.395440e+03 1.006548e-16
4.397440e+03 1.004472e-16
4.399440e+03 1.118878e-16
4.401440e+03 1.271234e-16
4.403440e+03 1.351553e-16
4.405440e+03 1.190451e-16
4.407440e+03 9.163932e-17
4.409440e+03 1.174476e-16
4.411440e+03 1.299632e-16
4.413440e+03 1.265633e-16
4.415440e+03 1.202079e-16
4.417440e+03 1.157787e-16
4.419440e+03 1.049408e-16
4.421440e+03 1.031850e-16
4.423440e+03 9.465229e-17
4.425440e+03 1.012891e-16
4.427440e+03 1.200968e-16
4.429440e+03 1.249265e-16
4.431440e+03 1.166535e-16
4.433440e+03 1.111463e-16
4.435440e+03 1.061327e-16
4.437440e+03 1.040575e-16
4.439440e+03 1.038591e-16
4.441440e+03 1.040043e-16
4.443440e+03 1.084225e-16
4.445440e+03 1.072303e-16
4.447440e+03 1.084245e-16
4.449440e+03 1.138039e-16
4.451440e+03 1.133729e-16
4.453440e+03 1.009654e-16
4.455440e+03 8.676689e-17
4.457440e+03 9.357601e-17
4.459440e+03 9.067186e-17
4.461440e+03 8.141491e-17
4.463440e+03 7.480414e-17
4.465440e+03 7.535834e-17
4.467440e+03 8.007666e-17
4.469440e+03 8.825497e-17
4.471440e+03 9.382945e-17
4.473440e+03 9.217713e-17
4.475440e+03 8.180208e-17
4.477440e+03 7.539115e-17
4.479440e+03 8.869049e-17
4.481440e+03 1.058289e-16
4.483440e+03 1.047597e-16
4.485440e+03 9.436424e-17
4.487440e+03 9.421084e-17
4.489440e+03 9.526697e-17
4.491440e+03 8.485616e-17
4.493440e+03 8.475606e-17
4.495440e+03 7.905477e-17
4.497440e+03 7.877636e-17
4.499440e+03 7.727166e-17
4.501440e+03 7.767398e-17
4.503440e+03 8.369919e-17
4.505440e+03 9.325299e-17
4.507440e+03 1.057623e-16
4.509440e+03 1.036601e-16
4.511440e+03 8.952516e-17
4.513440e+03 8.046522e-17
4.515440e+03 8.035132e-17
4.517440e+03 7.761176e-17
4.519440e+03 8.876784e-17
4.521440e+03 1.052360e-16
4.523440e+03 1.043440e-16
4.525440e+03 9.618607e-17
4.527440e+03 9.147840e-17
4.529440e+03 9.238430e-17
4.531440e+03 8.411868e-17
4.533440e+03 8.572964e-17
4.535440e+03 8.989095e-17
4.537440e+03 9.073327e-17
4.539440e+03 8.896811e-17
4.541440e+03 8.920927e-17
4.543440e+03 9.573469e-17
4.545440e+03 9.004942e-17
4.547440e+03 1.051861e-16
4.549440e+03 1.013814e-16
4.551440e+03 8.762628e-17
4.553440e+03 8.362597e-17
4.555440e+03 9.369017e-17
4.557440e+03 9.642655e-17
4.559440e+03 9.116835e-17
4.561440e+03 9.063780e-17
4.563440e+03 8.203847e-17
4.565440e+03 7.217102e-17
4.567440e+03 8.925279e-17
4.569440e+03 1.350115e-16
4.571440e+03 1.423960e-16
4.573440e+03 1.229519e-16
4.575440e+03 9.742895e-17
4.577440e+03 8.107792e-17
4.579440e+03 7.837995e-17
4.581440e+03 7.961090e-17
4.583440e+03 8.756336e-17
4.585440e+03 7.587447e-17
4.587440e+03 6.660927e-17
4.589440e+03 5.643598e-17
4.591440e+03 3.938258e-17
4.593440e+03 3.324849e-17
4.595440e+03 3.788787e-17
4.597440e+03 5.666881e-17
4.599440e+03 6.519215e-17
4.601440e+03 6.928429e-17
4.603440e+03 7.637741e-17
4.605440e+03 8.258961e-17
4.607440e+03 1.007892e-16
4.609440e+03 1.221480e-16
4.611440e+03 1.080844e-16
4.613440e+03 8.270847e-17
4.615440e+03 7.540325e-17
4.617440e+03 9.361714e-17
4.619440e+03 8.229061e-17
4.621440e+03 8.108845e-17
4.623440e+03 8.033785e-17
4.625440e+03 7.605827e-17
4.627440e+03 6.711180e-17
4.629440e+03 5.837399e-17
4.631440e+03 6.687564e-17
4.633440e+03 4.577045e-17
4.635440e+03 4.745963e-17
4.637440e+03 6.625717e-17
4.639440e+03 7.941764e-17
4.641440e+03 7.283577e-17
4.643440e+03 6.210626e-17
4.645440e+03 5.306523e-17
4.647440e+03 7.330376e-17
4.649440e+03 8.371533e-17
4.651440e+03 8.649774e-17
4.653440e+03 8.329452e-17
4.655440e+03 6.219766e-17
4.657440e+03 4.571575e-17
4.659440e+03 7.887322e-17
4.661440e+03 9.711312e-17
4.663440e+03 1.007989e-16
4.665440e+03 9.370476e-17
4.667440e+03 7.833540e-17
4.669440e+03 8.531103e-17
4.671440e+03 8.066291e-17
4.673440e+03 7.177014e-17
4.675440e+03 7.088759e-17
4.677440e+03 7.401713e-17
4.679440e+03 7.514761e-17
4.681440e+03 9.198537e-17
4.683440e+03 6.222909e-17
4.685440e+03 7.301492e-17
4.687440e+03 8.325738e-17
4.689440e+03 8.806291e-17
4.691440e+03 9.412020e-17
4.693440e+03 9.664393e-17
4.695440e+03 7.642632e-17
4.697440e+03 6.156683e-17
4.699440e+03 6.655447e-17
4.701440e+03 7.754239e-17
4.703440e+03 8.314706e-17
4.705440e+03 8.321746e-17
4.707440e+03 5.773250e-17
4.709440e+03 7.697944e-17
4.711440e+03 9.475857e-17
4.713440e+03 1.036732e-16
4.715440e+03 1.069640e-16
4.717440e+03 1.076683e-16
4.719440e+03 9.084373e-17
4.721440e+03 8.546776e-17
4.723440e+03 8.131057e-17
4.725440e+03 7.956691e-17
4.727440e+03 7.736363e-17
4.729440e+03 7.758155e-17
4.731440e+03 1.029615e-16
4.733440e+03 8.088105e-17
4.735440e+03 9.597220e-17
4.737440e+03 8.965501e-17
4.739440e+03 8.272451e-17
4.741440e+03 9.738058e-17
4.743440e+03 1.042450e-16
4.745440e+03 8.807920e-17
4.747440e+03 8.252295e-17
4.749440e+03 8.005800e-17
4.751440e+03 8.055049e-17
4.753440e+03 8.140631e-17
4.755440e+03 7.937265e-17
4.757440e+03 9.788529e-17
4.759440e+03 1.176056e-16
4.761440e+03 1.102888e-16
4.763440e+03 8.911885e-17
4.765440e+03 7.535665e-17
4.767440e+03 7.985649e-17
4.769440e+03 7.424049e-17
4.771440e+03 7.285958e-17
4.773440e+03 6.913443e-17
4.775440e+03 5.415726e-17
4.777440e+03 3.928897e-17
4.779440e+03 3.763606e-17
4.781440e+03 4.080139e-17
4.783440e+03 6.417529e-17
4.785440e+03 7.122784e-17
4.787440e+03 6.183886e-17
4.789440e+03 5.393975e-17
4.791440e+03 5.624034e-17
4.793440e+03 5.482661e-17
4.795440e+03 5.670350e-17
4.797440e+03 3.962807e-17
4.799440e+03 2.850657e-17
4.801440e+03 3.520335e-17
4.803440e+03 5.123589e-17
4.805440e+03 5.431803e-17
4.807440e+03 4.524878e-17
4.809440e+03 4.610084e-17
4.811440e+03 5.960496e-17
4.813440e+03 6.532806e-17
4.815440e+03 5.646618e-17
4.817440e+03 4.152125e-17
4.819440e+03 3.600240e-17
4.821440e+03 4.353932e-17
4.823440e+03 6.060818e-17
4.825440e+03 6.056741e-17
4.827440e+03 4.827843e-17
4.829440e+03 4.078434e-17
4.831440e+03 4.347494e-17
4.833440e+03 5.693802e-17
4.835440e+03 7.109513e-17
4.837440e+03 7.364326e-17
4.839440e+03 7.565789e-17
4.841440e+03 8.409616e-17
4.843440e+03 8.868373e-17
4.845440e+03 8.004635e-17
4.847440e+03 8.004507e-17
4.849440e+03 9.033830e-17
4.851440e+03 9.846236e-17
4.853440e+03 1.041980e-16
4.855440e+03 1.169411e-16
4.857440e+03 1.177933e-16
4.859440e+03 1.102591e-16
4.861440e+03 9.859210e-17
4.863440e+03 9.069810e-17
4.865440e+03 9.898555e-17
4.867440e+03 1.265723e-16
4.869440e+03 1.434653e-16
4.871440e+03 1.417157e-16
4.873440e+03 1.387099e-16
4.875440e+03 1.299275e-16
4.877440e+03 1.258213e-16
4.879440e+03 1.325964e-16
4.881440e+03 1.343193e-16
4.883440e+03 1.064291e-16
4.885440e+03 7.974226e-17
4.887440e+03 7.916977e-17
4.889440e+03 9.391024e-17
4.891440e+03 1.084270e-16
4.893440e+03 1.184548e-16
4.895440e+03 1.339953e-16
4.897440e+03 1.630293e-16
4.899440e+03 1.573507e-16
4.901440e+03 1.393203e-16
4.903440e+03 1.320855e-16
4.905440e+03 1.376137e-16
4.907440e+03 1.192984e-16
4.909440e+03 1.239871e-16
4.911440e+03 1.136589e-16
4.913440e+03 1.199554e-16
4.915440e+03 1.342995e-16
4.917440e+03 1.327318e-16
4.919440e+03 1.310658e-16
4.921440e+03 1.369769e-16
4.923440e+03 1.329971e-16
4.925440e+03 1.237959e-16
4.927440e+03 1.126244e-16
4.929440e+03 1.057899e-16
4.931440e+03 1.133068e-16
4.933440e+03 9.179067e-17
4.935440e+03 1.003831e-16
4.937440e+03 1.219945e-16
4.939440e+03 1.170181e-16
4.941440e+03 8.322756e-17
4.943440e+03 6.757663e-17
4.945440e+03 8.858381e-17
4.947440e+03 1.068301e-16
4.949440e+03 1.094048e-16
4.951440e+03 1.114668e-16
4.953440e+03 1.278822e-16
4.955440e+03 1.545098e-16
4.957440e+03 1.312019e-16
4.959440e+03 1.274848e-16
4.961440e+03 1.238500e-16
4.963440e+03 1.336763e-16
4.965440e+03 1.366733e-16
4.967440e+03 1.169658e-16
4.969440e+03 1.201748e-16
4.971440e+03 1.065448e-16
4.973440e+03 8.760273e-17
4.975440e+03 1.011651e-16
4.977440e+03 1.238921e-16
4.979440e+03 1.264761e-16
4.981440e+03 1.138753e-16
4.983440e+03 1.058305e-16
4.985440e+03 1.008607e-16
4.987440e+03 8.950013e-17
4.989440e+03 7.339471e-17
4.991440e+03 6.323442e-17
4.993440e+03 6.848766e-17
4.995440e+03 4.922724e-17
4.997440e+03 8.143496e-17
4.999440e+03 9.470214e-17
5.001440e+03 9.769301e-17
5.003440e+03 9.835850e-17
5.005440e+03 9.683989e-17
5.007440e+03 9.944227e-17
5.009440e+03 1.029939e-16
5.011440e+03 1.199939e-16
5.013440e+03 1.255355e-16
5.015440e+03 1.196390e-16
5.017440e+03 1.111913e-16
5.019440e+03 9.382371e-17
5.021440e+03 5.472373e-17
5.023440e+03 8.295339e-17
5.025440e+03 1.174241e-16
5.027440e+03 1.270247e-16
5.029440e+03 1.143919e-16
5.031440e+03 1.110168e-16
5.033440e+03 1.099304e-16
5.035440e+03 9.316690e-17
5.037440e+03 7.228936e-17
5.039440e+03 6.748274e-17
5.041440e+03 7.546293e-17
5.043440e+03 7.457477e-17
5.045440e+03 9.269808e-17
5.047440e+03 9.817100e-17
5.049440e+03 1.072654e-16
5.051440e+03 9.353598e-17
5.053440e+03 7.419476e-17
5.055440e+03 8.211071e-17
5.057440e+03 8.377262e-17
5.059440e+03 8.155749e-17
5.061440e+03 8.054614e-17
5.063440e+03 6.374344e-17
5.065440e+03 6.938014e-17
5.067440e+03 1.113360e-16
5.069440e+03 9.953415e-17
5.071440e+03 6.922340e-17
5.073440e+03 7.567673e-17
5.075440e+03 6.770004e-17
5.077440e+03 5.372411e-17
5.079440e+03 4.745852e-17
5.081440e+03 4.163953e-17
5.083440e+03 4.382503e-17
5.085440e+03 3.277280e-17
5.087440e+03 5.226774e-17
5.089440e+03 9.351043e-17
5.091440e+03 1.172459e-16
5.093440e+03 9.058101e-17
5.095440e+03 9.780653e-17
5.097440e+03 6.564659e-17
5.099440e+03 2.088964e-17
5.101440e+03 1.137930e-18
5.103440e+03 1.790603e-17
5.105440e+03 7.822033e-17
5.107440e+03 1.034865e-16
5.109440e+03 1.204355e-16
5.111440e+03 1.078364e-16
5.113440e+03 9.177238e-17
5.115440e+03 8.159510e-17
5.117440e+03 6.775294e-17
5.119440e+03 5.576327e-17
5.121440e+03 5.939178e-17
5.123440e+03 4.881369e-17
5.125440e+03 6.040271e-17
5.127440e+03 7.465766e-17
5.129440e+03 7.858256e-17
5.131440e+03 7.829220e-17
5.133440e+03 8.048736e-17
5.135440e+03 6.743921e-17
5.137440e+03 3.790438e-17
5.139440e+03 2.681086e-17
5.141440e+03 3.036998e-17
5.143440e+03 7.621036e-17
5.145440e+03 7.098485e-17
5.147440e+03 5.478356e-17
5.149440e+03 6.751209e-17
5.151440e+03 7.608048e-17
5.153440e+03 5.241350e-17
5.155440e+03 7.874753e-17
5.157440e+03 9.500526e-17
5.159440e+03 9.297737e-17
5.161440e+03 6.718682e-17
5.163440e+03 4.844601e-17
5.165440e+03 4.703495e-17
5.167440e+03 7.610953e-17
5.169440e+03 9.504272e-17
5.171440e+03 9.916912e-17
5.173440e+03 6.912360e-17
5.175440e+03 6.045508e-17
5.177440e+03 7.113367e-17
5.179440e+03 8.523386e-17
5.181440e+03 8.420842e-17
5.183440e+03 7.543869e-17
5.185440e+03 8.165875e-17
5.187440e+03 8.311830e-17
5.189440e+03 8.076062e-17
5.191440e+03 7.269251e-17
5.193440e+03 5.930851e-17
5.195440e+03 4.990322e-17
5.197440e+03 5.591132e-17
5.199440e+03 7.507813e-17
5.201440e+03 8.682149e-17
5.203440e+03 7.861093e-17
5.205440e+03 6.815724e-17
5.207440e+03 5.745225e-17
5.209440e+03 4.682418e-17
5.211440e+03 7.131620e-17
5.213440e+03 9.203285e-17
5.215440e+03 1.065493e-16
5.217440e+03 1.098653e-16
5.219440e+03 9.999362e-17
5.221440e+03 8.081476e-17
5.223440e+03 7.444417e-17
5.225440e+03 8.540927e-17
5.227440e+03 9.816102e-17
5.229440e+03 6.568527e-17
5.231440e+03 6.008211e-17
5.233440e+03 6.510763e-17
5.235440e+03 6.623525e-17
5.237440e+03 5.782739e-17
5.239440e+03 5.003445e-17
5.241440e+03 5.051117e-17
5.243440e+03 6.147555e-17
5.245440e+03 7.453462e-17
5.247440e+03 8.763165e-17
5.249440e+03 1.061924e-16
5.251440e+03 1.155546e-16
5.253440e+03 1.124797e-16
5.255440e+03 1.051164e-16
5.257440e+03 1.010057e-16
5.259440e+03 9.980549e-17
5.261440e+03 9.180935e-17
5.263440e+03 8.507315e-17
5.265440e+03 7.817768e-17
5.267440e+03 6.303520e-17
5.269440e+03 6.730199e-17
5.271440e+03 7.968267e-17
5.273440e+03 8.176686e-17
5.275440e+03 7.273614e-17
5.277440e+03 6.761280e-17
5.279440e+03 8.653356e-17
5.281440e+03 8.076526e-17
5.283440e+03 6.894642e-17
5.285440e+03 5.819178e-17
5.287440e+03 6.027405e-17
5.289440e+03 6.409129e-17
5.291440e+03 6.736517e-17
5.293440e+03 7.828230e-17
5.295440e+03 8.285409e-17
5.297440e+03 7.946342e-17
5.299440e+03 7.103779e-17
5.301440e+03 6.484219e-17
5.303440e+03 6.173397e-17
5.305440e+03 7.389291e-17
5.307440e+03 7.878674e-17
5.309440e+03 7.942198e-17
5.311440e+03 8.303490e-17
5.313440e+03 7.040586e-17
5.315440e+03 5.296334e-17
5.317440e+03 4.683181e-17
5.319440e+03 4.502670e-17
5.321440e+03 5.044390e-17
5.323440e+03 7.062490e-17
5.325440e+03 6.863782e-17
5.327440e+03 6.333414e-17
5.329440e+03 6.121623e-17
5.331440e+03 6.518920e-17
5.333440e+03 6.298367e-17
5.335440e+03 5.115295e-17
5.337440e+03 6.681925e-17
5.339440e+03 7.725574e-17
5.341440e+03 8.059782e-17
5.343440e+03 7.213833e-17
5.345440e+03 6.895704e-17
5.347440e+03 7.178258e-17
5.349440e+03 9.232416e-17
5.351440e+03 9.258737e-17
5.353440e+03 8.145946e-17
5.355440e+03 7.295504e-17
5.357440e+03 7.157648e-17
5.359440e+03 7.277255e-17
5.361440e+03 7.240835e-17
5.363440e+03 5.950782e-17
5.365440e+03 5.028147e-17
5.367440e+03 5.796026e-17
5.369440e+03 5.576252e-17
5.371440e+03 5.667338e-17
5.373440e+03 6.590064e-17
5.375440e+03 7.284478e-17
5.377440e+03 7.533775e-17
5.379440e+03 7.256086e-17
5.381440e+03 7.282429e-17
5.383440e+03 7.629442e-17
5.385440e+03 8.236409e-17
5.387440e+03 8.155741e-17
5.389440e+03 8.558174e-17
5.391440e+03 9.098820e-17
5.393440e+03 8.139796e-17
5.395440e+03 7.492550e-17
5.397440e+03 7.132907e-17
5.399440e+03 7.299280e-17
5.401440e+03 7.669143e-17
5.403440e+03 8.118744e-17
5.405440e+03 8.575609e-17
5.407440e+03 9.000006e-17
5.409440e+03 9.055286e-17
5.411440e+03 8.378146e-17
5.413440e+03 7.528099e-17
5.415440e+03 7.222458e-17
5.417440e+03 7.773905e-17
5.419440e+03 7.224743e-17
5.421440e+03 7.107718e-17
5.423440e+03 7.564679e-17
5.425440e+03 8.101238e-17
5.427440e+03 8.160941e-17
5.429440e+03 7.778170e-17
5.431440e+03 6.948161e-17
5.433440e+03 6.607855e-17
5.435440e+03 6.761731e-17
5.437440e+03 7.983438e-17
5.439440e+03 8.004477e-17
5.441440e+03 7.171838e-17
5.443440e+03 5.285263e-17
5.445440e+03 4.940525e-17
5.447440e+03 5.477264e-17
5.449440e+03 6.936059e-17
5.451440e+03 7.548735e-17
5.453440e+03 7.627790e-17
5.455440e+03 7.074766e-17
5.457440e+03 6.302740e-17
5.459440e+03 5.950301e-17
5.461440e+03 6.202162e-17
5.463440e+03 5.890079e-17
5.465440e+03 5.508008e-17
5.467440e+03 5.104364e-17
5.469440e+03 5.536693e-17
5.471440e+03 6.367186e-17
5.473440e+03 7.374158e-17
5.475440e+03 7.210476e-17
5.477440e+03 6.798614e-17
5.479440e+03 6.564856e-17
5.481440e+03 7.897150e-17
5.483440e+03 7.376058e-17
5.485440e+03 6.271350e-17
5.487440e+03 5.774372e-17
5.489440e+03 5.336597e-17
5.491440e+03 5.324151e-17
5.493440e+03 6.220151e-17
5.495440e+03 4.971232e-17
5.497440e+03 4.035268e-17
5.499440e+03 4.251853e-17
5.501440e+03 5.857973e-17
5.503440e+03 6.704521e-17
5.505440e+03 6.464935e-17
5.507440e+03 5.744288e-17
5.509440e+03 5.823695e-17
5.511440e+03 6.584023e-17
5.513440e+03 6.238632e-17
5.515440e+03 5.881763e-17
5.517440e+03 5.556805e-17
5.519440e+03 5.511058e-17
5.521440e+03 5.208846e-17
5.523440e+03 4.946197e-17
5.525440e+03 5.392280e-17
5.527440e+03 5.376621e-17
5.529440e+03 5.386801e-17
5.531440e+03 5.942319e-17
5.533440e+03 6.305471e-17
5.535440e+03 6.641231e-17
5.537440e+03 7.018084e-17
5.539440e+03 6.375539e-17
5.541440e+03 6.069776e-17
5.543440e+03 6.482575e-17
5.545440e+03 6.085149e-17
5.547440e+03 5.369141e-17
5.549440e+03 4.365838e-17
5.551440e+03 4.121063e-17
5.553440e+03 4.813353e-17
5.555440e+03 6.268261e-17
5.557440e+03 7.496603e-17
5.559440e+03 7.944405e-17
5.561440e+03 7.734721e-17
5.563440e+03 6.568188e-17
5.565440e+03 6.187999e-17
5.567440e+03 6.314325e-17
5.569440e+03 6.954436e-17
5.571440e+03 7.138124e-17
5.573440e+03 7.154835e-17
5.575440e+03 7.125355e-17
5.577440e+03 8.443200e-17
5.579440e+03 9.355868e-17
5.581440e+03 9.040139e-17
5.583440e+03 8.222630e-17
5.585440e+03 7.461629e-17
5.587440e+03 6.853567e-17
5.589440e+03 6.562562e-17
5.591440e+03 6.355829e-17
5.593440e+03 6.270911e-17
5.595440e+03 7.538188e-17
5.597440e+03 7.122792e-17
5.599440e+03 5.682557e-17
5.601440e+03 6.326781e-17
5.603440e+03 7.049054e-17
5.605440e+03 7.665756e-17
5.607440e+03 7.577794e-17
5.609440e+03 6.382053e-17
5.611440e+03 5.555193e-17
5.613440e+03 7.259449e-17
5.615440e+03 7.304030e-17
5.617440e+03 7.038904e-17
5.619440e+03 7.118247e-17
5.621440e+03 6.186673e-17
5.623440e+03 5.801234e-17
5.625440e+03 6.573164e-17
5.627440e+03 6.091897e-17
5.629440e+03 5.575136e-17
5.631440e+03 5.146390e-17
5.633440e+03 5.039084e-17
5.635440e+03 5.435747e-17
5.637440e+03 6.227310e-17
5.639440e+03 6.108077e-17
5.641440e+03 6.517413e-17
5.643440e+03 7.192939e-17
5.645440e+03 7.242100e-17
5.647440e+03 6.956503e-17
5.649440e+03 6.644311e-17
5.651440e+03 6.900287e-17
5.653440e+03 7.263216e-17
5.655440e+03 7.396264e-17
5.657440e+03 6.803529e-17
5.659440e+03 7.151219e-17
5.661440e+03 7.175376e-17
5.663440e+03 6.129289e-17
5.665440e+03 6.706823e-17
5.667440e+03 6.521570e-17
5.669440e+03 4.904875e-17
5.671440e+03 4.982377e-17
5.673440e+03 4.965523e-17
5.675440e+03 4.765659e-17
5.677440e+03 6.275140e-17
5.679440e+03 6.862752e-17
5.681440e+03 6.606363e-17
5.683440e+03 5.383911e-17
5.685440e+03 4.964292e-17
5.687440e+03 4.986181e-17
5.689440e+03 4.732493e-17
5.691440e+03 5.304400e-17
5.693440e+03 6.051281e-17
5.695440e+03 6.123240e-17
5.697440e+03 6.133782e-17
5.699440e+03 6.142009e-17
5.701440e+03 6.191054e-17
5.703440e+03 6.141737e-17
5.705440e+03 6.458998e-17
5.707440e+03 7.449052e-17
5.709440e+03 6.850337e-17
5.711440e+03 6.116086e-17
5.713440e+03 5.435080e-17
5.715440e+03 6.238145e-17
5.717440e+03 6.536466e-17
5.719440e+03 6.307976e-17
5.721440e+03 6.389751e-17
5.723440e+03 6.740713e-17
5.725440e+03 7.189167e-17
5.727440e+03 6.816629e-17
5.729440e+03 6.190907e-17
5.731440e+03 5.610639e-17
5.733440e+03 5.872254e-17
5.735440e+03 5.969601e-17
5.737440e+03 6.108202e-17
5.739440e+03 6.566996e-17
5.741440e+03 6.896506e-17
5.743440e+03 7.232818e-17
5.745440e+03 7.658832e-17
5.747440e+03 6.683635e-17
5.749440e+03 6.059677e-17
5.751440e+03 6.356776e-17
5.753440e+03 6.710610e-17
5.755440e+03 6.812491e-17
5.757440e+03 6.613201e-17
5.759440e+03 6.012982e-17
5.761440e+03 6.098593e-17
5.763440e+03 6.745077e-17
5.765440e+03 6.685235e-17
5.767440e+03 6.977736e-17
5.769440e+03 7.471980e-17
5.771440e+03 7.753810e-17
5.773440e+03 7.435034e-17
5.775440e+03 6.824053e-17
5.777440e+03 6.227101e-17
5.779440e+03 6.451523e-17
5.781440e+03 6.721166e-17
5.783440e+03 6.349197e-17
5.785440e+03 6.046516e-17
5.787440e+03 5.612209e-17
5.789440e+03 4.897147e-17
5.791440e+03 4.691475e-17
5.793440e+03 4.343246e-17
5.795440e+03 3.696148e-17
5.797440e+03 4.298469e-17
5.799440e+03 5.162253e-17
5.801440e+03 6.200848e-17
5.803440e+03 5.622623e-17
5.805440e+03 5.725577e-17
5.807440e+03 6.281474e-17
5.809440e+03 5.894726e-17
5.811440e+03 5.566405e-17
5.813440e+03 5.459419e-17
5.815440e+03 6.330404e-17
5.817440e+03 6.748543e-17
5.819440e+03 6.561157e-17
5.821440e+03 5.011895e-17
5.823440e+03 5.227916e-17
5.825440e+03 5.772216e-17
5.827440e+03 5.817190e-17
5.829440e+03 5.665697e-17
5.831440e+03 5.758253e-17
5.833440e+03 6.332456e-17
5.835440e+03 6.281632e-17
5.837440e+03 6.150737e-17
5.839440e+03 6.001440e-17
5.841440e+03 6.060584e-17
5.843440e+03 6.009501e-17
5.845440e+03 5.850764e-17
5.847440e+03 5.763824e-17
5.849440e+03 5.634218e-17
5.851440e+03 5.563832e-17
5.853440e+03 6.186945e-17
5.855440e+03 5.802323e-17
5.857440e+03 5.028778e-17
5.859440e+03 4.932356e-17
5.861440e+03 5.707831e-17
5.863440e+03 6.375098e-17
5.865440e+03 5.735615e-17
5.867440e+03 5.899032e-17
5.869440e+03 5.867619e-17
5.871440e+03 4.988278e-17
5.873440e+03 5.070735e-17
5.875440e+03 5.267546e-17
5.877440e+03 5.399696e-17
5.879440e+03 6.267048e-17
5.881440e+03 6.461798e-17
5.883440e+03 5.819028e-17
5.885440e+03 5.912861e-17
5.887440e+03 6.039475e-17
5.889440e+03 6.185984e-17
5.891440e+03 6.218285e-17
5.893440e+03 5.888319e-17
5.895440e+03 5.445662e-17
5.897440e+03 5.763687e-17
5.899440e+03 5.546736e-17
5.901440e+03 5.037588e-17
5.903440e+03 4.398212e-17
5.905440e+03 5.494251e-17
5.907440e+03 6.624879e-17
5.909440e+03 6.317017e-17
5.911440e+03 6.193402e-17
5.913440e+03 6.250716e-17
5.915440e+03 6.566373e-17
5.917440e+03 6.178876e-17
5.919440e+03 5.791293e-17
5.921440e+03 5.529769e-17
5.923440e+03 5.753446e-17
5.925440e+03 6.570948e-17
5.927440e+03 7.952607e-17
5.929440e+03 8.159957e-17
5.931440e+03 7.428549e-17
5.933440e+03 6.078339e-17
5.935440e+03 5.859806e-17
5.937440e+03 6.319287e-17
5.939440e+03 7.114306e-17
5.941440e+03 7.592220e-17
5.943440e+03 7.630460e-17
5.945440e+03 7.273779e-17
5.947440e+03 6.244908e-17
5.949440e+03 6.224387e-17
5.951440e+03 6.372223e-17
5.953440e+03 6.217363e-17
5.955440e+03 5.697799e-17
5.957440e+03 5.803902e-17
5.959440e+03 7.068565e-17
5.961440e+03 6.436760e-17
5.963440e+03 5.885416e-17
5.965440e+03 5.668349e-17
5.967440e+03 5.560504e-17
5.969440e+03 5.346695e-17
5.971440e+03 5.084314e-17
5.973440e+03 5.834985e-17
5.975440e+03 6.053552e-17
5.977440e+03 5.905005e-17
5.979440e+03 5.832449e-17
5.981440e+03 5.906063e-17
5.983440e+03 6.128986e-17
5.985440e+03 6.660211e-17
5.987440e+03 6.522506e-17
5.989440e+03 5.931259e-17
5.991440e+03 4.771320e-17
5.993440e+03 4.565958e-17
5.995440e+03 4.893772e-17
5.997440e+03 5.804340e-17
5.999440e+03 5.195689e-17
6.001440e+03 5.174351e-17
6.003440e+03 6.389636e-17
6.005440e+03 5.975746e-17
6.007440e+03 5.954585e-17
6.009440e+03 6.498137e-17
6.011440e+03 5.874126e-17
6.013440e+03 5.794367e-17
6.015440e+03 6.158561e-17
6.017440e+03 6.280198e-17
6.019440e+03 6.235214e-17
6.021440e+03 6.074841e-17
6.023440e+03 5.862223e-17
6.025440e+03 5.965574e-17
6.027440e+03 6.094099e-17
6.029440e+03 5.771641e-17
6.031440e+03 6.762962e-17
6.033440e+03 7.507212e-17
6.035440e+03 6.532958e-17
6.037440e+03 5.410777e-17
6.039440e+03 5.073365e-17
6.041440e+03 6.220794e-17
6.043440e+03 6.161952e-17
6.045440e+03 5.866688e-17
6.047440e+03 5.453271e-17
6.049440e+03 5.404400e-17
6.051440e+03 5.339864e-17
6.053440e+03 5.280687e-17
6.055440e+03 6.412531e-17
6.057440e+03 6.858817e-17
6.059440e+03 6.759120e-17
6.061440e+03 6.495943e-17
6.063440e+03 6.000837e-17
6.065440e+03 5.608436e-17
6.067440e+03 6.368365e-17
6.069440e+03 6.620617e-17
6.071440e+03 6.354498e-17
6.073440e+03 5.119565e-17
6.075440e+03 5.254159e-17
6.077440e+03 5.833286e-17
6.079440e+03 6.516864e-17
6.081440e+03 5.801091e-17
6.083440e+03 5.126168e-17
6.085440e+03 4.936698e-17
6.087440e+03 4.807823e-17
6.089440e+03 5.059295e-17
6.091440e+03 5.768757e-17
6.093440e+03 6.494530e-17
6.095440e+03 6.679122e-17
6.097440e+03 6.366937e-17
6.099440e+03 6.106372e-17
6.101440e+03 6.136648e-17
6.103440e+03 6.364223e-17
6.105440e+03 6.558119e-17
6.107440e+03 6.615290e-17
6.109440e+03 6.492879e-17
6.111440e+03 5.919882e-17
6.113440e+03 5.444176e-17
6.115440e+03 5.324526e-17
6.117440e+03 6.092624e-17
6.119440e+03 6.759734e-17
6.121440e+03 7.123466e-17
6.123440e+03 6.935088e-17
6.125440e+03 6.176340e-17
6.127440e+03 5.944713e-17
6.129440e+03 6.612708e-17
6.131440e+03 6.037931e-17
6.133440e+03 5.964968e-17
6.135440e+03 6.527642e-17
6.137440e+03 6.429571e-17
6.139440e+03 6.512290e-17
6.141440e+03 6.682122e-17
6.143440e+03 6.118006e-17
6.145440e+03 5.714815e-17
6.147440e+03 5.526800e-17
6.149440e+03 5.987244e-17
6.151440e+03 5.887850e-17
6.153440e+03 5.445635e-17
6.155440e+03 4.700719e-17
6.157440e+03 5.333690e-17
6.159440e+03 6.060653e-17
6.161440e+03 5.923041e-17
6.163440e+03 6.005736e-17
6.165440e+03 5.997802e-17
6.167440e+03 5.745670e-17
6.169440e+03 5.937747e-17
6.171440e+03 6.210141e-17
6.173440e+03 6.519920e-17
6.175440e+03 5.783133e-17
6.177440e+03 5.553079e-17
6.179440e+03 5.855968e-17
6.181440e+03 5.834922e-17
6.183440e+03 5.818738e-17
6.185440e+03 5.729591e-17
6.187440e+03 4.987275e-17
6.189440e+03 5.350398e-17
6.191440e+03 6.187139e-17
6.193440e+03 6.325257e-17
6.195440e+03 5.557565e-17
6.197440e+03 4.808627e-17
6.199440e+03 5.257621e-17
6.201440e+03 5.839073e-17
6.203440e+03 6.098749e-17
6.205440e+03 5.577446e-17
6.207440e+03 5.469166e-17
6.209440e+03 5.903356e-17
6.211440e+03 7.087661e-17
6.213440e+03 7.212768e-17
6.215440e+03 7.132676e-17
6.217440e+03 6.917118e-17
6.219440e+03 5.925317e-17
6.221440e+03 5.423408e-17
6.223440e+03 5.401026e-17
6.225440e+03 5.836052e-17
6.227440e+03 5.484393e-17
6.229440e+03 4.673588e-17
6.231440e+03 4.373607e-17
6.233440e+03 5.477056e-17
6.235440e+03 6.943755e-17
6.237440e+03 7.035491e-17
6.239440e+03 6.340357e-17
6.241440e+03 5.539711e-17
6.243440e+03 5.220838e-17
6.245440e+03 5.425446e-17
6.247440e+03 5.581909e-17
6.249440e+03 5.398764e-17
6.251440e+03 5.543669e-17
6.253440e+03 5.498394e-17
6.255440e+03 5.112009e-17
6.257440e+03 4.169284e-17
6.259440e+03 4.389110e-17
6.261440e+03 5.883119e-17
6.263440e+03 6.042460e-17
6.265440e+03 5.905580e-17
6.267440e+03 5.614343e-17
6.269440e+03 6.270457e-17
6.271440e+03 5.949380e-17
6.273440e+03 5.213829e-17
6.275440e+03 5.483826e-17
6.277440e+03 5.755410e-17
6.279440e+03 5.898469e-17
6.281440e+03 5.596379e-17
6.283440e+03 5.408298e-17
6.285440e+03 5.285768e-17
6.287440e+03 5.233849e-17
6.289440e+03 5.721072e-17
6.291440e+03 5.956378e-17
6.293440e+03 5.561307e-17
6.295440e+03 5.446493e-17
6.297440e+03 5.645325e-17
6.299440e+03 6.211092e-17
6.301440e+03 6.898168e-17
6.303440e+03 7.393497e-17
6.305440e+03 7.627431e-17
6.307440e+03 6.186973e-17
6.309440e+03 5.454195e-17
6.311440e+03 5.261886e-17
6.313440e+03 5.210377e-17
6.315440e+03 5.360148e-17
6.317440e+03 5.617476e-17
6.319440e+03 5.860112e-17
6.321440e+03 5.474613e-17
6.323440e+03 5.099801e-17
6.325440e+03 5.508179e-17
6.327440e+03 5.256645e-17
6.329440e+03 5.270108e-17
6.331440e+03 6.230760e-17
6.333440e+03 6.026706e-17
6.335440e+03 5.690763e-17
6.337440e+03 5.457478e-17
6.339440e+03 5.376793e-17
6.341440e+03 5.660158e-17
6.343440e+03 6.356359e-17
6.345440e+03 6.239254e-17
6.347440e+03 5.922436e-17
6.349440e+03 5.460857e-17
6.351440e+03 5.412377e-17
6.353440e+03 5.770711e-17
6.355440e+03 6.390521e-17
6.357440e+03 6.947971e-17
6.359440e+03 6.709551e-17
6.361440e+03 6.229260e-17
6.363440e+03 6.331163e-17
6.365440e+03 6.277328e-17
6.367440e+03 6.251843e-17
6.369440e+03 6.445358e-17
6.371440e+03 6.486925e-17
6.373440e+03 6.421523e-17
6.375440e+03 6.220704e-17
6.377440e+03 5.545462e-17
6.379440e+03 5.424648e-17
6.381440e+03 6.176569e-17
6.383440e+03 5.652183e-17
6.385440e+03 5.063090e-17
6.387440e+03 4.490958e-17
6.389440e+03 4.621547e-17
6.391440e+03 5.614788e-17
6.393440e+03 7.090874e-17
6.395440e+03 6.455463e-17
6.397440e+03 6.431272e-17
6.399440e+03 6.567718e-17
6.401440e+03 5.622154e-17
6.403440e+03 5.562692e-17
6.405440e+03 5.823293e-17
6.407440e+03 5.853558e-17
6.409440e+03 5.473031e-17
6.411440e+03 5.129749e-17
6.413440e+03 5.167815e-17
6.415440e+03 5.262438e-17
6.417440e+03 5.180472e-17
6.419440e+03 4.778798e-17
6.421440e+03 5.272823e-17
6.423440e+03 5.841773e-17
6.425440e+03 6.386415e-17
6.427440e+03 5.881099e-17
6.429440e+03 5.298671e-17
6.431440e+03 4.679046e-17
6.433440e+03 4.293414e-17
6.435440e+03 4.143539e-17
6.437440e+03 4.197979e-17
6.439440e+03 4.510960e-17
6.441440e+03 4.269886e-17
6.443440e+03 3.805232e-17
6.445440e+03 3.669911e-17
6.447440e+03 4.096621e-17
6.449440e+03 4.490139e-17
6.451440e+03 4.148129e-17
6.453440e+03 4.508035e-17
6.455440e+03 4.615289e-17
6.457440e+03 3.810276e-17
6.459440e+03 3.792411e-17
6.461440e+03 3.991606e-17
6.463440e+03 4.326995e-17
6.465440e+03 4.150482e-17
6.467440e+03 4.118074e-17
6.469440e+03 4.295797e-17
6.471440e+03 3.849939e-17
6.473440e+03 3.351034e-17
6.475440e+03 2.861907e-17
6.477440e+03 3.115260e-17
6.479440e+03 3.056906e-17
6.481440e+03 2.867069e-17
6.483440e+03 3.119685e-17
6.485440e+03 3.057719e-17
6.487440e+03 2.944501e-17
6.489440e+03 3.208278e-17
6.491440e+03 3.277157e-17
6.493440e+03 3.366859e-17
6.495440e+03 3.681647e-17
6.497440e+03 3.733639e-17
6.499440e+03 3.852154e-17
6.501440e+03 4.204996e-17
6.503440e+03 4.744601e-17
6.505440e+03 5.301563e-17
6.507440e+03 5.848979e-17
6.509440e+03 6.110980e-17
6.511440e+03 6.034735e-17
6.513440e+03 5.627499e-17
6.515440e+03 5.495743e-17
6.517440e+03 5.643430e-17
6.519440e+03 5.998355e-17
6.521440e+03 6.235892e-17
6.523440e+03 6.223041e-17
6.525440e+03 6.106832e-17
6.527440e+03 6.211753e-17
6.529440e+03 6.439253e-17
6.531440e+03 6.831189e-17
6.533440e+03 7.587407e-17
6.535440e+03 8.534407e-17
6.537440e+03 9.139604e-17
6.539440e+03 8.836082e-17
6.541440e+03 8.841621e-17
6.543440e+03 8.805460e-17
6.545440e+03 8.601686e-17
6.547440e+03 9.028816e-17
6.549440e+03 9.394450e-17
6.551440e+03 9.605568e-17
6.553440e+03 9.250865e-17
6.555440e+03 9.555840e-17
6.557440e+03 1.046141e-16
6.559440e+03 1.076803e-16
6.561440e+03 1.109927e-16
6.563440e+03 1.137595e-16
6.565440e+03 1.112447e-16
6.567440e+03 1.074474e-16
6.569440e+03 1.062298e-16
6.571440e+03 1.188894e-16
6.573440e+03 1.212971e-16
6.575440e+03 1.212682e-16
6.577440e+03 1.253722e-16
6.579440e+03 1.227940e-16
6.581440e+03 1.190931e-16
6.583440e+03 1.166108e-16
6.585440e+03 1.210041e-16
6.587440e+03 1.224601e-16
6.589440e+03 1.179006e-16
6.591440e+03 1.129379e-16
6.593440e+03 1.132268e-16
6.595440e+03 1.194408e-16
6.597440e+03 1.199836e-16
6.599440e+03 1.208150e-16
6.601440e+03 1.221118e-16
6.603440e+03 1.261154e-16
6.605440e+03 1.265076e-16
6.607440e+03 1.246720e-16
6.609440e+03 1.233143e-16
6.611440e+03 1.259954e-16
6.613440e+03 1.295106e-16
6.615440e+03 1.291318e-16
6.617440e+03 1.316989e-16
6.619440e+03 1.320828e-16
6.621440e+03 1.245259e-16
6.623440e+03 1.237889e-16
6.625440e+03 1.261838e-16
6.627440e+03 1.315490e-16
6.629440e+03 1.312267e-16
6.631440e+03 1.317332e-16
6.633440e+03 1.343121e-16
6.635440e+03 1.286078e-16
6.637440e+03 1.270343e-16
6.639440e+03 1.300330e-16
6.641440e+03 1.332133e-16
6.643440e+03 1.306021e-16
6.645440e+03 1.248250e-16
6.647440e+03 1.306846e-16
6.649440e+03 1.293193e-16
6.651440e+03 1.240648e-16
6.653440e+03 1.200975e-16
6.655440e+03 1.213113e-16
6.657440e+03 1.232417e-16
6.659440e+03 1.205760e-16
6.661440e+03 1.219165e-16
6.663440e+03 1.232970e-16
6.665440e+03 1.221783e-16
6.667440e+03 1.136689e-16
6.669440e+03 1.069037e-16
6.671440e+03 1.051962e-16
6.673440e+03 1.164207e-16
6.675440e+03 1.239509e-16
6.677440e+03 1.254975e-16
6.679440e+03 1.233704e-16
6.681440e+03 1.191474e-16
6.683440e+03 1.134814e-16
6.685440e+03 1.153793e-16
6.687440e+03 1.188031e-16
6.689440e+03 1.222182e-16
6.691440e+03 1.181490e-16
6.693440e+03 1.133435e-16
6.695440e+03 1.084037e-16
6.697440e+03 1.044747e-16
6.699440e+03 1.062344e-16
6.701440e+03 1.093239e-16
6.703440e+03 1.102660e-16
6.705440e+03 1.082647e-16
6.707440e+03 1.042381e-16
6.709440e+03 9.765166e-17
6.711440e+03 9.721273e-17
6.713440e+03 9.759601e-17
6.715440e+03 9.783767e-17
6.717440e+03 9.943953e-17
6.719440e+03 9.893558e-17
6.721440e+03 9.601557e-17
6.723440e+03 9.382514e-17
6.725440e+03 9.331952e-17
6.727440e+03 9.418846e-17
6.729440e+03 9.468900e-17
6.731440e+03 9.700253e-17
6.733440e+03 9.877900e-17
6.735440e+03 9.108069e-17
6.737440e+03 8.973292e-17
6.739440e+03 9.145628e-17
6.741440e+03 9.371429e-17
6.743440e+03 9.213305e-17
6.745440e+03 9.040574e-17
6.747440e+03 9.137096e-17
6.749440e+03 8.947750e-17
6.751440e+03 8.738229e-17
6.753440e+03 8.600643e-17
6.755440e+03 8.182090e-17
6.757440e+03 7.847232e-17
6.759440e+03 7.667017e-17
6.761440e+03 8.188675e-17
6.763440e+03 8.248549e-17
6.765440e+03 7.844311e-17
6.767440e+03 8.077766e-17
6.769440e+03 8.344279e-17
6.771440e+03 8.569578e-17
6.773440e+03 8.231001e-17
6.775440e+03 8.144231e-17
6.777440e+03 8.099028e-17
6.779440e+03 7.582039e-17
6.781440e+03 7.690968e-17
6.783440e+03 8.000415e-17
6.785440e+03 8.139944e-17
6.787440e+03 8.144365e-17
6.789440e+03 7.952519e-17
6.791440e+03 7.416740e-17
6.793440e+03 7.203449e-17
6.795440e+03 7.128852e-17
6.797440e+03 7.184897e-17
6.799440e+03 7.654634e-17
6.801440e+03 7.860455e-17
6.803440e+03 7.707068e-17
6.805440e+03 7.741103e-17
6.807440e+03 7.775850e-17
6.809440e+03 7.762134e-17
6.811440e+03 7.005889e-17
6.813440e+03 6.400353e-17
6.815440e+03 6.032902e-17
6.817440e+03 6.572274e-17
6.819440e+03 6.829653e-17
6.821440e+03 6.951854e-17
6.823440e+03 7.101575e-17
6.825440e+03 6.917221e-17
6.827440e+03 6.606714e-17
6.829440e+03 6.280784e-17
6.831440e+03 6.386122e-17
6.833440e+03 6.611132e-17
6.835440e+03 6.865654e-17
6.837440e+03 6.502923e-17
6.839440e+03 6.155829e-17
6.841440e+03 5.958129e-17
6.843440e+03 6.355394e-17
6.845440e+03 6.710077e-17
6.847440e+03 6.970835e-17
6.849440e+03 6.556324e-17
6.851440e+03 6.538437e-17
6.853440e+03 6.803172e-17
6.855440e+03 6.616976e-17
6.857440e+03 6.245450e-17
6.859440e+03 5.835362e-17
6.861440e+03 5.834293e-17
6.863440e+03 6.415288e-17
6.865440e+03 7.027940e-17
6.867440e+03 6.848885e-17
6.869440e+03 6.031169e-17
6.871440e+03 5.260852e-17
6.873440e+03 5.085796e-17
6.875440e+03 5.463595e-17
6.877440e+03 5.911187e-17
6.879440e+03 6.283201e-17
6.881440e+03 5.882523e-17
6.883440e+03 5.279623e-17
6.885440e+03 4.525578e-17
6.887440e+03 4.899986e-17
6.889440e+03 5.158349e-17
6.891440e+03 5.262849e-17
6.893440e+03 5.225628e-17
6.895440e+03 5.088807e-17
6.897440e+03 4.896146e-17
6.899440e+03 4.847315e-17
6.901440e+03 4.899342e-17
6.903440e+03 5.085096e-17
6.905440e+03 5.627170e-17
6.907440e+03 5.761770e-17
6.909440e+03 5.776817e-17
6.911440e+03 5.920468e-17
6.913440e+03 5.922938e-17
6.915440e+03 5.956433e-17
6.917440e+03 6.138025e-17
6.919440e+03 5.561408e-17
6.921440e+03 5.154745e-17
6.923440e+03 5.215028e-17
6.925440e+03 5.751449e-17
6.927440e+03 5.994131e-17
6.929440e+03 5.846668e-17
6.931440e+03 6.063832e-17
6.933440e+03 6.391091e-17
6.935440e+03 6.757796e-17
6.937440e+03 6.310897e-17
6.939440e+03 5.730653e-17
6.941440e+03 5.155507e-17
6.943440e+03 5.182624e-17
6.945440e+03 5.318772e-17
6.947440e+03 5.560477e-17
6.949440e+03 6.003277e-17
6.951440e+03 6.214489e-17
6.953440e+03 6.275968e-17
6.955440e+03 6.157216e-17
6.957440e+03 6.751723e-17
6.959440e+03 7.231810e-17
6.961440e+03 7.177022e-17
6.963440e+03 6.600971e-17
6.965440e+03 6.107252e-17
6.967440e+03 5.829787e-17
6.969440e+03 5.965771e-17
6.971440e+03 6.345106e-17
6.973440e+03 6.941839e-17
6.975440e+03 6.661499e-17
6.977440e+03 6.137759e-17
6.979440e+03 5.516017e-17
6.981440e+03 5.876649e-17
6.983440e+03 6.304550e-17
6.985440e+03 6.663153e-17
6.987440e+03 6.446038e-17
6.989440e+03 6.352143e-17
6.991440e+03 6.114168e-17
6.993440e+03 5.212803e-17
6.995440e+03 5.247860e-17
6.997440e+03 5.580749e-17
6.999440e+03 5.937374e-17
7.001440e+03 5.890438e-17
7.003440e+03 5.735866e-17
7.005440e+03 5.533809e-17
7.007440e+03 5.522343e-17
7.009440e+03 5.626098e-17
7.011440e+03 5.851034e-17
7.013440e+03 6.243314e-17
7.015440e+03 6.134024e-17
7.017440e+03 5.540158e-17
7.019440e+03 4.977008e-17
7.021440e+03 4.877839e-17
7.023440e+03 5.142360e-17
7.025440e+03 5.620087e-17
7.027440e+03 5.748949e-17
7.029440e+03 5.719722e-17
7.031440e+03 5.821604e-17
7.033440e+03 5.728287e-17
7.035440e+03 5.577037e-17
7.037440e+03 5.478318e-17
7.039440e+03 5.118713e-17
7.041440e+03 4.852824e-17
7.043440e+03 4.925605e-17
7.045440e+03 5.539483e-17
7.047440e+03 5.990906e-17
7.049440e+03 6.058589e-17
7.051440e+03 5.476389e-17
7.053440e+03 5.218402e-17
7.055440e+03 5.389714e-17
7.057440e+03 5.670605e-17
7.059440e+03 5.582131e-17
7.061440e+03 5.189869e-17
7.063440e+03 5.026761e-17
7.065440e+03 5.091098e-17
7.067440e+03 5.351711e-17
7.069440e+03 5.905816e-17
7.071440e+03 5.996590e-17
7.073440e+03 5.884528e-17
7.075440e+03 5.848647e-17
7.077440e+03 6.182001e-17
7.079440e+03 6.459234e-17
7.081440e+03 6.267171e-17
7.083440e+03 5.965731e-17
7.085440e+03 5.653912e-17
7.087440e+03 5.368925e-17
7.089440e+03 5.459606e-17
7.091440e+03 5.574656e-17
7.093440e+03 5.655945e-17
7.095440e+03 5.633386e-17
7.097440e+03 5.435681e-17
7.099440e+03 5.059324e-17
7.101440e+03 4.626360e-17
7.103440e+03 4.422348e-17
7.105440e+03 4.413458e-17
7.107440e+03 4.549673e-17
7.109440e+03 4.925139e-17
7.111440e+03 5.381826e-17
7.113440e+03 5.538472e-17
7.115440e+03 5.398355e-17
7.117440e+03 5.074692e-17
7.119440e+03 4.567557e-17
7.121440e+03 4.753803e-17
7.123440e+03 5.154696e-17
7.125440e+03 5.572755e-17
7.127440e+03 5.426394e-17
7.129440e+03 5.149627e-17
7.131440e+03 4.834698e-17
7.133440e+03 4.935561e-17
7.135440e+03 5.242777e-17
7.137440e+03 5.756070e-17
7.139440e+03 6.017135e-17
7.141440e+03 6.067256e-17
7.143440e+03 5.906906e-17
7.145440e+03 5.429953e-17
7.147440e+03 5.122500e-17
7.149440e+03 4.903973e-17
7.151440e+03 4.455783e-17
7.153440e+03 4.535313e-17
7.155440e+03 4.857740e-17
7.157440e+03 5.030689e-17
7.159440e+03 4.726912e-17
7.161440e+03 4.523037e-17
7.163440e+03 5.118160e-17
7.165440e+03 5.911493e-17
7.167440e+03 6.315364e-17
7.169440e+03 5.824738e-17
7.171440e+03 5.598852e-17
7.173440e+03 5.632435e-17
7.175440e+03 5.993244e-17
7.177440e+03 5.917563e-17
7.179440e+03 5.464882e-17
7.181440e+03 4.625297e-17
7.183440e+03 4.583034e-17
7.185440e+03 4.691746e-17
7.187440e+03 4.897905e-17
7.189440e+03 4.719714e-17
7.191440e+03 4.643866e-17
7.193440e+03 4.677653e-17
7.195440e+03 4.972079e-17
7.197440e+03 4.891342e-17
7.199440e+03 4.619191e-17
7.201440e+03 4.292760e-17
7.203440e+03 4.098307e-17
7.205440e+03 4.028804e-17
7.207440e+03 4.162407e-17
7.209440e+03 4.376985e-17
7.211440e+03 4.525806e-17
7.213440e+03 4.522861e-17
7.215440e+03 4.844874e-17
7.217440e+03 5.144245e-17
7.219440e+03 5.358643e-17
7.221440e+03 5.367800e-17
7.223440e+03 5.019010e-17
7.225440e+03 4.337948e-17
7.227440e+03 4.438741e-17
7.229440e+03 4.809873e-17
7.231440e+03 5.324905e-17
7.233440e+03 5.261813e-17
7.235440e+03 5.147843e-17
7.237440e+03 5.025839e-17
7.239440e+03 5.007393e-17
7.241440e+03 5.385665e-17
7.243440e+03 5.723322e-17
7.245440e+03 5.406686e-17
7.247440e+03 5.013164e-17
7.249440e+03 4.667652e-17
7.251440e+03 4.478687e-17
7.253440e+03 4.916428e-17
7.255440e+03 5.112110e-17
7.257440e+03 4.725291e-17
7.259440e+03 4.467574e-17
7.261440e+03 4.400933e-17
7.263440e+03 4.553172e-17
7.265440e+03 4.837566e-17
7.267440e+03 5.054067e-17
7.269440e+03 5.195263e-17
7.271440e+03 5.151272e-17
7.273440e+03 5.180289e-17
7.275440e+03 5.247294e-17
7.277440e+03 5.225074e-17
7.279440e+03 5.323177e-17
7.281440e+03 5.423296e-17
7.283440e+03 5.275852e-17
7.285440e+03 4.971861e-17
7.287440e+03 4.629136e-17
7.289440e+03 4.339573e-17
7.291440e+03 4.335687e-17
7.293440e+03 4.486647e-17
7.295440e+03 4.803210e-17
7.297440e+03 4.922561e-17
7.299440e+03 4.895943e-17
7.301440e+03 4.698170e-17
7.303440e+03 4.920620e-17
7.305440e+03 5.302591e-17
7.307440e+03 5.825993e-17
7.309440e+03 5.830978e-17
7.311440e+03 5.361930e-17
7.313440e+03 4.521794e-17
7.315440e+03 3.965307e-17
7.317440e+03 3.830838e-17
7.319440e+03 3.909737e-17
7.321440e+03 3.700648e-17
7.323440e+03 3.559352e-17
7.325440e+03 3.599089e-17
7.327440e+03 4.170137e-17
7.329440e+03 4.690535e-17
7.331440e+03 5.082115e-17
7.333440e+03 5.198551e-17
7.335440e+03 4.918623e-17
7.337440e+03 4.452026e-17
7.339440e+03 3.803041e-17
7.341440e+03 4.283962e-17
7.343440e+03 4.796858e-17
7.345440e+03 5.176420e-17
7.347440e+03 4.920671e-17
7.349440e+03 4.867415e-17
7.351440e+03 5.029156e-17
7.353440e+03 4.900320e-17
7.355440e+03 4.948601e-17
7.357440e+03 5.140580e-17
7.359440e+03 5.418514e-17
7.361440e+03 5.716656e-17
7.363440e+03 5.962625e-17
7.365440e+03 5.909043e-17
7.367440e+03 5.945427e-17
7.369440e+03 6.109542e-17
7.371440e+03 6.554034e-17
7.373440e+03 6.419428e-17
7.375440e+03 6.264541e-17
7.377440e+03 6.420740e-17
7.379440e+03 5.953785e-17
7.381440e+03 5.446410e-17
7.383440e+03 5.050133e-17
7.385440e+03 4.705901e-17
7.387440e+03 4.628562e-17
7.389440e+03 4.865487e-17
7.391440e+03 4.500171e-17
7.393440e+03 4.350012e-17
7.395440e+03 4.414776e-17
7.397440e+03 4.710651e-17
7.399440e+03 5.076129e-17
7.401440e+03 5.416377e-17
7.403440e+03 5.270717e-17
7.405440e+03 4.953492e-17
7.407440e+03 4.628465e-17
7.409440e+03 4.617938e-17
7.411440e+03 4.557333e-17
7.413440e+03 4.517220e-17
7.415440e+03 4.581323e-17
7.417440e+03 4.761000e-17
7.419440e+03 4.888578e-17
7.421440e+03 4.860676e-17
7.423440e+03 5.176004e-17
7.425440e+03 5.616828e-17
7.427440e+03 6.167683e-17
7.429440e+03 6.233642e-17
7.431440e+03 5.986784e-17
7.433440e+03 5.433297e-17
7.435440e+03 4.990364e-17
7.437440e+03 4.485048e-17
7.439440e+03 3.994205e-17
7.441440e+03 4.208588e-17
7.443440e+03 4.608572e-17
7.445440e+03 5.025119e-17
7.447440e+03 4.911800e-17
7.449440e+03 4.848394e-17
7.451440e+03 4.890107e-17
7.453440e+03 5.216660e-17
7.455440e+03 5.258336e-17
7.457440e+03 5.195854e-17
7.459440e+03 5.099443e-17
7.461440e+03 5.243298e-17
7.463440e+03 5.367494e-17
7.465440e+03 5.371878e-17
7.467440e+03 4.565941e-17
7.469440e+03 3.867375e-17
7.471440e+03 3.425210e-17
7.473440e+03 4.043709e-17
7.475440e+03 4.249998e-17
7.477440e+03 4.038646e-17
7.479440e+03 4.272770e-17
7.481440e+03 4.506852e-17
7.483440e+03 4.713563e-17
7.485440e+03 4.699060e-17
7.487440e+03 4.904030e-17
7.489440e+03 5.155224e-17
7.491440e+03 5.066705e-17
7.493440e+03 4.807105e-17
7.495440e+03 4.599481e-17
7.497440e+03 4.752363e-17
7.499440e+03 4.703910e-17
7.501440e+03 4.613342e-17
7.503440e+03 4.550460e-17
7.505440e+03 4.465585e-17
7.507440e+03 4.316608e-17
7.509440e+03 4.073204e-17
7.511440e+03 4.134800e-17
7.513440e+03 4.121871e-17
7.515440e+03 3.992424e-17
7.517440e+03 3.963384e-17
7.519440e+03 4.070537e-17
7.521440e+03 4.303695e-17
7.523440e+03 4.618532e-17
7.525440e+03 5.024924e-17
7.527440e+03 5.400308e-17
7.529440e+03 5.185926e-17
7.531440e+03 5.074892e-17
7.533440e+03 5.103162e-17
7.535440e+03 5.474256e-17
7.537440e+03 5.522996e-17
7.539440e+03 5.450171e-17
7.541440e+03 5.355449e-17
7.543440e+03 5.272995e-17
7.545440e+03 5.127559e-17
7.547440e+03 4.857087e-17
7.549440e+03 4.764525e-17
7.551440e+03 4.792631e-17
7.553440e+03 4.956635e-17
7.555440e+03 4.392944e-17
7.557440e+03 3.972892e-17
7.559440e+03 3.765297e-17
7.561440e+03 4.501755e-17
7.563440e+03 4.640943e-17
7.565440e+03 4.369205e-17
7.567440e+03 4.784683e-17
7.569440e+03 4.874718e-17
7.571440e+03 4.767979e-17
7.573440e+03 4.653312e-17
7.575440e+03 4.824026e-17
7.577440e+03 4.905368e-17
7.579440e+03 4.268227e-17
7.581440e+03 4.055648e-17
7.583440e+03 4.077738e-17
7.585440e+03 4.343075e-17
7.587440e+03 4.447026e-17
7.589440e+03 4.644810e-17
7.591440e+03 5.056666e-17
7.593440e+03 4.847397e-17
7.595440e+03 4.377328e-17
7.597440e+03 3.658313e-17
7.599440e+03 3.057167e-17
7.601440e+03 2.362045e-17
7.603440e+03 1.606304e-17
7.605440e+03 1.541913e-17
7.607440e+03 1.535882e-17
7.609440e+03 1.578039e-17
7.611440e+03 1.665808e-17
7.613440e+03 1.626500e-17
7.615440e+03 1.621887e-17
7.617440e+03 2.071570e-17
7.619440e+03 2.437916e-17
7.621440e+03 2.751535e-17
7.623440e+03 3.005793e-17
7.625440e+03 2.955557e-17
7.627440e+03 2.852630e-17
7.629440e+03 2.808378e-17
7.631440e+03 3.242849e-17
7.633440e+03 3.353365e-17
7.635440e+03 2.848333e-17
7.637440e+03 2.318484e-17
7.639440e+03 2.009281e-17
7.641440e+03 1.956091e-17
7.643440e+03 2.299900e-17
7.645440e+03 2.645231e-17
7.647440e+03 2.978984e-17
7.649440e+03 3.141349e-17
7.651440e+03 2.947172e-17
7.653440e+03 2.678863e-17
7.655440e+03 3.385136e-17
7.657440e+03 3.865762e-17
7.659440e+03 4.146569e-17
7.661440e+03 4.084386e-17
7.663440e+03 4.277225e-17
7.665440e+03 4.388129e-17
7.667440e+03 4.063883e-17
7.669440e+03 3.794497e-17
7.671440e+03 3.735024e-17
7.673440e+03 4.042265e-17
7.675440e+03 4.405975e-17
7.677440e+03 4.713290e-17
7.679440e+03 4.932593e-17
7.681440e+03 4.245271e-17
7.683440e+03 3.951719e-17
7.685440e+03 4.129734e-17
7.687440e+03 4.980876e-17
7.689440e+03 5.180297e-17
7.691440e+03 4.862156e-17
7.693440e+03 4.491639e-17
7.695440e+03 4.263558e-17
7.697440e+03 4.216738e-17
7.699440e+03 4.663882e-17
7.701440e+03 4.611353e-17
7.703440e+03 4.371257e-17
7.705440e+03 4.217681e-17
7.707440e+03 4.329846e-17
7.709440e+03 4.312228e-17
7.711440e+03 3.817999e-17
7.713440e+03 4.416266e-17
7.715440e+03 4.858766e-17
7.717440e+03 4.694831e-17
7.719440e+03 3.951435e-17
7.721440e+03 3.960313e-17
7.723440e+03 4.978897e-17
7.725440e+03 5.294929e-17
7.727440e+03 5.259340e-17
7.729440e+03 4.942896e-17
7.731440e+03 5.325318e-17
7.733440e+03 5.222880e-17
7.735440e+03 4.800874e-17
7.737440e+03 4.557737e-17
7.739440e+03 4.098788e-17
7.741440e+03 3.663102e-17
7.743440e+03 3.811199e-17
7.745440e+03 4.446761e-17
7.747440e+03 5.172309e-17
7.749440e+03 5.627713e-17
7.751440e+03 6.083648e-17
7.753440e+03 5.993358e-17
7.755440e+03 4.793789e-17
7.757440e+03 4.770666e-17
7.759440e+03 5.147442e-17
7.761440e+03 5.848652e-17
7.763440e+03 4.917359e-17
7.765440e+03 4.129144e-17
7.767440e+03 3.633110e-17
7.769440e+03 3.706051e-17
7.771440e+03 4.131061e-17
7.773440e+03 4.806240e-17
7.775440e+03 4.867961e-17
7.777440e+03 4.645032e-17
7.779440e+03 4.308082e-17
7.781440e+03 4.371912e-17
7.783440e+03 3.771747e-17
7.785440e+03 2.985343e-17
7.787440e+03 2.659828e-17
7.789440e+03 2.979405e-17
7.791440e+03 3.420568e-17
7.793440e+03 3.627300e-17
7.795440e+03 3.514164e-17
7.797440e+03 3.789901e-17
7.799440e+03 4.899757e-17
7.801440e+03 4.681252e-17
7.803440e+03 4.410486e-17
7.805440e+03 4.291140e-17
7.807440e+03 3.782899e-17
7.809440e+03 3.541858e-17
7.811440e+03 3.584034e-17
7.813440e+03 3.435149e-17
7.815440e+03 3.560120e-17
7.817440e+03 3.905957e-17
7.819440e+03 4.341977e-17
7.821440e+03 4.992096e-17
7.823440e+03 5.674381e-17
7.825440e+03 5.912875e-17
7.827440e+03 5.345151e-17
7.829440e+03 4.615217e-17
7.831440e+03 4.439899e-17
7.833440e+03 3.794485e-17
7.835440e+03 3.341955e-17
7.837440e+03 3.622523e-17
7.839440e+03 3.793518e-17
7.841440e+03 3.774115e-17
7.843440e+03 3.476858e-17
7.845440e+03 3.666220e-17
7.847440e+03 3.613059e-17
7.849440e+03 3.208229e-17
7.851440e+03 3.279409e-17
7.853440e+03 3.771505e-17
7.855440e+03 4.570275e-17
7.857440e+03 4.077410e-17
7.859440e+03 4.386632e-17
7.861440e+03 5.148686e-17
7.863440e+03 5.178877e-17
7.865440e+03 5.183326e-17
7.867440e+03 4.995212e-17
7.869440e+03 4.066901e-17
7.871440e+03 3.420440e-17
7.873440e+03 3.206209e-17
7.875440e+03 3.901672e-17
7.877440e+03 4.708159e-17
7.879440e+03 5.224125e-17
7.881440e+03 5.108282e-17
7.883440e+03 4.683724e-17
7.885440e+03 4.346033e-17
7.887440e+03 4.203733e-17
7.889440e+03 4.157377e-17
7.891440e+03 4.277622e-17
7.893440e+03 4.564245e-17
7.895440e+03 3.762589e-17
7.897440e+03 3.403861e-17
7.899440e+03 3.464279e-17
7.901440e+03 4.092340e-17
7.903440e+03 4.493598e-17
7.905440e+03 4.553800e-17
7.907440e+03 3.485917e-17
7.909440e+03 2.427076e-17
7.911440e+03 2.015092e-17
7.913440e+03 3.881762e-17
7.915440e+03 4.862927e-17
7.917440e+03 5.405815e-17
7.919440e+03 5.579195e-17
7.921440e+03 4.769768e-17
7.923440e+03 4.159491e-17
7.925440e+03 4.273882e-17
7.927440e+03 4.758535e-17
7.929440e+03 5.072978e-17
7.931440e+03 5.104211e-17
7.933440e+03 4.585783e-17
7.935440e+03 4.390452e-17
7.937440e+03 4.546817e-17
7.939440e+03 4.941960e-17
7.941440e+03 5.076442e-17
7.943440e+03 5.008875e-17
7.945440e+03 4.895198e-17
7.947440e+03 4.599774e-17
7.949440e+03 4.381016e-17
7.951440e+03 5.005632e-17
7.953440e+03 5.280310e-17
7.955440e+03 5.119186e-17
7.957440e+03 4.055546e-17
7.959440e+03 3.755914e-17
7.961440e+03 4.002042e-17
7.963440e+03 4.966379e-17
7.965440e+03 6.216396e-17
7.967440e+03 6.557539e-17
7.969440e+03 5.366313e-17
7.971440e+03 4.386110e-17
7.973440e+03 3.599282e-17
7.975440e+03 3.022100e-17
7.977440e+03 3.297927e-17
7.979440e+03 4.036952e-17
7.981440e+03 5.129991e-17
7.983440e+03 5.325718e-17
7.985440e+03 4.728851e-17
7.987440e+03 3.695672e-17
7.989440e+03 3.353034e-17
7.991440e+03 3.648826e-17
7.993440e+03 4.096015e-17
7.995440e+03 3.862333e-17
7.997440e+03 3.770696e-17
7.999440e+03 3.545090e-17
8.001440e+03 2.818800e-17
8.003440e+03 3.127131e-17
8.005440e+03 3.505252e-17
8.007440e+03 3.532345e-17
8.009440e+03 3.998799e-17
8.011440e+03 3.934840e-17
8.013440e+03 3.017284e-17
8.015440e+03 3.108013e-17
8.017440e+03 3.390684e-17
8.019440e+03 3.814882e-17
8.021440e+03 4.052856e-17
8.023440e+03 4.346993e-17
8.025440e+03 4.704006e-17
8.027440e+03 5.243209e-17
8.029440e+03 5.630623e-17
8.031440e+03 5.726732e-17
8.033440e+03 4.741934e-17
8.035440e+03 4.114630e-17
8.037440e+03 3.734051e-17
8.039440e+03 3.650078e-17
8.041440e+03 3.522530e-17
8.043440e+03 3.587861e-17
8.045440e+03 4.147021e-17
8.047440e+03 4.136473e-17
8.049440e+03 4.033999e-17
8.051440e+03 3.974602e-17
8.053440e+03 4.276622e-17
8.055440e+03 4.434478e-17
8.057440e+03 4.352927e-17
8.059440e+03 4.309575e-17
8.061440e+03 4.504320e-17
8.063440e+03 4.925023e-17
8.065440e+03 5.195343e-17
8.067440e+03 4.801615e-17
8.069440e+03 4.017380e-17
8.071440e+03 4.044755e-17
8.073440e+03 4.247681e-17
8.075440e+03 4.481416e-17
8.077440e+03 4.415342e-17
8.079440e+03 4.389147e-17
8.081440e+03 4.182576e-17
8.083440e+03 3.387188e-17
8.085440e+03 3.191718e-17
8.087440e+03 3.401602e-17
8.089440e+03 4.123710e-17
8.091440e+03 3.924890e-17
8.093440e+03 3.758582e-17
8.095440e+03 3.887407e-17
8.097440e+03 3.880267e-17
8.099440e+03 3.913271e-17
8.101440e+03 4.006343e-17
8.103440e+03 4.080066e-17
8.105440e+03 3.795720e-17
8.107440e+03 3.284676e-17
8.109440e+03 4.079019e-17
8.111440e+03 4.334538e-17
8.113440e+03 4.294510e-17
8.115440e+03 4.662426e-17
8.117440e+03 4.722202e-17
8.119440e+03 4.542094e-17
8.121440e+03 4.020281e-17
8.123440e+03 4.194417e-17
8.125440e+03 4.378179e-17
8.127440e+03 3.942667e-17
8.129440e+03 4.473916e-17
8.131440e+03 4.803690e-17
8.133440e+03 4.320419e-17
8.135440e+03 4.341592e-17
8.137440e+03 4.260336e-17
8.139440e+03 3.937728e-17
8.141440e+03 3.572826e-17
8.143440e+03 2.812799e-17
8.145440e+03 1.686933e-17
8.147440e+03 3.077813e-17
8.149440e+03 3.456110e-17
8.151440e+03 3.121075e-17
8.153440e+03 3.782585e-17
8.155440e+03 3.912092e-17
8.157440e+03 3.832945e-17
8.159440e+03 4.334176e-17
8.161440e+03 4.337304e-17
8.163440e+03 4.085199e-17
8.165440e+03 3.710429e-17
8.167440e+03 3.380986e-17
8.169440e+03 2.885203e-17
8.171440e+03 1.968804e-17
8.173440e+03 2.534258e-17
8.175440e+03 3.296401e-17
8.177440e+03 3.894858e-17
8.179440e+03 3.780791e-17
8.181440e+03 3.663171e-17
8.183440e+03 3.636223e-17
8.185440e+03 3.726535e-17
8.187440e+03 4.150725e-17
8.189440e+03 4.835770e-17
8.191440e+03 4.310298e-17
8.193440e+03 3.837318e-17
8.195440e+03 3.408491e-17
8.197440e+03 3.026928e-17
8.199440e+03 3.103630e-17
8.201440e+03 3.494806e-17
8.203440e+03 4.184290e-17
8.205440e+03 4.447357e-17
8.207440e+03 4.323202e-17
8.209440e+03 3.552238e-17
8.211440e+03 3.233551e-17
8.213440e+03 3.226324e-17
8.215440e+03 3.616273e-17
8.217440e+03 3.573470e-17
8.219440e+03 3.496649e-17
8.221440e+03 3.475627e-17
8.223440e+03 3.302242e-17
8.225440e+03 3.469090e-17
8.227440e+03 4.040585e-17
8.229440e+03 4.387667e-17
8.231440e+03 4.164972e-17
8.233440e+03 3.517982e-17
8.235440e+03 3.813355e-17
8.237440e+03 3.428643e-17
8.239440e+03 2.751763e-17
8.241440e+03 3.007705e-17
8.243440e+03 3.393198e-17
8.245440e+03 3.657494e-17
8.247440e+03 3.231198e-17
8.249440e+03 3.302631e-17
8.251440e+03 3.795476e-17
8.253440e+03 4.933872e-17
8.255440e+03 4.508436e-17
8.257440e+03 3.816935e-17
8.259440e+03 3.290566e-17
8.261440e+03 3.313916e-17
8.263440e+03 3.627721e-17
8.265440e+03 4.243986e-17
8.267440e+03 4.299297e-17
8.269440e+03 3.908680e-17
8.271440e+03 3.094541e-17
8.273440e+03 2.791142e-17
8.275440e+03 2.963779e-17
8.277440e+03 3.414005e-17
8.279440e+03 2.945514e-17
8.281440e+03 2.616813e-17
8.283440e+03 2.388894e-17
8.285440e+03 2.255519e-17
8.287440e+03 2.469569e-17
8.289440e+03 2.926984e-17
8.291440e+03 3.691929e-17
8.293440e+03 2.627991e-17
8.295440e+03 1.707759e-17
8.297440e+03 2.359809e-17
8.299440e+03 3.767701e-17
8.301440e+03 4.643105e-17
8.303440e+03 4.391079e-17
8.305440e+03 3.013199e-17
8.307440e+03 2.348429e-17
8.309440e+03 2.711916e-17
8.311440e+03 3.913672e-17
8.313440e+03 4.458382e-17
8.315440e+03 4.345954e-17
8.317440e+03 3.810669e-17
8.319440e+03 3.632165e-17
8.321440e+03 3.661698e-17
8.323440e+03 3.360763e-17
8.325440e+03 3.377330e-17
8.327440e+03 3.382520e-17
8.329440e+03 2.626264e-17
8.331440e+03 2.379998e-17
8.333440e+03 2.385831e-17
8.335440e+03 2.558603e-17
8.337440e+03 2.445508e-17
8.339440e+03 2.441468e-17
8.341440e+03 2.808505e-17
8.343440e+03 3.439124e-17
8.345440e+03 4.377257e-17
8.347440e+03 5.714958e-17
8.349440e+03 5.449245e-17
8.351440e+03 4.864309e-17
8.353440e+03 4.052460e-17
8.355440e+03 4.706104e-17
8.357440e+03 4.423557e-17
8.359440e+03 3.393272e-17
8.361440e+03 2.976659e-17
8.363440e+03 2.922371e-17
8.365440e+03 3.245808e-17
8.367440e+03 4.430587e-17
8.369440e+03 4.134747e-17
8.371440e+03 3.260691e-17
8.373440e+03 2.819469e-17
8.375440e+03 2.528513e-17
8.377440e+03 2.498823e-17
8.379440e+03 2.998927e-17
8.381440e+03 3.959090e-17
8.383440e+03 4.781517e-17
8.385440e+03 5.170206e-17
8.387440e+03 4.229147e-17
8.389440e+03 3.370765e-17
8.391440e+03 2.846597e-17
8.393440e+03 2.312065e-17
8.395440e+03 1.783475e-17
8.397440e+03 1.357862e-17
8.399440e+03 4.051590e-17
8.401440e+03 5.212533e-17
8.403440e+03 5.053520e-17
8.405440e+03 3.635877e-17
8.407440e+03 2.771104e-17
8.409440e+03 2.334180e-17
8.411440e+03 2.434599e-17
8.413440e+03 2.841875e-17
8.415440e+03 3.193709e-17
8.417440e+03 2.963371e-17
8.419440e+03 3.632906e-17
8.421440e+03 4.161584e-17
8.423440e+03 3.795243e-17
8.425440e+03 3.561189e-17
8.427440e+03 3.701608e-17
8.429440e+03 4.413416e-17
8.431440e+03 5.397891e-17
8.433440e+03 5.269903e-17
8.435440e+03 3.751280e-17
8.437440e+03 3.365510e-17
8.439440e+03 3.299191e-17
8.441440e+03 3.453153e-17
8.443440e+03 2.599008e-17
8.445440e+03 2.098082e-17
8.447440e+03 1.980463e-17
8.449440e+03 2.827803e-17
8.451440e+03 4.251218e-17
8.453440e+03 5.588827e-17
8.455440e+03 5.347106e-17
8.457440e+03 4.222301e-17
8.459440e+03 3.120237e-17
8.461440e+03 2.987153e-17
8.463440e+03 3.544399e-17
8.465440e+03 4.174974e-17
8.467440e+03 4.608527e-17
8.469440e+03 4.621546e-17
8.471440e+03 4.569567e-17
8.473440e+03 4.514414e-17
8.475440e+03 4.205250e-17
8.477440e+03 4.109688e-17
8.479440e+03 4.271746e-17
8.481440e+03 4.791584e-17
8.483440e+03 4.844615e-17
8.485440e+03 4.504920e-17
8.487440e+03 4.130626e-17
8.489440e+03 4.099185e-17
8.491440e+03 4.386686e-17
8.493440e+03 5.265279e-17
8.495440e+03 4.552996e-17
8.497440e+03 3.316186e-17
8.499440e+03 2.813440e-17
8.501440e+03 3.923472e-17
8.503440e+03 5.380115e-17
8.505440e+03 6.404044e-17
8.507440e+03 4.584939e-17
8.509440e+03 2.843456e-17
8.511440e+03 2.312088e-17
8.513440e+03 3.340431e-17
8.515440e+03 4.051261e-17
8.517440e+03 4.098643e-17
8.519440e+03 3.688471e-17
8.521440e+03 3.624922e-17
8.523440e+03 3.903388e-17
8.525440e+03 3.597228e-17
8.527440e+03 3.366285e-17
8.529440e+03 3.305141e-17
8.531440e+03 4.207676e-17
8.533440e+03 4.367923e-17
8.535440e+03 4.032758e-17
8.537440e+03 3.330455e-17
8.539440e+03 3.957630e-17
8.541440e+03 4.992086e-17
8.543440e+03 5.608225e-17
8.545440e+03 5.759412e-17
8.547440e+03 5.488377e-17
8.549440e+03 4.584357e-17
8.551440e+03 3.633438e-17
8.553440e+03 3.212588e-17
8.555440e+03 3.651693e-17
8.557440e+03 3.453016e-17
8.559440e+03 3.490602e-17
8.561440e+03 3.877615e-17
8.563440e+03 3.192681e-17
8.565440e+03 3.501868e-17
8.567440e+03 4.650482e-17
8.569440e+03 4.705379e-17
8.571440e+03 4.470438e-17
8.573440e+03 4.022601e-17
8.575440e+03 3.470290e-17
8.577440e+03 3.416870e-17
8.579440e+03 3.585435e-17
8.581440e+03 3.636661e-17
8.583440e+03 3.106674e-17
8.585440e+03 2.666331e-17
8.587440e+03 3.034928e-17
8.589440e+03 3.444063e-17
8.591440e+03 3.778644e-17
8.593440e+03 3.949437e-17
8.595440e+03 3.534461e-17
8.597440e+03 3.488397e-17
8.599440e+03 4.093630e-17
8.601440e+03 3.362387e-17
8.603440e+03 3.135826e-17
8.605440e+03 3.542180e-17
8.607440e+03 4.073798e-17
8.609440e+03 4.176275e-17
8.611440e+03 3.943077e-17
8.613440e+03 3.876106e-17
8.615440e+03 3.715425e-17
8.617440e+03 3.478281e-17
8.619440e+03 3.137407e-17
8.621440e+03 3.618853e-17
8.623440e+03 4.267073e-17
8.625440e+03 4.217196e-17
8.627440e+03 3.814337e-17
8.629440e+03 3.784585e-17
8.631440e+03 4.912888e-17
8.633440e+03 4.607646e-17
8.635440e+03 4.033286e-17
8.637440e+03 3.501546e-17
8.639440e+03 3.755422e-17
8.641440e+03 4.356812e-17
8.643440e+03 5.296194e-17
8.645440e+03 4.516701e-17
8.647440e+03 3.471490e-17
8.649440e+03 2.289445e-17
8.651440e+03 2.823751e-17
8.653440e+03 3.127093e-17
8.655440e+03 3.241095e-17
8.657440e+03 3.204384e-17
8.659440e+03 3.748444e-17
8.661440e+03 4.480661e-17
8.663440e+03 4.613860e-17
8.665440e+03 4.583393e-17
8.667440e+03 4.552685e-17
8.669440e+03 4.716969e-17
8.671440e+03 4.292760e-17
8.673440e+03 3.954377e-17
8.675440e+03 4.140883e-17
8.677440e+03 4.282529e-17
8.679440e+03 4.181334e-17
8.681440e+03 3.712210e-17
8.683440e+03 3.447012e-17
8.685440e+03 3.518579e-17
8.687440e+03 3.966068e-17
8.689440e+03 4.219445e-17
8.691440e+03 4.410344e-17
8.693440e+03 4.473963e-17
8.695440e+03 3.491216e-17
8.697440e+03 2.792767e-17
8.699440e+03 2.446682e-17
8.701440e+03 3.143933e-17
8.703440e+03 3.678146e-17
8.705440e+03 4.017413e-17
8.707440e+03 3.912083e-17
8.709440e+03 3.763288e-17
8.711440e+03 3.564729e-17
8.713440e+03 3.275234e-17
8.715440e+03 3.615403e-17
8.717440e+03 4.030766e-17
8.719440e+03 4.308475e-17
8.721440e+03 4.371170e-17
8.723440e+03 3.934498e-17
8.725440e+03 2.835231e-17
8.727440e+03 2.533680e-17
8.729440e+03 2.537264e-17
8.731440e+03 2.817466e-17
8.733440e+03 2.960002e-17
8.735440e+03 2.779358e-17
8.737440e+03 2.446533e-17
8.739440e+03 3.195038e-17
8.741440e+03 3.606797e-17
8.743440e+03 3.800684e-17
8.745440e+03 3.911485e-17
8.747440e+03 3.967590e-17
8.749440e+03 4.007259e-17
8.751440e+03 4.072262e-17
8.753440e+03 3.990274e-17
8.755440e+03 3.645543e-17
8.757440e+03 2.793104e-17
8.759440e+03 2.408121e-17
8.761440e+03 1.915652e-17
8.763440e+03 1.082885e-17
8.765440e+03 1.936699e-17
8.767440e+03 2.818678e-17
8.769440e+03 3.511176e-17
8.771440e+03 3.882838e-17
8.773440e+03 4.174235e-17
8.775440e+03 4.407939e-17
8.777440e+03 4.886108e-17
8.779440e+03 5.011674e-17
8.781440e+03 4.780124e-17
8.783440e+03 3.765277e-17
8.785440e+03 2.804506e-17
8.787440e+03 2.066490e-17
8.789440e+03 2.181519e-17
8.791440e+03 2.794074e-17
8.793440e+03 3.635676e-17
8.795440e+03 4.581181e-17
8.797440e+03 3.750157e-17
8.799440e+03 2.671373e-17
8.801440e+03 2.058818e-17
8.803440e+03 1.856378e-17
8.805440e+03 2.377040e-17
8.807440e+03 3.902981e-17
8.809440e+03 3.686240e-17
8.811440e+03 3.103638e-17
8.813440e+03 2.251015e-17
8.815440e+03 1.810191e-17
8.817440e+03 1.683733e-17
8.819440e+03 1.903944e-17
8.821440e+03 3.099806e-17
8.823440e+03 4.330445e-17
8.825440e+03 5.584719e-17
8.827440e+03 6.844720e-17
8.829440e+03 5.967982e-17
8.831440e+03 3.891734e-17
8.833440e+03 1.173289e-17
8.835440e+03 1.935740e-17
8.837440e+03 3.489623e-17
8.839440e+03 4.014897e-17
8.841440e+03 3.985971e-17
8.843440e+03 3.499197e-17
8.845440e+03 2.395765e-17
8.847440e+03 2.693777e-17
8.849440e+03 3.120964e-17
8.851440e+03 3.475052e-17
8.853440e+03 3.796088e-17
8.855440e+03 4.109670e-17
8.857440e+03 4.394859e-17
8.859440e+03 3.811993e-17
8.861440e+03 3.222368e-17
8.863440e+03 2.684362e-17
8.865440e+03 2.688677e-17
8.867440e+03 2.796297e-17
8.869440e+03 2.982368e-17
8.871440e+03 3.258418e-17
8.873440e+03 3.419681e-17
8.875440e+03 3.493646e-17
8.877440e+03 3.443571e-17
8.879440e+03 3.494900e-17
8.881440e+03 3.735349e-17
8.883440e+03 4.337726e-17
8.885440e+03 7.052720e-17
8.887440e+03 8.182717e-17
8.889440e+03 6.000378e-17
8.891440e+03 2.915983e-17
8.893440e+03 1.609799e-17
8.895440e+03 2.632651e-17
8.897440e+03 2.949839e-17
8.899440e+03 3.324882e-17
8.901440e+03 3.744169e-17
8.903440e+03 3.711220e-17
8.905440e+03 3.169107e-17
8.907440e+03 2.323274e-17
8.909440e+03 1.898956e-17
8.911440e+03 1.539890e-17
8.913440e+03 1.407059e-17
8.915440e+03 2.092181e-17
8.917440e+03 3.736761e-17
8.919440e+03 5.422765e-17
8.921440e+03 6.190867e-17
8.923440e+03 5.030794e-17
8.925440e+03 3.627137e-17
8.927440e+03 2.738404e-17
8.929440e+03 3.192381e-17
8.931440e+03 3.542392e-17
8.933440e+03 3.422121e-17
8.935440e+03 3.160762e-17
8.937440e+03 3.068408e-17
8.939440e+03 3.178665e-17
8.941440e+03 3.481749e-17
8.943440e+03 3.524616e-17
8.945440e+03 3.326189e-17
8.947440e+03 2.885697e-17
8.949440e+03 2.499463e-17
8.951440e+03 2.275244e-17
8.953440e+03 2.801805e-17
8.955440e+03 3.723441e-17
8.957440e+03 4.764393e-17
8.959440e+03 5.562175e-17
8.961440e+03 4.713388e-17
8.963440e+03 3.339557e-17
8.965440e+03 2.025463e-17
8.967440e+03 2.359150e-17
8.969440e+03 2.689424e-17
8.971440e+03 2.356305e-17
8.973440e+03 2.423717e-17
8.975440e+03 2.592297e-17
8.977440e+03 2.830774e-17
8.979440e+03 2.537209e-17
8.981440e+03 2.314853e-17
8.983440e+03 2.190397e-17
8.985440e+03 2.151191e-17
8.987440e+03 2.220867e-17
8.989440e+03 2.385772e-17
8.991440e+03 2.653277e-17
8.993440e+03 2.668013e-17
8.995440e+03 2.555189e-17
8.997440e+03 2.528933e-17
8.999440e+03 2.958016e-17
9.001440e+03 3.294599e-17
9.003440e+03 2.734912e-17
9.005440e+03 2.412969e-17
9.007440e+03 2.457741e-17
9.009440e+03 3.165119e-17
9.011440e+03 3.748715e-17
9.013440e+03 3.908258e-17
9.015440e+03 3.412967e-17
9.017440e+03 2.935037e-17
9.019440e+03 2.558654e-17
9.021440e+03 2.304410e-17
9.023440e+03 2.449292e-17
9.025440e+03 2.244274e-17
9.027440e+03 1.732944e-17
9.029440e+03 1.604456e-17
9.031440e+03 1.912730e-17
9.033440e+03 2.442104e-17
9.035440e+03 2.394584e-17
9.037440e+03 2.607415e-17
9.039440e+03 2.961821e-17
9.041440e+03 3.346994e-17
9.043440e+03 3.271070e-17
9.045440e+03 3.091197e-17
9.047440e+03 3.096029e-17
9.049440e+03 3.346865e-17
9.051440e+03 3.487166e-17
9.053440e+03 3.285967e-17
9.055440e+03 2.541761e-17
9.057440e+03 2.304501e-17
9.059440e+03 2.931217e-17
9.061440e+03 2.887503e-17
9.063440e+03 3.012593e-17
9.065440e+03 3.367871e-17
9.067440e+03 3.358560e-17
9.069440e+03 2.912992e-17
9.071440e+03 2.123164e-17
9.073440e+03 1.562820e-17
9.075440e+03 1.347455e-17
9.077440e+03 1.392161e-17
9.079440e+03 1.686831e-17
9.081440e+03 2.067509e-17
9.083440e+03 2.471389e-17
9.085440e+03 2.817306e-17
9.087440e+03 2.287538e-17
9.089440e+03 1.957644e-17
9.091440e+03 2.812807e-17
9.093440e+03 3.010393e-17
9.095440e+03 2.845231e-17
9.097440e+03 2.283158e-17
9.099440e+03 2.709820e-17
9.101440e+03 2.769203e-17
9.103440e+03 2.187965e-17
9.105440e+03 2.168158e-17
9.107440e+03 2.682917e-17
9.109440e+03 3.654792e-17
9.111440e+03 3.052710e-17
9.113440e+03 2.153657e-17
9.115440e+03 1.103040e-17
9.117440e+03 6.701360e-18
9.119440e+03 1.268376e-17
9.121440e+03 2.286890e-17
9.123440e+03 2.552324e-17
9.125440e+03 2.323107e-17
9.127440e+03 1.996625e-17
9.129440e+03 1.993020e-17
9.131440e+03 2.364223e-17
9.133440e+03 2.853162e-17
9.135440e+03 3.368241e-17
9.137440e+03 2.914058e-17
9.139440e+03 2.494226e-17
9.141440e+03 2.402496e-17
9.143440e+03 2.431009e-17
9.145440e+03 2.285852e-17
9.147440e+03 1.920148e-17
9.149440e+03 2.325720e-17
9.151440e+03 2.685937e-17
9.153440e+03 2.972304e-17
9.155440e+03 2.855010e-17
9.157440e+03 2.870693e-17
9.159440e+03 2.847081e-17
9.161440e+03 1.954748e-17
9.163440e+03 2.389432e-17
9.165440e+03 3.259596e-17
9.167440e+03 3.197689e-17
9.169440e+03 3.090037e-17
9.171440e+03 2.904801e-17
9.173440e+03 2.554391e-17
9.175440e+03 2.424736e-17
9.177440e+03 2.264500e-17
9.179440e+03 1.941100e-17
9.181440e+03 1.364929e-17
9.183440e+03 1.159546e-17
9.185440e+03 1.539698e-17
9.187440e+03 1.953018e-17
9.189440e+03 2.059409e-17
9.191440e+03 1.847975e-17
9.193440e+03 2.737973e-17
9.195440e+03 3.045169e-17
9.197440e+03 2.812893e-17
9.199440e+03 1.906385e-17
9.201440e+03 1.701998e-17
9.203440e+03 1.990767e-17
9.205440e+03 2.622023e-17
9.207440e+03 2.626149e-17
9.209440e+03 2.243584e-17
9.211440e+03 1.499566e-17
9.213440e+03 1.211405e-17
9.215440e+03 1.511378e-17
9.217440e+03 2.872867e-17
9.219440e+03 1.864894e-17
9.221440e+03 7.579131e-18
9.223440e+03 3.229926e-18
9.225440e+03 1.460865e-17
9.227440e+03 2.122611e-17
9.229440e+03 1.938959e-17
9.231440e+03 2.619759e-17
9.233440e+03 3.221046e-17
9.235440e+03 3.689573e-17
9.237440e+03 3.471359e-17
9.239440e+03 3.246810e-17
9.241440e+03 2.912890e-17
9.243440e+03 1.731958e-17
9.245440e+03 1.225834e-17
9.247440e+03 1.385482e-17
9.249440e+03 2.886131e-17
9.251440e+03 3.262408e-17
9.253440e+03 3.066844e-17
9.255440e+03 2.500289e-17
9.257440e+03 1.850455e-17
9.259440e+03 1.671356e-17
9.261440e+03 2.541035e-17
9.263440e+03 2.448997e-17
9.265440e+03 2.586942e-17
9.267440e+03 3.339705e-17
9.269440e+03 2.817278e-17
9.271440e+03 2.416948e-17
9.273440e+03 2.281323e-17
9.275440e+03 2.639754e-17
9.277440e+03 2.812200e-17
9.279440e+03 2.778482e-17
9.281440e+03 2.183311e-17
9.283440e+03 1.941901e-17
9.285440e+03 2.091946e-17
9.287440e+03 3.239079e-17
9.289440e+03 3.329659e-17
9.291440e+03 3.095645e-17
9.293440e+03 3.620953e-17
9.295440e+03 3.446517e-17
9.297440e+03 2.723695e-17
9.299440e+03 1.203294e-17
9.301440e+03 8.395498e-18
9.303440e+03 1.130928e-17
9.305440e+03 2.150986e-17
9.307440e+03 6.140287e-18
9.309440e+03 7.072252e-18
9.311440e+03 3.589867e-17
9.313440e+03 4.370808e-17
9.315440e+03 4.352641e-17
9.317440e+03 3.600498e-17
9.319440e+03 2.706494e-17
9.321440e+03 2.676837e-17
9.323440e+03 3.258533e-17
9.325440e+03 3.014343e-17
9.327440e+03 1.620216e-17
9.329440e+03 0.000000e+00
9.331440e+03 4.187963e-18
9.333440e+03 1.135575e-17
9.335440e+03 1.935691e-17
9.337440e+03 2.657328e-17
9.339440e+03 2.330510e-17
9.341440e+03 1.647001e-17
9.343440e+03 8.827207e-18
9.345440e+03 1.196799e-17
9.347440e+03 1.495767e-17
9.349440e+03 1.406177e-17
9.351440e+03 1.336021e-17
9.353440e+03 1.079682e-17
9.355440e+03 5.837845e-18
9.357440e+03 0.000000e+00
9.359440e+03 0.000000e+00
9.361440e+03 1.662981e-18
9.363440e+03 1.267092e-17
9.365440e+03 1.674604e-17
9.367440e+03 1.522664e-17
9.369440e+03 9.288441e-18
9.371440e+03 7.147494e-18
9.373440e+03 9.049919e-18
9.375440e+03 1.975741e-17
9.377440e+03 2.619891e-17
9.379440e+03 3.101584e-17
9.381440e+03 3.593342e-17
9.383440e+03 2.975192e-17
9.385440e+03 2.089689e-17
9.387440e+03 1.261686e-17
9.389440e+03 1.651285e-17
9.391440e+03 1.809458e-17
9.393440e+03 1.309573e-17
9.395440e+03 1.262020e-17
9.397440e+03 1.313480e-17
9.399440e+03 1.439687e-17
9.401440e+03 2.436990e-17
9.403440e+03 2.812969e-17
9.405440e+03 2.583253e-17
9.407440e+03 1.481095e-17
9.409440e+03 1.137568e-17
9.411440e+03 1.340368e-17
9.413440e+03 1.856598e-17
9.415440e+03 2.141210e-17
9.417440e+03 2.511944e-17
9.419440e+03 3.626184e-17
9.421440e+03 3.104849e-17
9.423440e+03 2.229382e-17
9.425440e+03 1.882846e-17
9.427440e+03 1.977267e-17
9.429440e+03 1.865784e-17
9.431440e+03 1.186017e-17
9.433440e+03 9.471180e-18
9.435440e+03 1.328157e-17
9.437440e+03 2.486189e-17
9.439440e+03 4.598412e-17
9.441440e+03 5.811919e-17
9.443440e+03 6.008210e-17
9.445440e+03 4.838659e-17
9.447440e+03 2.641661e-17
9.449440e+03 0.000000e+00
9.451440e+03 6.625971e-18
9.453440e+03 9.691729e-18
9.455440e+03 1.192351e-17
9.457440e+03 2.090335e-17
9.459440e+03 1.885854e-17
9.461440e+03 1.195919e-17
9.463440e+03 4.637607e-18
9.465440e+03 8.544336e-20
9.467440e+03 6.045530e-20
9.469440e+03 8.466497e-18
9.471440e+03 8.806697e-18
9.473440e+03 1.257212e-17
9.475440e+03 2.460682e-17
9.477440e+03 1.538220e-17
9.479440e+03 9.868426e-18
9.481440e+03 1.160508e-17
9.483440e+03 7.318221e-18
9.485440e+03 3.829650e-18
9.487440e+03 1.541834e-18
9.489440e+03 5.584869e-18
9.491440e+03 2.922117e-18
9.493440e+03 0.000000e+00
9.495440e+03 9.909577e-18
9.497440e+03 7.010832e-18
9.499440e+03 0.000000e+00
9.501440e+03 5.141149e-18
9.503440e+03 1.443663e-17
9.505440e+03 2.094071e-17
9.507440e+03 1.569195e-17
9.509440e+03 6.756774e-18
9.511440e+03 6.521381e-19
9.513440e+03 2.224339e-18
9.515440e+03 2.097345e-17
9.517440e+03 3.612530e-17
9.519440e+03 4.186008e-17
9.521440e+03 1.397528e-17
9.523440e+03 0.000000e+00
9.525440e+03 0.000000e+00
9.527440e+03 0.000000e+00
9.529440e+03 0.000000e+00
9.531440e+03 0.000000e+00
9.533440e+03 2.530372e-18
9.535440e+03 3.312392e-18
9.537440e+03 2.045415e-18
9.539440e+03 5.420362e-18
9.541440e+03 1.252903e-17
9.543440e+03 1.872882e-17
9.545440e+03 1.519489e-17
9.547440e+03 1.025521e-17
9.549440e+03 7.794327e-18
9.551440e+03 1.272775e-17
9.553440e+03 1.055007e-17
9.555440e+03 2.561141e-18
9.557440e+03 0.000000e+00
9.559440e+03 0.000000e+00
9.561440e+03 0.000000e+00
9.563440e+03 4.726161e-19
9.565440e+03 1.601009e-17
9.567440e+03 2.688862e-17
9.569440e+03 3.256963e-17
9.571440e+03 2.452262e-17
9.573440e+03 1.822767e-17
9.575440e+03 1.342500e-17
9.577440e+03 9.912537e-18
9.579440e+03 6.812729e-18
9.581440e+03 4.977110e-18
9.583440e+03 8.155631e-18
9.585440e+03 1.759804e-17
9.587440e+03 2.469789e-17
9.589440e+03 1.607962e-17
9.591440e+03 4.951232e-18
9.593440e+03 0.000000e+00
9.595440e+03 0.000000e+00
9.597440e+03 0.000000e+00
9.599440e+03 0.000000e+00
9.601440e+03 0.000000e+00
9.603440e+03 1.715867e-18
9.605440e+03 9.873191e-18
9.607440e+03 2.187854e-17
9.609440e+03 2.689423e-17
9.611440e+03 2.619849e-17
9.613440e+03 2.012660e-17
9.615440e+03 1.057850e-17
9.617440e+03 9.947108e-18
9.619440e+03 1.624707e-17
9.621440e+03 2.769206e-17
9.623440e+03 4.073539e-17
9.625440e+03 4.592290e-17
9.627440e+03 1.528081e-17
9.629440e+03 0.000000e+00
9.631440e+03 0.000000e+00
9.633440e+03 0.000000e+00
9.635440e+03 7.702906e-18
9.637440e+03 1.709351e-17
9.639440e+03 9.114692e-18
9.641440e+03 0.000000e+00
9.643440e+03 0.000000e+00
9.645440e+03 1.281648e-17
9.647440e+03 3.423013e-17
9.649440e+03 4.119039e-17
9.651440e+03 3.162883e-17
9.653440e+03 2.281083e-17
9.655440e+03 2.650051e-17
9.657440e+03 3.983346e-17
9.659440e+03 4.397849e-17
9.661440e+03 4.468907e-17
9.663440e+03 4.325413e-17
9.665440e+03 4.184465e-17
9.667440e+03 3.867226e-17
9.669440e+03 3.563140e-17
9.671440e+03 3.593115e-17
9.673440e+03 2.079293e-17
9.675440e+03 3.136160e-18
9.677440e+03 0.000000e+00
9.679440e+03 3.211839e-18
9.681440e+03 1.350756e-17
9.683440e+03 1.267952e-17
9.685440e+03 2.774366e-17
9.687440e+03 3.644499e-17
9.689440e+03 3.424043e-17
9.691440e+03 3.478863e-17
9.693440e+03 3.905940e-17
9.695440e+03 4.603205e-17
9.697440e+03 2.761518e-17
9.699440e+03 1.324677e-17
9.701440e+03 3.522759e-18
9.703440e+03 7.354189e-18
