3478.23608398438  1.708772E-16
3479.70683455468  -6.820680E-17
3481.17758512498  1.351139E-16
3482.64833569527  -7.339576E-17
3484.11908626557  4.197859E-16
3485.58983683587  1.032983E-16
3487.06058740617  3.283763E-16
3488.53133797646  -3.396884E-16
3490.00208854676  1.998211E-16
3491.47283911706  -2.183899E-16
3492.94358968736  3.890495E-16
3494.41434025765  3.180981E-16
3495.88509082795  4.623482E-17
3497.35584139825  4.009034E-16
3498.82659196854  -4.047799E-16
3500.29734253884  -2.468018E-16
3501.76809310914  -2.467519E-16
3503.23884367944  4.994956E-17
3504.70959424973  2.919925E-16
3506.18034482003  1.855352E-16
3507.65109539033  -1.131594E-16
3509.12184596063  3.560875E-16
3510.59259653092  1.897307E-16
3512.06334710122  -2.181653E-17
3513.53409767152  1.756882E-16
3515.00484824181  2.050365E-16
3516.47559881211  1.210440E-16
3517.94634938241  -1.573566E-17
3519.41709995271  3.298321E-17
3520.887850523  -1.703846E-16
3522.3586010933  2.907883E-16
3523.8293516636  3.892858E-16
3525.30010223389  1.336175E-16
3526.77085280419  -2.524842E-16
3528.24160337449  2.889998E-16
3529.71235394479  1.896910E-16
3531.18310451508  -2.228414E-16
3532.65385508538  -3.410810E-16
3534.12460565568  1.063534E-16
3535.59535622598  4.464590E-16
3537.06610679627  1.039526E-16
3538.53685736657  -1.090598E-16
3540.00760793687  2.333802E-16
3541.47835850716  2.202914E-16
3542.94910907746  4.130508E-16
3544.41985964776  2.781029E-16
3545.89061021806  -2.737197E-16
3547.36136078835  -7.072431E-17
3548.83211135865  1.315948E-17
3550.30286192895  1.081671E-16
3551.77361249925  1.018383E-16
3553.24436306954  -3.278945E-16
3554.71511363984  3.752601E-16
3556.18586421014  3.604666E-16
3557.65661478043  3.793568E-16
3559.12736535073  3.895174E-16
3560.59811592103  2.676551E-16
3562.06886649133  1.770732E-17
3563.53961706162  3.689927E-16
3565.01036763192  8.065209E-17
3566.48111820222  4.608352E-16
3567.95186877252  1.819220E-16
3569.42261934281  5.234421E-16
3570.89336991311  4.208990E-16
3572.36412048341  3.740508E-16
3573.8348710537  4.286563E-16
3575.305621624  3.891655E-16
3576.7763721943  8.314105E-17
3578.2471227646  3.292239E-16
3579.71787333489  4.791318E-16
3581.18862390519  1.762007E-16
3582.65937447549  1.466629E-16
3584.13012504578  3.235021E-16
3585.60087561608  2.947581E-16
3587.07162618638  -5.036699E-17
3588.54237675668  2.558693E-16
3590.01312732697  2.148488E-16
3591.48387789727  1.367190E-16
3592.95462846757  2.506828E-16
3594.42537903787  9.909317E-17
3595.89612960816  1.684105E-17
3597.36688017846  8.401775E-17
3598.83763074876  4.579894E-17
3600.30838131905  1.356830E-16
3601.77913188935  7.897116E-17
3603.24988245965  2.008069E-16
3604.72063302995  1.656918E-16
3606.19138360024  7.396736E-17
3607.66213417054  -2.389698E-17
3609.13288474084  1.261469E-16
3610.60363531113  1.825354E-16
3612.07438588143  2.633883E-16
3613.54513645173  1.112129E-16
3615.01588702203  4.096144E-16
3616.48663759232  3.567946E-16
3617.95738816262  2.358336E-16
3619.42813873292  2.342589E-16
3620.89888930322  2.722819E-16
3622.36963987351  3.105054E-16
3623.84039044381  6.749001E-17
3625.31114101411  1.726594E-16
3626.7818915844  1.287276E-16
3628.2526421547  1.319374E-16
3629.723392725  1.641662E-16
3631.1941432953  2.006981E-16
3632.66489386559  2.758444E-16
3634.13564443589  3.855203E-16
3635.60639500619  4.689678E-16
3637.07714557649  1.895758E-17
3638.54789614678  2.159369E-16
3640.01864671708  2.623719E-16
3641.48939728738  1.841246E-16
3642.96014785767  2.250007E-16
3644.43089842797  1.183400E-16
3645.90164899827  2.976927E-16
3647.37239956857  2.761368E-16
3648.84315013886  -6.370062E-18
3650.31390070916  2.653053E-16
3651.78465127946  3.430044E-16
3653.25540184975  2.293383E-16
3654.72615242005  3.397392E-16
3656.19690299035  5.911938E-16
3657.66765356065  2.438553E-16
3659.13840413094  4.914766E-16
3660.60915470124  1.288631E-16
3662.07990527154  9.757348E-17
3663.55065584184  6.628388E-17
3665.02140641213  3.498908E-17
3666.49215698243  5.262460E-16
3667.96290755273  3.453026E-16
3669.43365812302  9.852511E-17
3670.90440869332  3.705917E-16
3672.37515926362  2.558655E-16
3673.84590983392  2.253829E-16
3675.31666040421  1.431867E-16
3676.78741097451  2.898047E-16
3678.25816154481  4.702771E-16
3679.7289121151  4.030407E-16
3681.1996626854  4.051230E-16
3682.6704132557  4.061435E-16
3684.141163826  2.663806E-16
3685.61191439629  2.558159E-16
3687.08266496659  2.932908E-16
3688.55341553689  3.067805E-16
3690.02416610719  3.415501E-16
3691.49491667748  2.238494E-16
3692.96566724778  2.146431E-16
3694.43641781808  3.365263E-16
3695.90716838837  3.302734E-16
3697.37791895867  4.191782E-16
3698.84866952897  4.129354E-16
3700.31942009927  2.856421E-16
3701.79017066956  2.740589E-16
3703.26092123986  2.921743E-16
3704.73167181016  4.096534E-16
3706.20242238046  4.524667E-16
3707.67317295075  4.853866E-16
3709.14392352105  2.943575E-16
3710.61467409135  4.127763E-16
3712.08542466164  3.847837E-16
3713.55617523194  3.621327E-16
3715.02692580224  2.726163E-16
3716.49767637254  3.042063E-16
3717.96842694283  2.712309E-16
3719.43917751313  2.828051E-16
3720.90992808343  4.440488E-16
3722.38067865373  5.008081E-16
3723.85142922402  4.418171E-16
3725.32217979432  3.962452E-16
3726.79293036462  3.827280E-16
3728.26368093491  3.922389E-16
3729.73443150521  4.819167E-16
3731.20518207551  3.792330E-16
3732.67593264581  4.028073E-16
3734.1466832161  4.294165E-16
3735.6174337864  2.767580E-16
3737.0881843567  3.733866E-16
3738.558934927  4.498370E-16
3740.02968549729  4.098473E-16
3741.50043606759  2.576908E-16
3742.97118663789  3.617898E-16
3744.44193720818  3.489061E-16
3745.91268777848  3.272453E-16
3747.38343834878  3.398516E-16
3748.85418891908  3.519974E-16
3750.32493948937  3.146509E-16
3751.79569005967  3.155442E-16
3753.26644062997  2.926446E-16
3754.73719120026  2.932948E-16
3756.20794177056  3.180309E-16
3757.67869234086  3.056994E-16
3759.14944291116  3.796487E-16
3760.62019348145  3.520793E-16
3762.09094405175  2.401919E-16
3763.56169462205  2.725968E-16
3765.03244519235  3.119234E-16
3766.50319576264  2.977246E-16
3767.97394633294  2.984461E-16
3769.44469690324  3.808430E-16
3770.91544747353  2.369263E-16
3772.38619804383  2.949904E-16
3773.85694861413  4.234759E-16
3775.32769918443  4.238734E-16
3776.79844975472  3.371314E-16
3778.26920032502  3.634530E-16
3779.73995089532  4.760068E-16
3781.21070146561  4.055586E-16
3782.68145203591  3.142199E-16
3784.15220260621  4.136021E-16
3785.62295317651  3.690371E-16
3787.0937037468  3.244882E-16
3788.5644543171  3.427182E-16
3790.0352048874  3.803379E-16
3791.5059554577  4.542445E-16
3792.97670602799  3.516817E-16
3794.44745659829  4.497218E-16
3795.91820716859  4.591816E-16
3797.38895773888  3.581992E-16
3798.85970830918  3.607635E-16
3800.33045887948  3.653771E-16
3801.80120944978  2.968937E-16
3803.27196002007  3.565850E-16
3804.74271059037  3.641421E-16
3806.21346116067  3.530030E-16
3807.68421173097  4.407164E-16
3809.15496230126  4.205064E-16
3810.62571287156  3.722432E-16
3812.09646344186  4.918389E-16
3813.56721401215  3.555682E-16
3815.03796458245  2.766277E-16
3816.50871515275  2.817864E-16
3817.97946572305  3.716648E-16
3819.45021629334  3.720048E-16
3820.92096686364  2.766781E-16
3822.39171743394  3.185197E-16
3823.86246800424  2.522732E-16
3825.33321857453  3.184537E-16
3826.80396914483  2.847203E-16
3828.27471971513  2.668114E-16
3829.74547028543  2.620801E-16
3831.21622085572  3.132771E-16
3832.68697142602  1.951976E-16
3834.15772199632  3.258378E-16
3835.62847256661  2.121078E-16
3837.09922313691  2.670954E-16
3838.56997370721  1.482735E-16
3840.04072427751  2.747261E-16
3841.5114748478  1.771683E-16
3842.9822254181  2.010047E-16
3844.4529759884  2.499431E-16
3845.92372655869  2.698121E-16
3847.39447712899  2.696259E-16
3848.86522769929  2.080200E-16
3850.33597826959  2.039175E-16
3851.80672883988  2.454294E-16
3853.27747941018  2.130619E-16
3854.74822998048  1.773628E-16
3856.21898055078  1.563164E-16
3857.68973112107  1.426268E-16
3859.16048169137  2.346847E-16
3860.63123226167  2.655676E-16
3862.10198283196  2.125853E-16
3863.57273340226  1.885712E-16
3865.04348397256  1.501863E-16
3866.51423454286  1.729879E-16
3867.98498511315  1.903801E-16
3869.45573568345  1.823453E-16
3870.92648625375  1.856808E-16
3872.39723682404  1.387563E-16
3873.86798739434  1.850533E-16
3875.33873796464  2.071325E-16
3876.80948853494  1.925208E-16
3878.28023910523  1.879676E-16
3879.75098967553  1.970604E-16
3881.22174024583  2.157495E-16
3882.69249081613  2.190416E-16
3884.16324138642  2.396266E-16
3885.63399195672  2.246812E-16
3887.10474252702  1.482376E-16
3888.57549309731  1.838993E-16
3890.04624366761  1.473386E-16
3891.51699423791  1.722388E-16
3892.98774480821  1.663623E-16
3894.4584953785  2.149462E-16
3895.9292459488  1.613816E-16
3897.3999965191  8.342338E-17
3898.87074708939  2.118147E-16
3900.34149765969  1.835255E-16
3901.81224822999  1.984972E-16
3903.28299880029  2.305917E-16
3904.75374937058  1.100025E-16
3906.22449994088  1.631080E-16
3907.69525051118  1.786427E-16
3909.16600108148  9.392520E-17
3910.63675165177  1.669146E-16
3912.10750222207  2.399040E-16
3913.57825279237  1.576696E-16
3915.04900336266  1.715736E-16
3916.51975393296  2.207652E-16
3917.99050450326  1.717984E-16
3919.46125507356  2.102203E-16
3920.93200564385  1.644989E-16
3922.40275621415  2.081156E-16
3923.87350678445  1.231381E-16
3925.34425735475  1.350470E-16
3926.81500792504  2.120641E-16
3928.28575849534  1.894177E-16
3929.75650906564  1.737007E-16
3931.22725963593  1.326600E-16
3932.69801020623  1.448284E-16
3934.16876077653  1.697549E-16
3935.63951134683  1.559559E-16
3937.11026191712  1.629391E-16
3938.58101248742  1.709875E-16
3940.05176305772  1.767596E-16
3941.52251362801  2.087085E-16
3942.99326419831  1.989258E-16
3944.46401476861  1.873311E-16
3945.93476533891  1.864853E-16
3947.4055159092  1.821293E-16
3948.8762664795  1.336800E-16
3950.3470170498  2.268411E-16
3951.8177676201  1.954123E-16
3953.28851819039  2.890522E-16
3954.75926876069  2.116165E-16
3956.23001933099  2.115300E-16
3957.70076990128  1.936938E-16
3959.17152047158  1.976559E-16
3960.64227104188  1.860936E-16
3962.11302161218  2.077187E-16
3963.58377218247  2.741777E-16
3965.05452275277  2.061475E-16
3966.52527332307  1.702525E-16
3967.99602389337  2.243739E-16
3969.46677446366  2.787758E-16
3970.93752503396  3.046521E-16
3972.40827560426  2.704471E-16
3973.87902617455  2.492652E-16
3975.34977674485  2.874282E-16
3976.82052731515  2.756745E-16
3978.29127788545  2.361333E-16
3979.76202845574  3.393437E-16
3981.23277902604  2.636088E-16
3982.70352959634  1.970885E-16
3984.17428016664  2.823285E-16
3985.64503073693  3.168721E-16
3987.11578130723  2.476505E-16
3988.58653187753  2.951870E-16
3990.05728244782  3.724187E-16
3991.52803301812  3.413790E-16
3992.99878358842  2.883511E-16
3994.46953415872  3.068630E-16
3995.94028472901  3.284663E-16
3997.41103529931  3.349669E-16
3998.88178586961  4.119060E-16
4000.3525364399  3.678840E-16
4001.8232870102  3.786603E-16
4003.2940375805  4.030888E-16
4004.7647881508  3.679085E-16
4006.23553872109  4.185181E-16
4007.70628929139  3.562095E-16
4009.17703986169  3.853349E-16
4010.64779043199  4.429853E-16
4012.11854100228  4.044601E-16
4013.58929157258  4.667903E-16
4015.06004214288  4.103191E-16
4016.53079271317  4.161312E-16
4018.00154328347  4.559175E-16
4019.47229385377  4.584222E-16
4020.94304442407  5.125709E-16
4022.41379499436  4.521960E-16
4023.88454556466  4.539117E-16
4025.35529613496  5.057329E-16
4026.82604670525  4.595225E-16
4028.29679727555  5.437400E-16
4029.76754784585  5.837510E-16
4031.23829841615  5.510889E-16
4032.70904898644  5.360735E-16
4034.17979955674  5.202752E-16
4035.65055012704  5.503716E-16
4037.12130069734  5.777305E-16
4038.59205126763  5.514253E-16
4040.06280183793  6.554277E-16
4041.53355240823  5.972501E-16
4043.00430297852  5.157331E-16
4044.47505354882  6.465076E-16
4045.94580411912  5.946259E-16
4047.41655468942  6.016620E-16
4048.88730525971  5.676703E-16
4050.35805583001  5.894156E-16
4051.82880640031  6.008949E-16
4053.29955697061  6.962527E-16
4054.7703075409  5.571786E-16
4056.2410581112  6.520862E-16
4057.7118086815  6.099005E-16
4059.18255925179  6.243587E-16
4060.65330982209  6.475662E-16
4062.12406039239  5.910860E-16
4063.59481096269  6.141587E-16
4065.06556153298  5.426599E-16
4066.53631210328  6.695937E-16
4068.00706267358  6.487216E-16
4069.47781324387  6.902260E-16
4070.94856381417  6.807997E-16
4072.41931438447  7.401956E-16
4073.89006495477  6.208093E-16
4075.36081552506  6.287529E-16
4076.83156609536  6.342791E-16
4078.30231666566  6.304077E-16
4079.77306723596  6.239746E-16
4081.24381780625  6.280116E-16
4082.71456837655  7.042265E-16
4084.18531894685  6.573543E-16
4085.65606951714  6.248877E-16
4087.12682008744  6.769068E-16
4088.59757065774  6.539226E-16
4090.06832122804  6.767192E-16
4091.53907179833  6.103076E-16
4093.00982236863  5.980945E-16
4094.48057293893  5.766111E-16
4095.95132350922  6.049642E-16
4097.42207407952  6.292824E-16
4098.89282464982  6.851267E-16
4100.36357522012  6.761674E-16
4101.83432579041  5.935852E-16
4103.30507636071  6.477689E-16
4104.77582693101  6.936584E-16
4106.24657750131  6.541072E-16
4107.7173280716  5.751811E-16
4109.1880786419  5.787336E-16
4110.6588292122  6.233768E-16
4112.1295797825  5.553424E-16
4113.60033035279  5.017795E-16
4115.07108092309  5.441496E-16
4116.54183149339  5.426258E-16
4118.01258206368  4.915933E-16
4119.48333263398  4.864484E-16
4120.95408320428  5.691450E-16
4122.42483377457  5.596752E-16
4123.89558434487  4.590096E-16
4125.36633491517  4.856133E-16
4126.83708548547  4.908414E-16
4128.30783605576  4.691814E-16
4129.77858662606  5.124757E-16
4131.24933719636  5.067361E-16
4132.72008776666  4.943433E-16
4134.19083833695  5.149526E-16
4135.66158890725  4.509263E-16
4137.13233947755  4.051811E-16
4138.60309004785  4.441861E-16
4140.07384061814  5.025321E-16
4141.54459118844  4.639933E-16
4143.01534175874  4.813254E-16
4144.48609232903  4.963629E-16
4145.95684289933  4.181612E-16
4147.42759346963  4.507102E-16
4148.89834403993  4.283686E-16
4150.36909461022  4.199575E-16
4151.83984518052  4.290156E-16
4153.31059575082  4.097958E-16
4154.78134632112  3.669278E-16
4156.25209689141  4.435279E-16
4157.72284746171  4.730576E-16
4159.19359803201  4.294867E-16
4160.6643486023  4.586080E-16
4162.1350991726  3.958418E-16
4163.6058497429  3.974807E-16
4165.0766003132  4.034707E-16
4166.54735088349  4.449833E-16
4168.01810145379  3.780709E-16
4169.48885202409  3.989563E-16
4170.95960259439  4.525233E-16
4172.43035316468  4.323524E-16
4173.90110373498  3.873440E-16
4175.37185430528  4.496150E-16
4176.84260487557  4.815185E-16
4178.31335544587  4.629208E-16
4179.78410601617  4.171608E-16
4181.25485658647  4.765951E-16
4182.72560715676  4.871586E-16
4184.19635772706  3.637416E-16
4185.66710829736  4.592174E-16
4187.13785886765  5.006326E-16
4188.60860943795  5.083208E-16
4190.07936000825  5.213256E-16
4191.55011057855  4.658826E-16
4193.02086114884  5.097553E-16
4194.49161171914  4.908199E-16
4195.96236228944  6.100082E-16
4197.43311285974  5.356248E-16
4198.90386343003  4.671929E-16
4200.37461400033  5.190061E-16
4201.84536457063  5.136450E-16
4203.31611514092  4.830951E-16
4204.78686571122  4.711825E-16
4206.25761628152  5.447192E-16
4207.72836685182  5.546307E-16
4209.19911742211  5.339839E-16
4210.66986799241  5.188456E-16
4212.14061856271  5.190792E-16
4213.611369133  5.120060E-16
4215.0821197033  4.483263E-16
4216.5528702736  5.550882E-16
4218.0236208439  5.388832E-16
4219.49437141419  5.463289E-16
4220.96512198449  5.950398E-16
4222.43587255479  5.307080E-16
4223.90662312509  4.904780E-16
4225.37737369538  4.903878E-16
4226.84812426568  5.664591E-16
4228.31887483598  5.200330E-16
4229.78962540627  4.976457E-16
4231.26037597657  5.393251E-16
4232.73112654687  5.472153E-16
4234.20187711717  5.592049E-16
4235.67262768746  5.818136E-16
4237.14337825776  5.486717E-16
4238.61412882806  5.815297E-16
4240.08487939835  5.914715E-16
4241.55562996865  6.010314E-16
4243.02638053895  5.725053E-16
4244.49713110925  6.182168E-16
4245.96788167954  5.741134E-16
4247.43863224984  5.734232E-16
4248.90938282014  5.879836E-16
4250.38013339044  5.659813E-16
4251.85088396073  5.921693E-16
4253.32163453103  5.758598E-16
4254.79238510133  5.836934E-16
4256.26313567162  5.776044E-16
4257.73388624192  6.069298E-16
4259.20463681222  5.667463E-16
4260.67538738252  6.708174E-16
4262.14613795281  5.531569E-16
4263.61688852311  5.810011E-16
4265.08763909341  6.031962E-16
4266.55838966371  5.529623E-16
4268.029140234  5.286918E-16
4269.4998908043  5.761492E-16
4270.9706413746  5.713955E-16
4272.44139194489  6.059046E-16
4273.91214251519  5.510200E-16
4275.38289308549  5.649234E-16
4276.85364365579  5.588954E-16
4278.32439422608  5.638201E-16
4279.79514479638  6.059544E-16
4281.26589536668  6.147052E-16
4282.73664593698  5.417731E-16
4284.20739650727  5.837969E-16
4285.67814707757  5.969557E-16
4287.14889764787  6.044557E-16
4288.61964821816  5.775674E-16
4290.09039878846  5.398205E-16
4291.56114935876  5.667424E-16
4293.03189992906  5.325972E-16
4294.50265049935  5.573091E-16
4295.97340106965  5.546118E-16
4297.44415163995  6.188941E-16
4298.91490221024  6.350520E-16
4300.38565278054  5.988645E-16
4301.85640335084  5.679400E-16
4303.32715392114  6.021656E-16
4304.79790449143  5.566262E-16
4306.26865506173  5.153800E-16
4307.73940563203  5.682770E-16
4309.21015620232  5.747557E-16
4310.68090677262  6.062291E-16
4312.15165734292  5.690224E-16
4313.62240791322  5.834595E-16
4315.09315848351  5.332042E-16
4316.56390905381  4.751391E-16
4318.03465962411  5.360933E-16
4319.50541019441  5.638846E-16
4320.9761607647  5.560717E-16
4322.446911335  5.309072E-16
4323.9176619053  5.911437E-16
4325.3884124756  5.964969E-16
4326.85916304589  5.572207E-16
4328.32991361619  6.241499E-16
4329.80066418649  5.961803E-16
4331.27141475678  5.227932E-16
4332.74216532708  5.477901E-16
4334.21291589738  5.603782E-16
4335.68366646768  5.280589E-16
4337.15441703797  5.639951E-16
4338.62516760827  5.452356E-16
4340.09591817857  5.193785E-16
4341.56666874886  5.294599E-16
4343.03741931916  5.942937E-16
4344.50816988946  5.674440E-16
4345.97892045976  5.322851E-16
4347.44967103005  5.643624E-16
4348.92042160035  5.198344E-16
4350.39117217065  5.971207E-16
4351.86192274095  5.365046E-16
4353.33267331124  5.679598E-16
4354.80342388154  5.377810E-16
4356.27417445184  5.286260E-16
4357.74492502213  5.723352E-16
4359.21567559243  5.864536E-16
4360.68642616273  5.964186E-16
4362.15717673303  5.312717E-16
4363.62792730332  5.573620E-16
4365.09867787362  5.833092E-16
4366.56942844392  5.422734E-16
4368.04017901422  5.415536E-16
4369.51092958451  5.056574E-16
4370.98168015481  5.970150E-16
4372.45243072511  4.863189E-16
4373.9231812954  5.657879E-16
4375.3939318657  5.536646E-16
4376.864682436  5.258397E-16
4378.3354330063  5.207222E-16
4379.80618357659  5.058433E-16
4381.27693414689  5.102872E-16
4382.74768471719  5.277873E-16
4384.21843528748  5.151084E-16
4385.68918585778  5.412455E-16
4387.15993642808  5.442497E-16
4388.63068699838  5.057553E-16
4390.10143756867  5.276601E-16
4391.57218813897  5.103490E-16
4393.04293870927  4.858034E-16
4394.51368927957  5.493610E-16
4395.98443984986  5.177225E-16
4397.45519042016  4.952070E-16
4398.92594099046  5.226547E-16
4400.39669156075  4.691682E-16
4401.86744213105  4.596593E-16
4403.33819270135  5.084822E-16
4404.80894327165  4.942260E-16
4406.27969384194  5.279059E-16
4407.75044441224  4.910031E-16
4409.22119498254  4.626177E-16
4410.69194555283  4.655819E-16
4412.16269612313  4.905902E-16
4413.63344669343  5.098774E-16
4415.10419726373  4.670585E-16
4416.57494783402  5.155872E-16
4418.04569840432  4.447623E-16
4419.51644897462  4.657061E-16
4420.98719954492  4.236694E-16
4422.45795011521  4.301512E-16
4423.92870068551  4.443673E-16
4425.39945125581  4.183353E-16
4426.8702018261  4.773725E-16
4428.3409523964  4.546970E-16
4429.8117029667  4.300768E-16
4431.282453537  3.905652E-16
4432.75320410729  4.232426E-16
4434.22395467759  4.267208E-16
4435.69470524789  4.402660E-16
4437.16545581818  4.128711E-16
4438.63620638848  4.373512E-16
4440.10695695878  3.899307E-16
4441.57770752908  3.318179E-16
4443.04845809937  3.471697E-16
4444.51920866967  3.618364E-16
4445.98995923997  3.414636E-16
4447.46070981027  3.392000E-16
4448.93146038056  3.428040E-16
4450.40221095086  3.933799E-16
4451.87296152116  3.630328E-16
4453.34371209145  3.282576E-16
4454.81446266175  3.865662E-16
4456.28521323205  3.473109E-16
4457.75596380235  3.429069E-16
4459.22671437264  3.081348E-16
4460.69746494294  3.560222E-16
4462.16821551324  3.798920E-16
4463.63896608353  3.285658E-16
4465.10971665383  3.114974E-16
4466.58046722413  3.549437E-16
4468.05121779443  3.488817E-16
4469.52196836473  3.117591E-16
4470.99271893502  3.045535E-16
4472.46346950532  3.404398E-16
4473.93422007562  3.065085E-16
4475.40497064591  3.181188E-16
4476.87572121621  2.617828E-16
4478.34647178651  2.542609E-16
4479.81722235681  2.892078E-16
4481.2879729271  2.742568E-16
4482.7587234974  2.847208E-16
4484.2294740677  3.236914E-16
4485.70022463799  3.023907E-16
4487.17097520829  3.186385E-16
4488.64172577859  3.612501E-16
4490.11247634888  3.163219E-16
4491.58322691918  3.299571E-16
4493.05397748948  2.789346E-16
4494.52472805978  3.015390E-16
4495.99547863008  3.005454E-16
4497.46622920037  2.652652E-16
4498.93697977067  2.876079E-16
4500.40773034097  2.979857E-16
4501.87848091126  2.953098E-16
4503.34923148156  3.497828E-16
4504.81998205186  3.408525E-16
4506.29073262216  2.847434E-16
4507.76148319245  3.522192E-16
4509.23223376275  3.503068E-16
4510.70298433305  3.250004E-16
4512.17373490334  3.041577E-16
4513.64448547364  2.763392E-16
4515.11523604394  3.459279E-16
4516.58598661424  3.312787E-16
4518.05673718453  2.980165E-16
4519.52748775483  3.224520E-16
4520.99823832513  3.680106E-16
4522.46898889543  3.675614E-16
4523.93973946572  3.137976E-16
4525.41049003602  3.579919E-16
4526.88124060632  3.836166E-16
4528.35199117661  3.574690E-16
4529.82274174691  3.034367E-16
4531.29349231721  3.192897E-16
4532.76424288751  3.600607E-16
4534.2349934578  3.475770E-16
4535.7057440281  3.487537E-16
4537.1764945984  3.332825E-16
4538.6472451687  3.046499E-16
4540.11799573899  2.885602E-16
4541.58874630929  2.749871E-16
4543.05949687959  3.039821E-16
4544.53024744988  3.181841E-16
4546.00099802018  3.242128E-16
4547.47174859048  3.353929E-16
4548.94249916078  3.228269E-16
4550.41324973107  3.114528E-16
4551.88400030137  3.149450E-16
4553.35475087167  3.155043E-16
4554.82550144196  3.040338E-16
4556.29625201226  2.937961E-16
4557.76700258256  3.100089E-16
4559.23775315286  3.139913E-16
4560.70850372315  3.100571E-16
4562.17925429345  3.347150E-16
4563.65000486375  3.135641E-16
4565.12075543405  3.288820E-16
4566.59150600434  3.356233E-16
4568.06225657464  3.334888E-16
4569.53300714494  3.173558E-16
4571.00375771523  3.135875E-16
4572.47450828553  3.394804E-16
4573.94525885583  3.094719E-16
4575.41600942613  3.402922E-16
4576.88675999642  3.739237E-16
4578.35751056672  3.372944E-16
4579.82826113702  3.269834E-16
4581.29901170732  3.593535E-16
4582.76976227761  3.214850E-16
4584.24051284791  3.427673E-16
4585.71126341821  3.754312E-16
4587.1820139885  3.924606E-16
4588.6527645588  3.943706E-16
4590.1235151291  3.818379E-16
4591.5942656994  3.742723E-16
4593.06501626969  3.940602E-16
4594.53576683999  3.604797E-16
4596.00651741029  3.919010E-16
4597.47726798059  3.719532E-16
4598.94801855088  3.691766E-16
4600.41876912118  3.870385E-16
4601.88951969148  3.771202E-16
4603.36027026177  3.636270E-16
4604.83102083207  3.854093E-16
4606.30177140237  3.952216E-16
4607.77252197267  4.112856E-16
4609.24327254296  4.029046E-16
4610.71402311326  3.888295E-16
4612.18477368356  4.006145E-16
4613.65552425385  3.797945E-16
4615.12627482415  4.035254E-16
4616.59702539445  4.029640E-16
4618.06777596475  4.177196E-16
4619.53852653504  4.400779E-16
4621.00927710534  4.353583E-16
4622.48002767564  4.216960E-16
4623.95077824593  3.994401E-16
4625.42152881623  4.247449E-16
4626.89227938653  4.902576E-16
4628.36302995683  4.738348E-16
4629.83378052712  4.417075E-16
4631.30453109742  4.640610E-16
4632.77528166772  4.553044E-16
4634.24603223802  4.416730E-16
4635.71678280831  4.407384E-16
4637.18753337861  4.411065E-16
4638.65828394891  4.459930E-16
4640.1290345192  4.735602E-16
4641.5997850895  4.990017E-16
4643.0705356598  4.699414E-16
4644.5412862301  5.004255E-16
4646.01203680039  4.832439E-16
4647.48278737069  4.803460E-16
4648.95353794099  5.187736E-16
4650.42428851129  5.300864E-16
4651.89503908158  5.461577E-16
4653.36578965188  5.180157E-16
4654.83654022218  5.124843E-16
4656.30729079247  5.344352E-16
4657.77804136277  5.478412E-16
4659.24879193307  5.443769E-16
4660.71954250337  5.400082E-16
4662.19029307366  5.503596E-16
4663.66104364396  6.189597E-16
4665.13179421426  5.574626E-16
4666.60254478455  5.527827E-16
4668.07329535485  5.354807E-16
4669.54404592515  5.999003E-16
4671.01479649545  5.871709E-16
4672.48554706574  5.988081E-16
4673.95629763604  5.839519E-16
4675.42704820634  5.454617E-16
4676.89779877663  5.966803E-16
4678.36854934693  6.108959E-16
4679.83929991723  5.808810E-16
4681.31005048753  5.702857E-16
4682.78080105783  5.799242E-16
4684.25155162812  6.332457E-16
4685.72230219842  5.890437E-16
4687.19305276872  6.175503E-16
4688.66380333901  6.124588E-16
4690.13455390931  5.836382E-16
4691.60530447961  5.631924E-16
4693.07605504991  5.800114E-16
4694.5468056202  6.301698E-16
4696.0175561905  6.037441E-16
4697.4883067608  6.040262E-16
4698.95905733109  6.137519E-16
4700.42980790139  5.918315E-16
4701.90055847169  6.602027E-16
4703.37130904199  5.971498E-16
4704.84205961228  5.994946E-16
4706.31281018258  6.363613E-16
4707.78356075288  5.952702E-16
4709.25431132318  6.154104E-16
4710.72506189347  6.516403E-16
4712.19581246377  6.567007E-16
4713.66656303407  6.559022E-16
4715.13731360436  6.156868E-16
4716.60806417466  6.458871E-16
4718.07881474496  6.099144E-16
4719.54956531526  6.411316E-16
4721.02031588555  6.220444E-16
4722.49106645585  6.367801E-16
4723.96181702615  6.183240E-16
4725.43256759644  6.268917E-16
4726.90331816674  6.403946E-16
4728.37406873704  6.396218E-16
4729.84481930734  6.253849E-16
4731.31556987763  6.472935E-16
4732.78632044793  5.836947E-16
4734.25707101823  6.173106E-16
4735.72782158853  6.379692E-16
4737.19857215882  6.298306E-16
4738.66932272912  6.079912E-16
4740.14007329942  6.364430E-16
4741.61082386971  5.589658E-16
4743.08157444001  6.208618E-16
4744.55232501031  6.354855E-16
4746.02307558061  5.907340E-16
4747.4938261509  6.434330E-16
4748.9645767212  6.099357E-16
4750.4353272915  6.696428E-16
4751.90607786179  5.784158E-16
4753.37682843209  5.905625E-16
4754.84757900239  5.935443E-16
4756.31832957269  6.041092E-16
4757.78908014298  6.272555E-16
4759.25983071328  5.636370E-16
4760.73058128358  5.811266E-16
4762.20133185388  5.649486E-16
4763.67208242417  5.944416E-16
4765.14283299447  6.090738E-16
4766.61358356477  6.007495E-16
4768.08433413506  6.616326E-16
4769.55508470536  6.311720E-16
4771.02583527566  5.980675E-16
4772.49658584596  6.047081E-16
4773.96733641625  6.160349E-16
4775.43808698655  6.715673E-16
4776.90883755685  6.621851E-16
4778.37958812714  6.199210E-16
4779.85033869744  6.316196E-16
4781.32108926774  5.972830E-16
4782.79183983804  5.971030E-16
4784.26259040833  6.060403E-16
4785.73334097863  5.712856E-16
4787.20409154893  5.701492E-16
4788.67484211923  6.215920E-16
4790.14559268952  6.347377E-16
4791.61634325982  6.127710E-16
4793.08709383012  5.665620E-16
4794.55784440041  6.248457E-16
4796.02859497071  6.041329E-16
4797.49934554101  6.233160E-16
4798.97009611131  6.452773E-16
4800.4408466816  6.287543E-16
4801.9115972519  5.692459E-16
4803.3823478222  5.546863E-16
4804.85309839249  6.359512E-16
4806.32384896279  5.403264E-16
4807.79459953309  5.936896E-16
4809.26535010339  5.696420E-16
4810.73610067369  5.704901E-16
4812.20685124398  5.942862E-16
4813.67760181428  6.137703E-16
4815.14835238458  5.730734E-16
4816.61910295487  5.846344E-16
4818.08985352517  5.223445E-16
4819.56060409547  5.501527E-16
4821.03135466576  5.054609E-16
4822.50210523606  5.750626E-16
4823.97285580636  5.662666E-16
4825.44360637666  5.616180E-16
4826.91435694695  5.104236E-16
4828.38510751725  5.176561E-16
4829.85585808755  5.179983E-16
4831.32660865785  5.194958E-16
4832.79735922814  5.209933E-16
4834.26810979844  5.224909E-16
4835.73886036874  5.239885E-16
4837.20961093904  5.254860E-16
4838.68036150933  5.269836E-16
4840.15111207963  5.284811E-16
4841.62186264993  5.299791E-16
4843.09261322022  5.034682E-16
4844.56336379052  4.917653E-16
4846.03411436082  4.605775E-16
4847.50486493112  4.689880E-16
4848.97561550141  4.938794E-16
4850.44636607171  4.647348E-16
4851.91711664201  4.795200E-16
4853.3878672123  4.615005E-16
4854.8586177826  4.512430E-16
4856.3293683529  4.882246E-16
4857.8001189232  4.584154E-16
4859.27086949349  4.369208E-16
4860.74162006379  4.634030E-16
4862.21237063409  3.870997E-16
4863.68312120439  4.023779E-16
4865.15387177468  4.369884E-16
4866.62462234498  4.657951E-16
4868.09537291528  4.145396E-16
4869.56612348557  4.328453E-16
4871.03687405587  4.323597E-16
4872.50762462617  4.314312E-16
4873.97837519647  4.115782E-16
4875.44912576676  4.546780E-16
4876.91987633706  4.406062E-16
4878.39062690736  4.104785E-16
4879.86137747765  3.974422E-16
4881.33212804795  4.026885E-16
4882.80287861825  4.493614E-16
4884.27362918855  4.353344E-16
4885.74437975884  4.594557E-16
4887.21513032914  4.042521E-16
4888.68588089944  4.444335E-16
4890.15663146974  4.038306E-16
4891.62738204003  3.853422E-16
4893.09813261033  4.089364E-16
4894.56888318063  4.051374E-16
4896.03963375092  3.707207E-16
4897.51038432122  3.707967E-16
4898.98113489152  3.942163E-16
4900.45188546182  3.807989E-16
4901.92263603211  3.389178E-16
4903.39338660241  3.921410E-16
4904.86413717271  3.495204E-16
4906.33488774301  3.713245E-16
4907.8056383133  3.482823E-16
4909.2763888836  3.764534E-16
4910.7471394539  3.906894E-16
4912.21789002419  3.801525E-16
4913.68864059449  2.983256E-16
4915.15939116479  3.578820E-16
4916.63014173509  3.700050E-16
4918.10089230538  3.273828E-16
4919.57164287568  3.475676E-16
4921.04239344598  3.612734E-16
4922.51314401628  3.108556E-16
4923.98389458657  3.373685E-16
4925.45464515687  3.355548E-16
4926.92539572717  3.249095E-16
4928.39614629746  3.376392E-16
4929.86689686776  3.173128E-16
4931.33764743806  3.216344E-16
4932.80839800836  3.183928E-16
4934.27914857865  3.224394E-16
4935.74989914895  3.606637E-16
4937.22064971925  3.135776E-16
4938.69140028954  2.913308E-16
4940.16215085984  2.925135E-16
4941.63290143014  3.024133E-16
4943.10365200044  3.242898E-16
4944.57440257073  3.103480E-16
4946.04515314103  3.709722E-16
4947.51590371133  3.496593E-16
4948.98665428163  3.360675E-16
4950.45740485192  3.456151E-16
4951.92815542222  3.285127E-16
4953.39890599252  3.026928E-16
4954.86965656281  3.104253E-16
4956.34040713311  3.726506E-16
4957.81115770341  3.178954E-16
4959.28190827371  3.558584E-16
4960.752658844  3.157975E-16
4962.2234094143  3.173150E-16
4963.6941599846  3.255794E-16
4965.1649105549  3.592165E-16
4966.63566112519  3.293272E-16
4968.10641169549  3.171574E-16
4969.57716226579  3.228223E-16
4971.04791283608  3.422117E-16
4972.51866340638  3.680577E-16
4973.98941397668  3.885880E-16
4975.46016454698  3.412513E-16
4976.93091511727  3.503265E-16
4978.40166568757  3.743820E-16
4979.87241625787  3.846074E-16
4981.34316682816  3.570802E-16
4982.81391739846  3.404017E-16
4984.28466796876  3.303958E-16
4985.75541853906  3.453937E-16
4987.22616910935  3.522008E-16
4988.69691967965  3.728633E-16
4990.16767024995  2.883556E-16
4991.63842082024  3.282710E-16
4993.10917139054  3.286056E-16
4994.57992196084  3.075596E-16
4996.05067253114  3.050255E-16
4997.52142310143  2.993552E-16
4998.99217367173  3.420746E-16
5000.46292424203  3.191929E-16
5001.93367481233  3.253831E-16
5003.40442538262  3.080173E-16
5004.87517595292  2.971927E-16
5006.34592652322  2.612380E-16
5007.81667709352  2.780738E-16
5009.28742766381  3.211659E-16
5010.75817823411  3.044114E-16
5012.22892880441  2.990274E-16
5013.6996793747  3.056407E-16
5015.170429945  2.925279E-16
5016.6411805153  2.841884E-16
5018.1119310856  2.537375E-16
5019.58268165589  2.771836E-16
5021.05343222619  2.755140E-16
5022.52418279649  2.600386E-16
5023.99493336679  2.841259E-16
5025.46568393708  2.617003E-16
5026.93643450738  2.895580E-16
5028.40718507768  2.777155E-16
5029.87793564797  2.497459E-16
5031.34868621827  2.756033E-16
5032.81943678857  2.826385E-16
5034.29018735887  2.595327E-16
5035.76093792916  2.469845E-16
5037.23168849946  2.583766E-16
5038.70243906976  2.325689E-16
5040.17318964005  2.406219E-16
5041.64394021035  2.428576E-16
5043.11469078065  2.492848E-16
5044.58544135095  2.250319E-16
5046.05619192124  2.416372E-16
5047.52694249154  2.535205E-16
5048.99769306184  2.527038E-16
5050.46844363214  2.407999E-16
5051.93919420243  2.484431E-16
5053.40994477273  2.593876E-16
5054.88069534303  2.594739E-16
5056.35144591332  2.544769E-16
5057.82219648362  2.772182E-16
5059.29294705392  2.761993E-16
5060.76369762422  2.716188E-16
5062.23444819451  2.758574E-16
5063.70519876481  2.520179E-16
5065.17594933511  3.204838E-16
5066.6466999054  2.770377E-16
5068.1174504757  2.598968E-16
5069.588201046  2.735182E-16
5071.0589516163  2.788314E-16
5072.52970218659  2.868063E-16
5074.00045275689  2.862585E-16
5075.47120332719  2.883103E-16
5076.94195389749  2.394701E-16
5078.41270446778  2.485263E-16
5079.88345503808  2.716304E-16
5081.35420560838  3.040268E-16
5082.82495617867  2.799146E-16
5084.29570674897  3.013017E-16
5085.76645731927  3.187696E-16
5087.23720788957  3.280573E-16
5088.70795845986  3.342213E-16
5090.17870903016  3.066767E-16
5091.64945960046  3.461813E-16
5093.12021017075  3.691450E-16
5094.59096074105  3.383010E-16
5096.06171131135  3.377265E-16
5097.53246188165  3.596625E-16
5099.00321245194  3.605930E-16
5100.47396302224  3.492366E-16
5101.94471359254  3.368714E-16
5103.41546416284  3.381890E-16
5104.88621473313  3.681756E-16
5106.35696530343  3.486367E-16
5107.82771587373  3.671026E-16
5109.29846644402  3.398108E-16
5110.76921701432  3.593221E-16
5112.23996758462  3.678815E-16
5113.71071815492  3.729070E-16
5115.18146872521  3.319532E-16
5116.65221929551  3.671652E-16
5118.12296986581  3.744998E-16
5119.59372043611  3.550397E-16
5121.0644710064  3.696159E-16
5122.5352215767  3.698178E-16
5124.005972147  3.665396E-16
5125.47672271729  3.412020E-16
5126.94747328759  3.474348E-16
5128.41822385789  3.753269E-16
5129.88897442819  3.474476E-16
5131.35972499848  3.415552E-16
5132.83047556878  3.333005E-16
5134.30122613908  3.263762E-16
5135.77197670938  3.689812E-16
5137.24272727967  3.448771E-16
5138.71347784997  3.241218E-16
5140.18422842027  3.516293E-16
5141.65497899056  3.470872E-16
5143.12572956086  3.695461E-16
5144.59648013116  3.358621E-16
5146.06723070146  3.423697E-16
5147.53798127175  3.468555E-16
5149.00873184205  3.091087E-16
5150.47948241235  3.038450E-16
5151.95023298264  3.168495E-16
5153.42098355294  2.970767E-16
5154.89173412324  2.820282E-16
5156.36248469354  2.664185E-16
5157.83323526383  2.837521E-16
5159.30398583413  3.154594E-16
5160.77473640443  3.050676E-16
5162.24548697473  3.113428E-16
5163.71623754502  2.734233E-16
5165.18698811532  2.679582E-16
5166.65773868562  2.982691E-16
5168.12848925591  2.739795E-16
5169.59923982621  2.805874E-16
5171.06999039651  2.865039E-16
5172.54074096681  2.832972E-16
5174.01149153711  2.914943E-16
5175.4822421074  2.627888E-16
5176.9529926777  2.585308E-16
5178.423743248  2.765717E-16
5179.89449381829  2.850887E-16
5181.36524438859  2.768460E-16
5182.83599495889  2.813735E-16
5184.30674552919  3.121287E-16
5185.77749609948  2.744748E-16
5187.24824666978  2.672155E-16
5188.71899724008  2.787274E-16
5190.18974781038  2.884929E-16
5191.66049838067  3.081708E-16
5193.13124895097  2.732092E-16
5194.60199952127  2.936796E-16
5196.07275009156  2.952953E-16
5197.54350066186  2.751709E-16
5199.01425123216  2.446220E-16
5200.48500180246  2.274251E-16
5201.95575237275  2.757863E-16
5203.42650294305  2.862256E-16
5204.89725351335  2.976439E-16
5206.36800408364  2.932189E-16
5207.83875465394  2.724214E-16
5209.30950522424  2.944797E-16
5210.78025579454  2.895542E-16
5212.25100636483  3.082333E-16
5213.72175693513  2.994028E-16
5215.19250750543  2.924990E-16
5216.66325807573  2.998010E-16
5218.13400864602  2.913531E-16
5219.60475921632  2.845522E-16
5221.07550978662  2.852544E-16
5222.54626035691  3.203603E-16
5224.01701092721  3.346805E-16
5225.48776149751  3.289589E-16
5226.95851206781  3.060476E-16
5228.4292626381  3.091960E-16
5229.9000132084  2.818297E-16
5231.3707637787  2.754154E-16
5232.84151434899  3.273456E-16
5234.31226491929  3.362330E-16
5235.78301548959  3.217486E-16
5237.25376605989  3.247691E-16
5238.72451663018  3.327863E-16
5240.19526720048  3.122555E-16
5241.66601777078  3.139820E-16
5243.13676834108  2.899928E-16
5244.60751891137  3.311507E-16
5246.07826948167  3.606070E-16
5247.54902005197  3.438978E-16
5249.01977062226  3.387929E-16
5250.49052119256  3.175872E-16
5251.96127176286  3.587640E-16
5253.43202233316  3.311725E-16
5254.90277290345  3.353725E-16
5256.37352347375  3.309197E-16
5257.84427404405  3.381943E-16
5259.31502461434  3.378147E-16
5260.78577518464  3.606307E-16
5262.25652575494  3.543970E-16
5263.72727632524  3.271896E-16
5265.19802689553  3.245104E-16
5266.66877746583  3.488154E-16
5268.13952803613  3.238279E-16
5269.61027860643  3.241204E-16
5271.08102917672  3.240682E-16
5272.55177974702  3.680597E-16
5274.02253031732  3.913846E-16
5275.49328088761  3.502097E-16
5276.96403145791  3.527110E-16
5278.43478202821  3.681430E-16
5279.90553259851  3.660001E-16
5281.3762831688  3.419411E-16
5282.8470337391  3.433426E-16
5284.3177843094  3.600579E-16
5285.78853487969  3.318371E-16
5287.25928544999  3.394659E-16
5288.73003602029  3.699065E-16
5290.20078659059  3.457522E-16
5291.67153716088  3.577465E-16
5293.14228773118  3.245085E-16
5294.61303830148  4.257044E-16
5296.08378887178  3.657701E-16
5297.55453944207  3.690785E-16
5299.02529001237  3.862565E-16
5300.49604058267  3.662824E-16
5301.96679115296  3.551340E-16
5303.43754172326  3.761164E-16
5304.90829229356  3.894377E-16
5306.37904286386  3.866737E-16
5307.84979343415  3.774668E-16
5309.32054400445  3.523562E-16
5310.79129457475  3.522320E-16
5312.26204514505  3.784210E-16
5313.73279571534  4.121521E-16
5315.20354628564  3.931906E-16
5316.67429685594  4.341253E-16
5318.14504742623  3.740009E-16
5319.61579799653  3.816228E-16
5321.08654856683  3.983900E-16
5322.55729913713  4.091217E-16
5324.02804970742  4.238001E-16
5325.49880027772  3.718815E-16
5326.96955084802  3.809644E-16
5328.44030141832  4.220179E-16
5329.91105198861  3.846869E-16
5331.38180255891  3.637767E-16
5332.85255312921  4.359469E-16
5334.3233036995  4.299591E-16
5335.7940542698  3.896498E-16
5337.2648048401  3.957151E-16
5338.7355554104  3.911631E-16
5340.20630598069  3.986801E-16
5341.67705655099  3.790918E-16
5343.14780712129  4.387672E-16
5344.61855769158  3.921774E-16
5346.08930826188  4.213045E-16
5347.56005883218  4.206305E-16
5349.03080940248  4.316885E-16
5350.50155997277  4.502872E-16
5351.97231054307  4.331145E-16
5353.44306111337  4.117777E-16
5354.91381168367  4.204008E-16
5356.38456225396  3.884735E-16
5357.85531282426  4.242191E-16
5359.32606339456  4.357850E-16
5360.79681396485  4.224570E-16
5362.26756453515  4.058186E-16
5363.73831510545  4.332358E-16
5365.20906567575  4.021546E-16
5366.67981624604  4.496453E-16
5368.15056681634  4.493634E-16
5369.62131738664  4.375076E-16
5371.09206795694  4.264956E-16
5372.56281852723  4.225626E-16
5374.03356909753  4.208224E-16
5375.50431966783  4.141322E-16
5376.97507023812  3.967634E-16
5378.44582080842  4.304189E-16
5379.91657137872  4.389868E-16
5381.38732194902  4.349700E-16
5382.85807251931  4.200841E-16
5384.32882308961  4.417674E-16
5385.79957365991  4.271228E-16
5387.2703242302  5.042777E-16
5388.7410748005  4.107433E-16
5390.2118253708  4.344814E-16
5391.6825759411  4.040299E-16
5393.15332651139  4.281245E-16
5394.62407708169  4.300737E-16
5396.09482765199  4.294916E-16
5397.56557822229  4.207528E-16
5399.03632879258  4.546017E-16
5400.50707936288  4.441887E-16
5401.97782993318  4.368032E-16
5403.44858050347  4.344908E-16
5404.91933107377  4.350480E-16
5406.39008164407  4.838843E-16
5407.86083221437  4.313915E-16
5409.33158278466  4.595786E-16
5410.80233335496  4.231493E-16
5412.27308392526  4.251575E-16
5413.74383449555  4.574108E-16
5415.21458506585  4.617869E-16
5416.68533563615  4.545954E-16
5418.15608620645  4.533105E-16
5419.62683677675  4.615406E-16
5421.09758734704  4.585048E-16
5422.56833791734  4.622060E-16
5424.03908848764  4.769312E-16
5425.50983905793  4.762047E-16
5426.98058962823  4.232775E-16
5428.45134019853  4.503999E-16
5429.92209076883  4.358005E-16
5431.39284133912  4.254838E-16
5432.86359190942  4.815571E-16
5434.33434247972  4.332935E-16
5435.80509305001  4.253634E-16
5437.27584362031  4.726071E-16
5438.74659419061  4.915506E-16
5440.21734476091  4.234054E-16
5441.6880953312  4.282884E-16
5443.1588459015  4.450263E-16
5444.6295964718  4.061574E-16
5446.10034704209  4.479996E-16
5447.57109761239  3.836454E-16
5449.04184818269  4.177943E-16
5450.51259875299  3.825042E-16
5451.98334932328  4.183030E-16
5453.45409989358  3.854040E-16
5454.92485046388  3.766921E-16
5456.39560103418  3.724184E-16
5457.86635160447  3.933936E-16
5459.33710217477  4.422728E-16
5460.80785274507  3.722919E-16
5462.27860331536  3.583243E-16
5463.74935388566  3.470132E-16
5465.22010445596  3.713974E-16
5466.69085502626  3.614753E-16
5468.16160559655  3.420419E-16
5469.63235616685  3.546542E-16
5471.10310673715  3.462949E-16
5472.57385730745  3.368021E-16
5474.04460787774  3.316570E-16
5475.51535844804  3.054632E-16
5476.98610901834  3.474546E-16
5478.45685958863  3.729081E-16
5479.92761015893  3.214394E-16
5481.39836072923  3.239006E-16
5482.86911129953  3.429524E-16
5484.33986186982  3.279749E-16
5485.81061244012  3.199883E-16
5487.28136301042  3.085243E-16
5488.75211358072  3.294348E-16
5490.22286415101  3.342910E-16
5491.69361472131  3.344793E-16
5493.16436529161  3.179717E-16
5494.6351158619  3.033834E-16
5496.1058664322  2.931741E-16
5497.5766170025  3.082201E-16
5499.04736757279  3.037443E-16
5500.51811814309  3.110290E-16
5501.98886871339  3.046797E-16
5503.45961928369  3.370291E-16
5504.93036985398  3.162579E-16
5506.40112042428  3.018040E-16
5507.87187099458  3.449643E-16
5509.34262156488  3.268665E-16
5510.81337213517  2.891606E-16
5512.28412270547  2.983722E-16
5513.75487327577  3.215374E-16
5515.22562384607  3.095563E-16
5516.69637441636  3.404884E-16
5518.16712498666  3.567038E-16
5519.63787555696  3.008413E-16
5521.10862612725  3.227575E-16
5522.57937669755  3.335894E-16
5524.05012726785  3.098908E-16
5525.52087783815  3.304690E-16
5526.99162840844  3.340349E-16
5528.46237897874  3.377400E-16
5529.93312954904  3.269606E-16
5531.40388011934  3.089060E-16
5532.87463068963  3.181639E-16
5534.34538125993  3.558050E-16
5535.81613183023  3.430507E-16
5537.28688240052  3.246071E-16
5538.75763297082  3.409896E-16
5540.22838354112  2.849277E-16
5541.69913411142  2.923944E-16
5543.16988468171  3.150319E-16
5544.64063525201  3.269892E-16
5546.11138582231  3.334654E-16
5547.5821363926  3.074250E-16
5549.0528869629  3.333340E-16
5550.5236375332  3.519752E-16
5551.9943881035  3.415694E-16
5553.46513867379  3.299201E-16
5554.93588924409  3.373536E-16
5556.40663981439  2.997270E-16
5557.87739038469  3.171072E-16
5559.34814095498  3.346269E-16
5560.81889152528  3.102842E-16
5562.28964209558  3.273500E-16
5563.76039266587  3.051656E-16
5565.23114323617  2.917143E-16
5566.70189380647  3.479998E-16
5568.17264437677  3.492922E-16
5569.64339494706  3.409446E-16
5571.11414551736  3.508748E-16
5572.58489608766  3.453481E-16
5574.05564665795  3.004557E-16
5575.52639722825  3.104827E-16
5576.99714779855  3.166828E-16
5578.46789836885  3.276380E-16
5579.93864893914  3.385933E-16
5581.40939950944  3.495485E-16
5582.88015007974  3.605074E-16
5584.35090065004  3.652724E-16
5585.82165122033  3.384568E-16
5587.29240179063  3.539325E-16
5588.76315236093  3.283707E-16
5590.23390293122  3.704336E-16
5591.70465350152  3.322664E-16
5593.17540407182  3.174036E-16
5594.64615464212  3.500370E-16
5596.11690521241  3.439479E-16
5597.58765578271  3.493658E-16
5599.05840635301  3.514272E-16
5600.5291569233  3.236549E-16
5601.9999074936  3.229818E-16
5603.4706580639  3.801385E-16
5604.9414086342  3.738636E-16
5606.41215920449  3.506649E-16
5607.88290977479  3.597582E-16
5609.35366034509  3.038770E-16
5610.82441091539  3.080475E-16
5612.29516148568  3.691707E-16
5613.76591205598  3.388635E-16
5615.23666262628  3.536216E-16
5616.70741319657  3.627733E-16
5618.17816376687  3.360549E-16
5619.64891433717  3.662574E-16
5621.11966490747  3.445681E-16
5622.59041547776  3.199479E-16
5624.06116604806  3.180111E-16
5625.53191661836  3.203402E-16
5627.00266718865  3.181179E-16
5628.47341775895  3.360929E-16
5629.94416832925  3.387308E-16
5631.41491889955  3.403895E-16
5632.88566946984  3.450449E-16
5634.35642004014  3.286490E-16
5635.82717061044  3.406378E-16
5637.29792118074  3.214198E-16
5638.76867175103  3.208815E-16
5640.23942232133  3.047862E-16
5641.71017289163  2.855657E-16
5643.18092346193  3.136073E-16
5644.65167403222  3.211320E-16
5646.12242460252  3.011998E-16
5647.59317517282  3.111528E-16
5649.06392574311  3.161309E-16
5650.53467631341  2.878149E-16
5652.00542688371  3.331520E-16
5653.47617745401  2.847078E-16
5654.9469280243  2.906848E-16
5656.4176785946  2.805829E-16
5657.8884291649  2.710563E-16
5659.35917973519  2.935283E-16
5660.82993030549  2.929622E-16
5662.30068087579  2.727871E-16
5663.77143144609  2.890566E-16
5665.24218201638  2.790534E-16
5666.71293258668  2.763370E-16
5668.18368315698  2.985680E-16
5669.65443372728  2.210991E-16
5671.12518429757  2.721504E-16
5672.59593486787  2.495574E-16
5674.06668543817  2.789507E-16
5675.53743600846  2.642748E-16
5677.00818657876  2.795547E-16
5678.47893714906  2.551401E-16
5679.94968771936  2.624877E-16
5681.42043828965  2.404007E-16
5682.89118885995  2.719532E-16
5684.36193943025  2.421415E-16
5685.83269000054  2.537927E-16
5687.30344057084  2.840727E-16
5688.77419114114  2.656689E-16
5690.24494171144  2.926326E-16
5691.71569228173  2.561886E-16
5693.18644285203  2.385635E-16
5694.65719342233  2.736275E-16
5696.12794399263  2.422675E-16
5697.59869456292  2.559629E-16
5699.06944513322  2.947462E-16
5700.54019570352  2.487648E-16
5702.01094627381  2.593651E-16
5703.48169684411  2.483859E-16
5704.95244741441  2.595720E-16
5706.42319798471  2.575438E-16
5707.893948555  2.868036E-16
5709.3646991253  2.581547E-16
5710.8354496956  2.790053E-16
5712.30620026589  2.939297E-16
5713.77695083619  2.512852E-16
5715.24770140649  2.855970E-16
5716.71845197679  2.762437E-16
5718.18920254708  3.172598E-16
5719.65995311738  2.796003E-16
5721.13070368768  2.644338E-16
5722.60145425798  3.010835E-16
5724.07220482827  2.941480E-16
5725.54295539857  2.918940E-16
5727.01370596887  2.968226E-16
5728.48445653916  2.957122E-16
5729.95520710946  3.044276E-16
5731.42595767976  3.080567E-16
5732.89670825006  3.334915E-16
5734.36745882035  3.488575E-16
5735.83820939065  3.157657E-16
5737.30895996095  3.266679E-16
5738.77971053125  3.642719E-16
5740.25046110154  3.365875E-16
5741.72121167184  3.381405E-16
5743.19196224214  3.614904E-16
5744.66271281243  3.486431E-16
5746.13346338273  3.551558E-16
5747.60421395303  3.600698E-16
5749.07496452333  3.705709E-16
5750.54571509362  3.718764E-16
5752.01646566392  3.462553E-16
5753.48721623422  3.658389E-16
5754.95796680452  3.662653E-16
5756.42871737481  3.527046E-16
5757.89946794511  3.753716E-16
5759.37021851541  4.111323E-16
5760.8409690857  3.792061E-16
5762.311719656  3.844197E-16
5763.7824702263  3.992010E-16
5765.2532207966  3.661640E-16
5766.72397136689  3.743016E-16
5768.19472193719  3.841956E-16
5769.66547250749  3.587401E-16
5771.13622307778  3.384230E-16
5772.60697364808  3.774250E-16
5774.07772421838  3.851553E-16
5775.54847478868  3.843875E-16
5777.01922535897  4.120187E-16
5778.48997592927  4.128673E-16
5779.96072649957  4.252030E-16
5781.43147706987  4.017591E-16
5782.90222764016  3.568701E-16
5784.37297821046  3.723829E-16
5785.84372878076  4.114486E-16
5787.31447935106  3.605524E-16
5788.78522992135  4.118351E-16
5790.25598049165  4.430005E-16
5791.72673106195  3.949856E-16
5793.19748163224  4.003735E-16
5794.66823220254  4.386171E-16
5796.13898277284  4.308467E-16
5797.60973334314  3.951139E-16
5799.08048391343  4.078363E-16
5800.55123448373  4.116641E-16
5802.02198505403  4.051940E-16
5803.49273562432  3.852407E-16
5804.96348619462  3.999984E-16
5806.43423676492  4.178074E-16
5807.90498733522  4.205676E-16
5809.37573790551  3.811062E-16
5810.84648847581  4.229873E-16
5812.31723904611  4.435481E-16
5813.7879896164  4.119854E-16
5815.2587401867  4.053330E-16
5816.729490757  3.944418E-16
5818.2002413273  4.185692E-16
5819.67099189759  4.253028E-16
5821.14174246789  4.318453E-16
5822.61249303819  3.944840E-16
5824.08324360849  3.752004E-16
5825.55399417878  4.220064E-16
5827.02474474908  3.912678E-16
5828.49549531938  4.441408E-16
5829.96624588967  4.088940E-16
5831.43699645997  4.245101E-16
5832.90774703027  3.817002E-16
5834.37849760057  3.770895E-16
5835.84924817086  3.922418E-16
5837.31999874116  3.875944E-16
5838.79074931146  3.984226E-16
5840.26149988176  4.186676E-16
5841.73225045205  4.362485E-16
5843.20300102235  4.192579E-16
5844.67375159265  4.022673E-16
5846.14450216295  4.455304E-16
5847.61525273324  4.409923E-16
5849.08600330354  4.133621E-16
5850.55675387384  4.002864E-16
5852.02750444413  4.046430E-16
5853.49825501443  4.415579E-16
5854.96900558473  4.114667E-16
5856.43975615503  3.594045E-16
5857.91050672532  4.154961E-16
5859.38125729562  3.893623E-16
5860.85200786592  4.153999E-16
5862.32275843621  4.569799E-16
5863.79350900651  3.817828E-16
5865.26425957681  3.633237E-16
5866.73501014711  3.615945E-16
5868.2057607174  4.028220E-16
5869.6765112877  3.707971E-16
5871.147261858  3.912147E-16
5872.6180124283  3.884953E-16
5874.08876299859  3.840899E-16
5875.55951356889  3.805035E-16
5877.03026413919  4.001558E-16
5878.50101470948  4.014673E-16
5879.97176527978  3.980227E-16
5881.44251585008  3.699508E-16
5882.91326642038  3.815203E-16
5884.38401699067  4.085792E-16
5885.85476756097  3.700837E-16
5887.32551813127  3.810928E-16
5888.79626870156  3.777240E-16
5890.26701927186  3.914718E-16
5891.73776984216  3.807630E-16
5893.20852041246  3.976005E-16
5894.67927098275  3.457031E-16
5896.15002155305  3.788189E-16
5897.62077212335  3.744794E-16
5899.09152269365  3.773361E-16
5900.56227326394  3.890271E-16
5902.03302383424  3.824110E-16
5903.50377440454  3.588593E-16
5904.97452497483  3.944622E-16
5906.44527554513  3.749305E-16
5907.91602611543  3.663757E-16
5909.38677668573  3.745659E-16
5910.85752725602  3.856134E-16
5912.32827782632  3.319711E-16
5913.79902839662  3.519473E-16
5915.26977896691  3.816053E-16
5916.74052953721  3.778633E-16
5918.21128010751  3.629935E-16
5919.68203067781  3.408406E-16
5921.1527812481  3.906424E-16
5922.6235318184  3.620005E-16
5924.0942823887  3.665348E-16
5925.565032959  3.853037E-16
5927.03578352929  3.613592E-16
5928.50653409959  3.541468E-16
5929.97728466989  3.484761E-16
5931.44803524018  3.632416E-16
5932.91878581048  3.222711E-16
5934.38953638078  3.093782E-16
5935.86028695108  3.466853E-16
5937.33103752137  3.458675E-16
5938.80178809167  3.382903E-16
5940.27253866197  3.395667E-16
5941.74328923226  3.418635E-16
5943.21403980256  3.552844E-16
5944.68479037286  3.509071E-16
5946.15554094316  3.270106E-16
5947.62629151345  3.512768E-16
5949.09704208375  3.129761E-16
5950.56779265405  3.004033E-16
5952.03854322435  3.088453E-16
5953.50929379464  3.186628E-16
5954.98004436494  2.861277E-16
5956.45079493524  3.025045E-16
5957.92154550553  3.108054E-16
5959.39229607583  3.287105E-16
5960.86304664613  3.060389E-16
5962.33379721643  2.960198E-16
5963.80454778672  3.054558E-16
5965.27529835702  3.032935E-16
5966.74604892732  2.944042E-16
5968.21679949762  2.999882E-16
5969.68755006791  3.108155E-16
5971.15830063821  2.807735E-16
5972.62905120851  2.941181E-16
5974.0998017788  3.042409E-16
5975.5705523491  3.065781E-16
5977.0413029194  3.539317E-16
5978.5120534897  2.899261E-16
5979.98280405999  2.949867E-16
5981.45355463029  2.891886E-16
5982.92430520059  2.855317E-16
5984.39505577088  2.895337E-16
5985.86580634118  3.068758E-16
5987.33655691148  3.024313E-16
5988.80730748178  2.921275E-16
5990.27805805207  2.788620E-16
5991.74880862237  2.473941E-16
5993.21955919267  2.982377E-16
5994.69030976297  2.984413E-16
5996.16106033326  2.624965E-16
5997.63181090356  2.680712E-16
5999.10256147386  2.935518E-16
6000.57331204415  3.230071E-16
6002.04406261445  2.874134E-16
6003.51481318475  2.754776E-16
6004.98556375505  2.874596E-16
6006.45631432534  2.898925E-16
6007.92706489564  2.887744E-16
6009.39781546594  2.892340E-16
6010.86856603624  3.168706E-16
6012.33931660653  3.130849E-16
6013.81006717683  3.029627E-16
6015.28081774713  2.670425E-16
6016.75156831742  2.788320E-16
6018.22231888772  2.703330E-16
6019.69306945802  3.087879E-16
6021.16382002832  2.894878E-16
6022.63457059861  3.217441E-16
6024.10532116891  3.189521E-16
6025.57607173921  2.904413E-16
6027.0468223095  2.805913E-16
6028.5175728798  2.707393E-16
6029.9883234501  3.009088E-16
6031.4590740204  3.001997E-16
6032.92982459069  2.886342E-16
6034.40057516099  3.303234E-16
6035.87132573129  3.050323E-16
6037.34207630159  3.273924E-16
6038.81282687188  3.300251E-16
6040.28357744218  2.954174E-16
6041.75432801248  3.275439E-16
6043.22507858277  3.170100E-16
6044.69582915307  3.330273E-16
6046.16657972337  3.463520E-16
6047.63733029367  3.457310E-16
6049.10808086396  3.432928E-16
6050.57883143426  3.353101E-16
6052.04958200456  3.241703E-16
6053.52033257485  3.042360E-16
6054.99108314515  3.171701E-16
6056.46183371545  3.435054E-16
6057.93258428575  3.144934E-16
6059.40333485604  3.551456E-16
6060.87408542634  3.697400E-16
6062.34483599664  3.618095E-16
6063.81558656694  3.691827E-16
6065.28633713723  3.595070E-16
6066.75708770753  3.793100E-16
6068.22783827783  3.517898E-16
6069.69858884813  3.416730E-16
6071.16933941842  3.831209E-16
6072.64008998872  3.611330E-16
6074.11084055902  3.479531E-16
6075.58159112931  3.551748E-16
6077.05234169961  3.936781E-16
6078.52309226991  3.660210E-16
6079.99384284021  3.807107E-16
6081.4645934105  3.447683E-16
6082.9353439808  3.631783E-16
6084.4060945511  3.686576E-16
6085.87684512139  3.699294E-16
6087.34759569169  3.381776E-16
6088.81834626199  3.554746E-16
6090.28909683229  3.708971E-16
6091.75984740258  3.733392E-16
6093.23059797288  3.259580E-16
6094.70134854318  3.672915E-16
6096.17209911348  3.574679E-16
6097.64284968377  3.562037E-16
6099.11360025407  3.570694E-16
6100.58435082437  3.821530E-16
6102.05510139466  3.737259E-16
6103.52585196496  4.064147E-16
6104.99660253526  3.268682E-16
6106.46735310556  3.723623E-16
6107.93810367585  3.558998E-16
6109.40885424615  3.397153E-16
6110.87960481645  3.285956E-16
6112.35035538675  3.650608E-16
6113.82110595704  3.564497E-16
6115.29185652734  3.790312E-16
6116.76260709764  3.509371E-16
6118.23335766794  3.817926E-16
6119.70410823823  3.699186E-16
6121.17485880853  3.906010E-16
6122.64560937883  3.520852E-16
6124.11635994912  3.200123E-16
6125.58711051942  3.541835E-16
6127.05786108972  3.457529E-16
6128.52861166001  3.571219E-16
6129.99936223031  3.462782E-16
6131.47011280061  3.177613E-16
6132.94086337091  3.377197E-16
6134.4116139412  3.539208E-16
6135.8823645115  3.585413E-16
6137.3531150818  3.839834E-16
6138.8238656521  3.768117E-16
6140.29461622239  3.502198E-16
6141.76536679269  3.718105E-16
6143.23611736299  3.980507E-16
6144.70686793329  3.653896E-16
6146.17761850358  3.800234E-16
6147.64836907388  3.671836E-16
6149.11911964418  3.395651E-16
6150.58987021447  3.688056E-16
6152.06062078477  3.629279E-16
6153.53137135507  3.579317E-16
6155.00212192537  3.656300E-16
6156.47287249566  3.688133E-16
6157.94362306596  3.243774E-16
6159.41437363626  3.490676E-16
6160.88512420656  3.400522E-16
6162.35587477685  3.649736E-16
6163.82662534715  3.405150E-16
6165.29737591745  3.529834E-16
6166.76812648774  3.840809E-16
6168.23887705804  3.519701E-16
6169.70962762834  3.540159E-16
6171.18037819864  3.909057E-16
6172.65112876893  3.630544E-16
6174.12187933923  3.552572E-16
6175.59262990953  3.643659E-16
6177.06338047982  3.620904E-16
6178.53413105012  3.628411E-16
6180.00488162042  3.313824E-16
6181.47563219072  3.523503E-16
6182.94638276101  3.532350E-16
6184.41713333131  3.578171E-16
6185.88788390161  3.774953E-16
6187.35863447191  3.866183E-16
6188.8293850422  3.919782E-16
6190.3001356125  3.709263E-16
6191.7708861828  3.558898E-16
6193.24163675309  3.925299E-16
6194.71238732339  3.806751E-16
6196.18313789369  3.575015E-16
6197.65388846399  3.497218E-16
6199.12463903428  3.538354E-16
6200.59538960458  3.701651E-16
6202.06614017488  3.415279E-16
6203.53689074517  3.714192E-16
6205.00764131547  3.942833E-16
6206.47839188577  3.548613E-16
6207.94914245607  3.107656E-16
6209.41989302636  3.816144E-16
6210.89064359666  3.907041E-16
6212.36139416696  3.793013E-16
6213.83214473726  3.629657E-16
6215.30289530755  3.431287E-16
6216.77364587785  3.629419E-16
6218.24439644815  3.454173E-16
6219.71514701844  3.598974E-16
6221.18589758874  3.481508E-16
6222.65664815904  3.475725E-16
6224.12739872934  3.187400E-16
6225.59814929963  3.068684E-16
6227.06889986993  3.624609E-16
6228.53965044023  3.821402E-16
6230.01040101052  3.480247E-16
6231.48115158082  3.607169E-16
6232.95190215112  3.342095E-16
6234.42265272142  3.419266E-16
6235.89340329171  3.131997E-16
6237.36415386201  3.558052E-16
6238.83490443231  3.563859E-16
6240.30565500261  3.866822E-16
6241.7764055729  3.426249E-16
6243.2471561432  3.788253E-16
6244.7179067135  3.688818E-16
6246.18865728379  3.156561E-16
6247.65940785409  3.461900E-16
6249.13015842439  3.658695E-16
6250.60090899469  3.351308E-16
6252.07165956498  2.938120E-16
6253.54241013528  3.212137E-16
6255.01316070558  3.048544E-16
6256.48391127587  2.993532E-16
6257.95466184617  3.389818E-16
6259.42541241647  3.083521E-16
6260.89616298677  3.502100E-16
6262.36691355706  3.049224E-16
6263.83766412736  3.003830E-16
6265.30841469766  2.545165E-16
6266.77916526796  2.782325E-16
6268.24991583825  2.609735E-16
6269.72066640855  2.952892E-16
6271.19141697885  2.616467E-16
6272.66216754915  3.006424E-16
6274.13291811944  2.778580E-16
6275.60366868974  2.614173E-16
6277.07441926004  2.539315E-16
6278.54516983033  2.450548E-16
6280.01592040063  2.118726E-16
6281.48667097093  2.247480E-16
6282.95742154123  2.259482E-16
6284.42817211152  1.948033E-16
6285.89892268182  2.076775E-16
6287.36967325212  2.079490E-16
6288.84042382241  2.517230E-16
6290.31117439271  2.061777E-16
6291.78192496301  1.821499E-16
6293.25267553331  1.751951E-16
6294.7234261036  2.062934E-16
6296.1941766739  1.372315E-16
6297.6649272442  1.555311E-16
6299.1356778145  1.576176E-16
6300.60642838479  1.736046E-16
6302.07717895509  1.661269E-16
6303.54792952539  2.390114E-16
6305.01868009568  2.102415E-16
6306.48943066598  1.862016E-16
6307.96018123628  1.387079E-16
6309.43093180658  1.569255E-16
6310.90168237687  1.370849E-16
6312.37243294717  1.268187E-16
6313.84318351747  1.668065E-16
6315.31393408776  1.811120E-16
6316.78468465806  1.667700E-16
6318.25543522836  1.416184E-16
6319.72618579866  1.380304E-16
6321.19693636895  1.115456E-16
6322.66768693925  1.271250E-16
6324.13843750955  1.455913E-16
6325.60918807985  1.185408E-16
6327.07993865014  1.448095E-16
6328.55068922044  1.358005E-16
6330.02143979074  1.171849E-16
6331.49219036103  1.374877E-16
6332.96294093133  1.248558E-16
6334.43369150163  8.485288E-17
6335.90444207193  1.166399E-16
6337.37519264222  1.308635E-16
6338.84594321252  1.129491E-16
6340.31669378282  1.141464E-16
6341.78744435311  1.067059E-16
6343.25819492341  1.236243E-16
6344.72894549371  1.176016E-16
6346.19969606401  1.306323E-16
6347.6704466343  1.363892E-16
6349.1411972046  9.552695E-17
6350.6119477749  9.457568E-17
6352.0826983452  1.313385E-16
6353.55344891549  1.250793E-16
6355.02419948579  7.895245E-17
6356.49495005609  1.134396E-16
6357.96570062638  1.418522E-16
6359.43645119668  1.088899E-16
6360.90720176698  7.718164E-17
6362.37795233728  1.276468E-16
6363.84870290757  1.088573E-16
6365.31945347787  9.792538E-17
6366.79020404817  9.897086E-17
6368.26095461847  1.467357E-16
6369.73170518876  1.456443E-16
6371.20245575906  1.004227E-16
6372.67320632936  1.105737E-16
6374.14395689965  1.156575E-16
6375.61470746995  9.228381E-17
6377.08545804025  1.170184E-16
6378.55620861055  1.219247E-16
6380.02695918084  9.965840E-17
6381.49770975114  1.095192E-16
6382.96846032144  1.354488E-16
6384.43921089174  1.299808E-16
6385.90996146203  1.080264E-16
6387.38071203233  7.810470E-17
6388.85146260263  1.039223E-16
6390.32221317292  1.214373E-16
6391.79296374322  1.019001E-16
6393.26371431352  1.202538E-16
6394.73446488382  1.154540E-16
6396.20521545411  1.445377E-16
6397.67596602441  1.431749E-16
6399.14671659471  1.331212E-16
6400.617467165  1.400792E-16
6402.0882177353  1.087805E-16
6403.5589683056  1.253202E-16
6405.0297188759  1.233664E-16
6406.50046944619  1.275174E-16
6407.97122001649  1.242860E-16
6409.44197058679  1.118557E-16
6410.91272115709  1.537029E-16
6412.38347172738  1.698128E-16
6413.85422229768  1.524361E-16
6415.32497286798  1.443453E-16
6416.79572343828  1.397946E-16
6418.26647400857  1.452803E-16
6419.73722457887  1.393870E-16
6421.20797514917  1.661487E-16
6422.67872571946  1.574110E-16
6424.14947628976  1.610133E-16
6425.62022686006  1.819621E-16
6427.09097743036  1.656029E-16
6428.56172800065  1.505757E-16
6430.03247857095  1.680818E-16
6431.50322914125  1.486532E-16
6432.97397971154  2.056488E-16
6434.44473028184  1.815724E-16
6435.91548085214  1.766522E-16
6437.38623142244  2.028567E-16
6438.85698199273  2.000682E-16
6440.32773256303  1.886521E-16
6441.79848313333  2.255620E-16
6443.26923370362  1.864312E-16
6444.73998427392  2.276473E-16
6446.21073484422  1.876276E-16
6447.68148541452  1.867690E-16
6449.15223598481  1.886265E-16
6450.62298655511  1.904840E-16
6452.09373712541  1.923414E-16
6453.56448769571  1.941989E-16
6455.035238266  1.960564E-16
6456.5059888363  1.979139E-16
6457.9767394066  1.997714E-16
6459.44748997689  2.016289E-16
6460.91824054719  2.034869E-16
6462.38899111749  2.053444E-16
6463.85974168779  2.072019E-16
6465.33049225808  2.393809E-16
6466.80124282838  1.918877E-16
6468.27199339868  2.270348E-16
6469.74274396898  2.300804E-16
6471.21349453927  2.262251E-16
6472.68424510957  2.346238E-16
6474.15499567987  2.382970E-16
6475.62574625017  2.330198E-16
6477.09649682046  2.641831E-16
6478.56724739076  2.636467E-16
6480.03799796106  2.831878E-16
6481.50874853135  2.656686E-16
6482.97949910165  2.591311E-16
6484.45024967195  2.965465E-16
6485.92100024225  2.459472E-16
6487.39175081254  2.670611E-16
6488.86250138284  2.758666E-16
6490.33325195314  3.287264E-16
6491.80400252343  2.487460E-16
6493.27475309373  2.492513E-16
6494.74550366403  3.167389E-16
6496.21625423433  2.623525E-16
6497.68700480462  2.908260E-16
6499.15775537492  2.745018E-16
6500.62850594522  2.669331E-16
6502.09925651552  2.719515E-16
6503.57000708581  3.209758E-16
6505.04075765611  2.685476E-16
6506.51150822641  3.115970E-16
6507.9822587967  3.060956E-16
6509.453009367  3.479172E-16
6510.9237599373  2.739015E-16
6512.3945105076  3.386217E-16
6513.86526107789  3.098962E-16
6515.33601164819  3.299938E-16
6516.80676221849  2.905565E-16
6518.27751278878  3.077852E-16
6519.74826335908  3.254963E-16
6521.21901392938  3.410040E-16
6522.68976449968  3.334856E-16
6524.16051506997  3.400521E-16
6525.63126564027  3.516855E-16
6527.10201621057  3.616574E-16
6528.57276678087  3.111919E-16
6530.04351735116  3.185719E-16
6531.51426792146  2.974475E-16
6532.98501849176  2.950964E-16
6534.45576906205  3.321523E-16
6535.92651963235  3.065902E-16
6537.39727020265  3.281699E-16
6538.86802077295  3.240312E-16
6540.33877134324  3.404665E-16
6541.80952191354  3.341985E-16
6543.28027248384  3.263107E-16
6544.75102305413  3.388807E-16
6546.22177362443  3.390452E-16
6547.69252419473  3.175980E-16
6549.16327476503  3.566245E-16
6550.63402533532  3.359568E-16
6552.10477590562  3.112174E-16
6553.57552647592  3.461050E-16
6555.04627704622  3.399401E-16
6556.51702761651  3.408069E-16
6557.98777818681  3.602615E-16
6559.45852875711  3.743777E-16
6560.9292793274  3.518231E-16
6562.4000298977  3.619557E-16
6563.870780468  3.649974E-16
6565.3415310383  3.231011E-16
6566.81228160859  3.267098E-16
6568.28303217889  3.252974E-16
6569.75378274919  3.263405E-16
6571.22453331948  3.248162E-16
6572.69528388978  3.195328E-16
6574.16603446008  3.305473E-16
6575.63678503038  3.346122E-16
6577.10753560067  3.451715E-16
6578.57828617097  3.520544E-16
6580.04903674127  3.469380E-16
6581.51978731157  3.288157E-16
6582.99053788186  3.548316E-16
6584.46128845216  3.459791E-16
6585.93203902246  3.199493E-16
6587.40278959275  3.550152E-16
6588.87354016305  3.245031E-16
6590.34429073335  3.048488E-16
6591.81504130365  3.179964E-16
6593.28579187394  3.376244E-16
6594.75654244424  3.323222E-16
6596.22729301454  3.344844E-16
6597.69804358484  3.312377E-16
6599.16879415513  3.549614E-16
6600.63954472543  3.441752E-16
6602.11029529573  3.331672E-16
6603.58104586602  3.265985E-16
6605.05179643632  3.265832E-16
6606.52254700662  3.677545E-16
6607.99329757692  3.591237E-16
6609.46404814721  3.418435E-16
6610.93479871751  3.236673E-16
6612.40554928781  3.649184E-16
6613.8762998581  3.609365E-16
6615.3470504284  3.494519E-16
6616.8178009987  3.434481E-16
6618.288551569  3.346637E-16
6619.75930213929  3.501646E-16
6621.23005270959  3.820922E-16
6622.70080327989  2.966057E-16
6624.17155385019  2.892360E-16
6625.64230442048  3.410071E-16
6627.11305499078  3.564265E-16
6628.58380556108  3.228832E-16
6630.05455613137  3.277122E-16
6631.52530670167  3.547554E-16
6632.99605727197  3.367367E-16
6634.46680784227  3.078182E-16
6635.93755841256  3.222920E-16
6637.40830898286  3.257738E-16
6638.87905955316  3.291642E-16
6640.34981012346  3.186832E-16
6641.82056069375  3.487359E-16
6643.29131126405  3.321793E-16
6644.76206183435  3.144830E-16
6646.23281240464  3.412996E-16
6647.70356297494  3.577081E-16
6649.17431354524  3.362569E-16
6650.64506411554  3.252119E-16
6652.11581468583  3.287402E-16
6653.58656525613  3.230718E-16
6655.05731582643  3.362970E-16
6656.52806639672  3.290094E-16
6657.99881696702  2.915091E-16
6659.46956753732  3.271351E-16
6660.94031810762  3.391207E-16
6662.41106867791  3.197028E-16
6663.88181924821  3.231385E-16
6665.35256981851  3.176805E-16
6666.82332038881  3.391741E-16
6668.2940709591  3.298184E-16
6669.7648215294  3.232828E-16
6671.2355720997  2.933295E-16
6672.70632266999  3.267582E-16
6674.17707324029  3.248001E-16
6675.64782381059  3.425436E-16
6677.11857438089  3.395071E-16
6678.58932495118  3.264686E-16
6680.06007552148  3.265832E-16
6681.53082609178  3.062619E-16
6683.00157666207  3.400084E-16
6684.47232723237  3.134278E-16
6685.94307780267  3.030030E-16
6687.41382837297  3.165717E-16
6688.88457894326  3.058446E-16
6690.35532951356  3.160091E-16
6691.82608008386  3.119221E-16
6693.29683065416  3.318784E-16
6694.76758122445  3.234901E-16
6696.23833179475  2.935022E-16
6697.70908236505  3.027090E-16
6699.17983293535  2.714536E-16
6700.65058350564  2.839426E-16
6702.12133407594  3.455589E-16
6703.59208464624  3.199792E-16
6705.06283521653  2.793886E-16
6706.53358578683  2.672648E-16
6708.00433635713  2.882322E-16
6709.47508692742  3.322307E-16
6710.94583749772  3.131181E-16
6712.41658806802  2.896725E-16
6713.88733863832  3.019329E-16
6715.35808920861  3.009151E-16
6716.82883977891  2.651764E-16
6718.29959034921  2.886503E-16
6719.77034091951  2.869763E-16
6721.2410914898  2.947558E-16
6722.7118420601  2.791276E-16
6724.1825926304  2.523497E-16
6725.6533432007  2.924211E-16
6727.12409377099  2.893882E-16
6728.59484434129  2.962217E-16
6730.06559491159  3.079495E-16
6731.53634548188  2.919593E-16
6733.00709605218  2.986927E-16
6734.47784662248  2.915466E-16
6735.94859719278  2.768661E-16
6737.41934776307  3.005562E-16
6738.89009833337  2.701996E-16
6740.36084890367  2.786776E-16
6741.83159947396  2.716179E-16
6743.30235004426  2.926472E-16
6744.77310061456  2.551174E-16
6746.24385118486  2.847309E-16
6747.71460175515  2.866235E-16
6749.18535232545  2.876190E-16
6750.65610289575  2.555337E-16
6752.12685346605  2.854896E-16
6753.59760403634  2.708240E-16
6755.06835460664  2.784875E-16
6756.53910517694  2.634268E-16
6758.00985574723  2.919664E-16
6759.48060631753  2.915780E-16
6760.95135688783  2.663750E-16
6762.42210745813  2.698440E-16
6763.89285802842  2.619879E-16
6765.36360859872  2.677658E-16
6766.83435916902  2.700004E-16
6768.30510973931  2.925883E-16
6769.77586030961  2.716050E-16
6771.24661087991  2.539047E-16
6772.71736145021  2.788053E-16
6774.1881120205  2.762271E-16
6775.6588625908  2.638099E-16
6777.1296131611  2.700781E-16
6778.6003637314  2.823299E-16
6780.07111430169  3.006654E-16
6781.54186487199  2.800631E-16
6783.01261544229  2.773420E-16
6784.48336601259  2.573118E-16
6785.95411658288  2.761948E-16
6787.42486715318  2.769710E-16
6788.89561772348  2.582573E-16
6790.36636829377  2.516372E-16
6791.83711886407  2.458682E-16
6793.30786943437  2.472713E-16
6794.77862000467  2.688993E-16
6796.24937057496  2.522159E-16
6797.72012114526  2.672217E-16
6799.19087171556  2.573084E-16
6800.66162228586  2.659956E-16
6802.13237285615  2.845299E-16
6803.60312342645  2.765014E-16
6805.07387399675  2.546424E-16
6806.54462456704  2.464722E-16
6808.01537513734  2.481196E-16
6809.48612570764  2.388356E-16
6810.95687627793  2.627760E-16
6812.42762684823  2.766872E-16
6813.89837741853  2.552747E-16
6815.36912798883  2.283945E-16
6816.83987855913  2.404902E-16
6818.31062912942  2.715539E-16
6819.78137969972  2.362879E-16
6821.25213027002  2.971220E-16
6822.72288084031  2.763296E-16
6824.19363141061  2.560638E-16
6825.66438198091  2.681715E-16
6827.1351325512  2.463782E-16
6828.6058831215  2.331441E-16
6830.0766336918  2.328223E-16
6831.5473842621  2.769611E-16
6833.01813483239  3.093708E-16
6834.48888540269  2.555061E-16
6835.95963597299  2.267452E-16
6837.43038654329  2.442328E-16
6838.90113711358  2.680469E-16
6840.37188768388  2.597450E-16
6841.84263825418  2.570911E-16
6843.31338882448  2.331696E-16
6844.78413939477  2.793334E-16
6846.25488996507  2.719018E-16
6847.72564053537  2.749852E-16
6849.19639110566  2.793802E-16
6850.66714167596  2.482482E-16
6852.13789224626  2.359116E-16
6853.60864281656  2.106665E-16
6855.07939338685  2.144793E-16
6856.55014395715  2.347073E-16
6858.02089452745  2.157173E-16
6859.49164509774  2.160837E-16
6860.96239566804  2.235607E-16
6862.43314623834  2.273823E-16
6863.90389680864  2.394555E-16
6865.37464737893  2.406258E-16
6866.84539794923  2.233222E-16
6868.31614851953  2.028753E-16
6869.78689908983  1.869778E-16
6871.25764966012  1.600278E-16
6872.72840023042  1.586172E-16
6874.19915080072  1.669740E-16
6875.66990137101  1.709321E-16
6877.14065194131  1.868616E-16
6878.61140251161  1.808541E-16
6880.08215308191  2.212309E-16
6881.5529036522  1.955813E-16
6883.0236542225  2.008166E-16
6884.4944047928  2.243561E-16
6885.96515536309  1.803972E-16
6887.43590593339  1.957064E-16
6888.90665650369  2.262087E-16
6890.37740707399  2.077909E-16
6891.84815764428  1.909492E-16
6893.31890821458  1.728413E-16
6894.78965878488  2.142423E-16
6896.26040935518  1.652093E-16
6897.73115992547  1.889858E-16
6899.20191049577  2.160992E-16
6900.67266106607  1.923013E-16
6902.14341163636  1.891073E-16
6903.61416220666  2.180391E-16
6905.08491277696  1.898040E-16
6906.55566334726  2.434204E-16
6908.02641391755  1.855602E-16
6909.49716448785  2.026582E-16
6910.96791505815  2.364494E-16
6912.43866562844  1.733653E-16
6913.90941619874  1.942774E-16
6915.38016676904  2.305078E-16
6916.85091733934  2.203690E-16
6918.32166790963  2.280308E-16
6919.79241847993  2.203779E-16
6921.26316905023  2.305495E-16
6922.73391962053  1.900002E-16
6924.20467019082  1.981174E-16
6925.67542076112  1.955821E-16
6927.14617133142  2.322910E-16
6928.61692190171  2.239961E-16
6930.08767247201  2.117886E-16
6931.55842304231  1.830512E-16
6933.02917361261  1.692014E-16
6934.4999241829  2.127746E-16
6935.9706747532  1.804438E-16
6937.4414253235  2.252748E-16
6938.9121758938  2.052114E-16
6940.38292646409  1.954865E-16
6941.85367703439  2.233414E-16
6943.32442760469  1.897238E-16
6944.79517817498  1.774450E-16
6946.26592874528  1.942105E-16
6947.73667931558  2.068344E-16
6949.20742988588  2.019568E-16
6950.67818045617  2.250457E-16
6952.14893102647  2.081765E-16
6953.61968159677  2.368456E-16
6955.09043216706  1.880271E-16
6956.56118273736  2.185266E-16
6958.03193330766  1.916537E-16
6959.50268387796  1.870580E-16
6960.97343444825  2.009226E-16
6962.44418501855  2.132264E-16
6963.91493558885  2.030463E-16
6965.38568615915  2.366910E-16
6966.85643672944  1.914708E-16
6968.32718729974  2.020205E-16
6969.79793787004  1.987105E-16
6971.26868844033  1.819079E-16
6972.73943901063  2.519870E-16
6974.21018958093  2.242140E-16
6975.68094015123  2.006740E-16
6977.15169072152  1.906733E-16
6978.62244129182  2.143060E-16
6980.09319186212  1.939995E-16
6981.56394243241  2.087804E-16
6983.03469300271  2.338734E-16
6984.50544357301  2.164595E-16
6985.97619414331  1.929385E-16
6987.4469447136  2.040954E-16
6988.9176952839  1.894123E-16
6990.3884458542  1.713753E-16
6991.8591964245  1.914578E-16
6993.32994699479  1.988188E-16
6994.80069756509  1.889809E-16
6996.27144813539  1.934631E-16
6997.74219870568  1.909291E-16
6999.21294927598  2.299593E-16
7000.68369984628  1.732534E-16
7002.15445041658  2.212642E-16
7003.62520098687  1.788429E-16
7005.09595155717  1.829999E-16
7006.56670212747  2.204585E-16
7008.03745269777  1.856107E-16
7009.50820326806  1.946760E-16
7010.97895383836  1.813367E-16
7012.44970440866  1.856971E-16
7013.92045497895  1.878484E-16
7015.39120554925  1.655034E-16
7016.86195611955  1.606701E-16
7018.33270668985  1.867536E-16
7019.80345726014  1.844104E-16
7021.27420783044  1.620143E-16
7022.74495840074  1.814627E-16
7024.21570897103  1.635910E-16
7025.68645954133  1.725855E-16
7027.15721011163  1.747616E-16
7028.62796068193  1.868091E-16
7030.09871125222  1.791306E-16
7031.56946182252  1.532944E-16
7033.04021239282  1.827371E-16
7034.51096296312  1.582566E-16
7035.98171353341  1.673183E-16
7037.45246410371  1.710585E-16
7038.92321467401  1.620015E-16
7040.3939652443  1.650068E-16
7041.8647158146  1.574890E-16
7043.3354663849  1.642754E-16
7044.8062169552  2.095643E-16
7046.27696752549  1.928154E-16
7047.74771809579  1.701857E-16
7049.21846866609  1.571252E-16
7050.68921923639  2.051602E-16
7052.15996980668  1.740214E-16
7053.63072037698  1.393952E-16
7055.10147094728  1.663550E-16
7056.57222151757  1.782205E-16
7058.04297208787  1.785320E-16
7059.51372265817  1.851658E-16
7060.98447322847  1.778717E-16
7062.45522379876  1.569893E-16
7063.92597436906  1.839091E-16
7065.39672493936  1.953389E-16
7066.86747550966  1.753652E-16
7068.33822607995  1.711748E-16
7069.80897665025  1.910275E-16
7071.27972722055  2.009432E-16
7072.75047779084  1.834490E-16
7074.22122836114  1.971728E-16
7075.69197893144  1.900925E-16
7077.16272950174  2.105440E-16
7078.63348007203  1.906020E-16
7080.10423064233  1.653166E-16
7081.57498121263  1.988275E-16
7083.04573178292  1.761150E-16
7084.51648235322  1.741640E-16
7085.98723292352  1.663838E-16
7087.45798349382  1.540193E-16
7088.92873406411  1.681550E-16
7090.39948463441  2.057643E-16
7091.87023520471  1.901345E-16
7093.34098577501  1.648263E-16
7094.8117363453  1.727183E-16
7096.2824869156  1.714160E-16
7097.7532374859  1.846077E-16
7099.22398805619  1.898214E-16
7100.69473862649  1.781081E-16
7102.16548919679  1.612906E-16
7103.63623976709  1.704753E-16
7105.10699033738  1.749675E-16
7106.57774090768  1.647267E-16
7108.04849147798  1.788498E-16
7109.51924204827  1.853815E-16
7110.98999261857  1.822828E-16
7112.46074318887  1.692114E-16
7113.93149375917  1.671939E-16
7115.40224432946  1.801977E-16
7116.87299489976  1.697319E-16
7118.34374547006  1.774340E-16
7119.81449604036  1.767790E-16
7121.28524661065  1.714383E-16
7122.75599718095  1.852346E-16
7124.22674775125  1.819647E-16
7125.69749832154  1.762912E-16
7127.16824889184  1.676508E-16
7128.63899946214  1.626037E-16
7130.10975003244  1.734726E-16
7131.58050060273  1.815431E-16
7133.05125117303  1.842273E-16
7134.52200174333  1.765271E-16
7135.99275231362  2.004790E-16
7137.46350288392  1.816990E-16
7138.93425345422  1.665165E-16
7140.40500402452  1.918772E-16
7141.87575459481  1.952864E-16
7143.34650516511  1.695953E-16
7144.81725573541  1.542553E-16
7146.28800630571  1.538532E-16
7147.758756876  1.462671E-16
7149.2295074463  1.684954E-16
7150.7002580166  1.501207E-16
7152.1710085869  1.454416E-16
7153.64175915719  1.556262E-16
7155.11250972749  1.580761E-16
7156.58326029779  1.725886E-16
7158.05401086808  1.617429E-16
7159.52476143838  1.473701E-16
7160.99551200868  1.490859E-16
7162.46626257898  1.585202E-16
7163.93701314927  1.589521E-16
7165.40776371957  1.689408E-16
7166.87851428987  1.568986E-16
7168.34926486017  1.293104E-16
7169.82001543046  1.510095E-16
7171.29076600076  1.466069E-16
7172.76151657106  1.279191E-16
7174.23226714135  1.579991E-16
7175.70301771165  1.513537E-16
7177.17376828195  1.595678E-16
7178.64451885225  1.447897E-16
7180.11526942254  1.451084E-16
7181.58601999284  1.778655E-16
7183.05677056314  1.809170E-16
7184.52752113344  1.399818E-16
7185.99827170373  1.238399E-16
7187.46902227403  1.524227E-16
7188.93977284433  1.525008E-16
7190.41052341462  1.345854E-16
7191.88127398492  1.567788E-16
7193.35202455522  1.407641E-16
7194.82277512551  1.571710E-16
7196.29352569581  1.569871E-16
7197.76427626611  1.503677E-16
7199.23502683641  1.670391E-16
7200.7057774067  1.413207E-16
7202.176527977  1.086803E-16
7203.6472785473  1.493695E-16
7205.1180291176  1.759359E-16
7206.58877968789  1.525343E-16
7208.05953025819  1.243700E-16
7209.53028082849  1.406552E-16
7211.00103139879  1.629298E-16
7212.47178196908  1.551553E-16
7213.94253253938  1.648910E-16
7215.41328310968  1.762402E-16
7216.88403367997  1.556163E-16
7218.35478425027  1.476397E-16
7219.82553482057  1.511835E-16
7221.29628539087  1.498913E-16
7222.76703596116  1.528826E-16
7224.23778653146  1.716108E-16
7225.70853710176  1.544812E-16
7227.17928767205  1.463672E-16
7228.65003824235  1.527052E-16
7230.12078881265  1.951453E-16
7231.59153938295  1.377226E-16
7233.06228995324  1.425605E-16
7234.53304052354  1.153082E-16
7236.00379109384  1.034495E-16
7237.47454166414  8.178274E-17
7238.94529223443  1.222933E-16
7240.41604280473  1.336993E-16
7241.88679337503  1.449563E-16
7243.35754394532  1.704051E-16
7244.82829451562  1.192199E-16
7246.29904508592  1.891982E-16
7247.76979565622  1.893255E-16
7249.24054622651  1.625693E-16
7250.71129679681  1.401545E-16
7252.18204736711  1.320152E-16
7253.65279793741  1.525008E-16
7255.1235485077  1.231544E-16
7256.594299078  1.358730E-16
7258.0650496483  1.634352E-16
7259.53580021859  1.463987E-16
7261.00655078889  1.293919E-16
7262.47730135919  1.713421E-16
7263.94805192949  1.581443E-16
7265.41880249978  2.092591E-16
7266.88955307008  1.277412E-16
7268.36030364038  1.605446E-16
7269.83105421067  1.694449E-16
7271.30180478097  1.537147E-16
7272.77255535127  1.565731E-16
7274.24330592157  1.457945E-16
7275.71405649186  1.360802E-16
7277.18480706216  1.213752E-16
7278.65555763246  8.183250E-17
7280.12630820276  2.169240E-16
7281.59705877305  1.299612E-16
7283.06780934335  1.711571E-16
7284.53855991365  1.939266E-16
7286.00931048394  2.116017E-16
7287.48006105424  1.817285E-16
7288.95081162454  1.379482E-16
7290.42156219484  1.499352E-16
7291.89231276513  1.618484E-16
7293.36306333543  1.281835E-16
7294.83381390573  1.123034E-16
7296.30456447602  1.623568E-16
7297.77531504632  1.305325E-16
7299.24606561662  1.169194E-16
7300.71681618692  1.495093E-16
7302.18756675721  1.306904E-16
7303.65831732751  1.684094E-16
7305.12906789781  1.439874E-16
7306.59981846811  1.133059E-16
7308.0705690384  1.258334E-16
7309.5413196087  1.209948E-16
7311.012070179  1.253449E-16
7312.48282074929  1.565603E-16
7313.95357131959  1.701953E-16
7315.42432188989  2.292878E-16
7316.89507246019  1.204145E-16
7318.36582303048  1.224243E-16
7319.83657360078  1.491727E-16
7321.30732417108  1.465448E-16
7322.77807474137  1.241014E-16
7324.24882531167  1.152771E-16
7325.71957588197  1.103855E-16
7327.19032645227  1.561925E-16
7328.66107702256  1.617801E-16
7330.13182759286  1.876738E-16
7331.60257816316  1.700735E-16
7333.07332873346  1.436019E-16
7334.54407930375  1.274326E-16
7336.01482987405  1.534090E-16
7337.48558044435  1.784647E-16
7338.95633101464  1.142096E-16
7340.42708158494  1.281151E-16
7341.89783215524  1.478885E-16
7343.36858272554  1.830809E-16
7344.83933329583  1.453226E-16
7346.31008386613  1.639486E-16
7347.78083443643  1.603290E-16
7349.25158500672  1.108041E-16
7350.72233557702  1.548104E-16
7352.19308614732  1.027477E-16
7353.66383671762  1.076326E-16
7355.13458728791  1.392161E-16
7356.60533785821  1.513306E-16
7358.07608842851  1.496222E-16
7359.54683899881  1.521206E-16
7361.0175895691  1.294574E-16
7362.4883401394  1.512761E-16
7363.9590907097  1.423077E-16
7365.42984128  1.756523E-16
7366.90059185029  1.000816E-16
7368.37134242059  1.465719E-16
7369.84209299089  7.464876E-17
7371.31284356118  1.727121E-16
7372.78359413148  1.833257E-16
7374.25434470178  1.275604E-16
7375.72509527208  1.419732E-16
7377.19584584237  1.352310E-16
7378.66659641267  1.621064E-16
7380.13734698297  1.322115E-16
7381.60809755326  1.350998E-16
7383.07884812356  1.599682E-16
7384.54959869386  1.163395E-16
7386.02034926416  1.406540E-16
7387.49109983445  1.114738E-16
7388.96185040475  1.358022E-16
7390.43260097505  1.520368E-16
7391.90335154535  1.222509E-16
7393.37410211564  1.260312E-16
7394.84485268594  1.251614E-16
7396.31560325624  1.580495E-16
7397.78635382653  1.402646E-16
7399.25710439683  9.597630E-17
7400.72785496713  1.175986E-16
7402.19860553743  1.435704E-16
7403.66935610772  1.590520E-16
7405.14010667802  1.235279E-16
7406.61085724832  1.280256E-16
7408.08160781861  1.325232E-16
7409.55235838891  1.370209E-16
7411.02310895921  1.415185E-16
7412.49385952951  1.460161E-16
7413.9646100998  1.505153E-16
7415.4353606701  1.228480E-16
7416.9061112404  1.118657E-16
7418.3768618107  1.470538E-16
7419.84761238099  1.500635E-16
