3400.0 9.9167e-17
3401.525 1.0462e-16
3403.05 1.6762e-16
3404.575 1.4667e-16
3406.1 1.6352e-16
3407.625 1.6314e-16
3409.15 1.6853e-16
3410.675 1.7793e-16
3412.2 1.458e-16
3413.725 1.23e-16
3415.25 1.034e-16
3416.775 1.3346e-16
3418.3 1.5993e-16
3419.825 1.4874e-16
3421.35 1.5154e-16
3422.875 1.4295e-16
3424.4 1.4643e-16
3425.925 1.2347e-16
3427.45 1.1299e-16
3428.975 1.4077e-16
3430.5 1.3977e-16
3432.025 8.1721e-17
3433.55 1.4193e-16
3435.075 1.478e-16
3436.6 1.3448e-16
3438.125 1.1733e-16
3439.65 1.4062e-16
3441.175 1.2822e-16
3442.7 1.2956e-16
3444.225 7.0996e-17
3445.75 9.7929e-17
3447.275 1.404e-16
3448.8 1.3366e-16
3450.325 1.9892e-16
3451.85 1.2049e-16
3453.375 1.3418e-16
3454.9 1.7571e-16
3456.425 1.3719e-16
3457.95 1.2237e-16
3459.475 1.1801e-16
3461.0 1.6095e-16
3462.525 1.5434e-16
3464.05 1.2081e-16
3465.575 1.3299e-16
3467.1 1.269e-16
3468.625 1.0294e-16
3470.15 9.1237e-17
3471.675 1.0819e-16
3473.2 1.2361e-16
3474.725 8.8286e-17
3476.25 1.0456e-16
3477.775 1.1766e-16
3479.3 1.5174e-16
3480.825 1.3969e-16
3482.35 7.1388e-17
3483.875 1.1951e-16
3485.4 1.5172e-16
3486.925 1.184e-16
3488.45 1.3458e-16
3489.975 1.404e-16
3491.5 1.134e-16
3493.025 1.5396e-16
3494.55 1.3034e-16
3496.075 1.4803e-16
3497.6 1.1232e-16
3499.125 1.4389e-16
3500.65 1.0236e-16
3502.175 1.2625e-16
3503.7 1.5148e-16
3505.225 1.3513e-16
3506.75 1.6933e-16
3508.275 1.9278e-16
3509.8 1.5086e-16
3511.325 1.2708e-16
3512.85 1.0333e-16
3514.375 1.262e-16
3515.9 1.0724e-16
3517.425 1.011e-16
3518.95 1.1514e-16
3520.475 1.241e-16
3522.0 1.3193e-16
3523.525 1.4457e-16
3525.05 1.5168e-16
3526.575 1.2797e-16
3528.1 1.0542e-16
3529.625 1.2673e-16
3531.15 1.4863e-16
3532.675 1.358e-16
3534.2 1.2032e-16
3535.725 1.3392e-16
3537.25 1.1599e-16
3538.775 1.0575e-16
3540.3 1.226e-16
3541.825 1.1837e-16
3543.35 1.1661e-16
3544.875 1.1104e-16
3546.4 1.4178e-16
3547.925 1.2356e-16
3549.45 1.1212e-16
3550.975 1.1767e-16
3552.5 1.0765e-16
3554.025 1.2424e-16
3555.55 1.2773e-16
3557.075 1.217e-16
3558.6 1.2721e-16
3560.125 1.4835e-16
3561.65 1.2791e-16
3563.175 1.0436e-16
3564.7 1.2161e-16
3566.225 1.4691e-16
3567.75 1.357e-16
3569.275 1.2075e-16
3570.8 9.7431e-17
3572.325 1.4745e-16
3573.85 1.5268e-16
3575.375 1.4542e-16
3576.9 1.2433e-16
3578.425 1.1491e-16
3579.95 1.1738e-16
3581.475 1.4694e-16
3583.0 1.5098e-16
3584.525 1.4991e-16
3586.05 1.3731e-16
3587.575 1.4104e-16
3589.1 1.5525e-16
3590.625 1.2199e-16
3592.15 1.2985e-16
3593.675 1.6802e-16
3595.2 1.3327e-16
3596.725 1.3894e-16
3598.25 1.4347e-16
3599.775 1.4359e-16
3601.3 1.271e-16
3602.825 1.2836e-16
3604.35 1.3261e-16
3605.875 1.4321e-16
3607.4 1.5238e-16
3608.925 1.5276e-16
3610.45 1.3452e-16
3611.975 1.1275e-16
3613.5 1.2824e-16
3615.025 1.227e-16
3616.55 1.1308e-16
3618.075 1.0437e-16
3619.6 1.2762e-16
3621.125 1.4234e-16
3622.65 1.2739e-16
3624.175 1.1325e-16
3625.7 1.335e-16
3627.225 1.2146e-16
3628.75 1.1358e-16
3630.275 1.1405e-16
3631.8 1.1872e-16
3633.325 1.172e-16
3634.85 1.1654e-16
3636.375 1.2306e-16
3637.9 1.5103e-16
3639.425 1.3801e-16
3640.95 1.1457e-16
3642.475 1.2619e-16
3644.0 1.3911e-16
3645.525 1.2758e-16
3647.05 1.2124e-16
3648.575 1.381e-16
3650.1 1.5784e-16
3651.625 1.5175e-16
3653.15 1.3943e-16
3654.675 1.411e-16
3656.2 1.3528e-16
3657.725 9.8882e-17
3659.25 1.1119e-16
3660.775 1.2201e-16
3662.3 1.0753e-16
3663.825 1.1059e-16
3665.35 1.2254e-16
3666.875 1.3393e-16
3668.4 1.3188e-16
3669.925 1.3337e-16
3671.45 1.384e-16
3672.975 1.1852e-16
3674.5 1.208e-16
3676.025 1.2135e-16
3677.55 1.2504e-16
3679.075 1.1677e-16
3680.6 1.2623e-16
3682.125 1.0381e-16
3683.65 1.2675e-16
3685.175 1.1657e-16
3686.7 1.2039e-16
3688.225 1.3289e-16
3689.75 1.4255e-16
3691.275 1.366e-16
3692.8 1.2025e-16
3694.325 1.5547e-16
3695.85 1.3656e-16
3697.375 1.2296e-16
3698.9 1.2426e-16
3700.425 1.1791e-16
3701.95 1.3754e-16
3703.475 1.3813e-16
3705.0 1.3631e-16
3706.525 1.255e-16
3708.05 1.2009e-16
3709.575 1.2514e-16
3711.1 1.196e-16
3712.625 1.2797e-16
3714.15 1.4345e-16
3715.675 1.2507e-16
3717.2 1.1075e-16
3718.725 1.4161e-16
3720.25 1.3352e-16
3721.775 1.4121e-16
3723.3 1.231e-16
3724.825 1.2293e-16
3726.35 1.182e-16
3727.875 1.1884e-16
3729.4 1.1859e-16
3730.925 1.3434e-16
3732.45 1.4644e-16
3733.975 1.1925e-16
3735.5 1.2193e-16
3737.025 1.4468e-16
3738.55 1.3692e-16
3740.075 1.2484e-16
3741.6 1.4211e-16
3743.125 1.4511e-16
3744.65 1.2957e-16
3746.175 1.1879e-16
3747.7 1.2513e-16
3749.225 1.2382e-16
3750.75 1.0311e-16
3752.275 1.2174e-16
3753.8 1.4792e-16
3755.325 1.2805e-16
3756.85 1.352e-16
3758.375 1.3519e-16
3759.9 1.4367e-16
3761.425 1.4538e-16
3762.95 1.4135e-16
3764.475 1.2721e-16
3766.0 1.3132e-16
3767.525 1.4214e-16
3769.05 1.4816e-16
3770.575 1.3291e-16
3772.1 1.3193e-16
3773.625 1.2446e-16
3775.15 1.1248e-16
3776.675 1.3387e-16
3778.2 1.2561e-16
3779.725 1.1805e-16
3781.25 1.4202e-16
3782.775 1.3289e-16
3784.3 1.2159e-16
3785.825 1.2838e-16
3787.35 1.3026e-16
3788.875 1.3679e-16
3790.4 1.2565e-16
3791.925 1.2123e-16
3793.45 1.2285e-16
3794.975 1.3725e-16
3796.5 1.4598e-16
3798.025 1.3592e-16
3799.55 1.1873e-16
3801.075 1.0715e-16
3802.6 1.2879e-16
3804.125 1.3802e-16
3805.65 1.3214e-16
3807.175 1.3899e-16
3808.7 1.365e-16
3810.225 1.364e-16
3811.75 1.3379e-16
3813.275 1.2912e-16
3814.8 1.1354e-16
3816.325 1.3524e-16
3817.85 1.4171e-16
3819.375 1.3853e-16
3820.9 1.428e-16
3822.425 1.3334e-16
3823.95 1.3077e-16
3825.475 1.3244e-16
3827.0 1.3148e-16
3828.525 1.2898e-16
3830.05 1.5185e-16
3831.575 1.329e-16
3833.1 1.3135e-16
3834.625 1.3245e-16
3836.15 1.3739e-16
3837.675 1.2348e-16
3839.2 1.2557e-16
3840.725 1.154e-16
3842.25 1.2498e-16
3843.775 1.5221e-16
3845.3 1.3168e-16
3846.825 1.3048e-16
3848.35 1.0894e-16
3849.875 1.1605e-16
3851.4 1.4234e-16
3852.925 1.446e-16
3854.45 1.4487e-16
3855.975 1.3284e-16
3857.5 1.4015e-16
3859.025 1.3546e-16
3860.55 1.238e-16
3862.075 1.2165e-16
3863.6 1.2558e-16
3865.125 1.3022e-16
3866.65 1.3659e-16
3868.175 1.2969e-16
3869.7 1.3888e-16
3871.225 1.2149e-16
3872.75 1.2847e-16
3874.275 1.4626e-16
3875.8 1.3751e-16
3877.325 1.2195e-16
3878.85 1.1908e-16
3880.375 1.367e-16
3881.9 1.3323e-16
3883.425 1.12e-16
3884.95 1.4308e-16
3886.475 1.6025e-16
3888.0 1.3788e-16
3889.525 1.325e-16
3891.05 1.4059e-16
3892.575 1.4138e-16
3894.1 1.3043e-16
3895.625 1.3094e-16
3897.15 1.4064e-16
3898.675 1.3527e-16
3900.2 1.4418e-16
3901.725 1.4431e-16
3903.25 1.5203e-16
3904.775 1.5329e-16
3906.3 1.4809e-16
3907.825 1.99e-16
3909.35 2.2883e-16
3910.875 2.1451e-16
3912.4 1.9498e-16
3913.925 1.8681e-16
3915.45 1.7512e-16
3916.975 1.5837e-16
3918.5 1.5059e-16
3920.025 1.4903e-16
3921.55 1.3807e-16
3923.075 1.3023e-16
3924.6 1.4629e-16
3926.125 1.4955e-16
3927.65 1.5882e-16
3929.175 1.4915e-16
3930.7 1.3443e-16
3932.225 1.5086e-16
3933.75 1.3822e-16
3935.275 1.4084e-16
3936.8 1.6212e-16
3938.325 1.5749e-16
3939.85 1.4855e-16
3941.375 1.5134e-16
3942.9 1.4638e-16
3944.425 1.6923e-16
3945.95 1.6557e-16
3947.475 1.5404e-16
3949.0 1.4335e-16
3950.525 1.409e-16
3952.05 1.3959e-16
3953.575 1.5097e-16
3955.1 1.5905e-16
3956.625 1.6973e-16
3958.15 1.7168e-16
3959.675 1.5678e-16
3961.2 1.5925e-16
3962.725 1.5417e-16
3964.25 1.6865e-16
3965.775 1.5987e-16
3967.3 1.595e-16
3968.825 1.5546e-16
3970.35 1.4416e-16
3971.875 1.4873e-16
3973.4 1.5853e-16
3974.925 1.5508e-16
3976.45 1.4635e-16
3977.975 1.3991e-16
3979.5 1.372e-16
3981.025 1.4796e-16
3982.55 1.4839e-16
3984.075 1.5237e-16
3985.6 1.4903e-16
3987.125 1.4682e-16
3988.65 1.6101e-16
3990.175 1.3944e-16
3991.7 1.4735e-16
3993.225 1.5589e-16
3994.75 1.4023e-16
3996.275 1.5545e-16
3997.8 1.4378e-16
3999.325 1.4467e-16
4000.85 1.3246e-16
4002.375 1.375e-16
4003.9 1.351e-16
4005.425 1.3145e-16
4006.95 1.3841e-16
4008.475 1.2995e-16
4010.0 1.3916e-16
4011.525 1.629e-16
4013.05 1.526e-16
4014.575 1.5153e-16
4016.1 1.3629e-16
4017.625 1.4855e-16
4019.15 1.4796e-16
4020.675 1.3007e-16
4022.2 1.4284e-16
4023.725 1.4696e-16
4025.25 1.4201e-16
4026.775 1.481e-16
4028.3 1.4764e-16
4029.825 1.4703e-16
4031.35 1.5792e-16
4032.875 1.5901e-16
4034.4 1.4978e-16
4035.925 1.4896e-16
4037.45 1.5724e-16
4038.975 1.6434e-16
4040.5 1.4371e-16
4042.025 1.5669e-16
4043.55 1.5429e-16
4045.075 1.4096e-16
4046.6 1.4683e-16
4048.125 1.5392e-16
4049.65 1.6061e-16
4051.175 1.6849e-16
4052.7 1.4805e-16
4054.225 1.6343e-16
4055.75 1.5028e-16
4057.275 1.6734e-16
4058.8 1.6856e-16
4060.325 1.4303e-16
4061.85 1.4585e-16
4063.375 1.3535e-16
4064.9 1.3558e-16
4066.425 1.4119e-16
4067.95 1.4362e-16
4069.475 1.4347e-16
4071.0 1.3158e-16
4072.525 1.2881e-16
4074.05 1.3322e-16
4075.575 1.3764e-16
4077.1 1.4864e-16
4078.625 1.3635e-16
4080.15 1.3436e-16
4081.675 1.4462e-16
4083.2 1.4579e-16
4084.725 1.501e-16
4086.25 1.4462e-16
4087.775 1.604e-16
4089.3 1.5171e-16
4090.825 1.4585e-16
4092.35 1.5997e-16
4093.875 1.5811e-16
4095.4 1.3299e-16
4096.925 1.4543e-16
4098.45 1.5103e-16
4099.975 1.5281e-16
4101.5 1.3675e-16
4103.025 1.4108e-16
4104.55 1.4311e-16
4106.075 1.4857e-16
4107.6 1.5224e-16
4109.125 1.3044e-16
4110.65 1.4137e-16
4112.175 1.5653e-16
4113.7 1.5784e-16
4115.225 1.4565e-16
4116.75 1.5094e-16
4118.275 1.5263e-16
4119.8 1.5631e-16
4121.325 1.6149e-16
4122.85 1.437e-16
4124.375 1.4097e-16
4125.9 1.4245e-16
4127.425 1.3935e-16
4128.95 1.4465e-16
4130.475 1.609e-16
4132.0 1.6008e-16
4133.525 1.5946e-16
4135.05 1.6592e-16
4136.575 1.4864e-16
4138.1 1.3426e-16
4139.625 1.3816e-16
4141.15 1.5042e-16
4142.675 1.5986e-16
4144.2 1.5511e-16
4145.725 1.5523e-16
4147.25 1.5138e-16
4148.775 1.2564e-16
4150.3 1.3797e-16
4151.825 1.4752e-16
4153.35 1.5632e-16
4154.875 1.5231e-16
4156.4 1.3241e-16
4157.925 1.2691e-16
4159.45 1.3767e-16
4160.975 1.3401e-16
4162.5 1.4611e-16
4164.025 1.7035e-16
4165.55 1.7367e-16
4167.075 1.5753e-16
4168.6 1.6187e-16
4170.125 1.5521e-16
4171.65 1.4915e-16
4173.175 1.6007e-16
4174.7 1.62e-16
4176.225 1.5766e-16
4177.75 1.5908e-16
4179.275 1.471e-16
4180.8 1.5067e-16
4182.325 1.4574e-16
4183.85 1.617e-16
4185.375 1.6957e-16
4186.9 1.6778e-16
4188.425 1.6347e-16
4189.95 1.7048e-16
4191.475 1.6862e-16
4193.0 1.8195e-16
4194.525 1.6594e-16
4196.05 1.7748e-16
4197.575 1.5773e-16
4199.1 1.5425e-16
4200.625 1.62e-16
4202.15 1.5436e-16
4203.675 1.3942e-16
4205.2 1.5424e-16
4206.725 1.7279e-16
4208.25 1.6253e-16
4209.775 1.6801e-16
4211.3 1.7349e-16
4212.825 1.6582e-16
4214.35 1.5374e-16
4215.875 1.486e-16
4217.4 1.5014e-16
4218.925 1.6056e-16
4220.45 1.5814e-16
4221.975 1.4042e-16
4223.5 1.5432e-16
4225.025 1.5365e-16
4226.55 1.4197e-16
4228.075 1.4358e-16
4229.6 1.621e-16
4231.125 1.7332e-16
4232.65 1.6028e-16
4234.175 1.6972e-16
4235.7 1.5544e-16
4237.225 1.4847e-16
4238.75 1.4776e-16
4240.275 1.5437e-16
4241.8 1.5898e-16
4243.325 1.573e-16
4244.85 1.648e-16
4246.375 1.4591e-16
4247.9 1.5893e-16
4249.425 1.5814e-16
4250.95 1.6023e-16
4252.475 1.547e-16
4254.0 1.5172e-16
4255.525 1.5564e-16
4257.05 1.7849e-16
4258.575 1.6852e-16
4260.1 1.567e-16
4261.625 1.5756e-16
4263.15 1.4714e-16
4264.675 1.5343e-16
4266.2 1.5413e-16
4267.725 1.5005e-16
4269.25 1.5541e-16
4270.775 1.4948e-16
4272.3 1.4635e-16
4273.825 1.4659e-16
4275.35 1.4499e-16
4276.875 1.5551e-16
4278.4 1.6984e-16
4279.925 1.6283e-16
4281.45 1.5109e-16
4282.975 1.4613e-16
4284.5 1.5322e-16
4286.025 1.3932e-16
4287.55 1.4113e-16
4289.075 1.4249e-16
4290.6 1.4353e-16
4292.125 1.5851e-16
4293.65 1.5459e-16
4295.175 1.4099e-16
4296.7 1.3192e-16
4298.225 1.2741e-16
4299.75 1.4724e-16
4301.275 1.6581e-16
4302.8 1.704e-16
4304.325 1.8577e-16
4305.85 1.8273e-16
4307.375 1.663e-16
4308.9 1.6278e-16
4310.425 1.6059e-16
4311.95 1.5093e-16
4313.475 1.5706e-16
4315.0 1.6706e-16
4316.525 1.695e-16
4318.05 1.7494e-16
4319.575 1.6419e-16
4321.1 1.5803e-16
4322.625 1.6198e-16
4324.15 1.6446e-16
4325.675 1.4815e-16
4327.2 1.4117e-16
4328.725 1.5698e-16
4330.25 1.6112e-16
4331.775 1.47e-16
4333.3 1.6746e-16
4334.825 1.6268e-16
4336.35 1.5596e-16
4337.875 1.4694e-16
4339.4 1.5966e-16
4340.925 1.6028e-16
4342.45 1.5442e-16
4343.975 1.4651e-16
4345.5 1.546e-16
4347.025 1.6047e-16
4348.55 1.5627e-16
4350.075 1.5783e-16
4351.6 1.6155e-16
4353.125 1.6652e-16
4354.65 1.6207e-16
4356.175 1.6527e-16
4357.7 1.6382e-16
4359.225 1.4889e-16
4360.75 1.5793e-16
4362.275 1.661e-16
4363.8 1.7221e-16
4365.325 1.7384e-16
4366.85 1.5694e-16
4368.375 1.6448e-16
4369.9 1.7211e-16
4371.425 1.6943e-16
4372.95 1.7523e-16
4374.475 1.6427e-16
4376.0 1.6589e-16
4377.525 1.5362e-16
4379.05 1.6038e-16
4380.575 1.4443e-16
4382.1 1.435e-16
4383.625 1.5428e-16
4385.15 1.5972e-16
4386.675 1.7368e-16
4388.2 1.7972e-16
4389.725 1.6232e-16
4391.25 1.6475e-16
4392.775 1.4482e-16
4394.3 1.3715e-16
4395.825 1.5136e-16
4397.35 1.5747e-16
4398.875 1.6913e-16
4400.4 1.6552e-16
4401.925 1.5002e-16
4403.45 1.5752e-16
4404.975 1.4785e-16
4406.5 1.5432e-16
4408.025 1.4581e-16
4409.55 1.4209e-16
4411.075 1.374e-16
4412.6 1.3625e-16
4414.125 1.3747e-16
4415.65 1.6124e-16
4417.175 1.5482e-16
4418.7 1.3899e-16
4420.225 1.4092e-16
4421.75 1.4625e-16
4423.275 1.5048e-16
4424.8 1.5887e-16
4426.325 1.4579e-16
4427.85 1.499e-16
4429.375 1.4771e-16
4430.9 1.5683e-16
4432.425 1.4892e-16
4433.95 1.3171e-16
4435.475 1.5837e-16
4437.0 1.4503e-16
4438.525 1.3347e-16
4440.05 1.4545e-16
4441.575 1.5754e-16
4443.1 1.519e-16
4444.625 1.5225e-16
4446.15 1.6494e-16
4447.675 1.5586e-16
4449.2 1.4534e-16
4450.725 1.502e-16
4452.25 1.4485e-16
4453.775 1.4772e-16
4455.3 1.6275e-16
4456.825 1.529e-16
4458.35 1.5029e-16
4459.875 1.5092e-16
4461.4 1.4799e-16
4462.925 1.434e-16
4464.45 1.3945e-16
4465.975 1.4477e-16
4467.5 1.5165e-16
4469.025 1.4614e-16
4470.55 1.4621e-16
4472.075 1.4359e-16
4473.6 1.4651e-16
4475.125 1.4126e-16
4476.65 1.4318e-16
4478.175 1.458e-16
4479.7 1.4196e-16
4481.225 1.4297e-16
4482.75 1.5443e-16
4484.275 1.4638e-16
4485.8 1.3449e-16
4487.325 1.4212e-16
4488.85 1.4822e-16
4490.375 1.4339e-16
4491.9 1.4605e-16
4493.425 1.5158e-16
4494.95 1.458e-16
4496.475 1.3763e-16
4498.0 1.3452e-16
4499.525 1.4615e-16
4501.05 1.6254e-16
4502.575 1.4757e-16
4504.1 1.3942e-16
4505.625 1.6435e-16
4507.15 1.5236e-16
4508.675 1.581e-16
4510.2 1.3876e-16
4511.725 1.4265e-16
4513.25 1.4915e-16
4514.775 1.3912e-16
4516.3 1.3921e-16
4517.825 1.5022e-16
4519.35 1.4775e-16
4520.875 1.3556e-16
4522.4 1.6035e-16
4523.925 1.401e-16
4525.45 1.4763e-16
4526.975 1.2733e-16
4528.5 1.4088e-16
4530.025 1.436e-16
4531.55 1.3019e-16
4533.075 1.5443e-16
4534.6 1.4602e-16
4536.125 1.5034e-16
4537.65 1.4686e-16
4539.175 1.3726e-16
4540.7 1.229e-16
4542.225 1.2075e-16
4543.75 1.348e-16
4545.275 1.4192e-16
4546.8 1.3093e-16
4548.325 1.2981e-16
4549.85 1.7145e-16
4551.375 1.7116e-16
4552.9 1.8144e-16
4554.425 1.8486e-16
4555.95 1.7592e-16
4557.475 1.65e-16
4559.0 1.7322e-16
4560.525 1.603e-16
4562.05 1.6748e-16
4563.575 1.6683e-16
4565.1 1.619e-16
4566.625 1.5453e-16
4568.15 1.546e-16
4569.675 1.4624e-16
4571.2 1.5991e-16
4572.725 1.6335e-16
4574.25 1.6027e-16
4575.775 1.5212e-16
4577.3 1.7073e-16
4578.825 1.6293e-16
4580.35 1.6705e-16
4581.875 1.5845e-16
4583.4 1.6227e-16
4584.925 1.5629e-16
4586.45 1.5361e-16
4587.975 1.6017e-16
4589.5 1.5362e-16
4591.025 1.5349e-16
4592.55 1.5454e-16
4594.075 1.6389e-16
4595.6 1.6074e-16
4597.125 1.5024e-16
4598.65 1.3475e-16
4600.175 1.3357e-16
4601.7 1.6433e-16
4603.225 1.5635e-16
4604.75 1.4394e-16
4606.275 1.57e-16
4607.8 1.6084e-16
4609.325 1.5617e-16
4610.85 1.5014e-16
4612.375 1.4994e-16
4613.9 1.693e-16
4615.425 1.664e-16
4616.95 1.4664e-16
4618.475 1.5192e-16
4620.0 1.4676e-16
4621.525 1.6044e-16
4623.05 1.4379e-16
4624.575 1.3047e-16
4626.1 1.4287e-16
4627.625 1.4695e-16
4629.15 1.4173e-16
4630.675 1.5561e-16
4632.2 1.5871e-16
4633.725 1.4685e-16
4635.25 1.6191e-16
4636.775 1.529e-16
4638.3 1.4924e-16
4639.825 1.648e-16
4641.35 1.4615e-16
4642.875 1.4553e-16
4644.4 1.548e-16
4645.925 1.4979e-16
4647.45 1.4832e-16
4648.975 1.344e-16
4650.5 1.4175e-16
4652.025 1.3368e-16
4653.55 1.3908e-16
4655.075 1.5809e-16
4656.6 1.4862e-16
4658.125 1.4469e-16
4659.65 1.4217e-16
4661.175 1.3104e-16
4662.7 1.3641e-16
4664.225 1.3938e-16
4665.75 1.4844e-16
4667.275 1.464e-16
4668.8 1.3807e-16
4670.325 1.5109e-16
4671.85 1.4958e-16
4673.375 1.4198e-16
4674.9 1.4993e-16
4676.425 1.594e-16
4677.95 1.4948e-16
4679.475 1.4645e-16
4681.0 1.3688e-16
4682.525 1.3415e-16
4684.05 1.4223e-16
4685.575 1.5208e-16
4687.1 1.4749e-16
4688.625 1.4244e-16
4690.15 1.4489e-16
4691.675 1.3806e-16
4693.2 1.3918e-16
4694.725 1.4151e-16
4696.25 1.3813e-16
4697.775 1.5495e-16
4699.3 1.6625e-16
4700.825 1.4968e-16
4702.35 1.5058e-16
4703.875 1.3905e-16
4705.4 1.3811e-16
4706.925 1.4837e-16
4708.45 1.4196e-16
4709.975 1.4712e-16
4711.5 1.4454e-16
4713.025 1.5232e-16
4714.55 1.441e-16
4716.075 1.4417e-16
4717.6 1.5006e-16
4719.125 1.4464e-16
4720.65 1.3693e-16
4722.175 1.3954e-16
4723.7 1.4292e-16
4725.225 1.4088e-16
4726.75 1.4473e-16
4728.275 1.5596e-16
4729.8 1.4782e-16
4731.325 1.4021e-16
4732.85 1.593e-16
4734.375 1.5295e-16
4735.9 1.5205e-16
4737.425 1.474e-16
4738.95 1.4776e-16
4740.475 1.6664e-16
4742.0 1.5639e-16
4743.525 1.5333e-16
4745.05 1.5306e-16
4746.575 1.5736e-16
4748.1 1.5488e-16
4749.625 1.6077e-16
4751.15 1.3973e-16
4752.675 1.4243e-16
4754.2 1.5198e-16
4755.725 1.492e-16
4757.25 1.4522e-16
4758.775 1.3854e-16
4760.3 1.5014e-16
4761.825 1.5039e-16
4763.35 1.5117e-16
4764.875 1.4577e-16
4766.4 1.4802e-16
4767.925 1.5074e-16
4769.45 1.4405e-16
4770.975 1.5648e-16
4772.5 1.6479e-16
4774.025 1.5421e-16
4775.55 1.5767e-16
4777.075 1.542e-16
4778.6 1.5227e-16
4780.125 1.4571e-16
4781.65 1.4689e-16
4783.175 1.3152e-16
4784.7 1.461e-16
4786.225 1.5026e-16
4787.75 1.4883e-16
4789.275 1.625e-16
4790.8 1.5649e-16
4792.325 1.5142e-16
4793.85 1.4237e-16
4795.375 1.5377e-16
4796.9 1.5877e-16
4798.425 1.6248e-16
4799.95 1.5639e-16
4801.475 1.5353e-16
4803.0 1.5215e-16
4804.525 1.5045e-16
4806.05 1.5787e-16
4807.575 1.6462e-16
4809.1 1.5163e-16
4810.625 1.5484e-16
4812.15 1.5262e-16
4813.675 1.5472e-16
4815.2 1.508e-16
4816.725 1.4725e-16
4818.25 1.4058e-16
4819.775 1.41e-16
4821.3 1.3496e-16
4822.825 1.5733e-16
4824.35 1.512e-16
4825.875 1.5058e-16
4827.4 1.5774e-16
4828.925 1.3964e-16
4830.45 1.3847e-16
4831.975 1.4215e-16
4833.5 1.4046e-16
4835.025 1.5472e-16
4836.55 1.5089e-16
4838.075 1.5644e-16
4839.6 1.5066e-16
4841.125 1.5137e-16
4842.65 1.452e-16
4844.175 1.4948e-16
4845.7 1.4125e-16
4847.225 1.3503e-16
4848.75 1.5076e-16
4850.275 1.583e-16
4851.8 1.557e-16
4853.325 1.3482e-16
4854.85 1.4057e-16
4856.375 1.4381e-16
4857.9 1.5978e-16
4859.425 1.4401e-16
4860.95 1.457e-16
4862.475 1.4826e-16
4864.0 1.438e-16
4865.525 1.3783e-16
4867.05 1.4413e-16
4868.575 1.4859e-16
4870.1 1.376e-16
4871.625 1.5346e-16
4873.15 1.5076e-16
4874.675 1.5167e-16
4876.2 1.4863e-16
4877.725 1.4452e-16
4879.25 1.4296e-16
4880.775 1.3972e-16
4882.3 1.3172e-16
4883.825 1.5724e-16
4885.35 1.5341e-16
4886.875 1.3625e-16
4888.4 1.4259e-16
4889.925 1.631e-16
4891.45 1.4891e-16
4892.975 1.3893e-16
4894.5 1.4267e-16
4896.025 1.412e-16
4897.55 1.4303e-16
4899.075 1.4232e-16
4900.6 1.5232e-16
4902.125 1.5447e-16
4903.65 1.6284e-16
4905.175 1.5218e-16
4906.7 1.5343e-16
4908.225 1.4782e-16
4909.75 1.5142e-16
4911.275 1.5855e-16
4912.8 1.4294e-16
4914.325 1.4126e-16
4915.85 1.3588e-16
4917.375 1.3093e-16
4918.9 1.3458e-16
4920.425 1.3605e-16
4921.95 1.4149e-16
4923.475 1.4365e-16
4925.0 1.4177e-16
4926.525 1.3752e-16
4928.05 1.4048e-16
4929.575 1.4293e-16
4931.1 1.3262e-16
4932.625 1.455e-16
4934.15 1.4555e-16
4935.675 1.667e-16
4937.2 1.5975e-16
4938.725 1.4829e-16
4940.25 1.4095e-16
4941.775 1.4363e-16
4943.3 1.3517e-16
4944.825 1.4422e-16
4946.35 1.4671e-16
4947.875 1.2839e-16
4949.4 1.3315e-16
4950.925 1.3777e-16
4952.45 1.4724e-16
4953.975 1.4311e-16
4955.5 1.4203e-16
4957.025 1.4765e-16
4958.55 1.46e-16
4960.075 1.3869e-16
4961.6 1.3775e-16
4963.125 1.5616e-16
4964.65 1.5598e-16
4966.175 1.546e-16
4967.7 1.4096e-16
4969.225 1.3011e-16
4970.75 1.3166e-16
4972.275 1.295e-16
4973.8 1.4567e-16
4975.325 1.5055e-16
4976.85 1.5026e-16
4978.375 1.3935e-16
4979.9 1.4516e-16
4981.425 1.5734e-16
4982.95 1.4195e-16
4984.475 1.5041e-16
4986.0 1.5347e-16
4987.525 1.3421e-16
4989.05 1.3268e-16
4990.575 1.4612e-16
4992.1 1.3904e-16
4993.625 1.4533e-16
4995.15 1.3581e-16
4996.675 1.5132e-16
4998.2 1.4078e-16
4999.725 1.3848e-16
5001.25 1.3751e-16
5002.775 1.4943e-16
5004.3 1.6002e-16
5005.825 1.3791e-16
5007.35 1.296e-16
5008.875 1.4161e-16
5010.4 1.2465e-16
5011.925 1.2908e-16
5013.45 1.3226e-16
5014.975 1.2948e-16
5016.5 1.3046e-16
5018.025 1.4475e-16
5019.55 1.3022e-16
5021.075 1.4114e-16
5022.6 1.4196e-16
5024.125 1.2805e-16
5025.65 1.4526e-16
5027.175 1.4991e-16
5028.7 1.3329e-16
5030.225 1.369e-16
5031.75 1.3517e-16
5033.275 1.2853e-16
5034.8 1.3118e-16
5036.325 1.3237e-16
5037.85 1.4536e-16
5039.375 1.4433e-16
5040.9 1.4551e-16
5042.425 1.35e-16
5043.95 1.4177e-16
5045.475 1.5199e-16
5047.0 1.4839e-16
5048.525 1.4063e-16
5050.05 1.4112e-16
5051.575 1.5136e-16
5053.1 1.5602e-16
5054.625 1.6372e-16
5056.15 1.462e-16
5057.675 1.3388e-16
5059.2 1.3888e-16
5060.725 1.3426e-16
5062.25 1.4831e-16
5063.775 1.43e-16
5065.3 1.4115e-16
5066.825 1.3638e-16
5068.35 1.3436e-16
5069.875 1.3721e-16
5071.4 1.4378e-16
5072.925 1.4582e-16
5074.45 1.3707e-16
5075.975 1.342e-16
5077.5 1.3204e-16
5079.025 1.3311e-16
5080.55 1.3303e-16
5082.075 1.3589e-16
5083.6 1.4754e-16
5085.125 1.3525e-16
5086.65 1.3096e-16
5088.175 1.2492e-16
5089.7 1.2207e-16
5091.225 1.3049e-16
5092.75 1.3169e-16
5094.275 1.4845e-16
5095.8 1.47e-16
5097.325 1.7125e-16
5098.85 2.0232e-16
5100.375 2.1883e-16
5101.9 2.0317e-16
5103.425 1.9415e-16
5104.95 1.7636e-16
5106.475 1.7142e-16
5108.0 1.7052e-16
5109.525 1.646e-16
5111.05 1.6393e-16
5112.575 1.5698e-16
5114.1 1.5719e-16
5115.625 1.5376e-16
5117.15 1.4743e-16
5118.675 1.6717e-16
5120.2 1.7446e-16
5121.725 1.7735e-16
5123.25 1.6573e-16
5124.775 1.4445e-16
5126.3 1.4394e-16
5127.825 1.5065e-16
5129.35 1.622e-16
5130.875 1.476e-16
5132.4 1.4094e-16
5133.925 1.6197e-16
5135.45 1.5625e-16
5136.975 1.5175e-16
5138.5 1.5898e-16
5140.025 1.5768e-16
5141.55 1.4542e-16
5143.075 1.3964e-16
5144.6 1.5113e-16
5146.125 1.5143e-16
5147.65 1.5337e-16
5149.175 1.3852e-16
5150.7 1.3717e-16
5152.225 1.4994e-16
5153.75 1.3338e-16
5155.275 1.3802e-16
5156.8 1.4945e-16
5158.325 1.6137e-16
5159.85 1.4912e-16
5161.375 1.2691e-16
5162.9 1.3515e-16
5164.425 1.3411e-16
5165.95 1.4147e-16
5167.475 1.5987e-16
5169.0 1.3587e-16
5170.525 1.3974e-16
5172.05 1.3381e-16
5173.575 1.4465e-16
5175.1 1.5427e-16
5176.625 1.4249e-16
5178.15 1.2896e-16
5179.675 1.4384e-16
5181.2 1.4577e-16
5182.725 1.3929e-16
5184.25 1.4116e-16
5185.775 1.3363e-16
5187.3 1.3092e-16
5188.825 1.4247e-16
5190.35 1.4668e-16
5191.875 1.5301e-16
5193.4 1.4995e-16
5194.925 1.4389e-16
5196.45 1.5174e-16
5197.975 1.5241e-16
5199.5 1.4563e-16
5201.025 1.4703e-16
5202.55 1.6697e-16
5204.075 1.6876e-16
5205.6 1.4081e-16
5207.125 1.4069e-16
5208.65 1.4511e-16
5210.175 1.3024e-16
5211.7 1.4366e-16
5213.225 1.4054e-16
5214.75 1.3734e-16
5216.275 1.4838e-16
5217.8 1.3531e-16
5219.325 1.2203e-16
5220.85 1.426e-16
5222.375 1.525e-16
5223.9 1.3966e-16
5225.425 1.2816e-16
5226.95 1.3047e-16
5228.475 1.448e-16
5230.0 1.3945e-16
5231.525 1.4361e-16
5233.05 1.4748e-16
5234.575 1.4464e-16
5236.1 1.3913e-16
5237.625 1.4134e-16
5239.15 1.3406e-16
5240.675 1.3141e-16
5242.2 1.4703e-16
5243.725 1.4611e-16
5245.25 1.4583e-16
5246.775 1.313e-16
5248.3 1.2659e-16
5249.825 1.6562e-16
5251.35 1.9627e-16
5252.875 2.0125e-16
5254.4 1.7326e-16
5255.925 1.5003e-16
5257.45 1.3562e-16
5258.975 1.4301e-16
5260.5 1.3835e-16
5262.025 1.4013e-16
5263.55 1.3039e-16
5265.075 1.2362e-16
5266.6 1.4633e-16
5268.125 1.4879e-16
5269.65 1.517e-16
5271.175 1.1955e-16
5272.7 1.2257e-16
5274.225 1.254e-16
5275.75 1.3626e-16
5277.275 1.3946e-16
5278.8 1.3579e-16
5280.325 1.3451e-16
5281.85 1.4925e-16
5283.375 1.5084e-16
5284.9 1.4088e-16
5286.425 1.39e-16
5287.95 1.3758e-16
5289.475 1.4051e-16
5291.0 1.3596e-16
5292.525 1.3834e-16
5294.05 1.3542e-16
5295.575 1.3281e-16
5297.1 1.2339e-16
5298.625 1.2714e-16
5300.15 1.2821e-16
5301.675 1.3819e-16
5303.2 1.347e-16
5304.725 1.2575e-16
5306.25 1.4171e-16
5307.775 1.4483e-16
5309.3 1.4706e-16
5310.825 1.2714e-16
5312.35 1.4035e-16
5313.875 1.4637e-16
5315.4 1.367e-16
5316.925 1.4381e-16
5318.45 1.3402e-16
5319.975 1.3166e-16
5321.5 1.3021e-16
5323.025 1.4069e-16
5324.55 1.4339e-16
5326.075 1.2461e-16
5327.6 1.4517e-16
5329.125 1.3818e-16
5330.65 1.384e-16
5332.175 1.2251e-16
5333.7 1.4184e-16
5335.225 1.3871e-16
5336.75 1.349e-16
5338.275 1.4191e-16
5339.8 1.4824e-16
5341.325 1.2641e-16
5342.85 1.1786e-16
5344.375 1.2841e-16
5345.9 1.3953e-16
5347.425 1.5034e-16
5348.95 1.3874e-16
5350.475 1.4921e-16
5352.0 1.3926e-16
5353.525 1.3156e-16
5355.05 1.3435e-16
5356.575 1.3378e-16
5358.1 1.4083e-16
5359.625 1.3075e-16
5361.15 1.2858e-16
5362.675 1.3005e-16
5364.2 1.1945e-16
5365.725 1.284e-16
5367.25 1.3193e-16
5368.775 1.4068e-16
5370.3 1.4457e-16
5371.825 1.5483e-16
5373.35 1.3138e-16
5374.875 1.2621e-16
5376.4 1.2556e-16
5377.925 1.3305e-16
5379.45 1.3649e-16
5380.975 1.2857e-16
5382.5 1.248e-16
5384.025 1.4762e-16
5385.55 1.615e-16
5387.075 1.375e-16
5388.6 1.4695e-16
5390.125 1.3082e-16
5391.65 1.15e-16
5393.175 1.416e-16
5394.7 1.3314e-16
5396.225 1.3203e-16
5397.75 1.2843e-16
5399.275 1.2371e-16
5400.8 1.3883e-16
5402.325 1.4471e-16
5403.85 1.3277e-16
5405.375 1.5013e-16
5406.9 1.3582e-16
5408.425 1.2139e-16
5409.95 1.3704e-16
5411.475 1.455e-16
5413.0 1.2373e-16
5414.525 1.2318e-16
5416.05 1.5254e-16
5417.575 1.4865e-16
5419.1 1.2888e-16
5420.625 1.2379e-16
5422.15 1.3323e-16
5423.675 1.2695e-16
5425.2 1.4447e-16
5426.725 1.3516e-16
5428.25 1.3561e-16
5429.775 1.5782e-16
5431.3 1.5187e-16
5432.825 1.449e-16
5434.35 1.309e-16
5435.875 1.2188e-16
5437.4 1.3619e-16
5438.925 1.5835e-16
5440.45 1.4487e-16
5441.975 1.2239e-16
5443.5 1.4588e-16
5445.025 1.3869e-16
5446.55 1.2839e-16
5448.075 1.0662e-16
5449.6 1.1651e-16
5451.125 1.4323e-16
5452.65 1.4037e-16
5454.175 1.4313e-16
5455.7 1.4665e-16
5457.225 1.2949e-16
5458.75 1.3104e-16
5460.275 1.3694e-16
5461.8 1.4692e-16
5463.325 1.7713e-16
5464.85 1.6145e-16
5466.375 1.2804e-16
5467.9 1.4488e-16
5469.425 1.5634e-16
5470.95 1.308e-16
5472.475 1.192e-16
5474.0 1.2809e-16
5475.525 1.3869e-16
5477.05 1.4168e-16
5478.575 1.5332e-16
5480.1 1.4536e-16
5481.625 1.1853e-16
5483.15 1.1392e-16
5484.675 1.2844e-16
5486.2 1.4576e-16
5487.725 1.5196e-16
5489.25 1.5338e-16
5490.775 1.38e-16
5492.3 1.519e-16
5493.825 1.4183e-16
5495.35 1.0372e-16
5496.875 1.4649e-16
5498.4 1.3508e-16
5499.925 1.3006e-16
5501.45 1.3718e-16
5502.975 1.2846e-16
5504.5 1.3619e-16
5506.025 1.453e-16
5507.55 1.5086e-16
5509.075 1.2967e-16
5510.6 1.3505e-16
5512.125 1.351e-16
5513.65 1.3452e-16
5515.175 1.2131e-16
5516.7 1.3469e-16
5518.225 1.3872e-16
5519.75 1.3925e-16
5521.275 1.4882e-16
5522.8 1.6923e-16
5524.325 1.5526e-16
5525.85 1.4226e-16
5527.375 1.3876e-16
5528.9 1.3131e-16
5530.425 1.3444e-16
5531.95 1.3928e-16
5533.475 1.3707e-16
5535.0 1.4752e-16
5536.525 1.4584e-16
5538.05 1.4036e-16
5539.575 1.4311e-16
5541.1 1.5148e-16
5542.625 1.6139e-16
5544.15 1.4871e-16
5545.675 1.3542e-16
5547.2 1.348e-16
5548.725 1.3355e-16
5550.25 1.3994e-16
5551.775 1.5938e-16
5553.3 1.5507e-16
5554.825 1.4614e-16
5556.35 1.4994e-16
5557.875 1.4516e-16
5559.4 1.3294e-16
5560.925 1.3439e-16
5562.45 1.3164e-16
5563.975 1.3944e-16
5565.5 1.3965e-16
5567.025 1.4129e-16
5568.55 1.6064e-16
5570.075 1.4846e-16
5571.6 1.4636e-16
5573.125 1.5727e-16
5574.65 1.5904e-16
5576.175 1.6558e-16
5577.7 1.7357e-16
5579.225 1.4729e-16
5580.75 1.3626e-16
5582.275 1.4028e-16
5583.8 1.6005e-16
5585.325 1.5936e-16
5586.85 1.4556e-16
5588.375 1.4334e-16
5589.9 1.4302e-16
5591.425 1.4171e-16
5592.95 1.3337e-16
5594.475 1.43e-16
5596.0 1.5402e-16
5597.525 1.4858e-16
5599.05 1.4998e-16
5600.575 1.4388e-16
5602.1 1.3587e-16
5603.625 1.5147e-16
5605.15 1.5265e-16
5606.675 1.4843e-16
5608.2 1.5577e-16
5609.725 1.5367e-16
5611.25 1.3275e-16
5612.775 1.3175e-16
5614.3 1.3719e-16
5615.825 1.3059e-16
5617.35 1.3382e-16
5618.875 1.418e-16
5620.4 1.3561e-16
5621.925 1.3998e-16
5623.45 1.4142e-16
5624.975 1.3919e-16
5626.5 1.3443e-16
5628.025 1.4325e-16
5629.55 1.4512e-16
5631.075 1.395e-16
5632.6 1.2882e-16
5634.125 1.3784e-16
5635.65 1.3976e-16
5637.175 1.4191e-16
5638.7 1.4904e-16
5640.225 1.503e-16
5641.75 1.5363e-16
5643.275 1.4132e-16
5644.8 1.444e-16
5646.325 1.4596e-16
5647.85 1.3972e-16
5649.375 1.3717e-16
5650.9 1.4117e-16
5652.425 1.3272e-16
5653.95 1.2944e-16
5655.475 1.3755e-16
5657.0 1.3335e-16
5658.525 1.2946e-16
5660.05 1.3168e-16
5661.575 1.3767e-16
5663.1 1.3248e-16
5664.625 1.3994e-16
5666.15 1.431e-16
5667.675 1.4463e-16
5669.2 1.4139e-16
5670.725 1.3368e-16
5672.25 1.3148e-16
5673.775 1.3964e-16
5675.3 1.4238e-16
5676.825 1.3507e-16
5678.35 1.3194e-16
5679.875 1.3988e-16
5681.4 1.4715e-16
5682.925 1.4543e-16
5684.45 1.365e-16
5685.975 1.3267e-16
5687.5 1.3391e-16
5689.025 1.4069e-16
5690.55 1.4286e-16
5692.075 1.3391e-16
5693.6 1.2724e-16
5695.125 1.2909e-16
5696.65 1.3187e-16
5698.175 1.3144e-16
5699.7 1.3153e-16
5701.225 1.3283e-16
5702.75 1.3024e-16
5704.275 1.3219e-16
5705.8 1.4129e-16
5707.325 1.3892e-16
5708.85 1.3845e-16
5710.375 1.4399e-16
5711.9 1.3592e-16
5713.425 1.3356e-16
5714.95 1.3547e-16
5716.475 1.304e-16
5718.0 1.3291e-16
5719.525 1.4075e-16
5721.05 1.3181e-16
5722.575 1.2898e-16
5724.1 1.3402e-16
5725.625 1.2835e-16
5727.15 1.2468e-16
5728.675 1.21e-16
5730.2 1.3032e-16
5731.725 1.3435e-16
5733.25 1.3012e-16
5734.775 1.376e-16
5736.3 1.3406e-16
5737.825 1.337e-16
5739.35 1.3522e-16
5740.875 1.3009e-16
5742.4 1.3193e-16
5743.925 1.3685e-16
5745.45 1.3475e-16
5746.975 1.4001e-16
5748.5 1.3083e-16
5750.025 1.274e-16
5751.55 1.3944e-16
5753.075 1.3104e-16
5754.6 1.375e-16
5756.125 1.3881e-16
5757.65 1.3325e-16
5759.175 1.3632e-16
5760.7 1.2692e-16
5762.225 1.2347e-16
5763.75 1.2014e-16
5765.275 1.3e-16
5766.8 1.3562e-16
5768.325 1.3301e-16
5769.85 1.2508e-16
5771.375 1.2846e-16
5772.9 1.3363e-16
5774.425 1.3049e-16
5775.95 1.2199e-16
5777.475 1.1907e-16
5779.0 1.1923e-16
5780.525 1.248e-16
5782.05 1.2267e-16
5783.575 1.2969e-16
5785.1 1.3335e-16
5786.625 1.294e-16
5788.15 1.2455e-16
5789.675 1.2193e-16
5791.2 1.3061e-16
5792.725 1.3723e-16
5794.25 1.2488e-16
5795.775 1.2663e-16
5797.3 1.3336e-16
5798.825 1.2591e-16
5800.35 1.3266e-16
5801.875 1.2748e-16
5803.4 1.3206e-16
5804.925 1.457e-16
5806.45 1.3564e-16
5807.975 1.3058e-16
5809.5 1.3007e-16
5811.025 1.2668e-16
5812.55 1.2287e-16
5814.075 1.1578e-16
5815.6 1.1728e-16
5817.125 1.1698e-16
5818.65 1.2325e-16
5820.175 1.3361e-16
5821.7 1.3071e-16
5823.225 1.1894e-16
5824.75 1.1598e-16
5826.275 1.2932e-16
5827.8 1.4317e-16
5829.325 1.2606e-16
5830.85 1.2716e-16
5832.375 1.3249e-16
5833.9 1.1766e-16
5835.425 1.1528e-16
5836.95 1.28e-16
5838.475 1.3275e-16
5840.0 1.3229e-16
5841.525 1.3734e-16
5843.05 1.387e-16
5844.575 1.2811e-16
5846.1 1.2737e-16
5847.625 1.3735e-16
5849.15 1.4148e-16
5850.675 1.3593e-16
5852.2 1.2984e-16
5853.725 1.3356e-16
5855.25 1.222e-16
5856.775 1.0961e-16
5858.3 1.196e-16
5859.825 1.2428e-16
5861.35 1.1984e-16
5862.875 1.2203e-16
5864.4 1.2972e-16
5865.925 1.3346e-16
5867.45 1.3084e-16
5868.975 1.2912e-16
5870.5 1.2923e-16
5872.025 1.2454e-16
5873.55 1.2718e-16
5875.075 1.3766e-16
5876.6 1.2732e-16
5878.125 1.2055e-16
5879.65 1.2474e-16
5881.175 1.3241e-16
5882.7 1.4079e-16
5884.225 1.4203e-16
5885.75 1.3475e-16
5887.275 1.1554e-16
5888.8 1.2101e-16
5890.325 1.1936e-16
5891.85 9.4343e-17
5893.375 1.0154e-16
5894.9 1.3206e-16
5896.425 1.3497e-16
5897.95 1.2524e-16
5899.475 1.2676e-16
5901.0 1.34e-16
5902.525 1.3931e-16
5904.05 1.2876e-16
5905.575 1.2659e-16
5907.1 1.3229e-16
5908.625 1.2449e-16
5910.15 1.1794e-16
5911.675 1.1926e-16
5913.2 1.3117e-16
5914.725 1.3681e-16
5916.25 1.2684e-16
5917.775 1.1852e-16
5919.3 1.243e-16
5920.825 1.3108e-16
5922.35 1.2476e-16
5923.875 1.2582e-16
5925.4 1.2892e-16
5926.925 1.3537e-16
5928.45 1.2523e-16
5929.975 1.0775e-16
5931.5 1.2104e-16
5933.025 1.3514e-16
5934.55 1.2564e-16
5936.075 1.1284e-16
5937.6 1.2528e-16
5939.125 1.3597e-16
5940.65 1.2747e-16
5942.175 1.2174e-16
5943.7 1.2098e-16
5945.225 1.2058e-16
5946.75 1.2362e-16
5948.275 1.2219e-16
5949.8 1.1793e-16
5951.325 1.24e-16
5952.85 1.288e-16
5954.375 1.3007e-16
5955.9 1.2714e-16
5957.425 1.2488e-16
5958.95 1.2863e-16
5960.475 1.2456e-16
5962.0 1.2321e-16
5963.525 1.2637e-16
5965.05 1.2431e-16
5966.575 1.2612e-16
5968.1 1.3359e-16
5969.625 1.2476e-16
5971.15 1.1736e-16
5972.675 1.1774e-16
5974.2 1.2918e-16
5975.725 1.385e-16
5977.25 1.2587e-16
5978.775 1.1846e-16
5980.3 1.2656e-16
5981.825 1.284e-16
5983.35 1.248e-16
5984.875 1.2024e-16
5986.4 1.1941e-16
5987.925 1.2312e-16
5989.45 1.3034e-16
5990.975 1.3464e-16
5992.5 1.2449e-16
5994.025 1.244e-16
5995.55 1.2503e-16
5997.075 1.1914e-16
5998.6 1.2827e-16
6000.125 1.3265e-16
6001.65 1.272e-16
6003.175 1.2595e-16
6004.7 1.2369e-16
6006.225 1.2006e-16
6007.75 1.1929e-16
6009.275 1.1848e-16
6010.8 1.0871e-16
6012.325 1.0804e-16
6013.85 1.1546e-16
6015.375 1.2216e-16
6016.9 1.297e-16
6018.425 1.2507e-16
6019.95 1.2095e-16
6021.475 1.2416e-16
6023.0 1.2178e-16
6024.525 1.1704e-16
6026.05 1.27e-16
6027.575 1.3076e-16
6029.1 1.2093e-16
6030.625 1.1557e-16
6032.15 1.1921e-16
6033.675 1.2386e-16
6035.2 1.2094e-16
6036.725 1.1601e-16
6038.25 1.1449e-16
6039.775 1.135e-16
6041.3 1.0907e-16
6042.825 1.0848e-16
6044.35 1.1389e-16
6045.875 1.2191e-16
6047.4 1.2237e-16
6048.925 1.2062e-16
6050.45 1.1578e-16
6051.975 1.141e-16
6053.5 1.1848e-16
6055.025 1.1989e-16
6056.55 1.2159e-16
6058.075 1.2298e-16
6059.6 1.2751e-16
6061.125 1.237e-16
6062.65 1.1665e-16
6064.175 1.1218e-16
6065.7 1.1967e-16
6067.225 1.1981e-16
6068.75 1.1257e-16
6070.275 1.1808e-16
6071.8 1.2227e-16
6073.325 1.2238e-16
6074.85 1.2412e-16
6076.375 1.2938e-16
6077.9 1.2703e-16
6079.425 1.1185e-16
6080.95 1.1022e-16
6082.475 1.1771e-16
6084.0 1.1596e-16
6085.525 1.1813e-16
6087.05 1.2035e-16
6088.575 1.1529e-16
6090.1 1.1646e-16
6091.625 1.2013e-16
6093.15 1.1995e-16
6094.675 1.1878e-16
6096.2 1.1625e-16
6097.725 1.1955e-16
6099.25 1.2133e-16
6100.775 1.1893e-16
6102.3 1.242e-16
6103.825 1.21e-16
6105.35 1.1575e-16
6106.875 1.2147e-16
6108.4 1.2931e-16
6109.925 1.2819e-16
6111.45 1.1991e-16
6112.975 1.1674e-16
6114.5 1.1912e-16
6116.025 1.2272e-16
6117.55 1.2141e-16
6119.075 1.1627e-16
6120.6 1.1511e-16
6122.125 1.2177e-16
6123.65 1.2359e-16
6125.175 1.15e-16
6126.7 1.0923e-16
6128.225 1.0919e-16
6129.75 1.1959e-16
6131.275 1.337e-16
6132.8 1.3247e-16
6134.325 1.2464e-16
6135.85 1.2352e-16
6137.375 1.163e-16
6138.9 1.0681e-16
6140.425 1.055e-16
6141.95 1.0952e-16
6143.475 1.065e-16
6145.0 1.0152e-16
6146.525 1.1557e-16
6148.05 1.2251e-16
6149.575 1.1659e-16
6151.1 1.2077e-16
6152.625 1.2249e-16
6154.15 1.204e-16
6155.675 1.2645e-16
6157.2 1.2708e-16
6158.725 1.2601e-16
6160.25 1.2594e-16
6161.775 1.2496e-16
6163.3 1.3281e-16
6164.825 1.3616e-16
6166.35 1.3272e-16
6167.875 1.2827e-16
6169.4 1.2108e-16
6170.925 1.2743e-16
6172.45 1.3493e-16
6173.975 1.3046e-16
6175.5 1.3096e-16
6177.025 1.2686e-16
6178.55 1.1262e-16
6180.075 1.0853e-16
6181.6 1.2039e-16
6183.125 1.2346e-16
6184.65 1.2184e-16
6186.175 1.2117e-16
6187.7 1.2119e-16
6189.225 1.2453e-16
6190.75 1.2093e-16
6192.275 1.2763e-16
6193.8 1.3107e-16
6195.325 1.2202e-16
6196.85 1.2282e-16
6198.375 1.2032e-16
6199.9 1.1929e-16
6201.425 1.2229e-16
6202.95 1.1734e-16
6204.475 1.1525e-16
6206.0 1.1876e-16
6207.525 1.1599e-16
6209.05 1.1668e-16
6210.575 1.229e-16
6212.1 1.2612e-16
6213.625 1.285e-16
6215.15 1.2864e-16
6216.675 1.2327e-16
6218.2 1.1911e-16
6219.725 1.1623e-16
6221.25 1.1541e-16
6222.775 1.1378e-16
6224.3 1.1194e-16
6225.825 1.1052e-16
6227.35 1.122e-16
6228.875 1.2339e-16
6230.4 1.2646e-16
6231.925 1.1844e-16
6233.45 1.2173e-16
6234.975 1.2943e-16
6236.5 1.2239e-16
6238.025 1.1628e-16
6239.55 1.2134e-16
6241.075 1.2607e-16
6242.6 1.2356e-16
6244.125 1.1766e-16
6245.65 1.1505e-16
6247.175 1.1689e-16
6248.7 1.2568e-16
6250.225 1.2823e-16
6251.75 1.2063e-16
6253.275 1.1233e-16
6254.8 1.1526e-16
6256.325 1.1628e-16
6257.85 1.1738e-16
6259.375 1.2461e-16
6260.9 1.1423e-16
6262.425 1.0864e-16
6263.95 1.1795e-16
6265.475 1.1835e-16
6267.0 1.1601e-16
6268.525 1.1468e-16
6270.05 1.1561e-16
6271.575 1.2166e-16
6273.1 1.245e-16
6274.625 1.2378e-16
6276.15 1.1538e-16
6277.675 1.123e-16
6279.2 1.1488e-16
6280.725 1.1441e-16
6282.25 1.1438e-16
6283.775 1.0944e-16
6285.3 1.0921e-16
6286.825 1.1379e-16
6288.35 1.1082e-16
6289.875 1.1772e-16
6291.4 1.1944e-16
6292.925 1.1198e-16
6294.45 1.2379e-16
6295.975 1.3e-16
6297.5 1.2599e-16
6299.025 1.29e-16
6300.55 1.1985e-16
6302.075 1.0315e-16
6303.6 1.0582e-16
6305.125 1.1781e-16
6306.65 1.2062e-16
6308.175 1.1985e-16
6309.7 1.2308e-16
6311.225 1.2295e-16
6312.75 1.1794e-16
6314.275 1.1936e-16
6315.8 1.2351e-16
6317.325 1.1731e-16
6318.85 1.1214e-16
6320.375 1.1495e-16
6321.9 1.1907e-16
6323.425 1.1927e-16
6324.95 1.1854e-16
6326.475 1.2233e-16
6328.0 1.2303e-16
6329.525 1.1659e-16
6331.05 1.123e-16
6332.575 1.1311e-16
6334.1 1.1406e-16
6335.625 1.1626e-16
6337.15 1.0644e-16
6338.675 1.0533e-16
6340.2 1.1669e-16
6341.725 1.1766e-16
6343.25 1.1704e-16
6344.775 1.1428e-16
6346.3 1.1192e-16
6347.825 1.1607e-16
6349.35 1.1577e-16
6350.875 1.1583e-16
6352.4 1.1482e-16
6353.925 1.0933e-16
6355.45 1.1481e-16
6356.975 1.2466e-16
6358.5 1.2014e-16
6360.025 1.1332e-16
6361.55 1.1887e-16
6363.075 1.207e-16
6364.6 1.115e-16
6366.125 1.0859e-16
6367.65 1.0966e-16
6369.175 1.1484e-16
6370.7 1.1406e-16
6372.225 1.1373e-16
6373.75 1.0942e-16
6375.275 1.1112e-16
6376.8 1.1937e-16
6378.325 1.1173e-16
6379.85 1.0911e-16
6381.375 1.1267e-16
6382.9 1.1415e-16
6384.425 1.1464e-16
6385.95 1.1107e-16
6387.475 1.1048e-16
6389.0 1.1118e-16
6390.525 1.1066e-16
6392.05 1.0909e-16
6393.575 1.145e-16
6395.1 1.1211e-16
6396.625 1.1002e-16
6398.15 1.1051e-16
6399.675 1.1448e-16
6401.2 1.2501e-16
6402.725 1.1666e-16
6404.25 1.1229e-16
6405.775 1.1007e-16
6407.3 1.0659e-16
6408.825 1.0968e-16
6410.35 1.1372e-16
6411.875 1.1185e-16
6413.4 1.167e-16
6414.925 1.1558e-16
6416.45 1.126e-16
6417.975 1.0923e-16
6419.5 1.0748e-16
6421.025 1.0673e-16
6422.55 1.0867e-16
6424.075 1.026e-16
6425.6 1.0214e-16
6427.125 1.0982e-16
6428.65 1.1328e-16
6430.175 1.1193e-16
6431.7 1.113e-16
6433.225 1.1421e-16
6434.75 1.144e-16
6436.275 1.1432e-16
6437.8 1.1511e-16
6439.325 1.1391e-16
6440.85 1.1983e-16
6442.375 1.2515e-16
6443.9 1.1705e-16
6445.425 1.0957e-16
6446.95 1.114e-16
6448.475 1.1648e-16
6450.0 1.2118e-16
6451.525 1.1834e-16
6453.05 1.1131e-16
6454.575 1.02e-16
6456.1 9.7306e-17
6457.625 1.0044e-16
6459.15 1.0944e-16
6460.675 1.1093e-16
6462.2 1.1063e-16
6463.725 1.1498e-16
6465.25 1.1359e-16
6466.775 1.0839e-16
6468.3 1.0942e-16
6469.825 1.1362e-16
6471.35 1.127e-16
6472.875 1.0545e-16
6474.4 1.0355e-16
6475.925 1.0403e-16
6477.45 1.1425e-16
6478.975 1.1668e-16
6480.5 1.1221e-16
6482.025 1.076e-16
6483.55 1.0881e-16
6485.075 1.0736e-16
6486.6 1.0898e-16
6488.125 1.1281e-16
6489.65 1.1111e-16
6491.175 1.1375e-16
6492.7 1.1709e-16
6494.225 1.1432e-16
6495.75 1.127e-16
6497.275 1.0516e-16
6498.8 1.016e-16
6500.325 1.0322e-16
6501.85 1.0526e-16
6503.375 1.1558e-16
6504.9 1.091e-16
6506.425 1.0553e-16
6507.95 1.1185e-16
6509.475 1.0483e-16
6511.0 1.029e-16
6512.525 1.1432e-16
6514.05 1.1429e-16
6515.575 1.0536e-16
6517.1 1.0106e-16
6518.625 1.0239e-16
6520.15 1.0771e-16
6521.675 1.0824e-16
6523.2 1.0111e-16
6524.725 1.0637e-16
6526.25 1.0459e-16
6527.775 1.0525e-16
6529.3 1.1484e-16
6530.825 1.0665e-16
6532.35 1.1264e-16
6533.875 1.0787e-16
6535.4 1.034e-16
6536.925 1.1125e-16
6538.45 1.1018e-16
6539.975 1.0739e-16
6541.5 1.1032e-16
6543.025 1.1905e-16
6544.55 1.1795e-16
6546.075 1.112e-16
6547.6 1.0912e-16
6549.125 1.1063e-16
6550.65 1.1022e-16
6552.175 1.1971e-16
6553.7 1.2435e-16
6555.225 1.1943e-16
6556.75 1.2596e-16
6558.275 1.3521e-16
6559.8 1.3242e-16
6561.325 1.4099e-16
6562.85 1.4359e-16
6564.375 1.3166e-16
6565.9 1.2632e-16
6567.425 1.1805e-16
6568.95 1.0923e-16
6570.475 1.0983e-16
6572.0 1.157e-16
6573.525 1.199e-16
6575.05 1.1511e-16
6576.575 1.0605e-16
6578.1 1.0954e-16
6579.625 1.0664e-16
6581.15 1.0873e-16
6582.675 1.0938e-16
6584.2 1.0732e-16
6585.725 1.0905e-16
6587.25 1.1441e-16
6588.775 1.1006e-16
6590.3 1.0729e-16
6591.825 1.0799e-16
6593.35 1.0577e-16
6594.875 1.0655e-16
6596.4 1.0736e-16
6597.925 1.0675e-16
6599.45 1.0309e-16
6600.975 9.8461e-17
6602.5 1.047e-16
6604.025 1.0847e-16
6605.55 1.0513e-16
6607.075 1.086e-16
6608.6 1.105e-16
6610.125 1.1051e-16
6611.65 1.118e-16
6613.175 1.0865e-16
6614.7 1.0709e-16
6616.225 1.0884e-16
6617.75 1.1047e-16
6619.275 1.147e-16
6620.8 1.1121e-16
6622.325 1.0671e-16
6623.85 1.0178e-16
6625.375 1.0865e-16
6626.9 1.1455e-16
6628.425 1.0742e-16
6629.95 1.0963e-16
6631.475 1.2073e-16
6633.0 1.1858e-16
6634.525 1.143e-16
6636.05 1.1545e-16
6637.575 1.0944e-16
6639.1 1.0338e-16
6640.625 1.0541e-16
6642.15 1.0624e-16
6643.675 1.0504e-16
6645.2 1.0321e-16
6646.725 1.0522e-16
6648.25 1.0898e-16
6649.775 1.106e-16
6651.3 1.0932e-16
6652.825 1.0906e-16
6654.35 1.1026e-16
6655.875 1.0871e-16
6657.4 1.0481e-16
6658.925 1.0441e-16
6660.45 1.0668e-16
6661.975 1.0903e-16
6663.5 1.0655e-16
6665.025 1.0559e-16
6666.55 1.0883e-16
6668.075 1.0722e-16
6669.6 1.0069e-16
6671.125 1.0127e-16
6672.65 1.0687e-16
6674.175 1.083e-16
6675.7 1.1265e-16
6677.225 1.1042e-16
6678.75 1.014e-16
6680.275 1.029e-16
6681.8 1.0332e-16
6683.325 1.0235e-16
6684.85 1.0653e-16
6686.375 1.0386e-16
6687.9 1.0465e-16
6689.425 1.1241e-16
6690.95 1.0957e-16
6692.475 1.0118e-16
6694.0 1.0441e-16
6695.525 1.1207e-16
6697.05 1.1507e-16
6698.575 1.129e-16
6700.1 1.1038e-16
6701.625 1.1084e-16
6703.15 1.0489e-16
6704.675 1.0354e-16
6706.2 1.0914e-16
6707.725 1.1094e-16
6709.25 1.1405e-16
6710.775 1.1131e-16
6712.3 1.1065e-16
6713.825 1.1712e-16
6715.35 1.1564e-16
6716.875 1.1327e-16
6718.4 1.0865e-16
6719.925 1.0978e-16
6721.45 1.1379e-16
6722.975 1.1316e-16
6724.5 1.1191e-16
6726.025 1.1182e-16
6727.55 1.1067e-16
6729.075 1.1486e-16
6730.6 1.1853e-16
6732.125 1.1377e-16
6733.65 1.1432e-16
6735.175 1.15e-16
6736.7 1.1525e-16
6738.225 1.1558e-16
6739.75 1.1395e-16
6741.275 1.1287e-16
6742.8 1.2068e-16
6744.325 1.1847e-16
6745.85 1.1067e-16
6747.375 1.089e-16
6748.9 1.1664e-16
6750.425 1.23e-16
6751.95 1.2627e-16
6753.475 1.2133e-16
6755.0 1.1579e-16
6756.525 1.125e-16
6758.05 1.1234e-16
6759.575 1.1801e-16
6761.1 1.1148e-16
6762.625 1.1045e-16
6764.15 1.1442e-16
6765.675 1.1791e-16
6767.2 1.1417e-16
6768.725 1.06e-16
6770.25 1.1145e-16
6771.775 1.1949e-16
6773.3 1.2052e-16
6774.825 1.1886e-16
6776.35 1.2609e-16
6777.875 1.2339e-16
6779.4 1.131e-16
6780.925 1.1118e-16
6782.45 1.1495e-16
6783.975 1.2319e-16
6785.5 1.2306e-16
6787.025 1.2092e-16
6788.55 1.2198e-16
6790.075 1.1771e-16
6791.6 1.2407e-16
6793.125 1.2211e-16
6794.65 1.1148e-16
6796.175 1.1477e-16
6797.7 1.2087e-16
6799.225 1.2503e-16
6800.75 1.1882e-16
6802.275 1.1427e-16
6803.8 1.2075e-16
6805.325 1.2588e-16
6806.85 1.2438e-16
6808.375 1.2435e-16
6809.9 1.1911e-16
6811.425 1.1717e-16
6812.95 1.2313e-16
6814.475 1.2293e-16
6816.0 1.2115e-16
6817.525 1.2164e-16
6819.05 1.1722e-16
6820.575 1.1506e-16
6822.1 1.1677e-16
6823.625 1.2423e-16
6825.15 1.2416e-16
6826.675 1.1883e-16
6828.2 1.1985e-16
6829.725 1.2507e-16
6831.25 1.2789e-16
6832.775 1.2683e-16
6834.3 1.3018e-16
6835.825 1.2936e-16
6837.35 1.3415e-16
6838.875 1.292e-16
6840.4 1.2302e-16
6841.925 1.275e-16
6843.45 1.2624e-16
6844.975 1.2448e-16
6846.5 1.2655e-16
6848.025 1.2081e-16
6849.55 1.1867e-16
6851.075 1.1646e-16
6852.6 1.1923e-16
6854.125 1.2936e-16
6855.65 1.3139e-16
6857.175 1.2751e-16
6858.7 1.237e-16
6860.225 1.2416e-16
6861.75 1.2869e-16
6863.275 1.2417e-16
6864.8 1.1291e-16
6866.325 1.1388e-16
6867.85 1.181e-16
6869.375 1.2533e-16
6870.9 1.3427e-16
6872.425 1.4328e-16
6873.95 1.6151e-16
6875.475 1.76e-16
6877.0 2.0536e-16
6878.525 2.471e-16
6880.05 2.7676e-16
6881.575 2.9607e-16
6883.1 3.1402e-16
6884.625 3.0189e-16
6886.15 2.7367e-16
6887.675 2.43e-16
6889.2 2.1681e-16
6890.725 2.0649e-16
6892.25 2.0331e-16
6893.775 1.8751e-16
6895.3 1.7194e-16
6896.825 1.6234e-16
6898.35 1.5644e-16
6899.875 1.5661e-16
6901.4 1.5726e-16
6902.925 1.5543e-16
6904.45 1.4834e-16
6905.975 1.4505e-16
6907.5 1.5036e-16
6909.025 1.5103e-16
6910.55 1.4248e-16
6912.075 1.3742e-16
6913.6 1.3793e-16
6915.125 1.3467e-16
6916.65 1.3295e-16
6918.175 1.339e-16
6919.7 1.4213e-16
6921.225 1.4529e-16
6922.75 1.446e-16
6924.275 1.3861e-16
6925.8 1.32e-16
6927.325 1.3043e-16
6928.85 1.2293e-16
6930.375 1.2317e-16
6931.9 1.2878e-16
6933.425 1.2514e-16
6934.95 1.2594e-16
6936.475 1.2453e-16
6938.0 1.1675e-16
6939.525 1.1781e-16
6941.05 1.2361e-16
6942.575 1.2932e-16
6944.1 1.2952e-16
6945.625 1.2355e-16
6947.15 1.2614e-16
6948.675 1.3329e-16
6950.2 1.2504e-16
6951.725 1.2036e-16
6953.25 1.2512e-16
6954.775 1.1871e-16
6956.3 1.1623e-16
6957.825 1.1989e-16
6959.35 1.203e-16
6960.875 1.2005e-16
6962.4 1.1931e-16
6963.925 1.1687e-16
6965.45 1.1751e-16
6966.975 1.2104e-16
6968.5 1.2461e-16
6970.025 1.2138e-16
6971.55 1.1391e-16
6973.075 1.1842e-16
6974.6 1.2012e-16
6976.125 1.1797e-16
6977.65 1.1689e-16
6979.175 1.1306e-16
6980.7 1.1212e-16
6982.225 1.1005e-16
6983.75 1.1128e-16
6985.275 1.1576e-16
6986.8 1.1268e-16
6988.325 1.0939e-16
6989.85 1.117e-16
6991.375 1.0178e-16
6992.9 1.0201e-16
6994.425 1.0941e-16
6995.95 1.0732e-16
6997.475 1.0937e-16
6999.0 1.1514e-16
7000.525 1.1564e-16
7002.05 1.2651e-16
7003.575 1.2147e-16
7005.1 1.0996e-16
7006.625 1.1412e-16
7008.15 1.1585e-16
7009.675 1.1984e-16
7011.2 1.1626e-16
7012.725 1.0682e-16
7014.25 1.1186e-16
7015.775 1.2041e-16
7017.3 1.2112e-16
7018.825 1.1202e-16
7020.35 1.0335e-16
7021.875 1.0678e-16
7023.4 1.1113e-16
7024.925 1.105e-16
7026.45 1.1393e-16
7027.975 1.1189e-16
7029.5 1.0826e-16
7031.025 1.074e-16
7032.55 1.1093e-16
7034.075 1.1259e-16
7035.6 1.1031e-16
7037.125 1.1208e-16
7038.65 1.1738e-16
7040.175 1.2661e-16
7041.7 1.256e-16
7043.225 1.2665e-16
7044.75 1.2892e-16
7046.275 1.254e-16
7047.8 1.1291e-16
7049.325 1.0776e-16
7050.85 1.1211e-16
7052.375 1.1096e-16
7053.9 1.0875e-16
7055.425 1.0865e-16
7056.95 1.0995e-16
7058.475 1.0924e-16
7060.0 1.1232e-16
7061.525 1.1388e-16
7063.05 1.1027e-16
7064.575 1.1019e-16
7066.1 1.1045e-16
7067.625 1.0168e-16
7069.15 9.6775e-17
7070.675 9.8879e-17
7072.2 1.0696e-16
7073.725 1.0783e-16
7075.25 1.0501e-16
7076.775 1.0772e-16
7078.3 1.0396e-16
7079.825 1.0461e-16
7081.35 1.1163e-16
7082.875 1.0451e-16
7084.4 9.8822e-17
7085.925 1.0144e-16
7087.45 1.0264e-16
7088.975 1.0576e-16
7090.5 1.085e-16
7092.025 1.0003e-16
7093.55 9.1738e-17
7095.075 9.7576e-17
7096.6 1.0599e-16
7098.125 1.0341e-16
7099.65 9.9396e-17
7101.175 9.9284e-17
7102.7 1.026e-16
7104.225 1.0691e-16
7105.75 1.0741e-16
7107.275 1.0311e-16
7108.8 1.0279e-16
7110.325 1.0715e-16
7111.85 1.0928e-16
7113.375 1.0253e-16
7114.9 9.9371e-17
7116.425 1.0298e-16
7117.95 1.0722e-16
7119.475 1.0812e-16
7121.0 1.0285e-16
7122.525 9.7223e-17
7124.05 9.792e-17
7125.575 1.0302e-16
7127.1 1.0617e-16
7128.625 1.058e-16
7130.15 1.0284e-16
7131.675 9.5003e-17
7133.2 9.7228e-17
7134.725 1.0268e-16
7136.25 1.0339e-16
7137.775 1.0406e-16
7139.3 1.0002e-16
7140.825 1.0133e-16
7142.35 1.0378e-16
7143.875 1.0255e-16
7145.4 1.0563e-16
7146.925 1.0408e-16
7148.45 1.0077e-16
7149.975 1.0135e-16
7151.5 1.0077e-16
7153.025 1.0085e-16
7154.55 9.6481e-17
7156.075 9.433e-17
7157.6 9.987e-17
7159.125 1.0342e-16
7160.65 1.0422e-16
7162.175 1.0703e-16
7163.7 1.0101e-16
7165.225 9.6197e-17
7166.75 9.64e-17
7168.275 9.5452e-17
7169.8 9.1846e-17
7171.325 9.5401e-17
7172.85 9.6381e-17
7174.375 9.4216e-17
7175.9 9.6028e-17
7177.425 9.7342e-17
7178.95 1.0408e-16
7180.475 1.036e-16
7182.0 1.0134e-16
7183.525 9.8082e-17
7185.05 9.5139e-17
7186.575 9.5862e-17
7188.1 1.0014e-16
7189.625 9.4396e-17
7191.15 9.1907e-17
7192.675 9.3219e-17
7194.2 9.6728e-17
7195.725 9.9976e-17
7197.25 1.0075e-16
7198.775 9.7579e-17
7200.3 9.6341e-17
7201.825 9.7918e-17
7203.35 9.5244e-17
7204.875 9.5582e-17
7206.4 9.7132e-17
7207.925 9.5106e-17
7209.45 9.0929e-17
7210.975 8.9154e-17
7212.5 9.3755e-17
7214.025 9.9334e-17
7215.55 1.0384e-16
7217.075 1.0246e-16
7218.6 9.6523e-17
7220.125 9.0102e-17
7221.65 8.6728e-17
7223.175 9.2398e-17
7224.7 9.9595e-17
7226.225 9.7658e-17
7227.75 9.4083e-17
7229.275 9.8914e-17
7230.8 9.2674e-17
7232.325 8.4362e-17
7233.85 9.4427e-17
7235.375 1.0881e-16
7236.9 9.7745e-17
7238.425 8.7744e-17
7239.95 9.373e-17
7241.475 9.738e-17
7243.0 8.9225e-17
7244.525 1.0013e-16
7246.05 1.0372e-16
7247.575 9.0699e-17
7249.1 9.1808e-17
7250.625 9.8835e-17
7252.15 9.4522e-17
7253.675 8.862e-17
7255.2 8.8338e-17
7256.725 8.6733e-17
7258.25 9.473e-17
7259.775 1.0153e-16
7261.3 9.8674e-17
7262.825 9.6332e-17
7264.35 1.0213e-16
7265.875 1.0282e-16
7267.4 9.8967e-17
7268.925 9.8699e-17
7270.45 9.8816e-17
7271.975 9.7714e-17
7273.5 9.8747e-17
7275.025 9.0217e-17
7276.55 9.2037e-17
7278.075 9.2769e-17
7279.6 9.2547e-17
7281.125 9.4976e-17
7282.65 9.9456e-17
7284.175 1.0065e-16
7285.7 9.8928e-17
7287.225 9.4822e-17
7288.75 8.9384e-17
7290.275 8.9336e-17
7291.8 9.5888e-17
7293.325 9.2548e-17
7294.85 8.5915e-17
7296.375 8.8842e-17
7297.9 9.5233e-17
7299.425 9.7661e-17
7300.95 9.9735e-17
7302.475 1.0263e-16
7304.0 1.0058e-16
7305.525 9.0746e-17
7307.05 8.3818e-17
7308.575 8.5617e-17
7310.1 9.2032e-17
7311.625 9.4571e-17
7313.15 9.0169e-17
7314.675 9.2626e-17
7316.2 9.4104e-17
7317.725 9.2607e-17
7319.25 9.5025e-17
7320.775 9.3547e-17
7322.3 9.3128e-17
7323.825 9.5891e-17
7325.35 9.2184e-17
7326.875 8.5045e-17
7328.4 9.2825e-17
7329.925 9.8513e-17
7331.45 9.3337e-17
7332.975 9.1421e-17
7334.5 8.9341e-17
7336.025 9.2263e-17
7337.55 9.2707e-17
7339.075 8.9501e-17
7340.6 8.8328e-17
7342.125 8.7803e-17
7343.65 9.4912e-17
7345.175 9.8574e-17
7346.7 9.8648e-17
7348.225 9.8824e-17
7349.75 1.0114e-16
7351.275 9.4394e-17
7352.8 8.8461e-17
7354.325 8.9584e-17
7355.85 9.0731e-17
7357.375 9.2897e-17
7358.9 9.5493e-17
7360.425 9.1281e-17
7361.95 8.5744e-17
7363.475 9.0094e-17
7365.0 9.5081e-17
7366.525 8.5947e-17
7368.05 8.7696e-17
7369.575 9.0725e-17
7371.1 9.0888e-17
7372.625 9.4641e-17
7374.15 9.72e-17
7375.675 9.0359e-17
7377.2 8.862e-17
7378.725 8.5411e-17
7380.25 8.7123e-17
7381.775 8.7485e-17
7383.3 8.9363e-17
7384.825 9.0491e-17
7386.35 9.3774e-17
7387.875 9.3916e-17
7389.4 8.6856e-17
7390.925 8.899e-17
7392.45 9.4685e-17
7393.975 9.0115e-17
7395.5 8.8141e-17
7397.025 9.2338e-17
7398.55 9.0624e-17
7400.075 9.3568e-17
7401.6 9.6671e-17
7403.125 9.4583e-17
7404.65 9.1402e-17
7406.175 8.9364e-17
7407.7 8.8349e-17
7409.225 9.2756e-17
7410.75 9.3743e-17
7412.275 8.7523e-17
7413.8 9.209e-17
7415.325 9.6756e-17
7416.85 9.3938e-17
7418.375 9.1725e-17
7419.9 9.1666e-17
7421.425 9.0739e-17
7422.95 9.7267e-17
7424.475 9.7337e-17
7426.0 9.0315e-17
7427.525 9.0657e-17
7429.05 8.8813e-17
7430.575 9.1306e-17
7432.1 9.337e-17
7433.625 8.7992e-17
7435.15 8.621e-17
7436.675 8.7986e-17
7438.2 9.4458e-17
7439.725 9.4003e-17
7441.25 8.6431e-17
7442.775 8.6499e-17
7444.3 9.0052e-17
7445.825 8.6421e-17
7447.35 8.9926e-17
7448.875 9.1784e-17
7450.4 8.7414e-17
7451.925 9.2141e-17
7453.45 9.381e-17
7454.975 9.0023e-17
7456.5 8.8799e-17
7458.025 8.8551e-17
7459.55 9.1046e-17
7461.075 9.2727e-17
7462.6 9.1321e-17
7464.125 9.2608e-17
7465.65 8.8846e-17
7467.175 8.4951e-17
7468.7 8.863e-17
7470.225 9.2705e-17
7471.75 9.9251e-17
7473.275 9.9323e-17
7474.8 9.23e-17
7476.325 8.9717e-17
7477.85 8.7911e-17
7479.375 9.0998e-17
7480.9 1.0052e-16
7482.425 9.5738e-17
7483.95 8.482e-17
7485.475 8.2867e-17
7487.0 8.5524e-17
7488.525 9.0143e-17
7490.05 9.3032e-17
7491.575 8.9249e-17
7493.1 8.7915e-17
7494.625 8.7554e-17
7496.15 8.8728e-17
7497.675 8.5599e-17
7499.2 8.3146e-17
7500.725 8.5399e-17
7502.25 8.8315e-17
7503.775 8.5922e-17
7505.3 9.1053e-17
7506.825 8.8971e-17
7508.35 8.5149e-17
7509.875 8.6788e-17
7511.4 8.9769e-17
7512.925 8.4991e-17
7514.45 8.487e-17
7515.975 8.7028e-17
7517.5 9.9678e-17
7519.025 1.0609e-16
7520.55 9.5739e-17
7522.075 9.4548e-17
7523.6 1.0237e-16
7525.125 9.6613e-17
7526.65 8.7496e-17
7528.175 8.5488e-17
7529.7 8.1291e-17
7531.225 8.0882e-17
7532.75 8.2076e-17
7534.275 9.0355e-17
7535.8 8.8078e-17
7537.325 8.1412e-17
7538.85 8.6185e-17
7540.375 8.8271e-17
7541.9 7.9917e-17
7543.425 8.5369e-17
7544.95 8.8198e-17
7546.475 9.0182e-17
7548.0 9.1595e-17
7549.525 8.9638e-17
7551.05 8.8046e-17
7552.575 8.2879e-17
7554.1 8.362e-17
7555.625 8.8642e-17
7557.15 9.3577e-17
7558.675 9.9199e-17
7560.2 8.9651e-17
7561.725 8.4975e-17
7563.25 9.568e-17
7564.775 9.2178e-17
7566.3 7.6956e-17
7567.825 8.6584e-17
7569.35 8.9989e-17
7570.875 8.9046e-17
7572.4 8.9773e-17
7573.925 8.4103e-17
7575.45 9.0377e-17
7576.975 9.4384e-17
7578.5 8.6404e-17
7580.025 8.4221e-17
7581.55 8.7208e-17
7583.075 9.1284e-17
7584.6 9.2239e-17
7586.125 8.9081e-17
7587.65 9.051e-17
7589.175 8.8566e-17
7590.7 8.7992e-17
7592.225 8.9134e-17
7593.75 7.9807e-17
7595.275 7.7215e-17
7596.8 8.8989e-17
7598.325 8.7258e-17
7599.85 8.5733e-17
7601.375 8.7552e-17
7602.9 7.8086e-17
7604.425 8.3514e-17
7605.95 9.5233e-17
7607.475 9.2171e-17
7609.0 8.3573e-17
7610.525 8.1207e-17
7612.05 8.3931e-17
7613.575 9.1886e-17
7615.1 9.0847e-17
7616.625 8.3422e-17
7618.15 8.2457e-17
7619.675 8.1206e-17
7621.2 8.3226e-17
7622.725 8.2312e-17
7624.25 8.8571e-17
7625.775 9.7498e-17
7627.3 9.0442e-17
7628.825 9.4266e-17
7630.35 9.2463e-17
7631.875 8.2268e-17
7633.4 8.6676e-17
7634.925 8.6132e-17
7636.45 8.3611e-17
7637.975 8.4324e-17
7639.5 8.4461e-17
7641.025 9.0075e-17
7642.55 9.1881e-17
7644.075 8.2371e-17
7645.6 8.1827e-17
7647.125 8.8704e-17
7648.65 8.5768e-17
7650.175 8.4059e-17
7651.7 9.125e-17
7653.225 8.6926e-17
7654.75 8.0131e-17
7656.275 7.6633e-17
7657.8 8.288e-17
7659.325 8.7689e-17
7660.85 8.0598e-17
7662.375 8.4148e-17
7663.9 9.1773e-17
7665.425 9.2253e-17
7666.95 9.0658e-17
7668.475 8.7438e-17
7670.0 8.922e-17
7671.525 8.8109e-17
7673.05 8.3418e-17
7674.575 8.6573e-17
7676.1 9.5462e-17
7677.625 8.9386e-17
7679.15 9.0785e-17
7680.675 8.6474e-17
7682.2 8.1469e-17
7683.725 8.8505e-17
7685.25 9.1427e-17
7686.775 8.9536e-17
7688.3 8.7917e-17
7689.825 8.268e-17
7691.35 8.6588e-17
7692.875 8.8144e-17
7694.4 8.8221e-17
7695.925 9.0193e-17
7697.45 8.5033e-17
7698.975 8.6132e-17
7700.5 9.1187e-17
7702.025 8.1066e-17
7703.55 7.198e-17
7705.075 7.1882e-17
7706.6 8.4388e-17
7708.125 1.002e-16
7709.65 9.9754e-17
7711.175 8.4956e-17
7712.7 8.0093e-17
7714.225 8.5446e-17
7715.75 9.7712e-17
7717.275 1.0216e-16
7718.8 8.9037e-17
7720.325 7.4644e-17
7721.85 7.7241e-17
7723.375 8.2411e-17
7724.9 8.4938e-17
7726.425 8.0557e-17
7727.95 7.6307e-17
7729.475 8.0526e-17
7731.0 7.967e-17
7732.525 8.3789e-17
7734.05 9.1991e-17
7735.575 8.5843e-17
7737.1 7.9231e-17
7738.625 8.2057e-17
7740.15 8.4739e-17
7741.675 8.7922e-17
7743.2 8.3841e-17
7744.725 7.4692e-17
7746.25 8.0051e-17
7747.775 8.5767e-17
7749.3 8.2424e-17
7750.825 8.48e-17
7752.35 9.0066e-17
7753.875 8.8046e-17
7755.4 8.1021e-17
7756.925 7.686e-17
7758.45 7.7273e-17
7759.975 7.8579e-17
7761.5 7.6466e-17
7763.025 8.0033e-17
7764.55 8.3688e-17
7766.075 8.2245e-17
7767.6 7.7912e-17
7769.125 8.33e-17
7770.65 8.7972e-17
7772.175 8.1031e-17
7773.7 8.2365e-17
7775.225 8.425e-17
7776.75 8.5633e-17
7778.275 9.4271e-17
7779.8 9.2699e-17
7781.325 8.3909e-17
7782.85 7.7821e-17
7784.375 7.83e-17
7785.9 7.8917e-17
7787.425 8.7922e-17
7788.95 9.4722e-17
7790.475 8.7784e-17
7792.0 9.0183e-17
7793.525 9.6599e-17
7795.05 9.3742e-17
7796.575 8.5298e-17
7798.1 8.1086e-17
7799.625 7.7403e-17
7801.15 7.815e-17
7802.675 8.4065e-17
7804.2 9.1106e-17
7805.725 8.4548e-17
7807.25 8.7558e-17
7808.775 8.5414e-17
7810.3 8.063e-17
7811.825 8.3339e-17
7813.35 8.7426e-17
7814.875 8.1115e-17
7816.4 8.4883e-17
7817.925 8.2436e-17
7819.45 9.0351e-17
7820.975 9.3506e-17
7822.5 7.1427e-17
7824.025 6.4626e-17
7825.55 7.3376e-17
7827.075 7.8441e-17
7828.6 8.4972e-17
7830.125 8.6511e-17
7831.65 8.5452e-17
7833.175 8.5278e-17
7834.7 8.4145e-17
7836.225 7.9741e-17
7837.75 7.4373e-17
7839.275 8.2433e-17
7840.8 8.572e-17
7842.325 8.0109e-17
7843.85 8.0634e-17
7845.375 8.4595e-17
7846.9 8.2137e-17
7848.425 7.6098e-17
7849.95 7.51e-17
7851.475 7.7034e-17
7853.0 8.3493e-17
7854.525 8.0954e-17
7856.05 7.5714e-17
7857.575 8.5273e-17
7859.1 8.6283e-17
7860.625 7.9085e-17
7862.15 8.2912e-17
7863.675 8.7083e-17
7865.2 8.4414e-17
7866.725 8.355e-17
7868.25 8.4224e-17
7869.775 8.8386e-17
7871.3 9.1115e-17
7872.825 8.2452e-17
7874.35 7.5811e-17
7875.875 7.963e-17
7877.4 8.3331e-17
7878.925 8.3761e-17
7880.45 8.7247e-17
7881.975 8.4828e-17
7883.5 8.6911e-17
7885.025 9.1706e-17
7886.55 8.9856e-17
7888.075 8.6935e-17
7889.6 8.3766e-17
7891.125 8.1685e-17
7892.65 7.7564e-17
7894.175 8.105e-17
7895.7 8.3529e-17
7897.225 8.1789e-17
7898.75 8.1921e-17
7900.275 8.2233e-17
7901.8 8.1073e-17
7903.325 8.352e-17
7904.85 8.1277e-17
7906.375 8.518e-17
7907.9 8.534e-17
7909.425 9.1305e-17
7910.95 8.6065e-17
7912.475 7.868e-17
7914.0 8.0646e-17
7915.525 8.5409e-17
7917.05 8.7622e-17
7918.575 8.0611e-17
7920.1 8.5812e-17
7921.625 8.6033e-17
7923.15 8.6537e-17
7924.675 8.8498e-17
7926.2 8.6775e-17
7927.725 8.0835e-17
7929.25 7.0194e-17
7930.775 7.9722e-17
7932.3 8.5127e-17
7933.825 8.6348e-17
7935.35 8.7997e-17
7936.875 8.0354e-17
7938.4 8.0809e-17
7939.925 8.5024e-17
7941.45 8.2544e-17
7942.975 7.7742e-17
7944.5 8.3639e-17
7946.025 8.8856e-17
7947.55 8.767e-17
7949.075 8.7173e-17
7950.6 8.1212e-17
7952.125 8.3055e-17
7953.65 8.2995e-17
7955.175 7.931e-17
7956.7 8.115e-17
7958.225 8.072e-17
7959.75 8.8523e-17
7961.275 8.9066e-17
7962.8 7.5604e-17
7964.325 7.4339e-17
7965.85 8.001e-17
7967.375 8.4002e-17
7968.9 8.7337e-17
7970.425 8.962e-17
7971.95 8.5567e-17
7973.475 8.5377e-17
7975.0 9.2619e-17
7976.525 9.1063e-17
7978.05 8.3528e-17
7979.575 8.1976e-17
7981.1 8.7337e-17
7982.625 8.6965e-17
7984.15 8.0352e-17
7985.675 7.6216e-17
7987.2 8.5895e-17
7988.725 1.0297e-16
7990.25 9.4891e-17
7991.775 7.811e-17
7993.3 7.3608e-17
7994.825 7.6176e-17
7996.35 7.9894e-17
7997.875 7.9495e-17
7999.4 7.8784e-17
8000.925 6.9965e-17
8002.45 7.2271e-17
8003.975 7.9341e-17
8005.5 8.1779e-17
8007.025 8.1026e-17
8008.55 7.9259e-17
8010.075 8.6615e-17
8011.6 8.7416e-17
8013.125 8.0908e-17
8014.65 7.6887e-17
8016.175 7.6519e-17
8017.7 7.9619e-17
8019.225 8.1881e-17
8020.75 7.8839e-17
8022.275 8.8551e-17
8023.8 9.1548e-17
8025.325 8.1656e-17
8026.85 7.8372e-17
8028.375 7.2098e-17
8029.9 6.8184e-17
8031.425 7.3081e-17
8032.95 7.7343e-17
8034.475 6.9827e-17
8036.0 7.6453e-17
8037.525 8.1995e-17
8039.05 9.0769e-17
8040.575 8.5465e-17
8042.1 7.2842e-17
8043.625 7.9482e-17
8045.15 8.5035e-17
8046.675 8.6026e-17
8048.2 8.3699e-17
8049.725 8.1399e-17
8051.25 7.7814e-17
8052.775 7.6545e-17
8054.3 7.7293e-17
8055.825 7.4218e-17
8057.35 8.1073e-17
8058.875 7.9677e-17
8060.4 7.6954e-17
8061.925 7.8402e-17
8063.45 7.2876e-17
8064.975 7.3435e-17
8066.5 7.4516e-17
8068.025 7.7105e-17
8069.55 7.9141e-17
8071.075 8.1315e-17
8072.6 8.2818e-17
8074.125 7.7437e-17
8075.65 7.6534e-17
8077.175 8.4458e-17
8078.7 8.0071e-17
8080.225 7.5636e-17
8081.75 7.7207e-17
8083.275 7.7666e-17
8084.8 7.9143e-17
8086.325 7.8266e-17
8087.85 7.6223e-17
8089.375 7.6474e-17
8090.9 7.6382e-17
8092.425 7.7764e-17
8093.95 8.2938e-17
8095.475 8.3031e-17
8097.0 8.128e-17
8098.525 7.6812e-17
8100.05 7.0804e-17
8101.575 7.4775e-17
8103.1 7.8479e-17
8104.625 7.6396e-17
8106.15 7.509e-17
8107.675 7.4998e-17
8109.2 7.7595e-17
8110.725 7.7764e-17
8112.25 7.5705e-17
8113.775 7.7959e-17
8115.3 7.7061e-17
8116.825 7.0372e-17
8118.35 6.9234e-17
8119.875 7.58e-17
8121.4 7.9022e-17
8122.925 7.6617e-17
8124.45 7.2619e-17
8125.975 7.5218e-17
8127.5 8.1478e-17
8129.025 7.7517e-17
8130.55 7.1452e-17
8132.075 7.1256e-17
8133.6 7.9316e-17
8135.125 7.8848e-17
8136.65 7.0222e-17
8138.175 6.4777e-17
8139.7 6.9886e-17
8141.225 7.6271e-17
8142.75 7.9638e-17
8144.275 8.0542e-17
8145.8 7.2267e-17
8147.325 7.2331e-17
8148.85 7.4755e-17
8150.375 8.0463e-17
8151.9 8.9404e-17
8153.425 8.3553e-17
8154.95 8.1212e-17
8156.475 7.6619e-17
8158.0 6.9415e-17
8159.525 7.7338e-17
8161.05 7.9648e-17
8162.575 7.0409e-17
8164.1 7.0425e-17
8165.625 7.2442e-17
8167.15 7.3878e-17
8168.675 8.1254e-17
8170.2 7.8044e-17
8171.725 7.583e-17
8173.25 7.7596e-17
8174.775 7.5529e-17
8176.3 7.6631e-17
8177.825 7.9432e-17
8179.35 8.422e-17
8180.875 8.35e-17
8182.4 7.0663e-17
8183.925 7.0334e-17
8185.45 7.5239e-17
8186.975 6.8971e-17
8188.5 6.2097e-17
8190.025 6.7901e-17
8191.55 7.3558e-17
8193.075 8.7759e-17
8194.6 8.7859e-17
8196.125 7.6207e-17
8197.65 7.1104e-17
8199.175 7.1716e-17
8200.7 7.5086e-17
8202.225 8.1481e-17
8203.75 7.8777e-17
8205.275 7.5531e-17
8206.8 7.6148e-17
8208.325 7.5012e-17
8209.85 7.8054e-17
8211.375 7.8717e-17
8212.9 7.5631e-17
8214.425 7.5447e-17
8215.95 7.3909e-17
8217.475 7.2816e-17
8219.0 7.0068e-17
8220.525 7.131e-17
8222.05 7.9817e-17
8223.575 8.0371e-17
8225.1 7.5252e-17
8226.625 7.339e-17
8228.15 7.6115e-17
8229.675 7.7118e-17
8231.2 7.7166e-17
8232.725 7.719e-17
8234.25 7.7992e-17
8235.775 7.5349e-17
8237.3 7.1323e-17
8238.825 7.444e-17
8240.35 7.2743e-17
8241.875 7.3469e-17
8243.4 8.0893e-17
8244.925 8.2062e-17
8246.45 8.1624e-17
8247.975 8.0747e-17
8249.5 7.4472e-17
8251.025 7.3717e-17
8252.55 7.2761e-17
8254.075 7.0156e-17
8255.6 7.3791e-17
8257.125 7.5027e-17
8258.65 6.8446e-17
8260.175 6.8888e-17
8261.7 6.7657e-17
8263.225 7.1156e-17
8264.75 8.0269e-17
8266.275 7.9757e-17
8267.8 7.9291e-17
8269.325 7.1332e-17
8270.85 7.5303e-17
8272.375 7.7342e-17
8273.9 7.6173e-17
8275.425 7.6544e-17
8276.95 8.4863e-17
8278.475 8.5943e-17
8280.0 7.6142e-17
8281.525 7.3672e-17
8283.05 6.7271e-17
8284.575 7.7984e-17
8286.1 9.0748e-17
8287.625 8.6982e-17
8289.15 7.3852e-17
8290.675 6.2096e-17
8292.2 6.5323e-17
8293.725 6.5031e-17
8295.25 6.4782e-17
8296.775 5.9139e-17
8298.3 6.5133e-17
8299.825 7.3528e-17
8301.35 7.5648e-17
8302.875 7.1472e-17
8304.4 6.8191e-17
8305.925 7.3408e-17
8307.45 7.998e-17
8308.975 7.6065e-17
8310.5 6.7513e-17
8312.025 6.9065e-17
8313.55 7.6084e-17
8315.075 7.4297e-17
8316.6 6.8958e-17
8318.125 7.0274e-17
8319.65 6.9635e-17
8321.175 7.7421e-17
8322.7 8.2388e-17
8324.225 7.3258e-17
8325.75 7.136e-17
8327.275 7.6776e-17
8328.8 7.7613e-17
8330.325 7.8441e-17
8331.85 7.8323e-17
8333.375 7.4842e-17
8334.9 7.5481e-17
8336.425 7.3334e-17
8337.95 6.7999e-17
8339.475 8.2967e-17
8341.0 1.0142e-16
8342.525 8.5748e-17
8344.05 7.7613e-17
8345.575 8.3539e-17
8347.1 7.8819e-17
8348.625 7.7022e-17
8350.15 7.5632e-17
8351.675 8.1017e-17
8353.2 8.0416e-17
8354.725 7.6241e-17
8356.25 7.1439e-17
8357.775 6.8879e-17
8359.3 6.948e-17
8360.825 7.194e-17
8362.35 7.3475e-17
8363.875 7.8452e-17
8365.4 7.5533e-17
8366.925 7.8357e-17
8368.45 8.3256e-17
8369.975 7.6366e-17
8371.5 6.9446e-17
8373.025 7.2191e-17
8374.55 7.0831e-17
8376.075 8.1308e-17
8377.6 8.6373e-17
8379.125 8.2777e-17
8380.65 7.7218e-17
8382.175 7.8109e-17
8383.7 7.613e-17
8385.225 7.7118e-17
8386.75 7.5979e-17
8388.275 7.3885e-17
8389.8 6.7457e-17
8391.325 7.0275e-17
8392.85 7.2565e-17
8394.375 7.6306e-17
8395.9 8.4799e-17
8397.425 8.6744e-17
8398.95 8.72e-17
8400.475 8.0676e-17
8402.0 7.3732e-17
8403.525 7.2589e-17
8405.05 6.7949e-17
8406.575 7.0077e-17
8408.1 7.4613e-17
8409.625 7.667e-17
8411.15 7.4388e-17
8412.675 6.6201e-17
8414.2 6.5274e-17
8415.725 7.5526e-17
8417.25 8.0397e-17
8418.775 7.5028e-17
8420.3 7.616e-17
8421.825 7.2199e-17
8423.35 6.7634e-17
8424.875 8.4292e-17
8426.4 8.4662e-17
8427.925 6.7944e-17
8429.45 6.6621e-17
8430.975 7.1173e-17
8432.5 7.4809e-17
8434.025 7.4221e-17
8435.55 7.4679e-17
8437.075 7.8624e-17
8438.6 7.3428e-17
8440.125 7.5164e-17
8441.65 8.0024e-17
8443.175 7.1032e-17
8444.7 7.1456e-17
8446.225 7.809e-17
8447.75 8.0229e-17
8449.275 8.2732e-17
8450.8 7.8246e-17
8452.325 7.6386e-17
8453.85 7.4111e-17
8455.375 6.3718e-17
8456.9 6.3098e-17
8458.425 7.2411e-17
8459.95 7.3123e-17
8461.475 6.9653e-17
8463.0 6.7343e-17
8464.525 8.8447e-17
8466.05 8.4625e-17
8467.575 7.0473e-17
8469.1 6.3975e-17
8470.625 6.6509e-17
8472.15 6.817e-17
8473.675 6.9194e-17
8475.2 7.5149e-17
8476.725 7.0678e-17
8478.25 7.2979e-17
8479.775 8.0241e-17
8481.3 7.3947e-17
8482.825 7.03e-17
8484.35 7.4022e-17
8485.875 7.6337e-17
8487.4 7.3772e-17
8488.925 6.4579e-17
8490.45 6.2746e-17
8491.975 7.1977e-17
8493.5 7.5546e-17
8495.025 7.5406e-17
8496.55 7.3584e-17
8498.075 7.238e-17
8499.6 7.424e-17
8501.125 7.9365e-17
8502.65 8.8523e-17
8504.175 9.1021e-17
8505.7 7.9958e-17
8507.225 7.3181e-17
8508.75 7.4551e-17
8510.275 7.478e-17
8511.8 7.1122e-17
8513.325 7.5207e-17
8514.85 7.5062e-17
8516.375 7.4892e-17
8517.9 7.7816e-17
8519.425 7.4215e-17
8520.95 7.4769e-17
8522.475 7.1325e-17
8524.0 6.5549e-17
8525.525 7.2504e-17
8527.05 7.3881e-17
8528.575 6.8494e-17
8530.1 6.8525e-17
8531.625 7.1502e-17
8533.15 7.3655e-17
8534.675 7.4202e-17
8536.2 7.5245e-17
8537.725 7.6136e-17
8539.25 7.4823e-17
8540.775 7.2596e-17
8542.3 6.7558e-17
8543.825 6.6465e-17
8545.35 7.3849e-17
8546.875 7.5441e-17
8548.4 7.1359e-17
8549.925 7.0648e-17
8551.45 7.3414e-17
8552.975 7.7084e-17
8554.5 7.3772e-17
8556.025 7.0616e-17
8557.55 7.4264e-17
8559.075 7.3743e-17
8560.6 6.9209e-17
8562.125 6.8507e-17
8563.65 7.1464e-17
8565.175 7.4428e-17
8566.7 7.5501e-17
8568.225 7.4849e-17
8569.75 7.3543e-17
8571.275 6.6567e-17
8572.8 6.4002e-17
8574.325 7.4863e-17
8575.85 7.4556e-17
8577.375 6.8642e-17
8578.9 6.9697e-17
8580.425 6.8666e-17
8581.95 6.6623e-17
8583.475 7.2102e-17
8585.0 7.3095e-17
8586.525 7.3674e-17
8588.05 7.8482e-17
8589.575 7.482e-17
8591.1 7.8811e-17
8592.625 7.6533e-17
8594.15 7.2664e-17
8595.675 7.7045e-17
8597.2 7.5314e-17
8598.725 6.9736e-17
8600.25 6.7695e-17
8601.775 6.9592e-17
8603.3 7.2388e-17
8604.825 6.9014e-17
8606.35 6.8661e-17
8607.875 6.9353e-17
8609.4 6.5319e-17
8610.925 6.4125e-17
8612.45 7.2527e-17
8613.975 7.6696e-17
8615.5 7.9004e-17
8617.025 7.6869e-17
8618.55 7.3792e-17
8620.075 7.5621e-17
8621.6 7.4923e-17
8623.125 7.147e-17
8624.65 6.9272e-17
8626.175 6.5771e-17
8627.7 7.1526e-17
8629.225 7.5926e-17
8630.75 7.2814e-17
8632.275 7.0689e-17
8633.8 7.3948e-17
8635.325 7.495e-17
8636.85 7.3338e-17
8638.375 6.9777e-17
8639.9 6.8075e-17
8641.425 6.6144e-17
8642.95 6.0786e-17
8644.475 6.2738e-17
8646.0 6.6434e-17
8647.525 6.5339e-17
8649.05 7.0887e-17
8650.575 7.5464e-17
8652.1 6.9894e-17
8653.625 6.9295e-17
8655.15 6.8219e-17
8656.675 6.4334e-17
8658.2 6.9546e-17
8659.725 6.7966e-17
8661.25 6.4382e-17
8662.775 6.903e-17
8664.3 6.5672e-17
8665.825 6.5302e-17
8667.35 7.335e-17
8668.875 6.6455e-17
8670.4 6.327e-17
8671.925 6.7796e-17
8673.45 6.6712e-17
8674.975 7.0152e-17
8676.5 7.314e-17
8678.025 6.7839e-17
8679.55 6.7808e-17
8681.075 6.9758e-17
8682.6 6.7515e-17
8684.125 6.7636e-17
8685.65 7.6051e-17
8687.175 7.5211e-17
8688.7 6.8672e-17
8690.225 6.8508e-17
8691.75 7.2842e-17
8693.275 7.4136e-17
8694.8 7.3542e-17
8696.325 7.2965e-17
8697.85 7.3394e-17
8699.375 7.3015e-17
8700.9 7.254e-17
8702.425 6.8325e-17
8703.95 6.5837e-17
8705.475 6.771e-17
8707.0 6.6554e-17
8708.525 6.4639e-17
8710.05 6.4027e-17
8711.575 6.422e-17
8713.1 6.6555e-17
8714.625 7.5742e-17
8716.15 7.8018e-17
8717.675 7.0165e-17
8719.2 6.7881e-17
8720.725 7.3307e-17
8722.25 7.3379e-17
8723.775 6.832e-17
8725.3 6.7576e-17
8726.825 6.7456e-17
8728.35 6.5835e-17
8729.875 6.6794e-17
8731.4 6.9385e-17
8732.925 7.517e-17
8734.45 7.0428e-17
8735.975 6.7078e-17
8737.5 6.982e-17
8739.025 6.9937e-17
8740.55 7.3991e-17
8742.075 7.2665e-17
8743.6 6.5955e-17
8745.125 6.994e-17
8746.65 7.1767e-17
8748.175 7.0851e-17
8749.7 7.3297e-17
8751.225 7.3191e-17
8752.75 7.3562e-17
8754.275 7.8686e-17
8755.8 8.339e-17
8757.325 8.1553e-17
8758.85 7.6381e-17
8760.375 7.5315e-17
8761.9 8.2349e-17
8763.425 7.8888e-17
8764.95 6.9592e-17
8766.475 7.4983e-17
8768.0 8.0369e-17
8769.525 7.5181e-17
8771.05 7.5873e-17
8772.575 7.6977e-17
8774.1 7.3094e-17
8775.625 6.4351e-17
8777.15 7.1414e-17
8778.675 7.674e-17
8780.2 6.7792e-17
8781.725 6.7128e-17
8783.25 7.0416e-17
8784.775 6.6466e-17
8786.3 7.5405e-17
8787.825 7.0789e-17
8789.35 6.251e-17
8790.875 7.1124e-17
8792.4 7.1328e-17
8793.925 7.0159e-17
8795.45 7.1216e-17
8796.975 6.9332e-17
8798.5 6.555e-17
8800.025 7.0028e-17
8801.55 7.3093e-17
8803.075 7.2023e-17
8804.6 6.5893e-17
8806.125 6.6021e-17
8807.65 7.3189e-17
8809.175 7.6347e-17
8810.7 7.0386e-17
8812.225 6.589e-17
8813.75 6.62e-17
8815.275 7.0102e-17
8816.8 7.1286e-17
8818.325 6.7794e-17
8819.85 5.8973e-17
8821.375 6.4195e-17
8822.9 6.9277e-17
8824.425 6.8571e-17
8825.95 8.3272e-17
8827.475 9.0255e-17
8829.0 7.8813e-17
8830.525 6.8518e-17
8832.05 6.7549e-17
8833.575 6.1285e-17
8835.1 6.3042e-17
8836.625 7.0649e-17
8838.15 6.7663e-17
8839.675 6.0183e-17
8841.2 5.6051e-17
8842.725 5.8856e-17
8844.25 6.3543e-17
8845.775 6.3899e-17
8847.3 6.595e-17
8848.825 6.9325e-17
8850.35 6.5607e-17
8851.875 6.0304e-17
8853.4 6.338e-17
8854.925 7.1145e-17
8856.45 7.4557e-17
8857.975 7.2024e-17
8859.5 7.0628e-17
8861.025 7.6694e-17
8862.55 8.419e-17
8864.075 8.4897e-17
8865.6 8.2946e-17
8867.125 8.0786e-17
8868.65 7.1388e-17
8870.175 6.3865e-17
8871.7 6.6073e-17
8873.225 6.5342e-17
8874.75 6.6426e-17
8876.275 6.4483e-17
8877.8 6.8138e-17
8879.325 6.4812e-17
8880.85 6.0157e-17
8882.375 7.0116e-17
8883.9 8.7047e-17
8885.425 1.0063e-16
8886.95 7.699e-17
8888.475 5.769e-17
8890.0 6.0439e-17
8891.525 6.6648e-17
8893.05 7.1335e-17
8894.575 7.1879e-17
8896.1 6.3599e-17
8897.625 6.0218e-17
8899.15 6.6487e-17
8900.675 6.9818e-17
8902.2 6.6108e-17
8903.725 6.9702e-17
8905.25 6.4905e-17
8906.775 6.2961e-17
8908.3 6.9155e-17
8909.825 6.8615e-17
8911.35 6.2647e-17
8912.875 5.6054e-17
8914.4 7.8694e-17
8915.925 8.7072e-17
8917.45 6.5071e-17
8918.975 7.0312e-17
8920.5 6.904e-17
8922.025 6.3361e-17
8923.55 6.8068e-17
8925.075 6.7375e-17
8926.6 6.3324e-17
8928.125 6.5945e-17
8929.65 6.6105e-17
8931.175 6.4194e-17
8932.7 6.653e-17
8934.225 6.618e-17
8935.75 7.0185e-17
8937.275 7.5957e-17
8938.8 7.8991e-17
8940.325 7.7447e-17
8941.85 6.9688e-17
8943.375 6.6298e-17
8944.9 6.3157e-17
8946.425 5.8905e-17
8947.95 6.4601e-17
8949.475 6.7611e-17
8951.0 6.0474e-17
8952.525 6.6309e-17
8954.05 8.2287e-17
8955.575 8.3126e-17
8957.1 7.1963e-17
8958.625 6.2163e-17
8960.15 6.2149e-17
8961.675 6.5803e-17
8963.2 6.2224e-17
8964.725 6.3612e-17
8966.25 6.3924e-17
8967.775 5.9595e-17
8969.3 6.3367e-17
8970.825 6.2779e-17
8972.35 6.5248e-17
8973.875 7.1733e-17
8975.4 7.0013e-17
8976.925 7.1337e-17
8978.45 7.26e-17
8979.975 6.1648e-17
8981.5 6.7446e-17
8983.025 6.9403e-17
8984.55 6.6288e-17
8986.075 7.9853e-17
8987.6 7.414e-17
8989.125 6.1893e-17
8990.65 7.0639e-17
8992.175 6.9639e-17
8993.7 6.9541e-17
8995.225 7.3782e-17
8996.75 7.2901e-17
8998.275 6.3805e-17
8999.8 6.8773e-17
9001.325 7.3382e-17
9002.85 6.3406e-17
9004.375 6.0516e-17
9005.9 6.0634e-17
9007.425 6.4066e-17
9008.95 6.2822e-17
9010.475 6.7402e-17
9012.0 6.6088e-17
9013.525 6.1965e-17
9015.05 6.2826e-17
9016.575 6.4298e-17
9018.1 6.3745e-17
9019.625 6.3494e-17
9021.15 6.8109e-17
9022.675 7.2915e-17
9024.2 7.1258e-17
9025.725 6.5939e-17
9027.25 6.7746e-17
9028.775 7.095e-17
9030.3 6.6982e-17
9031.825 6.3742e-17
9033.35 6.1864e-17
9034.875 6.0031e-17
9036.4 6.106e-17
9037.925 6.6975e-17
9039.45 6.6519e-17
9040.975 6.4738e-17
9042.5 5.9594e-17
9044.025 5.865e-17
9045.55 6.7572e-17
9047.075 6.2631e-17
9048.6 6.1826e-17
9050.125 6.6068e-17
9051.65 6.0697e-17
9053.175 5.8898e-17
9054.7 6.2721e-17
9056.225 6.3992e-17
9057.75 5.9933e-17
9059.275 6.1453e-17
9060.8 6.459e-17
9062.325 5.7896e-17
9063.85 5.6974e-17
9065.375 5.8472e-17
9066.9 5.4566e-17
9068.425 6.3116e-17
9069.95 7.0718e-17
9071.475 6.6039e-17
9073.0 6.3178e-17
9074.525 6.6714e-17
9076.05 6.8161e-17
9077.575 6.6874e-17
9079.1 6.694e-17
9080.625 6.2599e-17
9082.15 6.0287e-17
9083.675 5.7786e-17
9085.2 5.8855e-17
9086.725 6.066e-17
9088.25 6.0032e-17
9089.775 5.9239e-17
9091.3 6.0401e-17
9092.825 6.2139e-17
9094.35 6.2999e-17
9095.875 6.0971e-17
9097.4 6.1859e-17
9098.925 7.1403e-17
9100.45 6.2781e-17
9101.975 5.8525e-17
9103.5 6.0687e-17
9105.025 6.092e-17
9106.55 6.7974e-17
9108.075 6.2312e-17
9109.6 5.8809e-17
9111.125 5.9285e-17
9112.65 5.7433e-17
9114.175 5.3838e-17
9115.7 5.9587e-17
9117.225 6.3777e-17
9118.75 6.7851e-17
9120.275 6.4592e-17
9121.8 5.7302e-17
9123.325 6.1431e-17
9124.85 6.3023e-17
9126.375 6.3416e-17
9127.9 6.2936e-17
9129.425 5.4674e-17
9130.95 5.8058e-17
9132.475 6.3855e-17
9134.0 5.9638e-17
9135.525 5.7601e-17
9137.05 5.6387e-17
9138.575 6.1366e-17
9140.1 6.5986e-17
9141.625 6.2603e-17
9143.15 5.8631e-17
9144.675 5.8304e-17
9146.2 5.8772e-17
9147.725 6.0475e-17
9149.25 5.5691e-17
9150.775 5.2468e-17
9152.3 6.1268e-17
9153.825 6.8373e-17
9155.35 6.919e-17
9156.875 6.6835e-17
9158.4 6.2651e-17
9159.925 6.432e-17
9161.45 6.7101e-17
9162.975 6.0999e-17
9164.5 5.9801e-17
9166.025 6.6076e-17
9167.55 6.4846e-17
9169.075 6.1639e-17
9170.6 5.9379e-17
9172.125 5.826e-17
9173.65 6.4177e-17
9175.175 6.6364e-17
9176.7 6.3989e-17
9178.225 6.2946e-17
9179.75 6.1076e-17
9181.275 6.5784e-17
9182.8 6.3917e-17
9184.325 6.1496e-17
9185.85 6.7516e-17
9187.375 6.616e-17
9188.9 6.1395e-17
9190.425 6.102e-17
9191.95 6.4382e-17
9193.475 6.5979e-17
9195.0 6.6249e-17
9196.525 6.3878e-17
9198.05 6.1907e-17
9199.575 6.1219e-17
9201.1 6.294e-17
9202.625 6.5299e-17
9204.15 6.3498e-17
9205.675 6.6945e-17
9207.2 6.6768e-17
9208.725 6.533e-17
9210.25 6.131e-17
9211.775 6.3446e-17
9213.3 6.6629e-17
9214.825 6.9314e-17
9216.35 5.9849e-17
9217.875 5.9636e-17
9219.4 6.991e-17
9220.925 7.3518e-17
9222.45 7.0913e-17
9223.975 6.4456e-17
9225.5 6.2456e-17
9227.025 6.0568e-17
9228.55 6.0729e-17
9230.075 6.3025e-17
9231.6 6.3403e-17
9233.125 5.6732e-17
9234.65 5.8013e-17
9236.175 6.4213e-17
9237.7 6.0248e-17
9239.225 5.8508e-17
9240.75 6.1731e-17
9242.275 6.1067e-17
9243.8 5.9431e-17
9245.325 5.642e-17
9246.85 5.8343e-17
9248.375 6.6311e-17
9249.9 6.7929e-17
9251.425 6.4508e-17
9252.95 6.1882e-17
9254.475 6.1429e-17
9256.0 6.3955e-17
9257.525 6.567e-17
9259.05 6.539e-17
9260.575 6.5228e-17
9262.1 6.1413e-17
9263.625 6.3459e-17
9265.15 6.9343e-17
9266.675 6.612e-17
9268.2 6.5518e-17
9269.725 6.4731e-17
9271.25 6.4281e-17
9272.775 6.8472e-17
9274.3 6.9943e-17
9275.825 6.7468e-17
9277.35 6.4449e-17
9278.875 6.7216e-17
9280.4 6.9634e-17
9281.925 6.8325e-17
9283.45 6.3025e-17
9284.975 6.4271e-17
9286.5 6.173e-17
9288.025 6.0557e-17
9289.55 6.5349e-17
9291.075 6.0641e-17
9292.6 5.6433e-17
9294.125 5.5075e-17
9295.65 6.3676e-17
9297.175 7.4568e-17
9298.7 6.9823e-17
9300.225 6.3064e-17
9301.75 6.9943e-17
9303.275 8.004e-17
9304.8 6.791e-17
9306.325 5.4251e-17
9307.85 9.5932e-17
9309.375 8.3282e-17
9310.9 6.9083e-17
9312.425 8.3785e-17
9313.95 8.9647e-17
9315.475 6.6786e-17
9317.0 6.0939e-17
9318.525 6.0099e-17
9320.05 5.4999e-17
9321.575 7.761e-17
9323.1 8.5884e-17
9324.625 7.3622e-17
9326.15 7.0088e-17
9327.675 6.9964e-17
9329.2 6.9149e-17
9330.725 7.2406e-17
9332.25 6.9079e-17
9333.775 6.6395e-17
9335.3 6.8743e-17
9336.825 6.3099e-17
9338.35 4.3694e-17
9339.875 4.9403e-17
9341.4 5.5114e-17
9342.925 6.9016e-17
9344.45 8.627e-17
9345.975 7.3028e-17
9347.5 6.5776e-17
9349.025 6.1029e-17
9350.55 5.7658e-17
9352.075 6.5584e-17
9353.6 6.7207e-17
9355.125 6.8493e-17
9356.65 7.2759e-17
9358.175 7.1685e-17
9359.7 7.1545e-17
9361.225 6.9203e-17
9362.75 7.0157e-17
9364.275 7.1616e-17
9365.8 6.4548e-17
9367.325 6.2422e-17
9368.85 8.7069e-17
9370.375 1.0878e-16
9371.9 7.4269e-17
9373.425 5.5324e-17
9374.95 9.1982e-17
9376.475 1.1496e-16
9378.0 7.9969e-17
9379.525 7.5387e-17
9381.05 7.8008e-17
9382.575 6.0716e-17
9384.1 6.1323e-17
9385.625 6.8298e-17
9387.15 7.1962e-17
9388.675 7.0833e-17
9390.2 7.4839e-17
9391.725 7.4355e-17
9393.25 6.3014e-17
9394.775 5.1857e-17
9396.3 5.0203e-17
9397.825 4.756e-17
9399.35 4.6544e-17
9400.875 6.0917e-17
9402.4 5.8871e-17
9403.925 6.2373e-17
9405.45 6.6045e-17
9406.975 6.9069e-17
9408.5 6.9565e-17
9410.025 7.081e-17
9411.55 6.8211e-17
9413.075 6.4845e-17
9414.6 7.2258e-17
9416.125 8.4193e-17
9417.65 8.4898e-17
9419.175 7.2499e-17
9420.7 5.1055e-17
9422.225 5.1218e-17
9423.75 5.9248e-17
9425.275 5.4784e-17
9426.8 5.711e-17
9428.325 6.4774e-17
9429.85 7.5102e-17
9431.375 7.6088e-17
9432.9 7.4735e-17
9434.425 7.0701e-17
9435.95 4.3522e-17
9437.475 4.4641e-17
9439.0 1.0242e-16
9440.525 7.7636e-17
9442.05 5.8497e-17
9443.575 6.8918e-17
9445.1 6.3448e-17
9446.625 6.8092e-17
9448.15 7.2239e-17
9449.675 6.4785e-17
9451.2 5.8683e-17
9452.725 6.6931e-17
9454.25 8.0239e-17
9455.775 7.5312e-17
9457.3 6.9172e-17
9458.825 7.6799e-17
9460.35 8.0005e-17
9461.875 6.8816e-17
9463.4 6.4641e-17
9464.925 7.2128e-17
9466.45 7.3099e-17
9467.975 7.1423e-17
9469.5 6.3049e-17
9471.025 8.2042e-17
9472.55 8.9308e-17
9474.075 3.0183e-17
9475.6 2.7872e-17
9477.125 4.8559e-17
9478.65 4.7226e-17
9480.175 6.7251e-17
9481.7 6.8254e-17
9483.225 6.1473e-17
9484.75 6.2872e-17
9486.275 5.8391e-17
9487.8 5.397e-17
9489.325 5.4904e-17
9490.85 5.0715e-17
9492.375 5.4348e-17
9493.9 6.174e-17
9495.425 6.3606e-17
9496.95 8.7841e-17
9498.475 8.4494e-17
9500.0 5.6637e-17
9501.525 8.7765e-17
9503.05 7.1334e-17
9504.575 5.6529e-17
9506.1 5.8297e-17
9507.625 6.1757e-17
9509.15 7.3962e-17
9510.675 7.1211e-17
9512.2 7.2377e-17
9513.725 8.4486e-17
9515.25 8.3168e-17
9516.775 8.5697e-17
9518.3 1.0729e-16
9519.825 7.9717e-17
9521.35 4.6599e-17
9522.875 5.5135e-17
9524.4 6.4272e-17
9525.925 6.2149e-17
9527.45 6.3759e-17
9528.975 6.985e-17
9530.5 6.4815e-17
9532.025 6.5115e-17
9533.55 7.0176e-17
9535.075 6.6474e-17
9536.6 5.7754e-17
9538.125 6.408e-17
9539.65 6.4002e-17
9541.175 6.4229e-17
9542.7 7.1532e-17
9544.225 7.1044e-17
9545.75 6.3158e-17
9547.275 6.9989e-17
9548.8 6.3413e-17
9550.325 5.1451e-17
9551.85 5.5247e-17
9553.375 5.7891e-17
9554.9 7.2583e-17
9556.425 7.6231e-17
9557.95 7.2269e-17
9559.475 6.8508e-17
9561.0 6.3837e-17
9562.525 8.5074e-17
9564.05 8.8324e-17
9565.575 7.1074e-17
9567.1 9.3964e-17
9568.625 9.467e-17
9570.15 6.6454e-17
9571.675 6.9998e-17
9573.2 7.0183e-17
9574.725 6.0766e-17
9576.25 6.1907e-17
9577.775 6.041e-17
9579.3 5.7568e-17
9580.825 6.2494e-17
9582.35 6.7149e-17
9583.875 6.6499e-17
9585.4 5.6715e-17
9586.925 5.6202e-17
9588.45 6.4625e-17
9589.975 7.1625e-17
9591.5 7.2094e-17
9593.025 7.1353e-17
9594.55 6.6792e-17
9596.075 6.1775e-17
9597.6 6.5598e-17
9599.125 6.8703e-17
9600.65 6.0864e-17
9602.175 5.4887e-17
9603.7 6.2922e-17
9605.225 7.5921e-17
9606.75 7.727e-17
9608.275 6.6301e-17
9609.8 6.2516e-17
9611.325 5.9117e-17
9612.85 6.4775e-17
9614.375 6.4424e-17
9615.9 6.2477e-17
9617.425 6.7966e-17
9618.95 5.8048e-17
9620.475 6.2052e-17
9622.0 5.9376e-17
9623.525 5.5323e-17
9625.05 6.2194e-17
9626.575 6.5505e-17
9628.1 5.9417e-17
9629.625 5.9682e-17
9631.15 5.7566e-17
9632.675 5.2713e-17
9634.2 6.1404e-17
9635.725 6.0008e-17
9637.25 5.5648e-17
9638.775 6.0589e-17
9640.3 5.924e-17
9641.825 6.3084e-17
9643.35 6.4734e-17
9644.875 6.1473e-17
9646.4 5.7161e-17
9647.925 5.3437e-17
9649.45 5.9976e-17
9650.975 6.9417e-17
9652.5 6.0304e-17
9654.025 5.6799e-17
9655.55 5.913e-17
9657.075 5.6074e-17
9658.6 6.1823e-17
9660.125 6.9499e-17
9661.65 6.528e-17
9663.175 6.5415e-17
9664.7 7.0186e-17
9666.225 6.0081e-17
9667.75 5.8016e-17
9669.275 6.3806e-17
9670.8 6.5393e-17
9672.325 6.9939e-17
9673.85 6.8114e-17
9675.375 6.4285e-17
9676.9 5.0984e-17
9678.425 4.6231e-17
9679.95 5.6409e-17
9681.475 5.9814e-17
9683.0 6.6855e-17
9684.525 6.4323e-17
9686.05 6.3158e-17
9687.575 6.8129e-17
9689.1 6.5982e-17
9690.625 6.2413e-17
9692.15 5.9074e-17
9693.675 6.274e-17
9695.2 7.5151e-17
9696.725 7.8253e-17
9698.25 6.9726e-17
9699.775 6.6888e-17
9701.3 6.5176e-17
9702.825 5.1468e-17
9704.35 5.5265e-17
9705.875 6.3652e-17
9707.4 5.5248e-17
9708.925 5.2118e-17
9710.45 5.6577e-17
9711.975 4.0509e-17
9713.5 4.5743e-17
9715.025 7.0382e-17
9716.55 7.7636e-17
9718.075 7.0705e-17
9719.6 6.2345e-17
9721.125 5.6685e-17
9722.65 5.4617e-17
9724.175 5.7144e-17
9725.7 6.3663e-17
9727.225 6.0563e-17
9728.75 5.5806e-17
9730.275 6.2789e-17
9731.8 5.7718e-17
9733.325 5.1299e-17
9734.85 5.7363e-17
9736.375 7.1398e-17
9737.9 6.306e-17
9739.425 4.8794e-17
9740.95 5.6989e-17
9742.475 6.9055e-17
9744.0 6.8037e-17
9745.525 6.9315e-17
9747.05 6.7017e-17
9748.575 6.0557e-17
9750.1 6.3386e-17
9751.625 6.428e-17
9753.15 6.6995e-17
9754.675 6.6711e-17
9756.2 5.478e-17
9757.725 4.9965e-17
9759.25 4.8916e-17
9760.775 5.1126e-17
9762.3 6.5878e-17
9763.825 6.4823e-17
9765.35 5.481e-17
9766.875 6.0445e-17
9768.4 6.6332e-17
9769.925 6.3699e-17
9771.45 5.9697e-17
9772.975 5.9836e-17
9774.5 6.3431e-17
9776.025 6.3558e-17
9777.55 5.7602e-17
9779.075 5.812e-17
9780.6 6.2144e-17
9782.125 6.4888e-17
9783.65 7.1485e-17
9785.175 5.765e-17
9786.7 4.0664e-17
9788.225 5.9988e-17
9789.75 7.8144e-17
9791.275 7.0048e-17
9792.8 6.021e-17
9794.325 4.6413e-17
9795.85 5.3722e-17
9797.375 5.9229e-17
9798.9 5.0699e-17
9800.425 6.0946e-17
9801.95 5.2953e-17
9803.475 4.8905e-17
9805.0 5.6871e-17
9806.525 4.3746e-17
9808.05 5.689e-17
9809.575 7.6759e-17
9811.1 6.7753e-17
9812.625 5.771e-17
9814.15 5.6641e-17
9815.675 4.9097e-17
9817.2 4.7329e-17
9818.725 4.5867e-17
9820.25 5.2544e-17
9821.775 6.8584e-17
9823.3 7.0211e-17
9824.825 5.8056e-17
9826.35 5.4523e-17
9827.875 4.7845e-17
9829.4 5.7477e-17
9830.925 5.2505e-17
9832.45 5.5227e-17
9833.975 6.0346e-17
9835.5 4.9994e-17
9837.025 5.8274e-17
9838.55 6.3996e-17
9840.075 6.1867e-17
9841.6 6.47e-17
9843.125 6.9245e-17
9844.65 5.1488e-17
9846.175 5.2675e-17
9847.7 8.0136e-17
9849.225 6.9224e-17
9850.75 5.3675e-17
9852.275 5.1155e-17
9853.8 5.4481e-17
9855.325 4.6528e-17
9856.85 4.1966e-17
9858.375 5.4731e-17
9859.9 5.568e-17
9861.425 5.2645e-17
9862.95 5.4679e-17
9864.475 4.1218e-17
9866.0 3.7882e-17
9867.525 7.7404e-17
9869.05 1.0708e-16
9870.575 9.5011e-17
9872.1 8.228e-17
9873.625 6.7519e-17
9875.15 4.6979e-17
9876.675 4.1156e-17
9878.2 5.5776e-17
9879.725 6.2116e-17
9881.25 5.2252e-17
9882.775 5.0965e-17
9884.3 4.3945e-17
9885.825 4.4008e-17
9887.35 5.2389e-17
9888.875 5.875e-17
9890.4 7.6864e-17
9891.925 7.9924e-17
9893.45 5.6076e-17
9894.975 4.9253e-17
9896.5 5.0211e-17
9898.025 3.9943e-17
9899.55 4.9258e-17
9901.075 6.9197e-17
9902.6 6.5858e-17
9904.125 5.396e-17
9905.65 4.5021e-17
9907.175 5.5667e-17
9908.7 7.5529e-17
9910.225 7.7405e-17
9911.75 3.5687e-17
9913.275 1.7632e-17
9914.8 4.1397e-17
9916.325 4.4302e-17
9917.85 5.3523e-17
9919.375 5.8368e-17
9920.9 5.9426e-17
9922.425 5.747e-17
9923.95 5.9675e-17
9925.475 5.9499e-17
9927.0 5.4678e-17
9928.525 5.6274e-17
9930.05 6.0606e-17
9931.575 6.0065e-17
9933.1 6.0695e-17
9934.625 4.7405e-17
9936.15 6.2953e-17
9937.675 8.8248e-17
9939.2 6.156e-17
9940.725 5.6885e-17
9942.25 5.375e-17
9943.775 3.1295e-17
9945.3 6.5876e-17
9946.825 5.9499e-17
9948.35 4.9683e-17
9949.875 5.6451e-17
9951.4 4.5956e-17
9952.925 4.254e-17
9954.45 2.9142e-17
9955.975 2.669e-17
9957.5 4.0432e-17
9959.025 6.2586e-17
9960.55 3.745e-17
9962.075 2.4744e-17
9963.6 2.576e-17
9965.125 3.0503e-17
9966.65 4.5343e-17
9968.175 5.9891e-17
9969.7 6.4276e-17
9971.225 4.7137e-17
9972.75 4.3682e-17
9974.275 5.5365e-17
9975.8 5.5914e-17
9977.325 5.1471e-17
9978.85 5.0592e-17
9980.375 5.3856e-17
9981.9 5.6486e-17
9983.425 6.0556e-17
9984.95 4.9334e-17
9986.475 3.9307e-17
9988.0 4.9205e-17
9989.525 5.2622e-17
9991.05 5.4742e-17
9992.575 5.034e-17
9994.1 4.0264e-17
9995.625 4.3805e-17
9997.15 5.5012e-17
9998.675 5.6471e-17
10000.2 5.6235e-17
