3600.16579557684  7.743188E-16
3602.08351905349  1.067545E-15
3604.00124253014  1.302492E-15
3605.91896600679  1.438779E-15
3607.83668948343  1.783282E-15
3609.75441296008  1.289740E-15
3611.67213643673  9.043238E-16
3613.58985991337  9.531035E-16
3615.50758339002  1.443977E-15
3617.42530686667  8.905848E-16
3619.34303034332  3.403947E-16
3621.26075381996  7.380264E-16
3623.17847729661  1.026340E-15
3625.09620077326  1.784728E-15
3627.0139242499  7.393167E-16
3628.93164772655  9.644238E-16
3630.8493712032  1.338309E-15
3632.76709467984  1.106166E-15
3634.68481815649  1.349534E-15
3636.60254163314  1.379482E-15
3638.52026510979  1.225701E-15
3640.43798858643  1.861789E-15
3642.35571206308  1.584047E-15
3644.27343553973  1.199514E-15
3646.19115901637  1.545608E-15
3648.10888249302  1.112913E-15
3650.02660596967  9.156007E-16
3651.94432944632  1.712686E-15
3653.86205292296  9.988197E-16
3655.77977639961  9.913742E-16
3657.69749987626  1.340640E-15
3659.6152233529  8.517216E-16
3661.53294682955  1.505800E-15
3663.4506703062  1.363303E-15
3665.36839378285  7.029289E-16
3667.28611725949  1.043102E-15
3669.20384073614  9.283420E-16
3671.12156421279  1.051109E-15
3673.03928768943  1.204771E-15
3674.95701116608  1.620724E-15
3676.87473464273  1.410364E-15
3678.79245811937  1.239173E-15
3680.71018159602  1.140917E-15
3682.62790507267  9.365690E-16
3684.54562854932  1.099590E-15
3686.46335202596  1.004008E-15
3688.38107550261  7.504030E-16
3690.29879897926  9.757703E-16
3692.2165224559  1.120112E-15
3694.13424593255  1.020772E-15
3696.0519694092  1.334036E-15
3697.96969288585  1.215862E-15
3699.88741636249  1.075665E-15
3701.80513983914  9.176705E-16
3703.72286331579  1.065855E-15
3705.64058679243  8.421397E-16
3707.55831026908  1.074844E-15
3709.47603374573  1.074893E-15
3711.39375722238  1.034451E-15
3713.31148069902  1.082560E-15
3715.22920417567  9.445621E-16
3717.14692765232  1.080837E-15
3719.06465112896  8.918523E-16
3720.98237460561  9.480755E-16
3722.90009808226  1.108944E-15
3724.81782155891  1.239402E-15
3726.73554503555  1.046476E-15
3728.6532685122  9.426581E-16
3730.57099198885  1.105028E-15
3732.48871546549  1.266721E-15
3734.40643894214  1.220964E-15
3736.32416241879  1.299339E-15
3738.24188589544  1.067851E-15
3740.15960937208  9.972768E-16
3742.07733284873  1.009428E-15
3743.99505632538  8.333743E-16
3745.91277980202  7.602481E-16
3747.83050327867  9.123581E-16
3749.74822675532  1.162375E-15
3751.66595023197  8.120804E-16
3753.58367370861  6.140028E-16
3755.50139718526  7.313222E-16
3757.41912066191  8.561723E-16
3759.33684413855  7.301147E-16
3761.2545676152  6.403643E-16
3763.17229109185  6.859415E-16
3765.09001456849  5.715712E-16
3767.00773804514  6.348075E-16
3768.92546152179  6.126256E-16
3770.84318499844  5.876149E-16
3772.76090847508  5.739276E-16
3774.67863195173  6.372690E-16
3776.59635542838  6.919205E-16
3778.51407890502  6.289488E-16
3780.43180238167  5.663115E-16
3782.34952585832  5.465884E-16
3784.26724933497  5.992671E-16
3786.18497281161  6.499626E-16
3788.10269628826  6.376727E-16
3790.02041976491  5.218509E-16
3791.93814324155  4.716804E-16
3793.8558667182  5.119154E-16
3795.77359019485  4.723942E-16
3797.6913136715  4.681154E-16
3799.60903714814  5.443098E-16
3801.52676062479  5.650049E-16
3803.44448410144  4.233933E-16
3805.36220757808  4.507596E-16
3807.27993105473  4.110093E-16
3809.19765453138  4.689668E-16
3811.11537800802  5.730535E-16
3813.03310148467  5.126191E-16
3814.95082496132  5.321918E-16
3816.86854843797  5.139628E-16
3818.78627191461  4.841619E-16
3820.70399539126  4.888856E-16
3822.62171886791  4.923612E-16
3824.53944234455  5.539980E-16
3826.4571658212  5.876418E-16
3828.37488929785  4.541559E-16
3830.29261277449  4.606041E-16
3832.21033625114  4.481335E-16
3834.12805972779  6.307279E-16
3836.04578320444  5.353071E-16
3837.96350668108  4.982637E-16
3839.88123015773  5.398539E-16
3841.79895363438  5.440784E-16
3843.71667711103  5.370448E-16
3845.63440058767  5.089302E-16
3847.55212406432  5.238215E-16
3849.46984754097  5.522500E-16
3851.38757101761  6.382144E-16
3853.30529449426  6.164103E-16
3855.22301797091  6.083087E-16
3857.14074144756  7.570805E-16
3859.0584649242  7.603958E-16
3860.97618840085  7.419243E-16
3862.8939118775  7.503565E-16
3864.81163535414  7.042327E-16
3866.72935883079  6.632917E-16
3868.64708230744  6.223437E-16
3870.56480578409  6.717477E-16
3872.48252926073  6.778754E-16
3874.40025273738  6.259402E-16
3876.31797621403  7.109765E-16
3878.23569969067  7.073602E-16
3880.15342316732  6.722749E-16
3882.07114664397  7.294909E-16
3883.98887012061  7.475130E-16
3885.90659359726  7.218710E-16
3887.82431707391  7.401375E-16
3889.74204055056  6.836748E-16
3891.6597640272  7.459783E-16
3893.57748750385  6.851581E-16
3895.4952109805  6.773809E-16
3897.41293445714  7.456243E-16
3899.33065793379  6.544912E-16
3901.24838141044  7.307658E-16
3903.16610488709  6.318752E-16
3905.08382836373  5.771303E-16
3907.00155184038  6.213255E-16
3908.91927531703  7.279188E-16
3910.83699879367  7.939491E-16
3912.75472227032  6.704794E-16
3914.67244574697  7.066372E-16
3916.59016922362  7.159302E-16
3918.50789270026  6.921308E-16
3920.42561617691  7.088883E-16
3922.34333965356  7.389885E-16
3924.2610631302  7.253112E-16
3926.17878660685  6.853323E-16
3928.0965100835  6.669214E-16
3930.01423356015  6.796776E-16
3931.93195703679  7.266021E-16
3933.84968051344  6.368550E-16
3935.76740399009  7.168598E-16
3937.68512746673  7.488848E-16
3939.60285094338  6.984441E-16
3941.52057442003  7.505537E-16
3943.43829789668  7.255035E-16
3945.35602137332  7.432481E-16
3947.27374484997  7.232538E-16
3949.19146832662  6.636752E-16
3951.10919180326  7.274666E-16
3953.02691527991  7.370065E-16
3954.94463875656  7.192982E-16
3956.8623622332  7.645434E-16
3958.78008570985  7.402362E-16
3960.6978091865  7.143404E-16
3962.61553266315  7.251120E-16
3964.53325613979  7.387945E-16
3966.45097961644  7.269307E-16
3968.36870309309  7.463803E-16
3970.28642656973  7.537992E-16
3972.20415004638  7.350676E-16
3974.12187352303  6.933267E-16
3976.03959699968  6.947477E-16
3977.95732047632  7.381638E-16
3979.87504395297  7.279062E-16
3981.79276742962  7.828596E-16
3983.71049090626  7.998337E-16
3985.62821438291  7.864116E-16
3987.54593785956  7.839682E-16
3989.4636613362  8.218105E-16
3991.38138481285  8.222604E-16
3993.2991082895  8.766521E-16
3995.21683176615  8.491692E-16
3997.13455524279  8.556962E-16
3999.05227871944  8.095064E-16
4000.97000219609  8.311029E-16
4002.88772567274  9.045451E-16
4004.80544914938  8.777134E-16
4006.72317262603  9.219201E-16
4008.64089610268  8.858212E-16
4010.55861957932  9.008560E-16
4012.47634305597  8.497612E-16
4014.39406653262  8.889761E-16
4016.31179000926  8.085288E-16
4018.22951348591  7.962681E-16
4020.14723696256  8.232070E-16
4022.06496043921  8.827936E-16
4023.98268391585  8.845925E-16
4025.9004073925  1.012560E-15
4027.81813086915  8.660206E-16
4029.73585434579  8.982338E-16
4031.65357782244  9.494247E-16
4033.57130129909  8.806267E-16
4035.48902477574  9.510397E-16
4037.40674825238  1.013618E-15
4039.32447172903  9.896975E-16
4041.24219520568  9.602148E-16
4043.15991868233  9.851091E-16
4045.07764215897  1.052273E-15
4046.99536563562  9.510587E-16
4048.91308911227  9.719818E-16
4050.83081258891  1.111334E-15
4052.74853606556  9.988067E-16
4054.66625954221  9.942945E-16
4056.58398301885  9.832823E-16
4058.5017064955  1.018530E-15
4060.41942997215  1.040246E-15
4062.3371534488  1.029633E-15
4064.25487692544  1.009687E-15
4066.17260040209  1.006973E-15
4068.09032387874  1.008177E-15
4070.00804735538  9.450642E-16
4071.92577083203  9.284344E-16
4073.84349430868  9.783782E-16
4075.76121778533  1.013525E-15
4077.67894126197  1.025947E-15
4079.59666473862  1.050471E-15
4081.51438821527  1.001703E-15
4083.43211169191  9.741618E-16
4085.34983516856  9.990652E-16
4087.26755864521  9.973766E-16
4089.18528212186  9.985572E-16
4091.1030055985  9.790187E-16
4093.02072907515  9.908130E-16
4094.9384525518  9.632495E-16
4096.85617602844  9.204572E-16
4098.77389950509  9.315994E-16
4100.69162298174  9.753645E-16
4102.60934645838  9.748741E-16
4104.52706993503  9.414850E-16
4106.44479341168  9.231775E-16
4108.36251688833  8.925858E-16
4110.28024036497  9.078558E-16
4112.19796384162  9.749123E-16
4114.11568731827  8.767724E-16
4116.03341079491  9.057360E-16
4117.95113427156  8.773977E-16
4119.86885774821  8.998398E-16
4121.78658122486  8.377008E-16
4123.7043047015  9.206456E-16
4125.62202817815  9.432701E-16
4127.5397516548  9.326288E-16
4129.45747513144  9.604817E-16
4131.37519860809  9.464215E-16
4133.29292208474  9.622959E-16
4135.21064556139  9.420939E-16
4137.12836903803  9.284069E-16
4139.04609251468  9.111699E-16
4140.96381599133  9.578250E-16
4142.88153946797  9.703948E-16
4144.79926294462  9.633907E-16
4146.71698642127  9.641386E-16
4148.63470989791  9.373779E-16
4150.55243337456  9.726458E-16
4152.47015685121  9.443474E-16
4154.38788032786  9.487206E-16
4156.3056038045  9.622346E-16
4158.22332728115  9.575037E-16
4160.1410507578  9.990473E-16
4162.05877423445  1.028550E-15
4163.97649771109  9.628544E-16
4165.89422118774  9.877812E-16
4167.81194466439  9.758079E-16
4169.72966814103  9.795786E-16
4171.64739161768  9.640703E-16
4173.56511509433  9.860503E-16
4175.48283857097  1.027690E-15
4177.40056204762  9.800324E-16
4179.31828552427  1.010263E-15
4181.23600900092  9.637316E-16
4183.15373247756  1.002107E-15
4185.07145595421  9.975916E-16
4186.98917943086  1.038544E-15
4188.9069029075  1.011329E-15
4190.82462638415  9.750797E-16
4192.7423498608  1.010566E-15
4194.66007333744  1.004641E-15
4196.57779681409  9.845165E-16
4198.49552029074  9.890792E-16
4200.41324376739  9.938153E-16
4202.33096724403  9.879522E-16
4204.24869072068  1.015538E-15
4206.16641419733  9.963953E-16
4208.08413767398  9.679592E-16
4210.00186115062  1.038521E-15
4211.91958462727  1.031829E-15
4213.83730810392  1.032117E-15
4215.75503158056  9.658887E-16
4217.67275505721  9.619671E-16
4219.59047853386  9.935803E-16
4221.5082020105  9.825628E-16
4223.42592548715  9.563073E-16
4225.3436489638  9.587312E-16
4227.26137244045  9.476831E-16
4229.17909591709  1.005447E-15
4231.09681939374  9.653197E-16
4233.01454287039  9.158057E-16
4234.93226634703  8.764543E-16
4236.84998982368  8.946050E-16
4238.76771330033  8.766681E-16
4240.68543677697  8.750278E-16
4242.60316025362  8.456412E-16
4244.52088373027  8.744809E-16
4246.43860720692  8.838083E-16
4248.35633068356  8.425321E-16
4250.27405416021  8.620651E-16
4252.19177763686  8.287910E-16
4254.10950111351  8.251965E-16
4256.02722459015  8.235255E-16
4257.9449480668  8.423336E-16
4259.86267154345  8.529075E-16
4261.7803950201  8.235381E-16
4263.69811849674  8.527531E-16
4265.61584197339  8.753410E-16
4267.53356545004  7.909084E-16
4269.45128892668  8.002294E-16
4271.36901240333  8.068507E-16
4273.28673587998  7.889369E-16
4275.20445935662  8.106981E-16
4277.12218283327  8.146937E-16
4279.03990630992  8.553655E-16
4280.95762978656  7.939750E-16
4282.87535326321  7.805168E-16
4284.79307673986  8.023675E-16
4286.71080021651  8.221502E-16
4288.62852369315  8.211896E-16
4290.5462471698  8.059391E-16
4292.46397064645  8.147785E-16
4294.3816941231  7.914794E-16
4296.29941759974  8.169648E-16
4298.21714107639  8.436457E-16
4300.13486455304  8.079340E-16
4302.05258802968  7.535654E-16
4303.97031150633  7.927216E-16
4305.88803498298  8.145913E-16
4307.80575845962  8.254258E-16
4309.72348193627  8.057834E-16
4311.64120541292  7.465760E-16
4313.55892888957  7.691979E-16
4315.47665236621  8.002795E-16
4317.39437584286  7.757544E-16
4319.31209931951  7.818703E-16
4321.22982279615  7.890395E-16
4323.1475462728  7.767838E-16
4325.06526974945  7.103619E-16
4326.98299322609  6.963052E-16
4328.90071670274  7.156017E-16
4330.81844017939  6.701675E-16
4332.73616365604  6.684469E-16
4334.65388713268  6.565970E-16
4336.57161060933  6.732345E-16
4338.48933408598  6.957232E-16
4340.40705756263  6.583498E-16
4342.32478103927  6.580076E-16
4344.24250451592  6.865959E-16
4346.16022799257  6.346874E-16
4348.07795146921  6.360880E-16
4349.99567494586  6.257013E-16
4351.91339842251  6.500310E-16
4353.83112189916  6.551807E-16
4355.7488453758  6.241909E-16
4357.66656885245  5.923674E-16
4359.5842923291  6.510780E-16
4361.50201580574  6.441317E-16
4363.41973928239  6.439344E-16
4365.33746275904  6.649116E-16
4367.25518623569  6.420657E-16
4369.17290971233  6.374539E-16
4371.09063318898  6.141148E-16
4373.00835666563  6.407405E-16
4374.92608014227  6.374278E-16
4376.84380361892  6.058960E-16
4378.76152709557  6.091434E-16
4380.67925057221  6.450114E-16
4382.59697404886  6.405317E-16
4384.51469752551  6.059518E-16
4386.43242100216  5.991144E-16
4388.3501444788  5.875228E-16
4390.26786795545  5.770447E-16
4392.1855914321  5.805371E-16
4394.10331490875  6.038282E-16
4396.02103838539  5.786224E-16
4397.93876186204  5.461306E-16
4399.85648533869  5.950919E-16
4401.77420881533  6.233386E-16
4403.69193229198  5.850472E-16
4405.60965576863  5.412936E-16
4407.52737924527  5.708562E-16
4409.44510272192  5.931149E-16
4411.36282619857  5.937863E-16
4413.28054967522  5.800060E-16
4415.19827315186  5.795362E-16
4417.11599662851  5.905724E-16
4419.03372010516  5.678996E-16
4420.9514435818  5.548507E-16
4422.86916705845  5.789545E-16
4424.7868905351  5.953693E-16
4426.70461401175  5.793895E-16
4428.62233748839  6.076020E-16
4430.54006096504  6.044918E-16
4432.45778444169  6.060559E-16
4434.37550791833  5.925526E-16
4436.29323139498  5.981411E-16
4438.21095487163  6.157591E-16
4440.12867834828  6.038548E-16
4442.04640182492  5.977810E-16
4443.96412530157  6.332152E-16
4445.88184877822  6.009337E-16
4447.79957225486  5.986828E-16
4449.71729573151  6.012075E-16
4451.63501920816  6.277771E-16
4453.5527426848  6.308623E-16
4455.47046616145  6.618459E-16
4457.3881896381  6.623023E-16
4459.30591311474  6.097274E-16
4461.22363659139  5.784468E-16
4463.14136006804  6.395341E-16
4465.05908354469  6.315735E-16
4466.97680702133  6.370622E-16
4468.89453049798  6.775944E-16
4470.81225397463  6.800932E-16
4472.72997745128  6.803868E-16
4474.64770092792  6.608793E-16
4476.56542440457  6.520061E-16
4478.48314788122  6.663514E-16
4480.40087135786  7.006467E-16
4482.31859483451  6.916430E-16
4484.23631831116  6.912262E-16
4486.15404178781  6.787857E-16
4488.07176526445  7.274324E-16
4489.9894887411  7.451141E-16
4491.90721221775  7.103642E-16
4493.82493569439  7.198685E-16
4495.74265917104  7.303527E-16
4497.66038264769  7.349096E-16
4499.57810612433  7.214224E-16
4501.49582960098  7.390980E-16
4503.41355307763  7.545258E-16
4505.33127655428  7.802028E-16
4507.24900003092  7.374439E-16
4509.16672350757  6.979958E-16
4511.08444698422  7.539969E-16
4513.00217046086  7.645996E-16
4514.91989393751  7.423276E-16
4516.83761741416  7.033493E-16
4518.75534089081  6.975488E-16
4520.67306436745  7.163367E-16
4522.5907878441  7.183921E-16
4524.50851132075  7.340005E-16
4526.42623479739  7.078934E-16
4528.34395827404  7.036920E-16
4530.26168175069  7.244596E-16
4532.17940522734  7.044039E-16
4534.09712870398  6.776180E-16
4536.01485218063  6.678792E-16
4537.93257565728  6.693588E-16
4539.85029913392  6.807698E-16
4541.76802261057  6.244114E-16
4543.68574608722  6.445112E-16
4545.60346956386  6.035223E-16
4547.52119304051  6.319660E-16
4549.43891651716  6.333505E-16
4551.35663999381  5.833660E-16
4553.27436347045  5.846351E-16
4555.1920869471  6.238834E-16
4557.10981042375  6.106702E-16
4559.0275339004  6.033900E-16
4560.94525737704  6.019837E-16
4562.86298085369  6.085481E-16
4564.78070433034  6.317394E-16
4566.69842780698  6.390653E-16
4568.61615128363  6.037326E-16
4570.53387476028  6.075679E-16
4572.45159823693  6.229464E-16
4574.36932171357  6.466422E-16
4576.28704519022  6.686670E-16
4578.20476866687  6.740098E-16
4580.12249214351  6.484301E-16
4582.04021562016  6.617832E-16
4583.95793909681  6.810010E-16
4585.87566257346  6.773252E-16
4587.7933860501  6.605135E-16
4589.71110952675  6.820181E-16
4591.6288330034  7.045422E-16
4593.54655648004  7.045257E-16
4595.46427995669  6.943264E-16
4597.38200343334  7.065036E-16
4599.29972690998  7.125272E-16
4601.21745038663  6.888724E-16
4603.13517386328  7.237748E-16
4605.05289733993  7.157102E-16
4606.97062081657  6.774245E-16
4608.88834429322  7.078993E-16
4610.80606776987  7.017567E-16
4612.72379124651  7.363580E-16
4614.64151472316  7.249635E-16
4616.55923819981  6.941006E-16
4618.47696167646  6.844751E-16
4620.3946851531  6.994754E-16
4622.31240862975  7.104688E-16
4624.2301321064  7.177682E-16
4626.14785558304  7.148151E-16
4628.06557905969  7.148168E-16
4629.98330253634  7.192635E-16
4631.90102601298  7.339044E-16
4633.81874948963  7.218675E-16
4635.73647296628  7.524619E-16
4637.65419644292  7.228084E-16
4639.57191991957  7.298764E-16
4641.48964339622  7.485191E-16
4643.40736687287  7.241220E-16
4645.32509034951  7.285925E-16
4647.24281382616  7.176478E-16
4649.16053730281  7.016580E-16
4651.07826077946  7.279831E-16
4652.9959842561  7.533457E-16
4654.91370773275  7.559527E-16
4656.8314312094  7.465774E-16
4658.74915468604  7.328677E-16
4660.66687816269  6.963536E-16
4662.58460163934  7.294498E-16
4664.50232511599  7.283603E-16
4666.42004859263  7.253569E-16
4668.33777206928  7.241412E-16
4670.25549554593  7.304617E-16
4672.17321902257  7.138318E-16
4674.09094249922  7.141525E-16
4676.00866597587  7.434139E-16
4677.92638945252  6.788486E-16
4679.84411292916  6.723047E-16
4681.76183640581  7.008541E-16
4683.67955988246  7.306325E-16
4685.5972833591  7.517017E-16
4687.51500683575  7.395395E-16
4689.4327303124  7.508496E-16
4691.35045378904  7.565499E-16
4693.26817726569  7.422209E-16
4695.18590074234  7.184337E-16
4697.10362421899  7.331147E-16
4699.02134769563  7.243795E-16
4700.93907117228  6.974644E-16
4702.85679464893  7.182348E-16
4704.77451812558  7.246891E-16
4706.69224160222  7.438204E-16
4708.60996507887  6.841567E-16
4710.52768855552  7.017456E-16
4712.44541203216  7.267159E-16
4714.36313550881  7.388079E-16
4716.28085898546  7.091848E-16
4718.1985824621  6.987419E-16
4720.11630593875  7.149648E-16
4722.0340294154  7.060890E-16
4723.95175289205  6.943432E-16
4725.86947636869  7.119708E-16
4727.78719984534  7.342442E-16
4729.70492332199  7.406963E-16
4731.62264679863  7.019566E-16
4733.54037027528  6.962149E-16
4735.45809375193  7.294764E-16
4737.37581722858  7.337537E-16
4739.29354070522  7.182911E-16
4741.21126418187  7.305121E-16
4743.12898765852  7.272929E-16
4745.04671113516  7.179464E-16
4746.96443461181  7.193433E-16
4748.88215808846  7.208731E-16
4750.79988156511  7.261619E-16
4752.71760504175  7.162908E-16
4754.6353285184  7.401920E-16
4756.55305199505  7.337331E-16
4758.47077547169  7.221208E-16
4760.38849894834  7.191340E-16
4762.30622242499  7.151665E-16
4764.22394590163  7.224734E-16
4766.14166937828  7.389626E-16
4768.05939285493  7.218335E-16
4769.97711633158  7.064617E-16
4771.89483980822  7.013584E-16
4773.81256328487  6.897044E-16
4775.73028676152  6.748545E-16
4777.64801023817  6.917777E-16
4779.56573371481  6.879856E-16
4781.48345719146  7.076020E-16
4783.40118066811  7.189156E-16
4785.31890414475  6.587214E-16
4787.2366276214  6.648846E-16
4789.15435109805  6.811829E-16
4791.07207457469  6.424889E-16
4792.98979805134  6.220887E-16
4794.90752152799  6.562269E-16
4796.82524500464  6.672734E-16
4798.74296848128  6.435688E-16
4800.66069195793  6.186291E-16
4802.57841543458  6.161701E-16
4804.49613891122  6.205225E-16
4806.41386238787  6.035451E-16
4808.33158586452  6.179779E-16
4810.24930934117  6.146823E-16
4812.16703281781  6.196921E-16
4814.08475629446  6.171613E-16
4816.00247977111  6.166910E-16
4817.92020324775  6.132899E-16
4819.8379267244  5.730479E-16
4821.75565020105  5.956407E-16
4823.67337367769  6.369031E-16
4825.59109715434  6.049988E-16
4827.50882063099  5.747440E-16
4829.42654410764  5.874639E-16
4831.34426758428  6.136035E-16
4833.26199106093  6.153487E-16
4835.17971453758  5.896903E-16
4837.09743801423  5.854733E-16
4839.01516149087  6.200491E-16
4840.93288496752  6.071335E-16
4842.85060844417  6.252441E-16
4844.76833192081  6.187045E-16
4846.68605539746  6.231069E-16
4848.60377887411  6.182198E-16
4850.52150235075  6.223069E-16
4852.4392258274  6.193515E-16
4854.35694930405  6.163085E-16
4856.2746727807  6.147403E-16
4858.19239625734  6.035742E-16
4860.11011973399  5.982677E-16
4862.02784321064  5.873126E-16
4863.94556668729  6.268848E-16
4865.86329016393  6.215002E-16
4867.78101364058  6.032469E-16
4869.69873711723  5.881272E-16
4871.61646059387  5.894919E-16
4873.53418407052  5.993329E-16
4875.45190754717  6.123389E-16
4877.36963102381  6.024791E-16
4879.28735450046  6.015465E-16
4881.20507797711  5.928551E-16
4883.12280145376  6.060005E-16
4885.0405249304  6.127253E-16
4886.95824840705  5.798437E-16
4888.8759718837  5.709853E-16
4890.79369536034  6.050711E-16
4892.71141883699  5.988991E-16
4894.62914231364  5.936375E-16
4896.54686579029  5.851866E-16
4898.46458926693  5.776895E-16
4900.38231274358  6.005603E-16
4902.30003622023  5.991457E-16
4904.21775969687  5.974140E-16
4906.13548317352  5.940730E-16
4908.05320665017  6.246858E-16
4909.97093012682  6.110421E-16
4911.88865360346  6.082988E-16
4913.80637708011  6.090693E-16
4915.72410055676  6.099360E-16
4917.6418240334  6.233513E-16
4919.55954751005  6.149577E-16
4921.4772709867  6.079883E-16
4923.39499446334  6.187668E-16
4925.31271793999  6.208569E-16
4927.23044141664  6.225272E-16
4929.14816489329  6.311784E-16
4931.06588836993  6.311916E-16
4932.98361184658  6.566352E-16
4934.90133532323  6.697472E-16
4936.81905879987  4.083099E-16
4938.73678227652  5.397688E-16
4940.65450575317  6.492964E-16
4942.57222922982  6.018083E-16
4944.48995270646  6.324234E-16
4946.40767618311  6.394144E-16
4948.32539965976  6.124430E-16
4950.2431231364  6.014392E-16
4952.16084661305  6.127995E-16
4954.0785700897  6.473699E-16
4955.99629356635  6.052601E-16
4957.91401704299  6.209074E-16
4959.83174051964  5.819507E-16
4961.74946399629  6.071719E-16
4963.66718747293  6.076430E-16
4965.58491094958  5.862418E-16
4967.50263442623  6.084345E-16
4969.42035790288  6.111588E-16
4971.33808137952  5.648800E-16
4973.25580485617  5.945043E-16
4975.17352833282  5.898704E-16
4977.09125180946  5.533235E-16
4979.00897528611  5.432735E-16
4980.92669876276  5.631889E-16
4982.8444222394  5.821849E-16
4984.76214571605  5.836825E-16
4986.6798691927  5.631812E-16
4988.59759266935  5.385459E-16
4990.51531614599  5.393175E-16
4992.43303962264  5.646367E-16
4994.35076309929  5.377972E-16
4996.26848657594  5.363384E-16
4998.18621005258  5.441233E-16
5000.10393352923  5.404484E-16
5002.02165700588  5.174362E-16
5003.93938048252  5.259170E-16
5005.85710395917  5.508792E-16
5007.77482743582  5.410031E-16
5009.69255091246  5.006196E-16
5011.61027438911  5.244152E-16
5013.52799786576  5.252044E-16
5015.44572134241  5.018383E-16
5017.36344481905  5.111194E-16
5019.2811682957  5.291528E-16
5021.19889177235  5.091504E-16
5023.11661524899  4.738673E-16
5025.03433872564  5.272935E-16
5026.95206220229  5.052117E-16
5028.86978567893  4.883592E-16
5030.78750915558  5.370035E-16
5032.70523263223  5.296212E-16
5034.62295610888  5.239035E-16
5036.54067958552  5.238176E-16
5038.45840306217  5.196118E-16
5040.37612653882  5.190788E-16
5042.29385001547  4.757624E-16
5044.21157349211  4.893318E-16
5046.12929696876  5.156922E-16
5048.04702044541  5.006087E-16
5049.96474392205  4.999859E-16
5051.8824673987  4.965478E-16
5053.80019087535  4.958724E-16
5055.717914352  4.763980E-16
5057.63563782864  4.919643E-16
5059.55336130529  5.181936E-16
5061.47108478194  5.051386E-16
5063.38880825858  4.852227E-16
5065.30653173523  4.977133E-16
5067.22425521188  5.069850E-16
5069.14197868853  4.891134E-16
5071.05970216517  5.030603E-16
5072.97742564182  5.147164E-16
5074.89514911847  5.178909E-16
5076.81287259511  5.173886E-16
5078.73059607176  4.961579E-16
5080.64831954841  5.035377E-16
5082.56604302505  5.078844E-16
5084.4837665017  4.984008E-16
5086.40148997835  5.086137E-16
5088.319213455  4.886013E-16
5090.23693693164  4.988574E-16
5092.15466040829  4.985062E-16
5094.07238388494  5.187687E-16
5095.99010736159  5.071456E-16
5097.90783083823  4.843281E-16
5099.82555431488  5.015887E-16
5101.74327779153  5.136390E-16
5103.66100126817  5.266151E-16
5105.57872474482  4.855876E-16
5107.49644822147  4.736970E-16
5109.41417169811  4.767965E-16
5111.33189517476  4.877668E-16
5113.24961865141  4.712468E-16
5115.16734212806  4.821166E-16
5117.0850656047  5.004295E-16
5119.00278908135  5.046334E-16
5120.920512558  4.958176E-16
5122.83823603464  5.073286E-16
5124.75595951129  5.020577E-16
5126.67368298794  4.851578E-16
5128.59140646459  4.830968E-16
5130.50912994123  4.961303E-16
5132.42685341788  5.401790E-16
5134.34457689453  5.210413E-16
5136.26230037117  5.307232E-16
5138.18002384782  5.411858E-16
5140.09774732447  5.156821E-16
5142.01547080111  5.026947E-16
5143.93319427776  4.768050E-16
5145.85091775441  4.802282E-16
5147.76864123106  5.133565E-16
5149.6863647077  4.966469E-16
5151.60408818435  4.969014E-16
5153.521811661  5.230863E-16
5155.43953513764  5.022112E-16
5157.35725861429  4.966489E-16
5159.27498209094  5.085058E-16
5161.19270556758  5.096123E-16
5163.11042904423  5.188672E-16
5165.02815252088  5.077533E-16
5166.94587599753  5.216547E-16
5168.86359947417  5.288642E-16
5170.78132295082  5.174558E-16
5172.69904642747  5.549628E-16
5174.61676990412  5.388206E-16
5176.53449338076  5.232773E-16
5178.45221685741  5.096223E-16
5180.36994033406  5.601027E-16
5182.28766381071  5.714618E-16
5184.20538728735  6.007045E-16
5186.123110764  5.894663E-16
5188.04083424064  5.637866E-16
5189.95855771729  5.512199E-16
5191.87628119394  5.611594E-16
5193.79400467059  5.603680E-16
5195.71172814723  5.539608E-16
5197.62945162388  5.459443E-16
5199.54717510053  5.297809E-16
5201.46489857718  5.474349E-16
5203.38262205382  5.479764E-16
5205.30034553047  5.393041E-16
5207.21806900712  5.479158E-16
5209.13579248376  5.419837E-16
5211.05351596041  5.619078E-16
5212.97123943706  5.287040E-16
5214.8889629137  5.539272E-16
5216.80668639035  5.472206E-16
5218.724409867  5.638336E-16
5220.64213334365  5.467211E-16
5222.55985682029  5.398778E-16
5224.47758029694  5.398674E-16
5226.39530377359  5.752304E-16
5228.31302725023  5.771385E-16
5230.23075072688  5.831404E-16
5232.14847420353  5.783681E-16
5234.06619768017  5.681118E-16
5235.98392115682  5.602340E-16
5237.90164463347  5.744303E-16
5239.81936811012  5.885462E-16
5241.73709158676  5.953642E-16
5243.65481506341  5.990685E-16
5245.57253854006  5.827662E-16
5247.49026201671  5.965600E-16
5249.40798549335  5.796590E-16
5251.32570897  5.759838E-16
5253.24343244665  5.877904E-16
5255.16115592329  5.924415E-16
5257.07887939994  6.042533E-16
5258.99660287659  5.993881E-16
5260.91432635324  6.037486E-16
5262.83204982988  6.172235E-16
5264.74977330653  6.319896E-16
5266.66749678318  6.205713E-16
5268.58522025982  6.066289E-16
5270.50294373647  6.216570E-16
5272.42066721312  6.211855E-16
5274.33839068977  6.048142E-16
5276.25611416641  6.069677E-16
5278.17383764306  6.096645E-16
5280.09156111971  6.069110E-16
5282.00928459635  5.978235E-16
5283.927008073  5.903747E-16
5285.84473154965  4.810885E-16
5287.7624550263  3.401525E-16
5289.68017850294  3.295387E-16
5291.59790197959  4.417171E-16
5293.51562545624  5.581705E-16
5295.43334893288  5.942471E-16
5297.35107240953  6.109466E-16
5299.26879588618  6.054518E-16
5301.18651936282  6.184462E-16
5303.10424283947  5.959618E-16
5305.02196631612  6.231526E-16
5306.93968979277  6.193123E-16
5308.85741326941  6.234628E-16
5310.77513674606  6.325089E-16
5312.69286022271  6.055466E-16
5314.61058369935  5.991614E-16
5316.528307176  6.035926E-16
5318.44603065265  6.037243E-16
5320.36375412929  5.956158E-16
5322.28147760594  5.994441E-16
5324.19920108259  6.010142E-16
5326.11692455924  6.184814E-16
5328.03464803588  6.221609E-16
5329.95237151253  6.088815E-16
5331.87009498918  6.091571E-16
5333.78781846582  5.913252E-16
5335.70554194247  6.035651E-16
5337.62326541912  6.215670E-16
5339.54098889577  6.054832E-16
5341.45871237241  6.020359E-16
5343.37643584906  6.000279E-16
5345.29415932571  5.710476E-16
5347.21188280235  5.882052E-16
5349.129606279  5.888612E-16
5351.04732975565  6.155144E-16
5352.9650532323  6.148287E-16
5354.88277670894  6.083648E-16
5356.80050018559  5.988571E-16
5358.71822366224  5.981090E-16
5360.63594713889  6.233334E-16
5362.55367061553  5.849911E-16
5364.47139409218  6.047283E-16
5366.38911756883  5.860029E-16
5368.30684104547  6.033666E-16
5370.22456452212  6.274355E-16
5372.14228799877  5.925140E-16
5374.06001147541  5.860258E-16
5375.97773495206  6.226486E-16
5377.89545842871  6.221409E-16
5379.81318190536  5.951664E-16
5381.730905382  5.676579E-16
5383.64862885865  5.870477E-16
5385.5663523353  5.813867E-16
5387.48407581194  5.864724E-16
5389.40179928859  5.787025E-16
5391.31952276524  5.833290E-16
5393.23724624189  5.483000E-16
5395.15496971853  5.749823E-16
5397.07269319518  5.733577E-16
5398.99041667183  5.725393E-16
5400.90814014847  5.482114E-16
5402.82586362512  5.583933E-16
5404.74358710177  5.401848E-16
5406.66131057841  5.690377E-16
5408.57903405506  5.571219E-16
5410.49675753171  5.248408E-16
5412.41448100836  5.117625E-16
5414.332204485  5.452364E-16
5416.24992796165  5.367217E-16
5418.1676514383  5.491202E-16
5420.08537491495  5.337166E-16
5422.00309839159  4.952462E-16
5423.92082186824  5.048532E-16
5425.83854534489  4.991027E-16
5427.75626882153  5.015171E-16
5429.67399229818  5.153403E-16
5431.59171577483  5.033019E-16
5433.50943925147  4.844952E-16
5435.42716272812  4.922638E-16
5437.34488620477  4.696256E-16
5439.26260968142  4.804576E-16
5441.18033315806  4.879211E-16
5443.09805663471  4.873439E-16
5445.01578011136  5.039528E-16
5446.93350358801  4.911653E-16
5448.85122706465  4.675139E-16
5450.7689505413  4.799443E-16
5452.68667401795  4.762463E-16
5454.60439749459  4.712945E-16
5456.52212097124  4.672116E-16
5458.43984444789  4.644430E-16
5460.35756792453  4.993695E-16
5462.27529140118  4.937492E-16
5464.19301487783  4.736330E-16
5466.11073835448  4.762998E-16
5468.02846183112  4.979873E-16
5469.94618530777  4.795911E-16
5471.86390878442  3.520304E-16
5473.78163226106  1.026595E-16
5475.69935573771  -2.419598E-17
5477.61707921436  1.148375E-16
5479.534802691  4.163459E-16
5481.45252616765  4.612694E-16
5483.3702496443  4.829005E-16
5485.28797312095  4.742794E-16
5487.20569659759  4.831551E-16
5489.12342007424  5.079825E-16
5491.04114355089  4.863757E-16
5492.95886702754  4.804215E-16
5494.87659050418  4.971502E-16
5496.79431398083  4.792718E-16
5498.71203745748  4.893938E-16
5500.62976093412  4.907603E-16
5502.54748441077  4.990757E-16
5504.46520788742  4.915557E-16
5506.38293136406  4.866274E-16
5508.30065484071  5.032641E-16
5510.21837831736  4.887284E-16
5512.13610179401  4.840812E-16
5514.05382527065  4.982604E-16
5515.9715487473  4.867690E-16
5517.88927222395  4.981922E-16
5519.80699570059  4.952217E-16
5521.72471917724  4.871185E-16
5523.64244265389  5.085747E-16
5525.56016613054  5.061223E-16
5527.47788960718  4.903146E-16
5529.39561308383  4.936371E-16
5531.31333656048  5.100882E-16
5533.23106003712  4.971545E-16
5535.14878351377  5.124569E-16
5537.06650699042  5.099455E-16
5538.98423046707  4.788464E-16
5540.90195394371  4.893869E-16
5542.81967742036  4.950785E-16
5544.73740089701  4.955485E-16
5546.65512437365  4.884462E-16
5548.5728478503  4.822785E-16
5550.49057132695  4.995012E-16
5552.40829480359  5.155927E-16
5554.32601828024  5.040050E-16
5556.24374175689  4.902300E-16
5558.16146523354  4.937695E-16
5560.07918871018  5.040975E-16
5561.99691218683  4.881796E-16
5563.91463566348  4.980200E-16
5565.83235914012  4.763355E-16
5567.75008261677  4.609338E-16
5569.66780609342  4.965957E-16
5571.58552957007  4.912044E-16
5573.50325304671  5.013084E-16
5575.42097652336  4.872920E-16
5577.33870000001  4.720476E-16
5579.25642347666  4.961642E-16
5581.1741469533  4.816286E-16
5583.09187042995  4.663380E-16
5585.0095939066  4.829954E-16
5586.92731738324  4.681309E-16
5588.84504085989  4.736970E-16
5590.76276433654  4.808153E-16
5592.68048781318  4.611991E-16
5594.59821128983  4.686649E-16
5596.51593476648  4.712536E-16
5598.43365824312  4.869573E-16
5600.35138171977  4.877197E-16
5602.26910519642  4.720992E-16
5604.18682867307  4.596376E-16
5606.10455214971  4.513971E-16
5608.02227562636  4.576752E-16
5609.93999910301  4.626124E-16
5611.85772257966  4.714287E-16
5613.7754460563  4.631671E-16
5615.69316953295  4.571544E-16
5617.6108930096  4.606748E-16
5619.52861648624  4.500275E-16
5621.44633996289  4.437366E-16
5623.36406343954  4.450535E-16
5625.28178691619  4.452561E-16
5627.19951039283  4.417571E-16
5629.11723386948  4.397757E-16
5631.03495734613  4.689111E-16
5632.95268082277  4.716564E-16
5634.87040429942  4.375923E-16
5636.78812777607  4.514559E-16
5638.70585125271  4.468141E-16
5640.62357472936  4.581172E-16
5642.54129820601  4.412540E-16
5644.45902168266  4.512776E-16
5646.3767451593  4.502699E-16
5648.29446863595  4.445251E-16
5650.2121921126  4.437314E-16
5652.12991558924  4.370403E-16
5654.04763906589  4.525914E-16
5655.96536254254  4.418479E-16
5657.88308601918  4.582370E-16
5659.80080949583  4.652264E-16
5661.71853297248  4.790114E-16
5663.63625644913  4.667298E-16
5665.55397992577  4.650562E-16
5667.47170340242  4.603171E-16
5669.38942687907  4.619308E-16
5671.30715035571  4.588030E-16
5673.22487383236  4.576719E-16
5675.14259730901  4.629011E-16
5677.06032078566  4.737416E-16
5678.9780442623  5.027966E-16
5680.89576773895  4.888738E-16
5682.8134912156  4.819862E-16
5684.73121469224  4.873654E-16
5686.64893816889  4.875592E-16
5688.56666164554  5.058565E-16
5690.48438512219  4.936705E-16
5692.40210859883  4.747425E-16
5694.31983207548  4.901323E-16
5696.23755555213  4.606644E-16
5698.15527902877  4.859991E-16
5700.07300250542  4.861982E-16
5701.99072598207  4.587396E-16
5703.90844945872  4.797561E-16
5705.82617293536  4.814867E-16
5707.74389641201  4.668416E-16
5709.66161988866  4.828162E-16
5711.5793433653  4.594680E-16
5713.49706684195  4.623294E-16
5715.4147903186  4.653403E-16
5717.33251379525  4.741904E-16
5719.25023727189  4.556218E-16
5721.16796074854  4.471345E-16
5723.08568422519  4.499470E-16
5725.00340770183  4.405888E-16
5726.92113117848  4.351823E-16
5728.83885465513  4.547107E-16
5730.75657813178  4.523006E-16
5732.67430160842  4.307758E-16
5734.59202508507  4.382391E-16
5736.50974856172  4.448452E-16
5738.42747203836  4.219352E-16
5740.34519551501  4.334644E-16
5742.26291899166  4.430095E-16
5744.1806424683  4.333351E-16
5746.09836594495  4.344269E-16
5748.0160894216  4.594788E-16
5749.93381289825  4.673491E-16
5751.85153637489  4.565006E-16
5753.76925985154  4.617653E-16
5755.68698332819  4.569759E-16
5757.60470680483  4.669161E-16
5759.52243028148  4.563525E-16
5761.44015375813  4.404184E-16
5763.35787723478  4.496279E-16
5765.27560071142  4.668913E-16
5767.19332418807  4.643351E-16
5769.11104766472  4.625941E-16
5771.02877114136  4.692369E-16
5772.94649461801  4.597081E-16
5774.86421809466  4.738835E-16
5776.78194157131  4.601222E-16
5778.69966504795  4.692839E-16
5780.6173885246  4.798614E-16
5782.53511200125  4.650416E-16
5784.45283547789  4.612509E-16
5786.37055895454  4.651904E-16
5788.28828243119  4.584179E-16
5790.20600590784  4.794259E-16
5792.12372938448  4.864777E-16
5794.04145286113  4.877902E-16
5795.95917633778  4.949568E-16
5797.87689981442  4.898934E-16
5799.79462329107  4.838797E-16
5801.71234676772  4.826911E-16
5803.63007024437  4.706034E-16
5805.54779372101  4.811152E-16
5807.46551719766  4.732446E-16
5809.38324067431  4.919167E-16
5811.30096415095  4.783651E-16
5813.2186876276  4.642378E-16
5815.13641110425  4.526619E-16
5817.05413458089  4.520989E-16
5818.97185805754  4.733363E-16
5820.88958153419  4.936240E-16
5822.80730501084  4.902678E-16
5824.72502848748  4.877984E-16
5826.64275196413  4.839512E-16
5828.56047544078  4.781408E-16
5830.47819891742  4.837383E-16
5832.39592239407  4.867014E-16
5834.31364587072  4.912180E-16
5836.23136934737  4.863769E-16
5838.14909282401  4.807039E-16
5840.06681630066  4.762245E-16
5841.98453977731  4.805747E-16
5843.90226325396  5.009628E-16
5845.8199867306  4.818540E-16
5847.73771020725  4.684708E-16
5849.65543368389  4.924512E-16
5851.57315716054  4.958606E-16
5853.49088063719  4.847401E-16
5855.40860411384  4.930003E-16
5857.32632759048  4.887268E-16
5859.24405106713  4.831628E-16
5861.16177454378  4.962825E-16
5863.07949802042  4.930562E-16
5864.99722149707  5.158957E-16
5866.91494497372  5.111213E-16
5868.83266845037  4.740849E-16
5870.75039192701  4.834398E-16
5872.66811540366  4.858025E-16
5874.58583888031  4.775556E-16
5876.50356235695  4.784957E-16
5878.4212858336  4.877253E-16
5880.33900931025  5.104198E-16
5882.2567327869  4.849780E-16
5884.17445626354  4.703985E-16
5886.09217974019  4.697354E-16
5888.00990321684  4.592591E-16
5889.92762669349  4.635692E-16
5891.84535017013  4.804138E-16
5893.76307364678  5.034032E-16
5895.68079712343  4.497947E-16
5897.59852060007  4.574353E-16
5899.51624407672  4.651626E-16
5901.43396755337  4.502250E-16
5903.35169103001  4.696912E-16
5905.26941450666  4.725345E-16
5907.18713798331  4.671736E-16
5909.10486145996  4.911058E-16
5911.0225849366  4.845473E-16
5912.94030841325  4.656866E-16
5914.8580318899  4.606294E-16
5916.77575536654  4.639736E-16
5918.69347884319  4.905743E-16
5920.61120231984  4.789519E-16
5922.52892579648  4.418515E-16
5924.44664927313  4.591826E-16
5926.36437274978  4.827243E-16
5928.28209622643  4.671023E-16
5930.19981970307  4.730609E-16
5932.11754317972  4.895067E-16
5934.03526665637  4.766057E-16
5935.95299013302  4.836501E-16
5937.87071360966  4.414244E-16
5939.78843708631  4.430741E-16
5941.70616056296  4.891060E-16
5943.6238840396  5.011325E-16
5945.54160751625  4.664850E-16
5947.4593309929  4.652931E-16
5949.37705446954  4.925948E-16
5951.29477794619  4.441553E-16
5953.21250142284  4.542787E-16
5955.13022489949  4.575387E-16
5957.04794837613  4.607435E-16
5958.96567185278  4.544312E-16
5960.88339532943  4.563926E-16
5962.80111880607  4.568969E-16
5964.71884228272  4.819659E-16
5966.63656575937  4.628771E-16
5968.55428923602  4.614305E-16
5970.47201271266  4.775620E-16
5972.38973618931  4.815066E-16
5974.30745966596  4.757222E-16
5976.2251831426  4.671922E-16
5978.14290661925  4.683769E-16
5980.0606300959  4.774562E-16
5981.97835357255  4.671160E-16
5983.89607704919  4.555284E-16
5985.81380052584  4.585773E-16
5987.73152400249  4.632315E-16
5989.64924747913  4.489932E-16
5991.56697095578  4.206428E-16
5993.48469443243  4.399444E-16
5995.40241790908  4.693085E-16
5997.32014138572  4.700770E-16
5999.23786486237  4.537635E-16
6001.15558833902  4.440613E-16
6003.07331181566  4.614200E-16
6004.99103529231  4.600599E-16
6006.90875876896  4.665582E-16
6008.82648224561  4.620591E-16
6010.74420572225  4.641494E-16
6012.6619291989  4.734186E-16
6014.57965267555  4.514752E-16
6016.49737615219  4.645545E-16
6018.41509962884  4.761396E-16
6020.33282310549  4.658142E-16
6022.25054658213  4.719326E-16
6024.16827005878  4.660694E-16
6026.08599353543  4.408084E-16
6028.00371701208  4.371085E-16
6029.92144048872  4.466340E-16
6031.83916396537  4.596330E-16
6033.75688744202  4.663412E-16
6035.67461091866  4.581995E-16
6037.59233439531  4.592847E-16
6039.51005787196  4.639631E-16
6041.42778134861  4.468830E-16
6043.34550482525  4.732188E-16
6045.2632283019  4.564243E-16
6047.18095177855  4.601773E-16
6049.09867525519  4.697042E-16
6051.01639873184  4.551100E-16
6052.93412220849  4.574579E-16
6054.85184568514  4.593350E-16
6056.76956916178  4.820766E-16
6058.68729263843  4.714770E-16
6060.60501611508  4.768311E-16
6062.52273959172  4.613166E-16
6064.44046306837  4.603336E-16
6066.35818654502  4.841513E-16
6068.27591002167  4.719840E-16
6070.19363349831  4.473520E-16
6072.11135697496  4.564018E-16
6074.02908045161  4.789163E-16
6075.94680392825  4.678688E-16
6077.8645274049  4.492470E-16
6079.78225088155  4.600171E-16
6081.69997435819  4.724617E-16
6083.61769783484  4.611645E-16
6085.53542131149  4.382345E-16
6087.45314478814  4.524593E-16
6089.37086826478  4.867382E-16
6091.28859174143  4.717308E-16
6093.20631521808  4.470932E-16
6095.12403869473  4.533109E-16
6097.04176217137  4.493470E-16
6098.95948564802  4.472959E-16
6100.87720912467  4.527678E-16
6102.79493260131  4.615488E-16
6104.71265607796  4.415045E-16
6106.63037955461  4.202947E-16
6108.54810303126  4.396541E-16
6110.4658265079  4.371366E-16
6112.38354998455  4.386679E-16
6114.30127346119  4.418281E-16
6116.21899693784  4.366967E-16
6118.13672041449  4.477864E-16
6120.05444389114  4.578333E-16
6121.97216736778  4.458482E-16
6123.88989084443  4.429480E-16
6125.80761432108  4.650369E-16
6127.72533779773  4.519735E-16
6129.64306127437  4.367896E-16
6131.56078475102  4.404858E-16
6133.47850822767  4.472798E-16
6135.39623170431  4.662888E-16
6137.31395518096  4.665915E-16
6139.23167865761  4.413218E-16
6141.14940213426  4.471003E-16
6143.0671256109  4.364506E-16
6144.98484908755  4.376408E-16
6146.9025725642  4.311590E-16
6148.82029604084  4.438062E-16
6150.73801951749  4.348241E-16
6152.65574299414  4.308509E-16
6154.57346647079  4.308634E-16
6156.49118994743  4.378584E-16
6158.40891342408  4.161669E-16
6160.32663690073  4.262017E-16
6162.24436037737  4.356635E-16
6164.16208385402  4.245660E-16
6166.07980733067  4.320055E-16
6167.99753080731  4.381668E-16
6169.91525428396  4.328565E-16
6171.83297776061  4.365673E-16
6173.75070123726  4.494354E-16
6175.6684247139  4.328772E-16
6177.58614819055  4.086758E-16
6179.5038716672  4.267975E-16
6181.42159514384  4.202497E-16
6183.33931862049  4.219918E-16
6185.25704209714  4.385670E-16
6187.17476557378  4.315066E-16
6189.09248905043  4.093674E-16
6191.01021252708  3.976921E-16
6192.92793600373  4.163764E-16
6194.84565948037  4.204602E-16
6196.76338295702  4.178901E-16
6198.68110643367  4.064615E-16
6200.59882991032  3.892712E-16
6202.51655338696  4.060453E-16
6204.43427686361  4.113029E-16
6206.35200034026  4.256131E-16
6208.26972381691  4.328882E-16
6210.18744729355  4.283905E-16
6212.1051707702  4.283824E-16
6214.02289424684  3.988940E-16
6215.94061772349  3.931146E-16
6217.85834120014  3.987323E-16
6219.77606467679  4.104603E-16
6221.69378815343  4.101474E-16
6223.61151163008  3.993614E-16
6225.52923510673  3.817412E-16
6227.44695858337  3.864283E-16
6229.36468206002  3.982918E-16
6231.28240553667  3.917592E-16
6233.20012901332  3.929513E-16
6235.11785248996  4.046128E-16
6237.03557596661  3.807176E-16
6238.95329944326  3.907001E-16
6240.8710229199  3.922397E-16
6242.78874639655  4.085906E-16
6244.7064698732  4.108819E-16
6246.62419334985  3.955628E-16
6248.54191682649  4.012917E-16
6250.45964030314  4.000095E-16
6252.37736377979  4.081327E-16
6254.29508725644  4.062372E-16
6256.21281073308  4.017141E-16
6258.13053420973  3.967210E-16
6260.04825768638  3.849870E-16
6261.96598116302  3.800763E-16
6263.88370463967  3.872950E-16
6265.80142811632  3.850064E-16
6267.71915159296  3.792153E-16
6269.63687506961  3.724990E-16
6271.55459854626  3.663735E-16
6273.4723220229  3.619981E-16
6275.39004549955  3.621557E-16
6277.3077689762  3.551397E-16
6279.22549245285  3.433734E-16
6281.14321592949  3.587039E-16
6283.06093940614  3.644349E-16
6284.97866288279  3.455565E-16
6286.89638635944  3.534801E-16
6288.81410983608  3.588631E-16
6290.73183331273  3.453873E-16
6292.64955678938  3.502038E-16
6294.56728026602  3.620426E-16
6296.48500374267  3.672498E-16
6298.40272721932  3.429564E-16
6300.32045069597  3.456347E-16
6302.23817417261  3.124524E-16
6304.15589764926  3.167443E-16
6306.07362112591  3.103163E-16
6307.99134460255  3.206348E-16
6309.9090680792  3.316549E-16
6311.82679155585  3.484520E-16
6313.7445150325  3.429579E-16
6315.66223850914  3.429189E-16
6317.57996198579  3.346426E-16
6319.49768546244  3.200199E-16
6321.41540893908  3.170456E-16
6323.33313241573  3.165041E-16
6325.25085589238  3.038095E-16
6327.16857936903  3.053147E-16
6329.08630284567  3.051290E-16
6331.00402632232  3.060665E-16
6332.92174979897  3.241372E-16
6334.83947327561  3.211533E-16
6336.75719675226  3.249545E-16
6338.67492022891  3.121103E-16
6340.59264370555  3.083472E-16
6342.5103671822  3.116520E-16
6344.42809065885  3.236061E-16
6346.3458141355  3.226621E-16
6348.26353761214  3.186544E-16
6350.18126108879  3.133976E-16
6352.09898456544  3.110708E-16
6354.01670804208  3.196808E-16
6355.93443151873  3.255055E-16
6357.85215499538  3.255841E-16
6359.76987847203  3.212272E-16
6361.68760194867  3.303796E-16
6363.60532542532  3.210864E-16
6365.52304890197  3.155247E-16
6367.44077237861  3.387983E-16
6369.35849585526  3.276860E-16
6371.27621933191  3.167855E-16
6373.19394280856  3.365561E-16
6375.1116662852  3.470487E-16
6377.02938976185  3.261038E-16
6378.94711323849  3.241619E-16
6380.86483671514  3.316933E-16
6382.78256019179  3.360955E-16
6384.70028366844  3.465125E-16
6386.61800714508  3.542626E-16
6388.53573062173  3.530193E-16
6390.45345409838  3.496249E-16
6392.37117757503  3.541943E-16
6394.28890105167  3.437561E-16
6396.20662452832  3.454692E-16
6398.12434800497  3.380883E-16
6400.04207148161  3.499185E-16
6401.95979495826  3.406110E-16
6403.87751843491  3.535275E-16
6405.79524191156  3.547828E-16
6407.7129653882  3.553033E-16
6409.63068886485  3.605924E-16
6411.5484123415  3.493056E-16
6413.46613581814  3.403842E-16
6415.38385929479  3.575716E-16
6417.30158277144  3.517190E-16
6419.21930624809  3.390970E-16
6421.13702972473  3.593185E-16
6423.05475320138  3.649952E-16
6424.97247667803  3.674747E-16
6426.89020015467  3.764168E-16
6428.80792363132  3.722675E-16
6430.72564710797  3.597350E-16
6432.64337058461  3.568021E-16
6434.56109406126  3.843268E-16
6436.47881753791  3.762291E-16
6438.39654101456  3.696981E-16
6440.3142644912  3.813122E-16
6442.23198796785  3.724034E-16
6444.1497114445  3.427182E-16
6446.06743492114  3.420651E-16
6447.98515839779  3.805792E-16
6449.90288187444  3.672447E-16
6451.82060535109  3.962737E-16
6453.73832882773  3.990328E-16
6455.65605230438  3.814863E-16
6457.57377578103  3.758316E-16
6459.49149925768  3.969597E-16
6461.40922273432  3.958086E-16
6463.32694621097  3.979228E-16
6465.24466968762  3.994045E-16
6467.16239316426  3.847188E-16
6469.08011664091  3.968279E-16
6470.99784011756  4.063852E-16
6472.9155635942  3.959559E-16
6474.83328707085  4.078676E-16
6476.7510105475  4.059521E-16
6478.66873402415  3.883453E-16
6480.58645750079  3.930789E-16
6482.50418097744  4.055954E-16
6484.42190445409  3.914497E-16
6486.33962793073  3.869200E-16
6488.25735140738  4.243050E-16
6490.17507488403  4.140746E-16
6492.09279836068  3.776223E-16
6494.01052183732  3.872928E-16
6495.92824531397  4.035458E-16
6497.84596879062  4.198978E-16
6499.76369226726  3.999523E-16
6501.68141574391  3.786031E-16
6503.59913922056  3.971951E-16
6505.51686269721  3.949992E-16
6507.43458617385  3.965439E-16
6509.3523096505  3.917924E-16
6511.27003312715  3.896487E-16
6513.18775660379  3.801520E-16
6515.10548008044  3.711572E-16
6517.02320355709  3.860191E-16
6518.94092703373  3.917177E-16
6520.85865051038  4.031424E-16
6522.77637398703  4.053115E-16
6524.69409746368  4.030779E-16
6526.61182094032  3.995385E-16
6528.52954441697  4.082840E-16
6530.44726789362  4.073961E-16
6532.36499137026  4.054405E-16
6534.28271484691  4.148313E-16
6536.20043832356  3.984059E-16
6538.1181618002  3.936367E-16
6540.03588527685  3.832625E-16
6541.9536087535  4.120405E-16
6543.87133223015  4.107058E-16
6545.7890557068  3.893544E-16
6547.70677918344  3.813983E-16
6549.62450266009  3.945455E-16
6551.54222613674  4.229299E-16
6553.45994961338  4.173852E-16
6555.37767309003  3.999238E-16
6557.29539656668  4.071219E-16
6559.21312004332  4.065958E-16
6561.13084351997  3.853302E-16
6563.04856699662  3.846893E-16
6564.96629047327  3.963693E-16
6566.88401394991  3.932706E-16
6568.80173742656  3.922511E-16
6570.71946090321  3.837466E-16
6572.63718437985  3.841145E-16
6574.5549078565  3.772230E-16
6576.47263133315  3.900537E-16
6578.39035480979  3.847165E-16
6580.30807828644  3.784785E-16
6582.22580176309  3.849411E-16
6584.14352523974  3.853919E-16
6586.06124871638  3.802004E-16
6587.97897219303  3.923564E-16
6589.89669566968  3.810532E-16
6591.81441914633  4.095033E-16
6593.73214262297  3.848774E-16
6595.64986609962  3.684648E-16
6597.56758957627  3.840694E-16
6599.48531305291  3.807288E-16
6601.40303652956  3.739804E-16
6603.32076000621  3.822475E-16
6605.23848348285  4.022383E-16
6607.1562069595  3.848865E-16
6609.07393043615  3.718189E-16
6610.9916539128  3.706728E-16
6612.90937738944  3.700745E-16
6614.82710086609  3.985245E-16
6616.74482434274  3.959673E-16
6618.66254781938  3.751312E-16
6620.58027129603  3.819519E-16
6622.49799477268  3.659880E-16
6624.41571824932  3.618983E-16
6626.33344172597  3.700325E-16
6628.25116520262  3.590375E-16
6630.16888867927  3.787081E-16
6632.08661215591  3.775578E-16
6634.00433563256  3.705130E-16
6635.92205910921  3.664257E-16
6637.83978258586  3.647131E-16
6639.7575060625  3.793129E-16
6641.67522953915  3.493152E-16
6643.5929530158  3.530601E-16
6645.51067649244  3.726102E-16
6647.42839996909  3.661761E-16
6649.34612344574  3.631803E-16
6651.26384692239  3.847783E-16
6653.18157039903  3.830612E-16
6655.09929387568  3.671621E-16
6657.01701735233  3.756108E-16
6658.93474082897  3.768914E-16
6660.85246430562  3.714868E-16
6662.77018778227  3.769490E-16
6664.68791125891  3.799751E-16
6666.60563473556  3.585010E-16
6668.52335821221  3.524835E-16
6670.44108168886  3.547048E-16
6672.3588051655  3.534802E-16
6674.27652864215  3.550485E-16
6676.1942521188  3.498125E-16
6678.11197559545  3.604638E-16
6680.02969907209  3.623160E-16
6681.94742254874  3.651136E-16
6683.86514602539  3.767039E-16
6685.78286950203  3.580856E-16
6687.70059297868  3.543163E-16
6689.61831645533  3.450571E-16
6691.53603993197  3.453895E-16
6693.45376340862  3.467372E-16
6695.37148688527  3.492030E-16
6697.28921036191  3.552182E-16
6699.20693383856  3.480612E-16
6701.12465731521  3.498187E-16
6703.04238079186  3.557655E-16
6704.9601042685  3.496634E-16
6706.87782774515  3.361669E-16
6708.7955512218  3.590704E-16
6710.71327469844  3.652914E-16
6712.63099817509  3.492281E-16
6714.54872165174  3.377646E-16
6716.46644512839  3.481621E-16
6718.38416860503  3.602128E-16
6720.30189208168  3.415589E-16
6722.21961555833  3.345357E-16
6724.13733903498  3.430245E-16
6726.05506251162  3.482142E-16
6727.97278598827  3.446773E-16
6729.89050946491  3.411231E-16
6731.80823294156  3.408648E-16
6733.72595641821  3.447292E-16
6735.64367989486  3.595524E-16
6737.5614033715  3.522998E-16
6739.47912684815  3.464563E-16
6741.3968503248  3.464364E-16
6743.31457380144  3.619850E-16
6745.23229727809  3.688025E-16
6747.15002075474  3.674443E-16
6749.06774423139  3.642793E-16
6750.98546770803  3.704697E-16
6752.90319118468  3.567928E-16
6754.82091466133  3.552099E-16
6756.73863813798  3.663957E-16
6758.65636161462  3.349984E-16
6760.57408509127  3.387759E-16
6762.49180856792  3.357108E-16
6764.40953204456  3.433750E-16
6766.32725552121  3.489844E-16
6768.24497899786  3.542441E-16
6770.16270247451  3.555070E-16
6772.08042595115  3.515512E-16
6773.9981494278  3.580075E-16
6775.91587290445  3.564507E-16
6777.83359638109  3.460864E-16
6779.75131985774  3.404195E-16
6781.66904333439  3.466848E-16
6783.58676681103  3.637217E-16
6785.50449028768  3.530172E-16
6787.42221376433  3.409680E-16
6789.33993724098  3.620921E-16
6791.25766071762  3.646199E-16
6793.17538419427  3.769031E-16
6795.09310767092  4.068207E-16
6797.01083114756  4.218589E-16
6798.92855462421  4.328957E-16
6800.84627810086  4.130739E-16
6802.76400157751  3.658728E-16
6804.68172505415  3.271870E-16
6806.5994485308  3.323003E-16
6808.51717200745  3.308523E-16
6810.43489548409  3.243602E-16
6812.35261896074  3.268848E-16
6814.27034243739  3.321386E-16
6816.18806591404  3.521682E-16
6818.10578939068  3.601069E-16
6820.02351286733  3.611615E-16
6821.94123634398  3.282489E-16
6823.85895982062  3.274509E-16
6825.77668329727  3.600558E-16
6827.69440677392  3.447937E-16
6829.61213025057  3.342804E-16
6831.52985372721  3.361804E-16
6833.44757720386  3.302759E-16
6835.36530068051  3.395596E-16
6837.28302415715  3.395094E-16
6839.2007476338  3.322658E-16
6841.11847111045  3.397537E-16
6843.03619458709  3.403759E-16
6844.95391806374  3.180278E-16
6846.87164154039  3.024280E-16
6848.78936501704  3.192242E-16
6850.70708849368  3.269928E-16
6852.62481197033  3.358453E-16
6854.54253544698  3.368720E-16
6856.46025892362  3.190615E-16
6858.37798240027  3.240228E-16
6860.29570587692  3.134121E-16
6862.21342935357  3.050622E-16
6864.13115283021  2.802818E-16
6866.04887630686  2.718921E-16
6867.96659978351  2.583888E-16
6869.88432326016  2.473637E-16
6871.8020467368  2.461841E-16
6873.71977021345  2.699749E-16
6875.6374936901  2.831320E-16
6877.55521716674  2.906502E-16
6879.47294064339  2.947923E-16
6881.39066412004  2.918611E-16
6883.30838759668  2.954448E-16
6885.22611107333  2.945930E-16
6887.14383454998  2.922497E-16
6889.06155802663  2.921006E-16
6890.97928150327  2.904085E-16
6892.89700497992  2.897490E-16
6894.81472845656  2.940086E-16
6896.73245193321  3.077833E-16
6898.65017540986  2.934826E-16
6900.56789888651  2.856778E-16
6902.48562236315  3.064838E-16
6904.4033458398  3.135415E-16
6906.32106931645  2.849374E-16
6908.2387927931  3.018958E-16
6910.15651626974  3.107753E-16
6912.07423974639  3.064324E-16
6913.99196322304  2.942918E-16
6915.90968669969  2.928929E-16
6917.82741017633  3.098208E-16
6919.74513365298  3.254926E-16
6921.66285712963  3.220061E-16
6923.58058060627  3.162491E-16
6925.49830408292  3.220974E-16
6927.41602755957  3.260565E-16
6929.33375103621  3.052611E-16
6931.25147451286  3.107038E-16
6933.16919798951  3.163363E-16
6935.08692146616  3.056878E-16
6937.0046449428  3.147129E-16
6938.92236841945  3.106610E-16
6940.8400918961  2.974862E-16
6942.75781537275  2.938090E-16
6944.67553884939  2.999755E-16
6946.59326232604  3.257430E-16
6948.51098580269  3.228808E-16
6950.42870927933  3.260859E-16
6952.34643275598  3.382009E-16
6954.26415623263  3.367015E-16
6956.18187970928  3.404642E-16
6958.09960318592  3.515511E-16
6960.01732666257  3.341453E-16
6961.93505013922  3.225099E-16
6963.85277361586  3.085090E-16
6965.77049709251  3.227714E-16
6967.68822056916  3.471398E-16
6969.6059440458  3.413571E-16
6971.52366752245  3.375822E-16
6973.4413909991  3.276728E-16
6975.35911447575  3.288878E-16
6977.27683795239  3.364833E-16
6979.19456142904  3.107122E-16
6981.11228490569  3.112141E-16
6983.03000838233  3.117080E-16
6984.94773185898  2.960046E-16
6986.86545533563  3.052817E-16
6988.78317881228  3.199976E-16
6990.70090228892  3.189126E-16
6992.61862576557  3.083528E-16
6994.53634924222  3.119018E-16
6996.45407271886  3.152693E-16
6998.37179619551  3.156718E-16
7000.28951967216  3.010558E-16
7002.2072431488  2.912850E-16
7004.12496662545  3.102032E-16
7006.0426901021  3.059518E-16
7007.96041357875  3.039378E-16
7009.87813705539  2.897913E-16
7011.79586053204  2.964484E-16
7013.71358400869  3.015906E-16
7015.63130748533  3.081125E-16
7017.54903096198  3.116055E-16
7019.46675443863  2.881646E-16
7021.38447791528  3.147500E-16
7023.30220139192  3.115825E-16
7025.21992486857  2.985865E-16
7027.13764834522  3.140957E-16
7029.05537182186  3.139652E-16
7030.97309529851  3.104131E-16
7032.89081877516  3.198111E-16
7034.80854225181  3.363829E-16
7036.72626572845  3.351330E-16
7038.6439892051  3.155013E-16
7040.56171268175  3.087675E-16
7042.47943615839  2.960002E-16
7044.39715963504  2.974949E-16
7046.31488311169  3.084592E-16
7048.23260658833  2.892973E-16
7050.15033006498  2.988336E-16
7052.06805354163  2.964409E-16
7053.98577701827  2.882111E-16
7055.90350049492  3.170179E-16
7057.82122397157  3.013272E-16
7059.73894744822  2.944808E-16
7061.65667092486  2.906307E-16
7063.57439440151  2.785523E-16
7065.49211787816  2.956890E-16
7067.40984135481  3.122437E-16
7069.32756483145  3.075572E-16
7071.2452883081  3.065309E-16
7073.16301178475  3.096405E-16
7075.08073526139  3.168275E-16
7076.99845873804  3.107376E-16
7078.91618221469  3.164869E-16
7080.83390569134  3.047503E-16
7082.75162916798  2.788626E-16
7084.66935264463  2.870899E-16
7086.58707612128  3.013916E-16
7088.50479959793  2.957469E-16
7090.42252307457  2.765638E-16
7092.34024655122  2.862848E-16
7094.25797002786  2.817697E-16
7096.17569350451  2.733487E-16
7098.09341698116  2.936718E-16
7100.01114045781  2.774946E-16
7101.92886393445  2.955095E-16
7103.8465874111  3.006321E-16
7105.76431088775  2.955927E-16
7107.68203436439  3.003876E-16
7109.59975784104  3.178148E-16
7111.51748131769  2.942277E-16
7113.43520479434  2.752003E-16
7115.35292827098  2.961001E-16
7117.27065174763  2.916577E-16
7119.18837522428  3.005479E-16
7121.10609870092  2.897389E-16
7123.02382217757  2.847356E-16
7124.94154565422  3.047708E-16
7126.85926913087  3.100253E-16
7128.77699260751  3.023665E-16
7130.69471608416  2.957399E-16
7132.61243956081  2.971619E-16
7134.53016303746  2.929417E-16
7136.4478865141  2.885446E-16
7138.36560999075  2.903831E-16
7140.2833334674  2.848052E-16
7142.20105694404  3.148641E-16
7144.11878042069  2.989594E-16
7146.03650389734  2.898890E-16
7147.95422737398  2.913763E-16
7149.87195085063  2.924166E-16
7151.78967432728  2.922365E-16
7153.70739780393  2.914519E-16
7155.62512128057  3.015044E-16
7157.54284475722  2.922849E-16
7159.46056823387  2.780850E-16
7161.37829171051  2.987363E-16
7163.29601518716  2.805457E-16
7165.21373866381  2.766975E-16
7167.13146214046  2.759727E-16
7169.0491856171  2.752211E-16
7170.96690909375  2.685211E-16
7172.8846325704  2.696088E-16
7174.80235604704  2.801297E-16
7176.72007952369  2.777955E-16
7178.63780300034  2.680259E-16
7180.55552647699  2.716938E-16
7182.47324995363  2.919024E-16
7184.39097343028  2.722475E-16
7186.30869690693  2.581954E-16
7188.22642038357  2.484586E-16
7190.14414386022  2.595856E-16
7192.06186733687  2.807093E-16
7193.97959081352  2.873265E-16
7195.89731429016  2.780110E-16
7197.81503776681  2.771267E-16
7199.73276124346  2.686979E-16
7201.6504847201  2.717652E-16
7203.56820819675  2.645563E-16
7205.4859316734  2.640252E-16
7207.40365515004  2.823852E-16
7209.32137862669  2.649841E-16
7211.23910210334  2.792748E-16
7213.15682557999  2.972776E-16
7215.07454905663  2.886729E-16
7216.99227253328  2.790993E-16
7218.90999600993  2.742202E-16
7220.82771948657  2.774636E-16
7222.74544296322  2.812218E-16
7224.66316643987  2.717630E-16
7226.58088991652  2.640369E-16
7228.49861339316  2.726712E-16
7230.41633686981  2.723618E-16
7232.33406034646  2.735207E-16
7234.2517838231  2.646725E-16
7236.16950729975  2.562689E-16
7238.0872307764  2.536260E-16
7240.00495425305  2.754132E-16
7241.92267772969  2.730554E-16
7243.84040120634  2.771638E-16
7245.75812468299  2.663852E-16
7247.67584815963  2.882498E-16
7249.59357163628  2.932514E-16
7251.51129511293  2.949683E-16
7253.42901858958  2.697427E-16
7255.34674206622  2.772176E-16
7257.26446554287  2.846190E-16
7259.18218901952  2.720223E-16
7261.09991249616  2.694949E-16
7263.01763597281  2.754630E-16
7264.93535944946  2.747569E-16
7266.8530829261  2.801789E-16
7268.77080640275  2.842172E-16
7270.6885298794  2.581408E-16
7272.60625335605  2.554725E-16
7274.52397683269  2.685590E-16
7276.44170030934  2.467446E-16
7278.35942378599  2.575329E-16
7280.27714726264  2.669605E-16
7282.19487073928  2.736386E-16
7284.11259421593  2.833980E-16
7286.03031769258  2.798200E-16
7287.94804116922  2.887789E-16
7289.86576464587  2.911341E-16
7291.78348812252  2.966808E-16
7293.70121159916  2.762802E-16
7295.61893507581  2.755361E-16
7297.53665855246  3.052465E-16
7299.45438202911  3.007032E-16
7301.37210550575  2.653561E-16
7303.2898289824  2.709214E-16
7305.20755245905  2.903203E-16
7307.1252759357  2.667989E-16
7309.04299941234  2.578305E-16
7310.96072288899  2.734438E-16
7312.87844636564  2.731211E-16
7314.79616984228  2.702434E-16
7316.71389331893  2.547613E-16
7318.63161679558  2.587925E-16
7320.54934027222  2.738016E-16
7322.46706374887  2.651207E-16
7324.38478722552  2.720489E-16
7326.30251070217  2.647943E-16
7328.22023417881  2.663152E-16
7330.13795765546  2.682556E-16
7332.05568113211  2.728856E-16
7333.97340460875  2.845952E-16
7335.8911280854  2.789500E-16
7337.80885156205  2.923393E-16
7339.72657503869  2.880711E-16
7341.64429851534  2.914293E-16
7343.56202199199  2.779762E-16
7345.47974546864  2.815141E-16
7347.39746894528  2.707054E-16
7349.31519242193  2.691289E-16
7351.23291589858  2.880026E-16
7353.15063937522  2.727551E-16
7355.06836285187  2.655811E-16
7356.98608632852  2.756688E-16
7358.90380980517  2.592986E-16
7360.82153328181  2.489808E-16
7362.73925675846  2.690871E-16
7364.65698023511  2.696519E-16
7366.57470371175  2.570597E-16
7368.4924271884  2.577153E-16
7370.41015066505  2.693012E-16
7372.32787414169  2.691309E-16
7374.24559761834  2.856527E-16
7376.16332109499  2.862321E-16
7378.08104457164  2.593853E-16
7379.99876804828  2.534431E-16
7381.91649152493  2.674841E-16
7383.83421500158  2.710093E-16
7385.75193847823  2.486767E-16
7387.66966195487  2.661747E-16
7389.58738543152  2.778039E-16
7391.50510890817  2.790070E-16
7393.42283238481  2.739889E-16
7395.34055586146  2.716362E-16
7397.25827933811  2.865682E-16
7399.17600281475  2.739082E-16
7401.0937262914  2.608750E-16
7403.01144976805  2.691063E-16
7404.9291732447  2.639981E-16
7406.84689672134  2.577282E-16
7408.76462019799  2.843909E-16
7410.68234367464  2.627190E-16
7412.60006715128  2.491741E-16
7414.51779062793  2.821192E-16
7416.43551410458  2.793580E-16
7418.35323758122  2.718363E-16
7420.27096105787  2.412045E-16
7422.18868453452  2.780390E-16
7424.10640801117  2.801880E-16
7426.02413148781  2.757730E-16
7427.94185496446  2.654038E-16
7429.85957844111  2.672087E-16
7431.77730191776  2.793082E-16
7433.6950253944  2.737712E-16
7435.61274887105  2.514240E-16
7437.5304723477  2.499426E-16
7439.44819582434  2.631593E-16
7441.36591930099  2.586975E-16
7443.28364277764  2.616454E-16
7445.20136625428  2.765865E-16
7447.11908973093  2.833414E-16
7449.03681320758  2.705696E-16
7450.95453668423  2.520520E-16
7452.87226016087  2.424432E-16
7454.78998363752  2.406541E-16
7456.70770711417  2.649091E-16
7458.62543059082  2.847001E-16
7460.54315406746  2.576921E-16
7462.46087754411  2.551897E-16
7464.37860102076  2.566756E-16
7466.2963244974  2.495952E-16
7468.21404797405  2.460292E-16
7470.1317714507  2.532747E-16
7472.04949492734  2.514203E-16
7473.96721840399  2.737880E-16
7475.88494188064  2.682555E-16
7477.80266535729  2.385845E-16
7479.72038883393  2.363298E-16
7481.63811231058  2.740570E-16
7483.55583578723  2.991682E-16
7485.47355926387  2.607013E-16
7487.39128274052  2.466568E-16
7489.30900621717  2.589304E-16
7491.22672969382  2.718502E-16
7493.14445317046  2.544287E-16
7495.06217664711  2.610107E-16
7496.97990012376  2.538098E-16
7498.8976236004  2.596034E-16
7500.81534707705  2.809012E-16
7502.7330705537  2.728017E-16
7504.65079403035  2.773955E-16
7506.56851750699  2.557128E-16
7508.48624098364  2.685078E-16
7510.40396446029  2.586134E-16
7512.32168793693  2.579816E-16
7514.23941141358  2.616601E-16
7516.15713489023  2.755945E-16
7518.07485836688  2.534062E-16
7519.99258184352  2.366232E-16
7521.91030532017  2.761002E-16
7523.82802879682  2.800610E-16
7525.74575227346  2.492596E-16
7527.66347575011  2.488451E-16
7529.58119922676  2.729033E-16
7531.4989227034  2.768536E-16
7533.41664618005  2.513227E-16
7535.3343696567  2.666909E-16
7537.25209313335  2.604149E-16
7539.16981660999  2.432572E-16
7541.08754008664  2.519935E-16
7543.00526356329  2.465779E-16
7544.92298703993  2.541333E-16
7546.84071051658  2.696943E-16
7548.75843399323  2.694787E-16
7550.67615746988  2.645368E-16
7552.59388094652  2.773787E-16
7554.51160442317  2.782392E-16
7556.42932789982  2.802970E-16
7558.34705137646  2.734853E-16
7560.26477485311  2.545243E-16
7562.18249832976  2.438903E-16
7564.10022180641  2.598261E-16
7566.01794528305  2.706019E-16
7567.9356687597  2.552393E-16
7569.85339223635  2.620422E-16
7571.77111571299  2.705310E-16
7573.68883918964  2.763303E-16
7575.60656266629  2.585836E-16
7577.52428614294  2.551111E-16
7579.44200961958  2.378446E-16
7581.35973309623  2.495563E-16
7583.27745657288  2.691559E-16
7585.19518004952  2.610495E-16
7587.11290352617  2.630498E-16
7589.03062700282  2.403178E-16
7590.94835047946  1.969738E-16
7592.86607395611  1.860346E-16
7594.78379743276  1.636856E-16
7596.70152090941  1.318641E-16
7598.61924438605  1.042538E-16
7600.5369678627  9.526010E-17
7602.45469133935  8.877090E-17
7604.372414816  8.124054E-17
7606.29013829264  8.307812E-17
7608.20786176929  8.988493E-17
7610.12558524594  1.194562E-16
7612.04330872258  1.303555E-16
7613.96103219923  1.396608E-16
7615.87875567588  1.829281E-16
7617.79647915252  1.819846E-16
7619.71420262917  1.592938E-16
7621.63192610582  1.748453E-16
7623.54964958247  1.520092E-16
7625.46737305911  1.454356E-16
7627.38509653576  1.259946E-16
7629.30282001241  1.558914E-16
7631.22054348905  1.502054E-16
7633.1382669657  1.347364E-16
7635.05599044235  1.426804E-16
7636.97371391899  1.569764E-16
7638.89143739564  1.711735E-16
7640.80916087229  1.686206E-16
7642.72688434894  1.815884E-16
7644.64460782558  1.920021E-16
7646.56233130223  1.787654E-16
7648.48005477888  1.996157E-16
7650.39777825553  2.257510E-16
7652.31550173217  2.178673E-16
7654.23322520882  1.926842E-16
7656.15094868547  1.791600E-16
7658.06867216211  2.026112E-16
7659.98639563876  2.274294E-16
7661.90411911541  2.387120E-16
7663.82184259206  2.230338E-16
7665.7395660687  2.074465E-16
7667.65728954535  1.132604E-16
7669.575013022  7.135266E-17
7671.49273649864  1.874352E-16
7673.41045997529  2.379396E-16
7675.32818345194  2.354212E-16
7677.24590692859  2.261823E-16
7679.16363040523  2.312319E-16
7681.08135388188  2.463513E-16
7682.99907735853  2.360020E-16
7684.91680083517  2.390082E-16
7686.83452431182  2.480594E-16
7688.75224778847  2.419180E-16
7690.66997126511  2.444422E-16
7692.58769474176  2.341191E-16
7694.50541821841  2.460751E-16
7696.42314169506  2.481646E-16
7698.3408651717  2.485575E-16
7700.25858864835  2.531745E-16
7702.176312125  2.513092E-16
7704.09403560164  2.385423E-16
7706.01175907829  2.558168E-16
7707.92948255494  2.546020E-16
7709.84720603159  2.156022E-16
7711.76492950823  2.408759E-16
7713.68265298488  2.428466E-16
7715.60037646153  2.390151E-16
7717.51809993817  2.454274E-16
7719.43582341482  2.340641E-16
7721.35354689147  2.572168E-16
7723.27127036811  2.699477E-16
7725.18899384476  2.295246E-16
7727.10671732141  2.293546E-16
7729.02444079806  2.446388E-16
7730.9421642747  2.243215E-16
7732.85988775135  2.302268E-16
7734.777611228  2.279291E-16
7736.69533470464  2.402376E-16
7738.61305818129  2.435873E-16
7740.53078165794  2.378035E-16
7742.44850513459  2.205984E-16
7744.36622861123  2.471267E-16
7746.28395208788  2.379339E-16
7748.20167556453  2.361249E-16
7750.11939904117  2.847645E-16
7752.03712251782  2.275472E-16
7753.95484599447  2.320655E-16
7755.87256947112  2.409992E-16
7757.79029294776  2.142478E-16
7759.70801642441  2.268556E-16
7761.62573990106  2.572503E-16
7763.5434633777  2.593063E-16
7765.46118685435  2.467248E-16
7767.378910331  2.433700E-16
7769.29663380764  2.341150E-16
7771.21435728429  2.288525E-16
7773.13208076094  2.326752E-16
7775.04980423759  2.288468E-16
7776.96752771423  2.303293E-16
7778.88525119088  2.277044E-16
7780.80297466753  2.206304E-16
7782.72069814418  2.295255E-16
7784.63842162082  2.226118E-16
7786.55614509747  2.021821E-16
7788.47386857412  2.024250E-16
7790.39159205076  2.347018E-16
7792.30931552741  2.414147E-16
7794.22703900406  2.604427E-16
7796.14476248071  2.651364E-16
7798.06248595735  2.613532E-16
7799.980209434  2.499996E-16
7801.89793291065  2.272371E-16
7803.81565638729  2.180252E-16
7805.73337986394  2.351844E-16
7807.65110334059  2.471620E-16
7809.56882681723  2.258030E-16
7811.48655029388  2.288715E-16
7813.40427377053  2.430949E-16
7815.32199724718  2.470939E-16
7817.23972072382  2.409401E-16
7819.15744420047  2.494064E-16
7821.07516767712  2.409638E-16
7822.99289115376  2.785924E-16
7824.91061463041  2.499664E-16
7826.82833810706  2.252000E-16
7828.74606158371  2.137994E-16
7830.66378506035  2.398851E-16
7832.581508537  2.351918E-16
7834.49923201365  2.086065E-16
7836.41695549029  2.204331E-16
7838.33467896694  2.474702E-16
7840.25240244359  2.552194E-16
7842.17012592024  2.624457E-16
7844.08784939688  2.603559E-16
7846.00557287353  2.461380E-16
7847.92329635018  2.383433E-16
7849.84101982682  2.358003E-16
7851.75874330347  2.643071E-16
7853.67646678012  2.531709E-16
7855.59419025676  2.215743E-16
7857.51191373341  2.231473E-16
7859.42963721006  2.217559E-16
7861.34736068671  2.287303E-16
7863.26508416335  2.272314E-16
7865.18280764  2.408024E-16
7867.10053111665  2.353190E-16
7869.0182545933  2.458102E-16
7870.93597806994  2.573797E-16
7872.85370154659  2.568296E-16
7874.77142502324  2.348002E-16
7876.68914849988  2.378454E-16
7878.60687197653  2.704389E-16
7880.52459545318  2.515837E-16
7882.44231892982  2.233840E-16
7884.36004240647  2.274011E-16
7886.27776588312  2.136752E-16
7888.19548935977  2.236046E-16
7890.11321283641  2.453080E-16
7892.03093631306  2.457424E-16
7893.94865978971  2.398515E-16
7895.86638326635  2.448693E-16
7897.784106743  2.415178E-16
7899.70183021965  2.406745E-16
7901.6195536963  2.428649E-16
7903.53727717294  2.344595E-16
7905.45500064959  2.541484E-16
7907.37272412624  2.575737E-16
7909.29044760288  2.257502E-16
7911.20817107953  2.130848E-16
7913.12589455618  2.369707E-16
7915.04361803283  2.383446E-16
7916.96134150947  2.318623E-16
7918.87906498612  2.392450E-16
7920.79678846277  2.637653E-16
7922.71451193941  2.888896E-16
7924.63223541606  2.624623E-16
7926.54995889271  2.294216E-16
7928.46768236936  2.257308E-16
7930.385405846  2.341134E-16
7932.30312932265  2.481634E-16
7934.2208527993  2.455299E-16
7936.13857627594  2.512363E-16
7938.05629975259  2.680489E-16
7939.97402322924  2.410014E-16
7941.89174670589  2.399781E-16
7943.80947018253  2.245480E-16
7945.72719365918  2.358196E-16
7947.64491713583  2.166114E-16
7949.56264061247  2.086726E-16
7951.48036408912  2.259595E-16
7953.39808756577  2.580967E-16
7955.31581104241  2.415378E-16
7957.23353451906  2.322826E-16
7959.15125799571  2.398363E-16
7961.06898147236  2.222339E-16
7962.986704949  2.351247E-16
7964.90442842565  2.311748E-16
7966.8221519023  2.498238E-16
7968.73987537894  2.499579E-16
7970.65759885559  2.228025E-16
7972.57532233224  2.152997E-16
7974.49304580888  2.194142E-16
7976.41076928553  2.292961E-16
7978.32849276218  2.678716E-16
7980.24621623883  2.604490E-16
7982.16393971547  2.581991E-16
7984.08166319212  2.339902E-16
7985.99938666877  2.100258E-16
7987.91711014542  2.349957E-16
7989.83483362206  2.539186E-16
7991.75255709871  2.627158E-16
7993.67028057536  2.434075E-16
7995.588004052  2.352786E-16
7997.50572752865  2.417663E-16
7999.4234510053  2.186600E-16
8001.34117448194  2.219095E-16
8003.25889795859  2.387615E-16
8005.17662143524  2.466011E-16
8007.09434491189  2.425693E-16
8009.01206838853  2.657755E-16
8010.92979186518  2.633060E-16
8012.84751534183  2.579958E-16
8014.76523881848  2.307819E-16
8016.68296229512  2.323613E-16
8018.60068577177  2.305822E-16
8020.51840924842  2.428868E-16
8022.43613272506  2.374577E-16
8024.35385620171  2.390094E-16
8026.27157967836  2.508703E-16
8028.189303155  2.697098E-16
8030.10702663165  2.503405E-16
8032.0247501083  2.395215E-16
8033.94247358495  2.352366E-16
8035.86019706159  2.219000E-16
8037.77792053824  2.320391E-16
8039.69564401489  2.299254E-16
8041.61336749153  2.354247E-16
8043.53109096818  2.297767E-16
8045.44881444483  2.328008E-16
8047.36653792148  2.140087E-16
8049.28426139812  2.012827E-16
8051.20198487477  2.290579E-16
8053.11970835142  2.371152E-16
8055.03743182806  2.334690E-16
8056.95515530471  2.378369E-16
8058.87287878136  2.339351E-16
8060.79060225801  2.541622E-16
8062.70832573465  2.571184E-16
8064.6260492113  2.292583E-16
8066.54377268795  2.192549E-16
8068.46149616459  2.378672E-16
8070.37921964124  2.211433E-16
8072.29694311789  2.118738E-16
8074.21466659453  2.284708E-16
8076.13239007118  2.206943E-16
8078.05011354783  2.240087E-16
8079.96783702448  2.189464E-16
8081.88556050112  2.358812E-16
8083.80328397777  2.339976E-16
8085.72100745442  2.184271E-16
8087.63873093107  2.439626E-16
8089.55645440771  2.290413E-16
8091.47417788436  2.101621E-16
8093.39190136101  2.204278E-16
8095.30962483765  2.054440E-16
8097.2273483143  2.257598E-16
8099.14507179095  2.323204E-16
8101.06279526759  2.150484E-16
8102.98051874424  2.419310E-16
8104.89824222089  2.428402E-16
8106.81596569754  2.132022E-16
8108.73368917418  2.228654E-16
8110.65141265083  2.367531E-16
8112.56913612748  2.122199E-16
8114.48685960412  1.863800E-16
8116.40458308077  2.112714E-16
8118.32230655742  2.318047E-16
8120.24003003407  1.984862E-16
8122.15775351071  2.239670E-16
8124.07547698736  2.198587E-16
8125.99320046401  2.108690E-16
8127.91092394065  2.155159E-16
8129.8286474173  2.066455E-16
8131.74637089395  2.098791E-16
8133.66409437059  2.071060E-16
8135.58181784724  2.141859E-16
8137.49954132389  2.223148E-16
8139.41726480054  2.131713E-16
8141.33498827718  1.834879E-16
8143.25271175383  1.827023E-16
8145.17043523048  1.847679E-16
8147.08815870712  1.633206E-16
8149.00588218377  2.004524E-16
8150.92360566042  2.465180E-16
8152.84132913707  1.984315E-16
8154.75905261371  1.821788E-16
8156.67677609036  2.200579E-16
8158.59449956701  1.905315E-16
8160.51222304365  2.073854E-16
8162.4299465203  1.985812E-16
8164.34766999695  1.812469E-16
8166.2653934736  1.625137E-16
8168.18311695024  1.729834E-16
8170.10084042689  1.935473E-16
8172.01856390354  1.893102E-16
8173.93628738018  1.917267E-16
8175.85401085683  1.914899E-16
8177.77173433348  1.860423E-16
8179.68945781012  1.661272E-16
8181.60718128677  1.444860E-16
8183.52490476342  1.712700E-16
8185.44262824007  1.821511E-16
8187.36035171671  1.504608E-16
8189.27807519336  1.693910E-16
8191.19579867001  1.986699E-16
8193.11352214665  2.019214E-16
8195.0312456233  1.993426E-16
8196.94896909995  1.736524E-16
8198.8666925766  2.050546E-16
8200.78441605324  1.685144E-16
8202.70213952989  1.768221E-16
8204.61986300654  1.782630E-16
8206.53758648318  1.757372E-16
8208.45530995983  1.832721E-16
8210.37303343648  2.012420E-16
8212.29075691313  1.626253E-16
8214.20848038978  1.511750E-16
8216.12620386642  1.642492E-16
8218.04392734307  1.862431E-16
8219.96165081971  1.924840E-16
8221.87937429636  1.529009E-16
8223.79709777301  1.611627E-16
8225.71482124966  2.003123E-16
8227.6325447263  1.793013E-16
8229.55026820295  1.691442E-16
8231.4679916796  1.651302E-16
8233.38571515624  1.647571E-16
8235.30343863289  1.861954E-16
8237.22116210954  1.858856E-16
8239.13888558618  1.926699E-16
8241.05660906283  1.830025E-16
8242.97433253948  1.810380E-16
8244.89205601613  1.850321E-16
8246.80977949278  1.713799E-16
8248.72750296942  1.697633E-16
8250.64522644607  1.908801E-16
8252.56294992272  2.038787E-16
8254.48067339936  1.929448E-16
8256.39839687601  1.818740E-16
8258.31612035266  1.833675E-16
8260.2338438293  1.793175E-16
8262.15156730595  1.754035E-16
8264.0692907826  1.849218E-16
8265.98701425924  1.920287E-16
8267.90473773589  2.051639E-16
8269.82246121254  2.307239E-16
8271.74018468919  2.185524E-16
8273.65790816583  1.902611E-16
8275.57563164248  1.898747E-16
8277.49335511913  1.560534E-16
8279.41107859578  1.632220E-16
8281.32880207242  1.851705E-16
8283.24652554907  1.648604E-16
8285.16424902572  1.932123E-16
8287.08197250236  1.829056E-16
8288.99969597901  1.836481E-16
8290.91741945566  2.014614E-16
8292.8351429323  2.261339E-16
8294.75286640895  2.141811E-16
8296.6705898856  1.813443E-16
8298.58831336225  1.970163E-16
8300.50603683889  1.842156E-16
8302.42376031554  1.594643E-16
8304.34148379219  1.853455E-16
8306.25920726883  1.963051E-16
8308.17693074548  1.862453E-16
8310.09465422213  2.070036E-16
8312.01237769877  2.022852E-16
8313.93010117542  1.753307E-16
8315.84782465207  1.932263E-16
8317.76554812872  2.089202E-16
8319.68327160536  2.017958E-16
8321.60099508201  2.114634E-16
8323.51871855866  1.860391E-16
8325.4364420353  1.839333E-16
8327.35416551195  1.653444E-16
8329.2718889886  1.643874E-16
8331.18961246525  1.827058E-16
8333.10733594189  1.840758E-16
8335.02505941854  1.933918E-16
8336.94278289519  1.762004E-16
8338.86050637184  1.688399E-16
8340.77822984848  1.922843E-16
8342.69595332513  1.774177E-16
8344.61367680177  1.785593E-16
8346.53140027842  2.200468E-16
8348.44912375507  2.278342E-16
8350.36684723172  2.338489E-16
8352.28457070837  2.484787E-16
8354.20229418501  2.049162E-16
8356.12001766166  2.153696E-16
8358.03774113831  2.113288E-16
8359.95546461495  2.187483E-16
8361.8731880916  2.233185E-16
8363.79091156825  1.994266E-16
8365.7086350449  2.160408E-16
8367.62635852154  2.120573E-16
8369.54408199819  1.896800E-16
8371.46180547483  1.981155E-16
8373.37952895148  1.919473E-16
8375.29725242813  2.024847E-16
8377.21497590478  2.092192E-16
8379.13269938142  1.912915E-16
8381.05042285807  1.921045E-16
8382.96814633472  2.326226E-16
8384.88586981137  2.392229E-16
8386.80359328801  1.943540E-16
8388.72131676466  2.016947E-16
8390.63904024131  1.940613E-16
8392.55676371795  2.154203E-16
8394.4744871946  2.392447E-16
8396.39221067125  2.034901E-16
8398.30993414789  1.873040E-16
8400.22765762454  1.745599E-16
8402.14538110119  1.949984E-16
8404.06310457784  1.997525E-16
8405.98082805448  1.752262E-16
8407.89855153113  1.924221E-16
8409.81627500778  2.064737E-16
8411.73399848443  2.093290E-16
8413.65172196107  2.186255E-16
8415.56944543772  2.271172E-16
8417.48716891437  2.476562E-16
8419.40489239101  2.416031E-16
8421.32261586766  2.179704E-16
8423.24033934431  1.995619E-16
8425.15806282095  2.851131E-16
8427.0757862976  3.225017E-16
8428.99350977425  3.464354E-16
8430.9112332509  3.125566E-16
8432.82895672754  3.137240E-16
8434.74668020419  2.936869E-16
8436.66440368084  2.569431E-16
8438.58212715749  2.285515E-16
8440.49985063413  2.262113E-16
8442.41757411078  2.420373E-16
8444.33529758743  2.461640E-16
8446.25302106407  2.590639E-16
8448.17074454072  2.325375E-16
8450.08846801737  1.897416E-16
8452.00619149401  2.278480E-16
8453.92391497066  2.222926E-16
8455.84163844731  2.273948E-16
8457.75936192396  2.209016E-16
8459.6770854006  1.769826E-16
8461.59480887725  2.202330E-16
8463.5125323539  2.028926E-16
8465.43025583054  2.200975E-16
8467.34797930719  2.169688E-16
8469.26570278384  1.867117E-16
8471.18342626048  2.071666E-16
8473.10114973713  2.052070E-16
8475.01887321378  1.994215E-16
8476.93659669043  1.941899E-16
8478.85432016707  1.802456E-16
8480.77204364372  1.802342E-16
8482.68976712037  1.893292E-16
8484.60749059701  2.040749E-16
8486.52521407366  1.978969E-16
8488.44293755031  1.875015E-16
8490.36066102696  1.694730E-16
8492.2783845036  2.040696E-16
8494.19610798025  2.116186E-16
8496.1138314569  2.212269E-16
8498.03155493354  2.161667E-16
8499.94927841019  1.953758E-16
8501.86700188684  1.942937E-16
8503.78472536349  1.940806E-16
8505.70244884013  1.811195E-16
8507.62017231678  1.708888E-16
8509.53789579343  1.889557E-16
8511.45561927007  2.139747E-16
8513.37334274672  2.234616E-16
8515.29106622337  1.953968E-16
8517.20878970002  2.043803E-16
8519.12651317666  2.242095E-16
8521.04423665331  1.846099E-16
8522.96196012996  2.049709E-16
8524.8796836066  2.115523E-16
8526.79740708325  2.041653E-16
8528.7151305599  2.133667E-16
8530.63285403655  2.337390E-16
8532.55057751319  1.687774E-16
8534.46830098984  1.542749E-16
8536.38602446649  1.481255E-16
8538.30374794313  1.428700E-16
8540.22147141978  1.701368E-16
8542.13919489643  1.955368E-16
8544.05691837308  2.013926E-16
8545.97464184972  2.039125E-16
8547.89236532637  2.064031E-16
8549.81008880302  1.857119E-16
8551.72781227966  2.106815E-16
8553.64553575631  2.183919E-16
8555.56325923296  1.811648E-16
8557.4809827096  2.014098E-16
8559.39870618625  1.864824E-16
8561.3164296629  1.826316E-16
8563.23415313955  1.874940E-16
8565.1518766162  1.981953E-16
8567.06960009284  2.125296E-16
8568.98732356949  1.683855E-16
8570.90504704613  1.511512E-16
8572.82277052278  1.619521E-16
8574.74049399943  2.157454E-16
8576.65821747608  2.090511E-16
8578.57594095272  1.702896E-16
8580.49366442937  1.777685E-16
8582.41138790602  2.044077E-16
8584.32911138266  2.077572E-16
8586.24683485931  1.930389E-16
8588.16455833596  1.788571E-16
8590.0822818126  1.894252E-16
8592.00000528925  1.934512E-16
8593.9177287659  1.815403E-16
8595.83545224255  2.084086E-16
8597.7531757192  2.142376E-16
8599.67089919584  1.985289E-16
8601.58862267249  1.902573E-16
8603.50634614913  1.570930E-16
8605.42406962578  1.842347E-16
8607.34179310243  1.576019E-16
8609.25951657908  1.833069E-16
8611.17724005572  1.969668E-16
8613.09496353237  2.009361E-16
8615.01268700902  2.146529E-16
8616.93041048566  2.065431E-16
8618.84813396231  1.857408E-16
8620.76585743896  1.967017E-16
8622.68358091561  2.167988E-16
8624.60130439225  2.045383E-16
8626.5190278689  1.826201E-16
8628.43675134555  1.913742E-16
8630.35447482219  2.172369E-16
8632.27219829884  2.107400E-16
8634.18992177549  1.788951E-16
8636.10764525214  1.715215E-16
8638.02536872878  1.987682E-16
8639.94309220543  2.167278E-16
8641.86081568208  1.888486E-16
8643.77853915872  2.034454E-16
8645.69626263537  2.554380E-16
8647.61398611202  2.141209E-16
8649.53170958866  1.709458E-16
8651.44943306531  2.172238E-16
8653.36715654196  1.853643E-16
8655.28488001861  1.796232E-16
8657.20260349525  2.022511E-16
8659.1203269719  2.021974E-16
8661.03805044855  2.095430E-16
8662.95577392519  1.976830E-16
8664.87349740184  1.952395E-16
8666.79122087849  2.248726E-16
8668.70894435514  2.266983E-16
8670.62666783179  2.101726E-16
8672.54439130843  2.386834E-16
8674.46211478508  2.105496E-16
8676.37983826172  1.866506E-16
8678.29756173837  2.427262E-16
8680.21528521502  1.685589E-16
8682.13300869167  1.768506E-16
8684.05073216831  1.974183E-16
8685.96845564496  1.925101E-16
8687.88617912161  1.854744E-16
8689.80390259825  2.028657E-16
8691.7216260749  1.878690E-16
8693.63934955155  1.693160E-16
8695.5570730282  1.644980E-16
8697.47479650484  1.755867E-16
8699.39251998149  2.026995E-16
8701.31024345814  1.928265E-16
8703.22796693479  1.840412E-16
8705.14569041143  2.021430E-16
8707.06341388808  1.936214E-16
8708.98113736472  1.910274E-16
8710.89886084137  1.766287E-16
8712.81658431802  1.841201E-16
8714.73430779467  2.351141E-16
8716.65203127131  2.026948E-16
8718.56975474796  2.024091E-16
8720.48747822461  1.872645E-16
8722.40520170126  1.823616E-16
8724.3229251779  2.041334E-16
8726.24064865455  2.096157E-16
8728.1583721312  2.199897E-16
8730.07609560785  2.232663E-16
8731.99381908449  2.108313E-16
8733.91154256114  1.869694E-16
8735.82926603778  1.617114E-16
8737.74698951443  1.724632E-16
8739.66471299108  1.956703E-16
8741.58243646773  2.054733E-16
8743.50015994437  2.038473E-16
8745.41788342102  1.814160E-16
8747.33560689767  2.163728E-16
8749.25333037432  2.117065E-16
8751.17105385096  2.183336E-16
8753.08877732761  1.940877E-16
8755.00650080425  1.840702E-16
8756.9242242809  1.822385E-16
8758.84194775755  1.646820E-16
8760.7596712342  1.882314E-16
8762.67739471085  2.069261E-16
8764.59511818749  2.199746E-16
8766.51284166414  2.029041E-16
8768.43056514079  1.918151E-16
8770.34828861743  2.009752E-16
8772.26601209408  1.852254E-16
8774.18373557073  1.980491E-16
8776.10145904738  2.099520E-16
8778.01918252402  1.787922E-16
8779.93690600067  2.101958E-16
8781.85462947731  2.254514E-16
8783.77235295396  1.995532E-16
8785.69007643061  2.026359E-16
8787.60779990726  1.813610E-16
8789.5255233839  1.672175E-16
8791.44324686055  1.527476E-16
8793.3609703372  1.959701E-16
8795.27869381385  1.888657E-16
8797.19641729049  1.679128E-16
8799.11414076714  1.793467E-16
8801.03186424379  1.899753E-16
8802.94958772043  2.033300E-16
8804.86731119708  2.041563E-16
8806.78503467373  2.112906E-16
8808.70275815038  2.276468E-16
8810.62048162702  1.923668E-16
8812.53820510367  1.608773E-16
8814.45592858032  1.775513E-16
8816.37365205696  1.796724E-16
8818.29137553361  1.866052E-16
8820.20909901026  1.507897E-16
8822.1268224869  1.191588E-16
8824.04454596355  2.000713E-16
8825.9622694402  2.282086E-16
8827.87999291685  2.053466E-16
8829.79771639349  2.462550E-16
8831.71543987014  2.351588E-16
8833.63316334679  1.867419E-16
8835.55088682344  1.377373E-16
8837.46861030008  1.682353E-16
8839.38633377673  1.776950E-16
8841.30405725338  1.869398E-16
8843.22178073002  2.024546E-16
8845.13950420667  1.810881E-16
8847.05722768332  1.870600E-16
8848.97495115996  1.986556E-16
8850.89267463661  2.107625E-16
8852.81039811326  1.636261E-16
8854.72812158991  1.837685E-16
8856.64584506655  1.628428E-16
8858.5635685432  1.594957E-16
8860.48129201985  1.749808E-16
8862.39901549649  1.758961E-16
8864.31673897314  2.583755E-16
8866.23446244979  2.054433E-16
8868.15218592644  1.959763E-16
8870.06990940308  2.366065E-16
8871.98763287973  1.828547E-16
8873.90535635638  1.800304E-16
8875.82307983302  1.983395E-16
8877.74080330967  2.031427E-16
8879.65852678632  2.397100E-16
8881.57625026297  2.351793E-16
8883.49397373961  2.001230E-16
8885.41169721626  1.881933E-16
8887.32942069291  1.925712E-16
8889.24714416955  1.561791E-16
8891.1648676462  1.061631E-16
8893.08259112285  1.865904E-16
8895.00031459949  1.607004E-16
8896.91803807614  1.830580E-16
8898.83576155279  2.261710E-16
8900.75348502944  2.319944E-16
8902.67120850608  1.776294E-16
8904.58893198273  1.906371E-16
8906.50665545938  2.073961E-16
8908.42437893602  2.009417E-16
8910.34210241267  2.053220E-16
8912.25982588932  1.978035E-16
8914.17754936597  1.974084E-16
8916.09527284261  2.125426E-16
8918.01299631926  2.155313E-16
8919.93071979591  2.182898E-16
8921.84844327255  2.035390E-16
8923.7661667492  1.674291E-16
8925.68389022585  1.649212E-16
8927.6016137025  1.515600E-16
8929.51933717914  1.319496E-16
8931.43706065579  1.977849E-16
8933.35478413244  2.258239E-16
8935.27250760908  2.179185E-16
8937.19023108573  2.036792E-16
8939.10795456238  1.810313E-16
8941.02567803903  2.126690E-16
8942.94340151567  2.116669E-16
8944.86112499232  1.699232E-16
8946.77884846897  1.917098E-16
8948.69657194561  1.848343E-16
8950.61429542226  1.608701E-16
8952.53201889891  1.574014E-16
8954.44974237556  1.499905E-16
8956.3674658522  1.787760E-16
8958.28518932885  1.457566E-16
8960.2029128055  9.535123E-17
8962.12063628214  1.578954E-16
8964.03835975879  1.763735E-16
8965.95608323544  1.743650E-16
8967.87380671208  1.624769E-16
8969.79153018873  1.586822E-16
8971.70925366538  1.485355E-16
8973.62697714203  1.342343E-16
8975.54470061867  1.047620E-16
8977.46242409532  1.397031E-16
8979.38014757197  1.542868E-16
8981.29787104861  1.702159E-16
8983.21559452526  2.085607E-16
8985.13331800191  2.003446E-16
8987.05104147856  1.817894E-16
8988.9687649552  1.847508E-16
8990.88648843185  1.850464E-16
8992.8042119085  1.706847E-16
8994.72193538514  1.495211E-16
8996.63965886179  1.649189E-16
8998.55738233844  1.684139E-16
9000.47510581508  1.833383E-16
9002.39282929173  2.060735E-16
9004.31055276838  2.194360E-16
9006.22827624503  1.679819E-16
9008.14599972167  1.089103E-16
9010.06372319832  1.488200E-16
9011.98144667497  1.552208E-16
9013.89917015161  1.780422E-16
9015.81689362826  2.083751E-16
9017.73461710491  1.907797E-16
9019.65234058156  1.634532E-16
9021.5700640582  1.718491E-16
9023.48778753485  1.575034E-16
9025.4055110115  1.291568E-16
9027.32323448814  1.383385E-16
9029.24095796479  1.565822E-16
9031.15868144144  1.416943E-16
9033.07640491809  8.941827E-17
9034.99412839473  1.127342E-16
9036.91185187138  1.411857E-16
9038.82957534803  1.210394E-16
9040.74729882467  1.798174E-16
9042.66502230132  2.162722E-16
9044.58274577797  1.964827E-16
9046.50046925462  2.281748E-16
9048.41819273126  1.681851E-16
9050.33591620791  1.589560E-16
9052.25363968456  1.577384E-16
9054.1713631612  1.880389E-16
9056.08908663785  1.875948E-16
9058.0068101145  1.521595E-16
9059.92453359115  1.651767E-16
9061.84225706779  1.469863E-16
9063.75998054444  1.175399E-16
9065.67770402109  1.491276E-16
9067.59542749773  1.562570E-16
9069.51315097438  1.395314E-16
9071.43087445103  1.169267E-16
9073.34859792767  1.437766E-16
9075.26632140432  1.392085E-16
9077.18404488097  1.464210E-16
9079.10176835762  1.989420E-16
9081.01949183427  1.589095E-16
9082.93721531091  1.697009E-16
9084.85493878756  1.913736E-16
9086.7726622642  1.895170E-16
9088.69038574085  1.760265E-16
9090.6081092175  1.386696E-16
9092.52583269415  1.095298E-16
9094.44355617079  1.496851E-16
9096.36127964744  1.835496E-16
9098.27900312409  2.004522E-16
9100.19672660073  2.145697E-16
9102.11445007738  1.873308E-16
9104.03217355403  1.764399E-16
9105.94989703067  1.805748E-16
9107.86762050732  1.977892E-16
9109.78534398397  1.816504E-16
9111.70306746062  1.904105E-16
9113.62079093727  1.863821E-16
9115.53851441391  1.525328E-16
9117.45623789056  1.534364E-16
9119.3739613672  1.503339E-16
9121.29168484385  1.937917E-16
9123.2094083205  2.250278E-16
9125.12713179715  1.611930E-16
9127.04485527379  1.780518E-16
9128.96257875044  1.880820E-16
9130.88030222709  1.436402E-16
9132.79802570374  1.592480E-16
9134.71574918038  1.981999E-16
9136.63347265703  1.917432E-16
9138.55119613368  1.674365E-16
9140.46891961032  1.699329E-16
9142.38664308697  1.967142E-16
9144.30436656362  1.798382E-16
9146.22209004027  1.182864E-16
9148.13981351691  1.345526E-16
9150.05753699356  1.001885E-16
9151.97526047021  1.492339E-16
9153.89298394685  1.827433E-16
9155.8107074235  1.725969E-16
9157.72843090015  1.743473E-16
9159.64615437679  1.607562E-16
9161.56387785344  1.522763E-16
9163.48160133009  1.979293E-16
9165.39932480674  1.879727E-16
9167.31704828338  1.693676E-16
9169.23477176003  1.696631E-16
9171.15249523668  1.433737E-16
9173.07021871332  1.465785E-16
9174.98794218997  1.620876E-16
9176.90566566662  1.579015E-16
9178.82338914327  1.683190E-16
9180.74111261991  1.805236E-16
9182.65883609656  2.134278E-16
9184.57655957321  2.025868E-16
9186.49428304986  1.846959E-16
9188.4120065265  1.615534E-16
9190.32973000315  1.267700E-16
9192.24745347979  1.437211E-16
9194.16517695644  1.774974E-16
9196.08290043309  1.550745E-16
9198.00062390974  1.703680E-16
9199.91834738639  1.766934E-16
9201.83607086303  1.274632E-16
9203.75379433968  1.290534E-16
9205.67151781632  1.985791E-16
9207.58924129297  1.848906E-16
9209.50696476962  1.362623E-16
9211.42468824627  1.776337E-16
9213.34241172291  2.125388E-16
9215.26013519956  1.925351E-16
9217.17785867621  1.611459E-16
9219.09558215286  1.786406E-16
9221.0133056295  1.799397E-16
9222.93102910615  1.672468E-16
9224.8487525828  2.046259E-16
9226.76647605944  1.893406E-16
9228.68419953609  1.730410E-16
9230.60192301274  1.858984E-16
9232.51964648938  1.832448E-16
9234.43736996603  1.715587E-16
9236.35509344268  1.828965E-16
9238.27281691933  1.608719E-16
9240.19054039597  1.376244E-16
9242.10826387262  1.830576E-16
9244.02598734927  1.685625E-16
9245.94371082592  1.071531E-16
9247.86143430256  1.418948E-16
9249.77915777921  1.659397E-16
9251.69688125586  1.476471E-16
9253.6146047325  1.731399E-16
9255.53232820915  1.800078E-16
9257.4500516858  1.842257E-16
9259.36777516244  1.497970E-16
9261.28549863909  1.350223E-16
9263.20322211574  1.800120E-16
9265.12094559239  1.649472E-16
9267.03866906903  1.715485E-16
9268.95639254568  1.601540E-16
9270.87411602233  1.388935E-16
9272.79183949898  1.966574E-16
9274.70956297562  1.590061E-16
9276.62728645227  1.570635E-16
9278.54500992892  2.056930E-16
9280.46273340556  1.724277E-16
9282.38045688221  1.302867E-16
9284.29818035886  1.455592E-16
9286.2159038355  2.086806E-16
9288.13362731215  2.271765E-16
9290.0513507888  1.693640E-16
9291.96907426545  1.416464E-16
9293.88679774209  1.245892E-16
9295.80452121874  1.737091E-16
9297.72224469538  1.225838E-16
9299.63996817203  1.753820E-16
9301.55769164868  1.480649E-16
9303.47541512533  1.263380E-16
9305.39313860198  1.597498E-16
9307.31086207862  2.289636E-16
9309.22858555527  2.276479E-16
9311.14630903192  1.764825E-16
9313.06403250856  1.825159E-16
9314.98175598521  1.221704E-16
9316.89947946186  6.430764E-17
9318.8172029385  1.086594E-16
9320.73492641515  1.250515E-16
9322.6526498918  1.351200E-16
9324.57037336845  1.719234E-16
9326.48809684509  1.399963E-16
9328.40582032174  1.307145E-16
9330.32354379839  1.839973E-16
9332.24126727503  8.519269E-17
9334.15899075168  4.307705E-17
9336.07671422833  7.984957E-17
9337.99443770498  1.325421E-16
9339.91216118162  1.578457E-16
9341.82988465827  1.973374E-16
9343.74760813492  1.746492E-16
9345.66533161156  1.353975E-16
9347.58305508821  1.623042E-16
9349.50077856486  1.428858E-16
9351.41850204151  1.189304E-16
9353.33622551815  1.378556E-16
9355.2539489948  1.125670E-16
9357.17167247145  1.421924E-16
9359.08939594809  1.686034E-16
9361.00711942474  1.138703E-16
9362.92484290139  1.317177E-16
9364.84256637803  8.084846E-17
9366.76028985468  1.276557E-16
9368.67801333133  1.974198E-16
9370.59573680798  9.813574E-17
9372.51346028462  7.621080E-17
9374.43118376127  1.711388E-16
9376.34890723792  2.005559E-16
9378.26663071457  2.044821E-16
9380.18435419121  1.816554E-16
9382.10207766786  2.068367E-16
9384.01980114451  1.840757E-16
9385.93752462115  1.955710E-16
9387.8552480978  2.234493E-16
9389.77297157445  2.195351E-16
9391.69069505109  2.292926E-16
9393.60841852774  2.092827E-16
9395.52614200439  1.871111E-16
9397.44386548104  1.916914E-16
9399.36158895768  1.543891E-16
9401.27931243433  1.240608E-16
9403.19703591098  1.088854E-16
9405.11475938762  1.250962E-16
9407.03248286427  1.414998E-16
9408.95020634092  1.696914E-16
9410.86792981757  2.051241E-17
9412.78565329421  1.015039E-16
9414.70337677086  2.028639E-16
9416.62110024751  2.679419E-16
9418.53882372415  2.026481E-16
9420.4565472008  2.584327E-16
9422.37427067745  2.527189E-16
9424.29199415409  1.470975E-16
9426.20971763074  7.879797E-17
9428.12744110739  1.326050E-16
9430.04516458404  1.758129E-16
9431.96288806068  1.850714E-16
9433.88061153733  2.058672E-16
9435.79833501398  1.962780E-16
9437.71605849062  2.363601E-16
9439.63378196727  1.733119E-16
9441.55150544392  1.300640E-16
9443.46922892057  1.185651E-16
9445.38695239721  1.405051E-16
9447.30467587386  1.756641E-16
9449.22239935051  2.374773E-16
9451.14012282715  2.181160E-16
9453.0578463038  1.918589E-16
9454.97556978045  2.014251E-16
9456.8932932571  2.136720E-16
9458.81101673374  1.500751E-16
9460.72874021039  1.690495E-16
9462.64646368704  1.251947E-16
9464.56418716369  8.359618E-17
9466.48191064033  1.211584E-16
9468.39963411698  2.015008E-16
9470.31735759363  2.373018E-16
9472.23508107027  1.878280E-16
9474.15280454692  1.926826E-16
9476.07052802357  1.653569E-16
9477.98825150021  1.776984E-16
9479.90597497686  1.459517E-16
9481.82369845351  8.008458E-17
9483.74142193015  7.707044E-17
9485.6591454068  9.576110E-17
9487.57686888345  1.633128E-16
9489.4945923601  1.862666E-16
9491.41231583674  1.508166E-16
9493.33003931339  7.450710E-17
9495.24776279004  1.236724E-16
9497.16548626668  1.105199E-16
9499.08320974333  1.669462E-16
9501.00093321998  1.712977E-16
9502.91865669663  1.437728E-16
9504.83638017327  1.841716E-16
9506.75410364992  1.672183E-16
9508.67182712657  1.261086E-16
9510.58955060321  1.480657E-16
9512.50727407986  1.852796E-16
9514.42499755651  1.431066E-16
9516.34272103316  1.411232E-16
9518.2604445098  1.663714E-16
9520.17816798645  1.350417E-16
9522.0958914631  1.229700E-16
9524.01361493974  1.138252E-16
9525.93133841639  1.260182E-16
9527.84906189304  1.590421E-16
9529.76678536969  2.088387E-16
9531.68450884633  1.013140E-16
9533.60223232298  9.559321E-17
9535.51995579963  1.483888E-16
9537.43767927628  1.425669E-16
9539.35540275292  1.888258E-16
9541.27312622957  1.656171E-16
9543.19084970621  1.512841E-16
9545.10857318286  1.854701E-16
9547.02629665951  1.506294E-16
9548.94402013616  1.657802E-16
9550.8617436128  1.747937E-16
9552.77946708945  1.541266E-16
9554.6971905661  1.206850E-16
9556.61491404274  1.963142E-16
9558.53263751939  2.263973E-16
9560.45036099604  2.065166E-16
9562.36808447269  2.324623E-16
9564.28580794933  2.718600E-16
9566.20353142598  2.617895E-16
9568.12125490263  2.155007E-16
9570.03897837928  1.130042E-16
9571.95670185592  1.757327E-16
9573.87442533257  1.502546E-16
9575.79214880922  6.130486E-17
9577.70987228586  1.454297E-16
9579.62759576251  2.201707E-16
9581.54531923916  1.929173E-16
9583.4630427158  1.497879E-16
9585.38076619245  1.032885E-16
9587.2984896691  1.207426E-16
9589.21621314574  1.889679E-16
9591.13393662239  1.852185E-16
9593.05166009904  9.252717E-17
9594.96938357569  1.328655E-16
9596.88710705234  1.556692E-16
9598.80483052898  1.254473E-16
9600.72255400563  1.473047E-16
9602.64027748227  3.138241E-16
9604.55800095892  2.133493E-16
9606.47572443557  2.319290E-16
9608.39344791222  3.067508E-16
9610.31117138886  2.278740E-16
9612.22889486551  1.768473E-16
9614.14661834216  1.720930E-16
9616.0643418188  1.581922E-16
9617.98206529545  1.758347E-16
9619.8997887721  1.298144E-16
9621.81751224875  1.443646E-16
9623.73523572539  2.888137E-16
9625.65295920204  3.051444E-16
9627.57068267869  2.319027E-16
9629.48840615534  1.292398E-16
9631.40612963198  1.224096E-16
9633.32385310863  1.905273E-16
9635.24157658527  2.623587E-16
9637.15930006192  2.154945E-16
9639.07702353857  1.484218E-16
9640.99474701522  1.328395E-16
9642.91247049187  3.636686E-17
9644.83019396851  3.962960E-17
9646.74791744516  9.288547E-17
9648.66564092181  2.243854E-16
9650.58336439845  1.835452E-16
9652.5010878751  9.094682E-17
9654.41881135175  1.800048E-16
9656.33653482839  1.903768E-16
9658.25425830504  1.671781E-16
9660.17198178169  2.396903E-16
9662.08970525834  1.484364E-16
9664.00742873498  1.329607E-16
9665.92515221163  2.835189E-16
9667.84287568828  2.118339E-16
9669.76059916493  2.459164E-16
9671.67832264157  1.437494E-16
9673.59604611822  2.104964E-16
9675.51376959487  1.829103E-16
9677.43149307151  1.532099E-16
9679.34921654816  1.308391E-16
9681.26694002481  2.443446E-16
9683.18466350145  2.809433E-16
9685.1023869781  1.518480E-16
9687.02011045475  2.510893E-16
9688.93783393139  2.298915E-16
9690.85555740804  2.414080E-16
9692.77328088469  2.904085E-16
9694.69100436134  2.125650E-16
9696.60872783798  1.950615E-16
9698.52645131463  3.564658E-16
9700.44417479128  4.217281E-16
9702.36189826793  2.538182E-16
9704.27962174457  2.317407E-16
9706.19734522122  1.855948E-16
9708.11506869786  9.060954E-17
9710.03279217451  1.891147E-16
9711.95051565116  1.345545E-16
9713.86823912781  1.727320E-16
9715.78596260446  1.916896E-16
9717.7036860811  1.483552E-16
9719.62140955775  1.820612E-16
9721.5391330344  1.580337E-16
9723.45685651104  7.601318E-17
9725.37457998769  2.316799E-16
9727.29230346434  3.189007E-16
9729.21002694099  1.973119E-16
9731.12775041763  2.088971E-16
9733.04547389428  3.639838E-16
9734.96319737093  3.138831E-16
9736.88092084757  2.352575E-16
9738.79864432422  1.910406E-16
9740.71636780087  1.219381E-16
9742.63409127751  2.578256E-16
9744.55181475416  2.070159E-16
9746.46953823081  1.973250E-16
9748.38726170746  1.879789E-16
9750.3049851841  1.318617E-16
9752.22270866075  7.480428E-17
9754.1404321374  2.206230E-16
9756.05815561404  2.567038E-16
9757.97587909069  1.874993E-16
9759.89360256734  1.757283E-16
9761.81132604399  3.929171E-17
9763.72904952063  1.813539E-16
9765.64677299728  2.465446E-16
9767.56449647393  1.038053E-16
9769.48221995057  1.584610E-16
9771.39994342722  3.113503E-16
9773.31766690387  2.176915E-16
9775.23539038051  1.067463E-16
9777.15311385716  2.439797E-16
9779.07083733381  2.916443E-16
9780.98856081046  1.314317E-16
9782.9062842871  1.476118E-16
9784.82400776375  2.306560E-16
9786.7417312404  1.426185E-16
9788.65945471705  2.404892E-16
9790.57717819369  1.411472E-16
9792.49490167034  1.899725E-16
9794.41262514699  1.770405E-16
9796.33034862363  1.513432E-16
9798.24807210028  3.953375E-16
9800.16579557693  2.921134E-16
