3650.00000000001  4.682061E-17
3651.91648483277  1.792627E-17
3653.83296966553  2.610854E-17
3655.7494544983  -1.117598E-16
3657.66593933106  -1.110195E-16
3659.58242416383  -2.500520E-17
3661.49890899659  9.882196E-17
3663.41539382935  1.215367E-16
3665.33187866212  1.708097E-16
3667.24836349488  3.238836E-17
3669.16484832764  -8.305963E-17
3671.08133316041  7.994622E-17
3672.99781799317  1.019315E-16
3674.91430282593  7.129497E-17
3676.8307876587  1.974255E-16
3678.74727249146  2.151455E-16
3680.66375732423  6.127507E-17
3682.58024215699  1.340839E-16
3684.49672698975  2.028805E-16
3686.41321182252  1.506597E-16
3688.32969665528  1.374646E-16
3690.24618148804  1.807337E-16
3692.16266632081  1.429527E-16
3694.07915115357  1.257345E-16
3695.99563598633  6.967365E-17
3697.9121208191  8.979709E-17
3699.82860565186  6.066865E-17
3701.74509048463  1.063432E-16
3703.66157531739  1.363358E-16
3705.57806015015  6.885195E-17
3707.49454498292  1.182231E-16
3709.41102981568  2.002917E-16
3711.32751464844  1.267346E-16
3713.24399948121  1.119302E-16
3715.16048431397  1.412365E-16
3717.07696914674  1.510269E-16
3718.9934539795  1.929091E-16
3720.90993881226  2.149467E-16
3722.82642364503  8.317445E-17
3724.74290847779  1.018573E-16
3726.65939331055  1.144431E-16
3728.57587814332  1.308352E-16
3730.49236297608  1.393779E-16
3732.40884780884  1.261258E-16
3734.32533264161  1.702616E-16
3736.24181747437  1.687934E-16
3738.15830230714  2.266575E-16
3740.0747871399  1.688738E-16
3741.99127197266  1.453024E-16
3743.90775680543  1.954498E-16
3745.82424163819  1.653889E-16
3747.74072647095  2.062561E-16
3749.65721130372  2.440622E-16
3751.57369613648  1.861253E-16
3753.49018096925  1.619515E-16
3755.40666580201  1.700390E-16
3757.32315063477  1.767616E-16
3759.23963546754  1.589866E-16
3761.1561203003  2.160267E-16
3763.07260513306  2.631796E-16
3764.98908996583  2.488236E-16
3766.90557479859  2.668573E-16
3768.82205963135  2.492606E-16
3770.73854446412  2.381675E-16
3772.65502929688  2.044206E-16
3774.57151412965  2.037023E-16
3776.48799896241  2.368606E-16
3778.40448379517  2.180232E-16
3780.32096862794  1.860739E-16
3782.2374534607  2.304529E-16
3784.15393829346  2.247119E-16
3786.07042312623  1.888569E-16
3787.98690795899  2.067926E-16
3789.90339279175  1.976611E-16
3791.81987762452  1.972944E-16
3793.73636245728  1.665868E-16
3795.65284729005  1.659249E-16
3797.56933212281  2.045141E-16
3799.48581695557  1.287087E-16
3801.40230178834  1.498679E-16
3803.3187866211  2.562901E-16
3805.23527145386  2.099680E-16
3807.15175628663  1.102677E-16
3809.06824111939  1.710477E-16
3810.98472595216  2.175394E-16
3812.90121078492  1.909769E-16
3814.81769561768  1.966644E-16
3816.73418045045  1.706766E-16
3818.65066528321  1.232352E-16
3820.56715011597  1.493383E-16
3822.48363494874  1.518986E-16
3824.4001197815  1.381935E-16
3826.31660461426  1.551667E-16
3828.23308944703  1.700842E-16
3830.14957427979  1.972199E-16
3832.06605911256  1.800517E-16
3833.98254394532  1.363795E-16
3835.89902877808  1.570685E-16
3837.81551361085  2.030432E-16
3839.73199844361  1.528371E-16
3841.64848327637  8.205669E-17
3843.56496810914  7.932921E-17
3845.4814529419  1.172576E-16
3847.39793777466  1.381597E-16
3849.31442260743  8.838538E-17
3851.23090744019  7.257214E-17
3853.14739227296  6.249101E-17
3855.06387710572  1.121386E-16
3856.98036193848  1.601228E-16
3858.89684677125  1.213048E-16
3860.81333160401  1.006640E-16
3862.72981643677  9.904976E-17
3864.64630126954  1.458556E-16
3866.5627861023  1.587042E-16
3868.47927093507  8.659575E-17
3870.39575576783  7.420374E-17
3872.31224060059  7.854418E-17
3874.22872543336  1.541245E-16
3876.14521026612  1.394678E-16
3878.06169509888  9.834609E-17
3879.97817993165  1.084087E-16
3881.89466476441  1.009056E-16
3883.81114959717  1.050529E-16
3885.72763442994  1.380804E-16
3887.6441192627  1.452975E-16
3889.56060409547  1.110723E-16
3891.47708892823  1.143356E-16
3893.39357376099  1.206490E-16
3895.31005859376  1.049874E-16
3897.22654342652  1.392594E-16
3899.14302825928  1.397838E-16
3901.05951309205  8.466281E-17
3902.97599792481  9.447257E-17
3904.89248275758  1.224920E-16
3906.80896759034  1.107545E-16
3908.7254524231  1.189924E-16
3910.64193725587  1.408866E-16
3912.55842208863  1.437998E-16
3914.47490692139  1.180631E-16
3916.39139175416  1.217506E-16
3918.30787658692  8.710455E-17
3920.22436141968  1.018642E-16
3922.14084625245  1.402417E-16
3924.05733108521  1.590016E-16
3925.97381591798  1.834600E-16
3927.89030075074  1.506875E-16
3929.8067855835  1.289449E-16
3931.72327041627  1.313383E-16
3933.63975524903  1.153320E-16
3935.55624008179  1.217202E-16
3937.47272491456  1.468777E-16
3939.38920974732  1.569608E-16
3941.30569458009  1.661488E-16
3943.22217941285  1.660545E-16
3945.13866424561  1.589817E-16
3947.05514907838  1.546974E-16
3948.97163391114  1.784802E-16
3950.8881187439  1.792747E-16
3952.80460357667  1.618569E-16
3954.72108840943  1.954003E-16
3956.6375732422  2.103573E-16
3958.55405807496  1.787882E-16
3960.47054290772  2.236599E-16
3962.38702774049  2.200865E-16
3964.30351257325  2.029530E-16
3966.21999740601  2.295006E-16
3968.13648223878  2.252466E-16
3970.05296707154  2.331138E-16
3971.9694519043  2.466511E-16
3973.88593673707  2.393712E-16
3975.80242156983  2.386621E-16
3977.71890640259  2.317015E-16
3979.63539123536  2.602444E-16
3981.55187606812  2.442313E-16
3983.46836090089  2.349440E-16
3985.38484573365  2.656019E-16
3987.30133056641  2.614783E-16
3989.21781539918  2.665368E-16
3991.13430023194  2.826284E-16
3993.0507850647  2.850787E-16
3994.96726989747  2.728565E-16
3996.88375473023  2.321403E-16
3998.800239563  2.461520E-16
4000.71672439576  2.817943E-16
4002.63320922852  3.252934E-16
4004.54969406129  2.908360E-16
4006.46617889405  2.737739E-16
4008.38266372681  2.978269E-16
4010.29914855958  3.111341E-16
4012.21563339234  3.205810E-16
4014.1321182251  3.112845E-16
4016.04860305787  3.397604E-16
4017.96508789063  3.409223E-16
4019.8815727234  3.178064E-16
4021.79805755616  3.170763E-16
4023.71454238892  3.176802E-16
4025.63102722169  3.244963E-16
4027.54751205445  3.129633E-16
4029.46399688721  3.142564E-16
4031.38048171998  3.235290E-16
4033.29696655274  3.302003E-16
4035.21345138551  3.591261E-16
4037.12993621827  3.714867E-16
4039.04642105103  3.486923E-16
4040.9629058838  3.256756E-16
4042.87939071656  3.448905E-16
4044.79587554932  3.436177E-16
4046.71236038209  3.256073E-16
4048.62884521485  3.140867E-16
4050.54533004761  3.632100E-16
4052.46181488038  3.650492E-16
4054.37829971314  3.352385E-16
4056.29478454591  3.359999E-16
4058.21126937867  3.626845E-16
4060.12775421143  3.501325E-16
4062.0442390442  3.103048E-16
4063.96072387696  3.176254E-16
4065.87720870972  3.374468E-16
4067.79369354249  3.314763E-16
4069.71017837525  3.325819E-16
4071.62666320802  3.392088E-16
4073.54314804078  3.446788E-16
4075.45963287354  3.285408E-16
4077.37611770631  2.878671E-16
4079.29260253907  2.586048E-16
4081.20908737183  3.134475E-16
4083.1255722046  3.254662E-16
4085.04205703736  2.881870E-16
4086.95854187013  2.978700E-16
4088.87502670289  2.458549E-16
4090.79151153565  2.229460E-16
4092.70799636842  2.608839E-16
4094.62448120118  2.644607E-16
4096.54096603394  2.541307E-16
4098.45745086671  2.614986E-16
4100.37393569947  2.361471E-16
4102.29042053223  2.275481E-16
4104.206905365  2.408365E-16
4106.12339019776  2.316704E-16
4108.03987503053  2.239865E-16
4109.95635986329  2.363646E-16
4111.87284469605  2.446394E-16
4113.78932952881  2.241938E-16
4115.70581436158  2.195431E-16
4117.62229919434  2.398885E-16
4119.53878402711  2.480834E-16
4121.45526885987  2.624024E-16
4123.37175369263  2.509728E-16
4125.2882385254  2.091214E-16
4127.20472335816  2.226874E-16
4129.12120819093  2.293086E-16
4131.03769302369  2.096847E-16
4132.95417785645  2.339833E-16
4134.87066268922  2.344420E-16
4136.78714752198  2.107590E-16
4138.70363235474  2.199729E-16
4140.62011718751  2.035030E-16
4142.53660202027  2.023278E-16
4144.45308685304  2.288747E-16
4146.3695716858  2.055484E-16
4148.28605651856  2.049066E-16
4150.20254135133  2.121132E-16
4152.11902618409  2.195598E-16
4154.03551101685  2.135314E-16
4155.95199584962  2.251724E-16
4157.86848068238  2.097323E-16
4159.78496551514  2.420262E-16
4161.70145034791  2.243917E-16
4163.61793518067  1.970784E-16
4165.53442001344  1.862043E-16
4167.4509048462  1.759406E-16
4169.36738967896  1.890189E-16
4171.28387451173  1.963439E-16
4173.20035934449  1.929963E-16
4175.11684417725  1.937940E-16
4177.03332901002  1.809068E-16
4178.94981384278  1.955038E-16
4180.86629867555  1.944174E-16
4182.78278350831  1.782346E-16
4184.69926834107  1.951853E-16
4186.61575317384  2.085733E-16
4188.5322380066  1.880888E-16
4190.44872283936  1.925101E-16
4192.36520767213  1.742061E-16
4194.28169250489  1.698893E-16
4196.19817733765  2.058342E-16
4198.11466217042  1.926884E-16
4200.03114700318  1.889330E-16
4201.94763183595  2.182289E-16
4203.86411666871  2.125449E-16
4205.78060150147  1.849185E-16
4207.69708633424  1.883325E-16
4209.613571167  2.088607E-16
4211.53005599976  1.935818E-16
4213.44654083253  2.087503E-16
4215.36302566529  2.076817E-16
4217.27951049805  1.845408E-16
4219.19599533082  1.824076E-16
4221.11248016358  1.962420E-16
4223.02896499635  2.027211E-16
4224.94544982911  2.201711E-16
4226.86193466187  2.104682E-16
4228.77841949464  2.005635E-16
4230.6949043274  2.028911E-16
4232.61138916016  2.186128E-16
4234.52787399293  2.043343E-16
4236.44435882569  2.111855E-16
4238.36084365845  2.138199E-16
4240.27732849122  2.059902E-16
4242.19381332398  2.141711E-16
4244.11029815675  2.260541E-16
4246.02678298951  2.293740E-16
4247.94326782227  2.268067E-16
4249.85975265504  2.250496E-16
4251.7762374878  2.298122E-16
4253.69272232056  2.234863E-16
4255.60920715333  2.356153E-16
4257.52569198609  2.501631E-16
4259.44217681886  2.201989E-16
4261.35866165162  2.314754E-16
4263.27514648438  2.559954E-16
4265.19163131715  2.383406E-16
4267.10811614991  2.247506E-16
4269.02460098267  2.539433E-16
4270.94108581544  2.503247E-16
4272.8575706482  2.223810E-16
4274.77405548096  2.464276E-16
4276.69054031373  2.545002E-16
4278.60702514649  2.581767E-16
4280.52350997926  2.426285E-16
4282.43999481202  2.432979E-16
4284.35647964478  2.488915E-16
4286.27296447755  2.475049E-16
4288.18944931031  2.374546E-16
4290.10593414307  2.629367E-16
4292.02241897584  2.729335E-16
4293.9389038086  2.428399E-16
4295.85538864136  2.363170E-16
4297.77187347413  2.545119E-16
4299.68835830689  2.280738E-16
4301.60484313966  2.235661E-16
4303.52132797242  2.415232E-16
4305.43781280518  2.214051E-16
4307.35429763795  2.225657E-16
4309.27078247071  2.497789E-16
4311.18726730347  2.557418E-16
4313.10375213624  2.313024E-16
4315.020236969  2.281897E-16
4316.93672180177  2.520288E-16
4318.85320663453  2.289156E-16
4320.76969146729  2.268202E-16
4322.68617630006  2.491924E-16
4324.60266113282  2.493688E-16
4326.51914596558  2.398755E-16
4328.43563079835  2.469588E-16
4330.35211563111  2.659561E-16
4332.26860046388  2.687561E-16
4334.18508529664  2.583020E-16
4336.1015701294  2.628089E-16
4338.01805496217  2.555867E-16
4339.93453979493  2.539475E-16
4341.85102462769  2.605748E-16
4343.76750946046  2.573748E-16
4345.68399429322  2.291499E-16
4347.60047912598  2.535148E-16
4349.51696395875  2.696187E-16
4351.43344879151  2.514059E-16
4353.34993362427  2.434041E-16
4355.26641845704  2.431019E-16
4357.1829032898  2.437219E-16
4359.09938812257  2.590143E-16
4361.01587295533  2.556985E-16
4362.93235778809  2.748508E-16
4364.84884262086  2.813306E-16
4366.76532745362  2.782181E-16
4368.68181228638  2.507477E-16
4370.59829711915  2.388785E-16
4372.51478195191  2.407241E-16
4374.43126678468  2.424696E-16
4376.34775161744  2.715448E-16
4378.2642364502  2.606278E-16
4380.18072128297  2.583192E-16
4382.09720611573  2.638453E-16
4384.01369094849  2.434246E-16
4385.93017578126  2.351373E-16
4387.84666061402  2.480975E-16
4389.76314544678  2.509325E-16
4391.67963027955  2.426159E-16
4393.59611511231  2.682554E-16
4395.51259994508  2.878339E-16
4397.42908477784  2.691326E-16
4399.3455696106  2.638525E-16
4401.26205444337  2.817498E-16
4403.17853927613  2.739131E-16
4405.09502410889  2.674041E-16
4407.01150894166  2.556254E-16
4408.92799377442  2.573106E-16
4410.84447860719  2.650559E-16
4412.76096343995  2.852311E-16
4414.67744827271  2.796506E-16
4416.59393310548  2.714883E-16
4418.51041793824  2.856142E-16
4420.426902771  2.846927E-16
4422.34338760377  2.646502E-16
4424.25987243653  2.327499E-16
4426.17635726929  2.233705E-16
4428.09284210206  2.458565E-16
4430.00932693482  2.442108E-16
4431.92581176759  2.233269E-16
4433.84229660035  2.199260E-16
4435.75878143311  2.414827E-16
4437.67526626588  2.228580E-16
4439.59175109864  2.226562E-16
4441.5082359314  2.434546E-16
4443.42472076417  2.198600E-16
4445.34120559693  2.148496E-16
4447.25769042969  2.374721E-16
4449.17417526246  2.283586E-16
4451.09066009522  2.087776E-16
4453.00714492799  1.979272E-16
4454.92362976075  2.042634E-16
4456.84011459351  2.013152E-16
4458.75659942628  2.015153E-16
4460.67308425904  1.906400E-16
4462.5895690918  1.857812E-16
4464.50605392457  1.703424E-16
4466.42253875733  1.584399E-16
4468.3390235901  1.868148E-16
4470.25550842286  1.779993E-16
4472.17199325562  1.767514E-16
4474.08847808839  1.864879E-16
4476.00496292115  1.781374E-16
4477.92144775391  1.703211E-16
4479.83793258668  1.589581E-16
4481.75441741944  1.638627E-16
4483.6709022522  1.561158E-16
4485.58738708497  1.603699E-16
4487.50387191773  1.700727E-16
4489.4203567505  1.714810E-16
4491.33684158326  1.489606E-16
4493.25332641602  1.467508E-16
4495.16981124879  1.482692E-16
4497.08629608155  1.580182E-16
4499.00278091431  1.587374E-16
4500.91926574708  1.392552E-16
4502.83575057984  1.326999E-16
4504.7522354126  1.318058E-16
4506.66872024537  1.276209E-16
4508.58520507813  1.481196E-16
4510.5016899109  1.479177E-16
4512.41817474366  1.514796E-16
4514.33465957642  1.640413E-16
4516.25114440919  1.556907E-16
4518.16762924195  1.221810E-16
4520.08411407472  1.195571E-16
4522.00059890748  1.386339E-16
4523.91708374024  1.400561E-16
4525.833568573  1.448813E-16
4527.75005340577  1.497629E-16
4529.66653823853  1.519993E-16
4531.5830230713  1.542639E-16
4533.49950790406  1.515536E-16
4535.41599273682  1.448757E-16
4537.33247756959  1.485810E-16
4539.24896240235  1.495378E-16
4541.16544723511  1.527174E-16
4543.08193206788  1.350883E-16
4544.99841690064  1.220662E-16
4546.91490173341  1.199673E-16
4548.83138656617  1.175919E-16
4550.74787139893  1.508581E-16
4552.6643562317  1.782803E-16
4554.58084106446  1.581875E-16
4556.49732589722  1.557659E-16
4558.41381072999  1.586877E-16
4560.33029556275  1.488825E-16
4562.24678039552  1.463299E-16
4564.16326522828  1.513142E-16
4566.07975006104  1.631379E-16
4567.99623489381  1.592094E-16
4569.91271972657  1.727279E-16
4571.82920455933  1.661736E-16
4573.7456893921  1.587988E-16
4575.66217422486  1.744615E-16
4577.57865905762  1.826666E-16
4579.49514389039  1.747513E-16
4581.41162872315  1.596644E-16
4583.32811355592  1.682677E-16
4585.24459838868  1.624146E-16
4587.16108322144  1.675835E-16
4589.07756805421  1.881639E-16
4590.99405288697  1.708779E-16
4592.91053771973  1.709807E-16
4594.8270225525  1.797266E-16
4596.74350738526  1.771537E-16
4598.65999221803  1.849589E-16
4600.57647705079  1.891748E-16
4602.49296188355  2.005456E-16
4604.40944671632  2.189985E-16
4606.32593154908  2.275201E-16
4608.24241638184  2.239788E-16
4610.15890121461  2.211506E-16
4612.07538604737  2.060792E-16
4613.99187088013  2.062354E-16
4615.9083557129  2.331123E-16
4617.82484054566  2.369381E-16
4619.74132537843  2.311412E-16
4621.65781021119  2.302375E-16
4623.57429504395  2.326252E-16
4625.49077987672  2.392394E-16
4627.40726470948  2.725152E-16
4629.32374954224  2.706793E-16
4631.24023437501  2.651083E-16
4633.15671920777  2.723969E-16
4635.07320404054  2.580935E-16
4636.9896888733  2.677705E-16
4638.90617370606  2.763385E-16
4640.82265853883  2.893808E-16
4642.73914337159  3.137489E-16
4644.65562820435  3.062445E-16
4646.57211303712  3.132662E-16
4648.48859786988  3.133401E-16
4650.40508270264  3.140823E-16
4652.32156753541  3.287200E-16
4654.23805236817  3.271916E-16
4656.15453720093  3.320331E-16
4658.0710220337  3.698565E-16
4659.98750686646  3.830616E-16
4661.90399169923  3.703901E-16
4663.82047653199  3.780343E-16
4665.73696136475  3.777379E-16
4667.65344619752  3.613468E-16
4669.56993103028  3.664465E-16
4671.48641586305  3.651290E-16
4673.40290069581  3.998922E-16
4675.31938552857  4.078757E-16
4677.23587036133  4.074235E-16
4679.1523551941  4.241407E-16
4681.06884002686  4.096447E-16
4682.98532485963  4.031528E-16
4684.90180969239  4.154404E-16
4686.81829452515  4.188947E-16
4688.73477935792  4.223493E-16
4690.65126419068  4.320659E-16
4692.56774902344  4.456644E-16
4694.48423385621  4.565423E-16
4696.40071868897  4.398577E-16
4698.31720352174  4.313738E-16
4700.2336883545  4.322133E-16
4702.15017318726  4.510703E-16
4704.06665802003  4.588763E-16
4705.98314285279  4.739782E-16
4707.89962768555  4.605509E-16
4709.81611251832  4.440977E-16
4711.73259735108  4.598055E-16
4713.64908218385  4.901273E-16
4715.56556701661  4.899703E-16
4717.48205184937  4.642815E-16
4719.39853668214  4.548041E-16
4721.3150215149  4.647191E-16
4723.23150634766  4.614724E-16
4725.14799118043  4.673830E-16
4727.06447601319  4.737739E-16
4728.98096084596  4.487918E-16
4730.89744567872  4.485926E-16
4732.81393051148  4.676970E-16
4734.73041534425  4.641836E-16
4736.64690017701  4.567308E-16
4738.56338500977  4.529451E-16
4740.47986984254  4.547720E-16
4742.3963546753  4.345930E-16
4744.31283950806  4.058650E-16
4746.22932434083  4.186664E-16
4748.14580917359  4.124817E-16
4750.06229400636  3.936112E-16
4751.97877883912  4.021541E-16
4753.89526367188  3.919318E-16
4755.81174850465  3.766235E-16
4757.72823333741  3.672276E-16
4759.64471817017  3.700676E-16
4761.56120300294  3.700120E-16
4763.4776878357  3.617942E-16
4765.39417266846  3.454003E-16
4767.31065750123  3.483704E-16
4769.22714233399  3.550709E-16
4771.14362716675  3.340346E-16
4773.06011199952  3.322138E-16
4774.97659683228  3.242881E-16
4776.89308166505  3.292698E-16
4778.80956649781  3.421133E-16
4780.72605133057  3.369427E-16
4782.64253616334  3.220144E-16
4784.5590209961  3.049808E-16
4786.47550582887  2.818494E-16
4788.39199066163  2.896442E-16
4790.30847549439  3.008388E-16
4792.22496032716  2.731306E-16
4794.14144515992  2.716445E-16
4796.05792999268  2.866969E-16
4797.97441482545  2.946759E-16
4799.89089965821  2.763534E-16
4801.80738449097  2.781877E-16
4803.72386932374  2.779516E-16
4805.6403541565  2.574390E-16
4807.55683898926  2.641489E-16
4809.47332382203  2.713420E-16
4811.38980865479  2.631040E-16
4813.30629348756  2.637678E-16
4815.22277832032  2.582423E-16
4817.13926315308  2.546137E-16
4819.05574798585  2.458847E-16
4820.97223281861  2.366805E-16
4822.88871765137  2.352576E-16
4824.80520248414  2.278335E-16
4826.7216873169  2.401179E-16
4828.63817214967  2.232486E-16
4830.55465698243  2.089534E-16
4832.47114181519  2.232671E-16
4834.38762664796  2.034951E-16
4836.30411148072  1.942882E-16
4838.22059631348  2.110293E-16
4840.13708114625  2.258381E-16
4842.05356597901  2.128874E-16
4843.97005081178  2.121332E-16
4845.88653564454  2.123802E-16
4847.8030204773  1.959682E-16
4849.71950531007  1.853472E-16
4851.63599014283  1.872871E-16
4853.55247497559  1.813172E-16
4855.46895980836  1.822143E-16
4857.38544464112  1.818866E-16
4859.30192947389  1.762373E-16
4861.21841430665  1.645549E-16
4863.13489913941  1.678731E-16
4865.05138397218  1.753357E-16
4866.96786880494  1.722977E-16
4868.8843536377  1.612019E-16
4870.80083847047  1.670363E-16
4872.71732330323  1.898334E-16
4874.63380813599  1.823568E-16
4876.55029296876  1.812278E-16
4878.46677780152  1.923235E-16
4880.38326263428  1.727963E-16
4882.29974746705  1.688161E-16
4884.21623229981  1.596239E-16
4886.13271713257  1.657960E-16
4888.04920196534  1.803603E-16
4889.9656867981  1.867974E-16
4891.88217163087  1.862792E-16
4893.79865646363  1.878743E-16
4895.71514129639  1.919476E-16
4897.63162612916  1.849996E-16
4899.54811096192  1.659507E-16
4901.46459579469  1.615390E-16
4903.38108062745  1.913554E-16
4905.29756546021  2.117916E-16
4907.21405029298  1.986754E-16
4909.13053512574  1.816898E-16
4911.0470199585  1.865441E-16
4912.96350479127  2.001659E-16
4914.87998962403  1.985701E-16
4916.79647445679  1.883663E-16
4918.71295928956  1.752633E-16
4920.62944412232  1.761767E-16
4922.54592895509  1.835364E-16
4924.46241378785  1.893313E-16
4926.37889862061  1.899613E-16
4928.29538345338  1.683043E-16
4930.21186828614  1.734668E-16
4932.1283531189  1.717323E-16
4934.04483795167  1.741796E-16
4935.96132278443  1.956219E-16
4937.8778076172  1.725546E-16
4939.79429244996  1.667187E-16
4941.71077728272  1.675622E-16
4943.62726211549  1.784797E-16
4945.54374694825  1.781720E-16
4947.46023178101  1.644113E-16
4949.37671661378  1.633101E-16
4951.29320144654  1.532647E-16
4953.2096862793  1.479984E-16
4955.12617111207  1.541836E-16
4957.04265594483  1.632509E-16
4958.9591407776  1.814196E-16
4960.87562561036  1.797580E-16
4962.79211044312  1.612317E-16
4964.70859527589  1.672275E-16
4966.62508010865  1.660000E-16
4968.54156494141  1.737510E-16
4970.45804977418  1.773711E-16
4972.37453460694  1.727699E-16
4974.29101943971  1.816262E-16
4976.20750427247  1.715691E-16
4978.12398910523  1.611954E-16
4980.040473938  1.920232E-16
4981.95695877076  2.104483E-16
4983.87344360352  1.882663E-16
4985.78992843629  1.848546E-16
4987.70641326905  1.942948E-16
4989.62289810181  1.781912E-16
4991.53938293458  1.780838E-16
4993.45586776734  1.965965E-16
4995.37235260011  2.089004E-16
4997.28883743287  2.026412E-16
4999.20532226563  2.010608E-16
5001.1218070984  2.153118E-16
5003.03829193116  2.191079E-16
5004.95477676392  2.208366E-16
5006.87126159669  2.250736E-16
5008.78774642945  2.127391E-16
5010.70423126221  2.068009E-16
5012.62071609498  1.907918E-16
5014.53720092774  2.014024E-16
5016.45368576051  2.461643E-16
5018.37017059327  2.460189E-16
5020.28665542603  2.378953E-16
5022.2031402588  2.384511E-16
5024.11962509156  2.431156E-16
5026.03610992433  2.399578E-16
5027.95259475709  2.412530E-16
5029.86907958985  2.478014E-16
5031.78556442262  2.483248E-16
5033.70204925538  2.365075E-16
5035.61853408814  2.348115E-16
5037.53501892091  2.436798E-16
5039.45150375367  2.305570E-16
5041.36798858643  2.314711E-16
5043.2844734192  2.521875E-16
5045.20095825196  2.634832E-16
5047.11744308472  2.595311E-16
5049.03392791749  2.547531E-16
5050.95041275025  2.528912E-16
5052.86689758302  2.487616E-16
5054.78338241578  2.517335E-16
5056.69986724854  2.490140E-16
5058.61635208131  2.558117E-16
5060.53283691407  2.334396E-16
5062.44932174683  2.292513E-16
5064.3658065796  2.490123E-16
5066.28229141236  2.507882E-16
5068.19877624512  2.275178E-16
5070.11526107789  2.181740E-16
5072.03174591065  2.285657E-16
5073.94823074342  2.306022E-16
5075.86471557618  2.077215E-16
5077.78120040894  2.065608E-16
5079.69768524171  2.097923E-16
5081.61417007447  1.973862E-16
5083.53065490723  2.023726E-16
5085.44713974  2.067975E-16
5087.36362457276  2.015872E-16
5089.28010940553  2.037670E-16
5091.19659423829  1.983776E-16
5093.11307907105  1.907437E-16
5095.02956390382  1.764845E-16
5096.94604873658  1.848615E-16
5098.86253356934  1.990527E-16
5100.77901840211  1.973445E-16
5102.69550323487  1.580291E-16
5104.61198806764  1.431657E-16
5106.5284729004  1.632438E-16
5108.44495773316  1.843644E-16
5110.36144256593  1.931123E-16
5112.27792739869  1.965641E-16
5114.19441223145  1.936245E-16
5116.11089706422  1.685987E-16
5118.02738189698  1.648521E-16
5119.94386672974  1.862099E-16
5121.86035156251  1.952402E-16
5123.77683639527  1.973908E-16
5125.69332122803  2.013216E-16
5127.6098060608  1.932159E-16
5129.52629089356  1.844969E-16
5131.44277572633  1.858237E-16
5133.35926055909  1.751111E-16
5135.27574539185  1.779412E-16
5137.19223022462  1.888239E-16
5139.10871505738  1.836033E-16
5141.02519989014  1.761438E-16
5142.94168472291  1.834360E-16
5144.85816955567  1.851529E-16
5146.77465438844  1.741819E-16
5148.6911392212  1.744056E-16
5150.60762405396  1.657250E-16
5152.52410888673  1.849444E-16
5154.44059371949  1.813183E-16
5156.35707855225  1.695728E-16
5158.27356338502  1.792975E-16
5160.19004821778  1.859151E-16
5162.10653305054  1.806207E-16
5164.02301788331  1.760292E-16
5165.93950271607  1.732664E-16
5167.85598754884  1.703430E-16
5169.7724723816  1.723359E-16
5171.68895721436  1.787572E-16
5173.60544204713  1.815431E-16
5175.52192687989  1.757072E-16
5177.43841171265  1.769682E-16
5179.35489654542  1.827073E-16
5181.27138137818  1.924401E-16
5183.18786621095  1.865034E-16
5185.10435104371  1.711440E-16
5187.02083587647  1.740770E-16
5188.93732070924  1.697301E-16
5190.853805542  1.603848E-16
5192.77029037476  1.601352E-16
5194.68677520753  1.771978E-16
5196.60326004029  1.684661E-16
5198.51974487305  1.651023E-16
5200.43622970582  1.756015E-16
5202.35271453858  1.662681E-16
5204.26919937134  1.704294E-16
5206.18568420411  1.736926E-16
5208.10216903687  1.864848E-16
5210.01865386964  1.894885E-16
5211.9351387024  1.684946E-16
5213.85162353516  1.690505E-16
5215.76810836793  1.768261E-16
5217.68459320069  1.844954E-16
5219.60107803345  1.947868E-16
5221.51756286622  1.979345E-16
5223.43404769898  1.766684E-16
5225.35053253175  1.606543E-16
5227.26701736451  1.661205E-16
5229.18350219727  1.625044E-16
5231.09998703004  1.748212E-16
5233.0164718628  1.703596E-16
5234.93295669556  1.578749E-16
5236.84944152833  1.631462E-16
5238.76592636109  1.531991E-16
5240.68241119385  1.531085E-16
5242.59889602662  1.695672E-16
5244.51538085938  1.832008E-16
5246.43186569215  1.748563E-16
5248.34835052491  1.538651E-16
5250.26483535767  1.698338E-16
5252.18132019044  1.902128E-16
5254.0978050232  1.847761E-16
5256.01428985596  1.809871E-16
5257.93077468873  1.817042E-16
5259.84725952149  1.791525E-16
5261.76374435426  1.763438E-16
5263.68022918702  1.939552E-16
5265.59671401978  1.890260E-16
5267.51319885255  1.834335E-16
5269.42968368531  1.795119E-16
5271.34616851807  1.843887E-16
5273.26265335084  1.966266E-16
5275.1791381836  2.050941E-16
5277.09562301636  2.154814E-16
5279.01210784913  2.023820E-16
5280.92859268189  2.056237E-16
5282.84507751466  2.180384E-16
5284.76156234742  1.990078E-16
5286.67804718018  1.957722E-16
5288.59453201295  2.205707E-16
5290.51101684571  2.523725E-16
5292.42750167847  2.480591E-16
5294.34398651124  2.422358E-16
5296.260471344  2.447782E-16
5298.17695617677  2.384609E-16
5300.09344100953  2.389775E-16
5302.00992584229  2.524364E-16
5303.92641067506  2.640283E-16
5305.84289550782  2.768280E-16
5307.75938034058  2.853782E-16
5309.67586517335  2.593957E-16
5311.59235000611  2.585327E-16
5313.50883483887  2.743382E-16
5315.42531967164  2.911807E-16
5317.3418045044  2.729780E-16
5319.25828933717  2.698306E-16
5321.17477416993  2.799446E-16
5323.09125900269  2.965375E-16
5325.00774383546  2.992845E-16
5326.92422866822  2.885662E-16
5328.84071350098  2.901340E-16
5330.75719833375  3.014031E-16
5332.67368316651  2.926387E-16
5334.59016799928  3.039193E-16
5336.50665283204  3.273629E-16
5338.4231376648  3.216760E-16
5340.33962249757  3.231610E-16
5342.25610733033  3.240714E-16
5344.17259216309  3.241672E-16
5346.08907699586  3.213695E-16
5348.00556182862  3.419074E-16
5349.92204666138  3.549246E-16
5351.83853149415  3.355919E-16
5353.75501632691  3.371488E-16
5355.67150115968  3.480545E-16
5357.58798599244  3.464885E-16
5359.5044708252  3.591379E-16
5361.42095565797  3.642471E-16
5363.33744049073  3.534216E-16
5365.25392532349  3.537629E-16
5367.17041015626  3.537737E-16
5369.08689498902  3.794128E-16
5371.00337982178  3.865702E-16
5372.91986465455  3.651408E-16
5374.83634948731  3.595101E-16
5376.75283432008  3.697266E-16
5378.66931915284  3.830775E-16
5380.5858039856  3.812767E-16
5382.50228881837  3.904642E-16
5384.41877365113  3.829202E-16
5386.33525848389  3.637982E-16
5388.25174331666  3.843757E-16
5390.16822814942  3.879143E-16
5392.08471298218  3.745393E-16
5394.00119781495  3.828382E-16
5395.91768264771  3.957025E-16
5397.83416748048  3.944974E-16
5399.75065231324  3.795426E-16
5401.667137146  3.760470E-16
5403.58362197877  3.759520E-16
5405.50010681153  3.789946E-16
5407.41659164429  3.798935E-16
5409.33307647706  3.798567E-16
5411.24956130982  3.727312E-16
5413.16604614259  3.607936E-16
5415.08253097535  3.666554E-16
5416.99901580811  3.688501E-16
5418.91550064088  3.661513E-16
5420.83198547364  3.704445E-16
5422.74847030641  3.537980E-16
5424.66495513917  3.381668E-16
5426.58143997193  3.663782E-16
5428.49792480469  3.717902E-16
5430.41440963746  3.473733E-16
5432.33089447022  3.496744E-16
5434.24737930299  3.424761E-16
5436.16386413575  3.418400E-16
5438.08034896851  3.490742E-16
5439.99683380128  3.542544E-16
5441.91331863404  3.614266E-16
5443.8298034668  3.562861E-16
5445.74628829957  3.547331E-16
5447.66277313233  3.606358E-16
5449.57925796509  3.550504E-16
5451.49574279786  3.381675E-16
5453.41222763062  3.451078E-16
5455.32871246339  3.494992E-16
5457.24519729615  3.379035E-16
5459.16168212891  3.466368E-16
5461.07816696168  3.522721E-16
5462.99465179444  3.551595E-16
5464.9111366272  3.520744E-16
5466.82762145997  3.325150E-16
5468.74410629273  3.377320E-16
5470.6605911255  3.454673E-16
5472.57707595826  3.451917E-16
5474.49356079102  3.625607E-16
5476.41004562379  3.534792E-16
5478.32653045655  3.246761E-16
5480.24301528931  3.331848E-16
5482.15950012208  3.441008E-16
5484.07598495484  3.506339E-16
5485.99246978761  3.503245E-16
5487.90895462037  3.172593E-16
5489.82543945313  3.318805E-16
5491.7419242859  3.370189E-16
5493.65840911866  3.131298E-16
5495.57489395142  3.323146E-16
5497.49137878419  3.419414E-16
5499.40786361695  3.283845E-16
5501.32434844972  3.291728E-16
5503.24083328248  3.418258E-16
5505.15731811524  3.373676E-16
5507.07380294801  3.297613E-16
5508.99028778077  3.195288E-16
5510.90677261353  3.187986E-16
5512.8232574463  3.435507E-16
5514.73974227906  3.452517E-16
5516.65622711182  3.333561E-16
5518.57271194459  3.357142E-16
5520.48919677735  3.221985E-16
5522.40568161011  3.183127E-16
5524.32216644288  3.243733E-16
5526.23865127564  3.217033E-16
5528.15513610841  3.262146E-16
5530.07162094117  3.272300E-16
5531.98810577393  3.182640E-16
5533.9045906067  3.348571E-16
5535.82107543946  3.400404E-16
5537.73756027223  3.304122E-16
5539.65404510499  3.262266E-16
5541.57052993775  3.298077E-16
5543.48701477051  3.357934E-16
5545.40349960328  3.190229E-16
5547.31998443604  3.117422E-16
5549.23646926881  3.235337E-16
5551.15295410157  3.168024E-16
5553.06943893433  3.156696E-16
5554.9859237671  3.109254E-16
5556.90240859986  3.105081E-16
5558.81889343262  3.247470E-16
5560.73537826539  2.965796E-16
5562.65186309815  2.824668E-16
5564.56834793092  3.201576E-16
5566.48483276368  3.290781E-16
5568.40131759644  3.055962E-16
5570.31780242921  3.088137E-16
5572.23428726197  3.068836E-16
5574.15077209473  3.044601E-16
5576.0672569275  3.094933E-16
5577.98374176026  2.904491E-16
5579.90022659302  2.973139E-16
5581.81671142579  3.084012E-16
5583.73319625855  2.981597E-16
5585.64968109132  3.017933E-16
5587.56616592408  3.008742E-16
5589.48265075684  2.936813E-16
5591.39913558961  3.108082E-16
5593.31562042237  3.123618E-16
5595.23210525513  2.955462E-16
5597.1485900879  2.977290E-16
5599.06507492066  2.877666E-16
5600.98155975343  2.816206E-16
5602.89804458619  2.953902E-16
5604.81452941895  2.864356E-16
5606.73101425172  2.677510E-16
5608.64749908448  2.745584E-16
5610.56398391724  2.782685E-16
5612.48046875001  2.662799E-16
5614.39695358277  2.687367E-16
5616.31343841554  2.731320E-16
5618.2299232483  2.572687E-16
5620.14640808106  2.647234E-16
5622.06289291383  2.787505E-16
5623.97937774659  2.715262E-16
5625.89586257935  2.759631E-16
5627.81234741212  2.737126E-16
5629.72883224488  2.705299E-16
5631.64531707764  2.803570E-16
5633.56180191041  2.741382E-16
5635.47828674317  2.522387E-16
5637.39477157593  2.476956E-16
5639.3112564087  2.553087E-16
5641.22774124146  2.581244E-16
5643.14422607423  2.631013E-16
5645.06071090699  2.653795E-16
5646.97719573975  2.594557E-16
5648.89368057252  2.378449E-16
5650.81016540528  2.232578E-16
5652.72665023805  2.489080E-16
5654.64313507081  2.677720E-16
5656.55961990357  2.716106E-16
5658.47610473634  2.713020E-16
5660.3925895691  2.507453E-16
5662.30907440186  2.357933E-16
5664.22555923463  2.443665E-16
5666.14204406739  2.486437E-16
5668.05852890015  2.300239E-16
5669.97501373292  2.243111E-16
5671.89149856568  2.386860E-16
5673.80798339844  2.380785E-16
5675.72446823121  2.372859E-16
5677.64095306397  2.503844E-16
5679.55743789674  2.672339E-16
5681.4739227295  2.580800E-16
5683.39040756226  2.448091E-16
5685.30689239503  2.399406E-16
5687.22337722779  2.470748E-16
5689.13986206055  2.370279E-16
5691.05634689332  2.165287E-16
5692.97283172608  2.145328E-16
5694.88931655885  2.166053E-16
5696.80580139161  2.453773E-16
5698.72228622437  2.484415E-16
5700.63877105714  2.247581E-16
5702.5552558899  2.184280E-16
5704.47174072266  2.086305E-16
5706.38822555543  2.030810E-16
5708.30471038819  1.962411E-16
5710.22119522096  2.103295E-16
5712.13768005372  2.185406E-16
5714.05416488648  2.289839E-16
5715.97064971925  2.310881E-16
5717.88713455201  2.225572E-16
5719.80361938477  2.154310E-16
5721.72010421754  2.092815E-16
5723.6365890503  2.119338E-16
5725.55307388306  2.175816E-16
5727.46955871583  2.107785E-16
5729.38604354859  2.071166E-16
5731.30252838136  2.204442E-16
5733.21901321412  2.304505E-16
5735.13549804688  2.089417E-16
5737.05198287965  2.016379E-16
5738.96846771241  2.027666E-16
5740.88495254517  2.043493E-16
5742.80143737794  2.082713E-16
5744.7179222107  2.080183E-16
5746.63440704346  1.958462E-16
5748.55089187623  2.044019E-16
5750.46737670899  2.049531E-16
5752.38386154175  1.811500E-16
5754.30034637452  1.559297E-16
5756.21683120728  1.518715E-16
5758.13331604005  1.670088E-16
5760.04980087281  1.978210E-16
5761.96628570557  1.977606E-16
5763.88277053834  1.920592E-16
5765.7992553711  1.825606E-16
5767.71574020387  1.773386E-16
5769.63222503663  1.577829E-16
5771.54870986939  1.621627E-16
5773.46519470216  1.657706E-16
5775.38167953492  1.717191E-16
5777.29816436768  1.777260E-16
5779.21464920045  1.799820E-16
5781.13113403321  1.677673E-16
5783.04761886597  1.658947E-16
5784.96410369874  1.731378E-16
5786.8805885315  1.697029E-16
5788.79707336426  1.643926E-16
5790.71355819703  1.557181E-16
5792.63004302979  1.602952E-16
5794.54652786256  1.640921E-16
5796.46301269532  1.685327E-16
5798.37949752808  1.593286E-16
5800.29598236085  1.494150E-16
5802.21246719361  1.444640E-16
5804.12895202637  1.483196E-16
5806.04543685914  1.787646E-16
5807.9619216919  1.792686E-16
5809.87840652467  1.613182E-16
5811.79489135743  1.567504E-16
5813.71137619019  1.540755E-16
5815.62786102296  1.651669E-16
5817.54434585572  1.611642E-16
5819.46083068848  1.467449E-16
5821.37731552125  1.560364E-16
5823.29380035401  1.461534E-16
5825.21028518678  1.435650E-16
5827.12677001954  1.669040E-16
5829.0432548523  1.663769E-16
5830.95973968507  1.468620E-16
5832.87622451783  1.324945E-16
5834.79270935059  1.278502E-16
5836.70919418336  1.393651E-16
5838.62567901612  1.577302E-16
5840.54216384888  1.593356E-16
5842.45864868165  1.477303E-16
5844.37513351441  1.406680E-16
5846.29161834718  1.418381E-16
5848.20810317994  1.533161E-16
5850.1245880127  1.553444E-16
5852.04107284547  1.472457E-16
5853.95755767823  1.462667E-16
5855.87404251099  1.550147E-16
5857.79052734376  1.546098E-16
5859.70701217652  1.333332E-16
5861.62349700928  1.319620E-16
5863.53998184205  1.416971E-16
5865.45646667481  1.503626E-16
5867.37295150757  1.434124E-16
5869.28943634034  1.184519E-16
5871.2059211731  1.199156E-16
5873.12240600587  1.411477E-16
5875.03889083863  1.444251E-16
5876.95537567139  1.451770E-16
5878.87186050416  1.468038E-16
5880.78834533692  1.364752E-16
5882.70483016969  1.422256E-16
5884.62131500245  1.391944E-16
5886.53779983521  1.330346E-16
5888.45428466798  1.463684E-16
5890.37076950074  1.502814E-16
5892.2872543335  1.412022E-16
5894.20373916627  1.479571E-16
5896.12022399903  1.483613E-16
5898.03670883179  1.474003E-16
5899.95319366456  1.625768E-16
5901.86967849732  1.609023E-16
5903.78616333009  1.501321E-16
5905.70264816285  1.474881E-16
5907.61913299561  1.593107E-16
5909.53561782838  1.667850E-16
5911.45210266114  1.625742E-16
5913.3685874939  1.549743E-16
5915.28507232667  1.555755E-16
5917.20155715943  1.595317E-16
5919.11804199219  1.565442E-16
5921.03452682496  1.506899E-16
5922.95101165772  1.602216E-16
5924.86749649049  1.588293E-16
5926.78398132325  1.664914E-16
5928.70046615601  1.580331E-16
5930.61695098878  1.686452E-16
5932.53343582154  1.673183E-16
5934.4499206543  1.621682E-16
5936.36640548707  1.802296E-16
5938.28289031983  1.758659E-16
5940.1993751526  1.732210E-16
5942.11585998536  1.803043E-16
5944.03234481812  1.615692E-16
5945.94882965089  1.608165E-16
5947.86531448365  1.837679E-16
5949.78179931641  1.779775E-16
5951.69828414918  1.860206E-16
5953.61476898194  1.982572E-16
5955.53125381471  1.936489E-16
5957.44773864747  2.059318E-16
5959.36422348023  2.009337E-16
5961.280708313  1.927980E-16
5963.19719314576  2.055213E-16
5965.11367797852  2.041063E-16
5967.03016281129  2.001596E-16
5968.94664764405  2.057141E-16
5970.86313247681  2.019163E-16
5972.77961730958  1.948145E-16
5974.69610214234  1.999730E-16
5976.6125869751  2.121489E-16
5978.52907180787  2.164439E-16
5980.44555664063  2.233270E-16
5982.3620414734  2.290086E-16
5984.27852630616  2.173367E-16
5986.19501113892  2.161018E-16
5988.11149597169  2.255997E-16
5990.02798080445  2.282326E-16
5991.94446563721  2.277935E-16
5993.86095046998  2.340949E-16
5995.77743530274  2.348474E-16
5997.69392013551  2.187889E-16
5999.61040496827  2.132031E-16
6001.52688980103  2.236015E-16
6003.4433746338  2.420308E-16
6005.35985946656  2.471687E-16
6007.27634429932  2.481698E-16
6009.19282913209  2.496856E-16
6011.10931396485  2.455727E-16
6013.02579879761  2.553456E-16
6014.94228363038  2.506455E-16
6016.85876846314  2.362545E-16
6018.77525329591  2.302765E-16
6020.69173812867  2.228129E-16
6022.60822296143  2.242249E-16
6024.5247077942  2.405022E-16
6026.44119262696  2.575712E-16
6028.35767745972  2.517703E-16
6030.27416229249  2.411619E-16
6032.19064712525  2.449145E-16
6034.10713195802  2.446804E-16
6036.02361679078  2.382684E-16
6037.94010162354  2.305043E-16
6039.85658645631  2.385525E-16
6041.77307128907  2.399975E-16
6043.68955612183  2.363331E-16
6045.6060409546  2.409456E-16
6047.52252578736  2.341282E-16
6049.43901062012  2.363745E-16
6051.35549545289  2.462282E-16
6053.27198028565  2.337017E-16
6055.18846511842  2.269934E-16
6057.10494995118  2.215929E-16
6059.02143478394  2.265694E-16
6060.93791961671  2.228391E-16
6062.85440444947  2.199246E-16
6064.77088928223  2.274452E-16
6066.687374115  2.236806E-16
6068.60385894776  2.247906E-16
6070.52034378052  2.329444E-16
6072.43682861329  2.262235E-16
6074.35331344605  2.276122E-16
6076.26979827882  2.366479E-16
6078.18628311158  2.269268E-16
6080.10276794434  2.238386E-16
6082.01925277711  2.269055E-16
6083.93573760987  2.304845E-16
6085.85222244263  2.358697E-16
6087.7687072754  2.306145E-16
6089.68519210816  2.267150E-16
6091.60167694092  2.246257E-16
6093.51816177369  2.216936E-16
6095.43464660645  2.203416E-16
6097.35113143922  2.240771E-16
6099.26761627198  2.191866E-16
6101.18410110474  2.233965E-16
6103.10058593751  2.200220E-16
6105.01707077027  2.267737E-16
6106.93355560304  2.267429E-16
6108.8500404358  2.194755E-16
6110.76652526856  2.164805E-16
6112.68301010133  2.109750E-16
6114.59949493409  1.926242E-16
6116.51597976686  1.865529E-16
6118.43246459962  2.079828E-16
6120.34894943238  2.111426E-16
6122.26543426514  2.137979E-16
6124.18191909791  2.115068E-16
6126.09840393067  2.031440E-16
6128.01488876344  2.000745E-16
6129.9313735962  2.016374E-16
6131.84785842896  1.991567E-16
6133.76434326173  1.946094E-16
6135.68082809449  1.986053E-16
6137.59731292725  2.040650E-16
6139.51379776002  2.040262E-16
6141.43028259278  1.953411E-16
6143.34676742555  1.927907E-16
6145.26325225831  1.972170E-16
6147.17973709107  1.943175E-16
6149.09622192384  1.911208E-16
6151.0127067566  1.991787E-16
6152.92919158936  1.791509E-16
6154.84567642213  1.697040E-16
6156.76216125489  1.779031E-16
6158.67864608765  1.701414E-16
6160.59513092042  1.656323E-16
6162.51161575318  1.668201E-16
6164.42810058595  1.616118E-16
6166.34458541871  1.647780E-16
6168.26107025147  1.700790E-16
6170.17755508424  1.655899E-16
6172.094039917  1.639463E-16
6174.01052474976  1.582703E-16
6175.92700958253  1.567357E-16
6177.84349441529  1.468966E-16
6179.75997924806  1.530542E-16
6181.67646408082  1.615752E-16
6183.59294891358  1.583518E-16
6185.50943374635  1.637232E-16
6187.42591857911  1.592364E-16
6189.34240341187  1.600606E-16
6191.25888824464  1.651943E-16
6193.1753730774  1.644667E-16
6195.09185791017  1.672683E-16
6197.00834274293  1.721086E-16
6198.92482757569  1.481272E-16
6200.84131240846  1.438086E-16
6202.75779724122  1.570373E-16
6204.67428207398  1.736719E-16
6206.59076690675  1.695883E-16
6208.50725173951  1.561302E-16
6210.42373657227  1.436556E-16
6212.34022140504  1.349984E-16
6214.2567062378  1.413635E-16
6216.17319107057  1.452305E-16
6218.08967590333  1.365820E-16
6220.00616073609  1.318459E-16
6221.92264556886  1.372012E-16
6223.83913040162  1.218866E-16
6225.75561523438  1.211074E-16
6227.67210006715  1.344046E-16
6229.58858489991  1.202043E-16
6231.50506973268  1.143297E-16
6233.42155456544  1.161402E-16
6235.3380393982  9.821632E-17
6237.25452423096  9.433913E-17
6239.17100906373  1.189845E-16
6241.08749389649  1.245492E-16
6243.00397872926  1.093457E-16
6244.92046356202  1.081931E-16
6246.83694839478  1.054211E-16
6248.75343322755  9.166379E-17
6250.66991806031  7.852162E-17
6252.58640289307  7.515060E-17
6254.50288772584  7.956720E-17
6256.4193725586  7.075191E-17
6258.33585739137  6.386524E-17
6260.25234222413  8.220289E-17
6262.16882705689  9.129185E-17
6264.08531188966  7.925812E-17
6266.00179672242  7.781181E-17
6267.91828155519  7.881932E-17
6269.83476638795  6.943064E-17
6271.75125122071  6.925269E-17
6273.66773605348  6.807908E-17
6275.58422088624  5.468380E-17
6277.500705719  5.919250E-17
6279.41719055177  6.811892E-17
6281.33367538453  7.217226E-17
6283.25016021729  7.784038E-17
6285.16664505006  7.051059E-17
6287.08312988282  6.462781E-17
6288.99961471558  7.334552E-17
6290.91609954835  8.148767E-17
6292.83258438111  8.192466E-17
6294.74906921388  7.301533E-17
6296.66555404664  7.140185E-17
6298.5820388794  7.638609E-17
6300.49852371217  6.971280E-17
6302.41500854493  8.220594E-17
6304.33149337769  8.616460E-17
6306.24797821046  5.927408E-17
6308.16446304322  5.811376E-17
6310.08094787599  6.903962E-17
6311.99743270875  6.702393E-17
6313.91391754151  7.006195E-17
6315.83040237428  7.003539E-17
6317.74688720704  7.401009E-17
6319.6633720398  8.542153E-17
6321.57985687257  7.475502E-17
6323.49634170533  5.970555E-17
6325.41282653809  7.064952E-17
6327.32931137086  8.763501E-17
6329.24579620362  9.371828E-17
6331.16228103639  8.184283E-17
6333.07876586915  7.253247E-17
6334.99525070191  7.716815E-17
6336.91173553468  8.632960E-17
6338.82822036744  8.539504E-17
6340.7447052002  7.655516E-17
6342.66119003297  7.887495E-17
6344.57767486573  6.807008E-17
6346.4941596985  7.313552E-17
6348.41064453126  8.622807E-17
6350.32712936402  7.832189E-17
6352.24361419679  8.414673E-17
6354.16009902955  8.606301E-17
6356.07658386231  9.980207E-17
6357.99306869508  9.592168E-17
6359.90955352784  8.622716E-17
6361.8260383606  9.454574E-17
6363.74252319337  8.860752E-17
6365.65900802613  8.810833E-17
6367.57549285889  8.647547E-17
6369.49197769166  7.931747E-17
6371.40846252442  9.060419E-17
6373.32494735719  1.088525E-16
6375.24143218995  1.202050E-16
6377.15791702271  1.170452E-16
6379.07440185548  1.117932E-16
6380.99088668824  1.024951E-16
6382.90737152101  1.019820E-16
6384.82385635377  1.194078E-16
6386.74034118653  1.186770E-16
6388.6568260193  1.103558E-16
6390.57331085206  1.053205E-16
6392.48979568482  1.065465E-16
6394.40628051759  1.229428E-16
6396.32276535035  1.247250E-16
6398.23925018311  1.212477E-16
6400.15573501588  1.258772E-16
6402.07221984864  1.316257E-16
6403.98870468141  1.327571E-16
6405.90518951417  1.365934E-16
6407.82167434693  1.498694E-16
6409.7381591797  1.437055E-16
6411.65464401246  1.303096E-16
6413.57112884522  1.361466E-16
6415.48761367799  1.407531E-16
6417.40409851075  1.510405E-16
6419.32058334352  1.434128E-16
6421.23706817628  1.420982E-16
6423.15355300904  1.377492E-16
6425.07003784181  1.515108E-16
6426.98652267457  1.592102E-16
6428.90300750733  1.473879E-16
6430.8194923401  1.368422E-16
6432.73597717286  1.420710E-16
6434.65246200562  1.581419E-16
6436.56894683839  1.523286E-16
6438.48543167115  1.526450E-16
6440.40191650391  1.631457E-16
6442.31840133668  1.722600E-16
6444.23488616944  1.692894E-16
6446.1513710022  1.628525E-16
6448.06785583497  1.683263E-16
6449.98434066773  1.501508E-16
6451.9008255005  1.406525E-16
6453.81731033326  1.620842E-16
6455.73379516602  1.601701E-16
6457.65027999879  1.540923E-16
6459.56676483155  1.725628E-16
6461.48324966432  1.861640E-16
6463.39973449708  1.661610E-16
6465.31621932984  1.601611E-16
6467.23270416261  1.788908E-16
6469.14918899537  1.762272E-16
6471.06567382813  1.629494E-16
6472.9821586609  1.650655E-16
6474.89864349366  1.750635E-16
6476.81512832642  1.810848E-16
6478.73161315919  1.933806E-16
6480.64809799195  1.800507E-16
6482.56458282472  1.630859E-16
6484.48106765748  1.516508E-16
6486.39755249024  1.616188E-16
6488.31403732301  1.730275E-16
6490.23052215577  1.623346E-16
6492.14700698853  1.766316E-16
6494.0634918213  1.902977E-16
6495.97997665406  1.834008E-16
6497.89646148683  1.723301E-16
6499.81294631959  1.660968E-16
6501.72943115235  1.903796E-16
6503.64591598512  1.941974E-16
6505.56240081788  1.749032E-16
6507.47888565064  1.805825E-16
6509.39537048341  1.846298E-16
6511.31185531617  1.725704E-16
6513.22834014893  1.663394E-16
6515.1448249817  1.775810E-16
6517.06130981446  1.862224E-16
6518.97779464723  1.781596E-16
6520.89427947999  1.645844E-16
6522.81076431275  1.677361E-16
6524.72724914552  1.803715E-16
6526.64373397828  1.642655E-16
6528.56021881104  1.624277E-16
6530.47670364381  1.630277E-16
6532.39318847657  1.576905E-16
6534.30967330934  1.647593E-16
6536.2261581421  1.808810E-16
6538.14264297486  1.841901E-16
6540.05912780763  1.865955E-16
6541.97561264039  1.823533E-16
6543.89209747315  1.625253E-16
6545.80858230592  1.657331E-16
6547.72506713868  1.762057E-16
6549.64155197144  1.751918E-16
6551.55803680421  1.751309E-16
6553.47452163697  1.911956E-16
6555.39100646974  2.003055E-16
6557.3074913025  1.894825E-16
6559.22397613526  1.809635E-16
6561.14046096802  1.914512E-16
6563.05694580079  1.863498E-16
6564.97343063355  1.714986E-16
6566.88991546632  1.675736E-16
6568.80640029908  1.722577E-16
6570.72288513184  1.813947E-16
6572.63936996461  1.835654E-16
6574.55585479737  1.785984E-16
6576.47233963014  1.791603E-16
6578.3888244629  1.884246E-16
6580.30530929566  1.892904E-16
6582.22179412843  1.891516E-16
6584.13827896119  1.839055E-16
6586.05476379395  1.734144E-16
6587.97124862672  1.704734E-16
6589.88773345948  1.672969E-16
6591.80421829224  1.874890E-16
6593.72070312501  1.921797E-16
6595.63718795777  1.860561E-16
6597.55367279054  1.847281E-16
6599.4701576233  1.875644E-16
6601.38664245606  1.857536E-16
6603.30312728883  1.833179E-16
6605.21961212159  1.843294E-16
6607.13609695435  1.890490E-16
6609.05258178712  1.818107E-16
6610.96906661988  1.824056E-16
6612.88555145265  1.835746E-16
6614.80203628541  1.763889E-16
6616.71852111817  1.688150E-16
6618.63500595094  1.722702E-16
6620.5514907837  1.822626E-16
6622.46797561646  1.793510E-16
6624.38446044923  1.761984E-16
6626.30094528199  1.744986E-16
6628.21743011475  1.686169E-16
6630.13391494752  1.737957E-16
6632.05039978028  1.740014E-16
6633.96688461305  1.764297E-16
6635.88336944581  1.819704E-16
6637.79985427857  1.780607E-16
6639.71633911134  1.804402E-16
6641.6328239441  1.755643E-16
6643.54930877686  1.842963E-16
6645.46579360963  1.935358E-16
6647.38227844239  1.933743E-16
6649.29876327516  1.827002E-16
6651.21524810792  1.793867E-16
6653.13173294068  1.804151E-16
6655.04821777345  1.764252E-16
6656.96470260621  1.928016E-16
6658.88118743897  1.803518E-16
6660.79767227174  1.801532E-16
6662.7141571045  1.866928E-16
6664.63064193726  1.674100E-16
6666.54712677003  1.663017E-16
6668.46361160279  1.735232E-16
6670.38009643556  1.774089E-16
6672.29658126832  1.781453E-16
6674.21306610108  1.779884E-16
6676.12955093385  1.760779E-16
6678.04603576661  1.756031E-16
6679.96252059937  1.800715E-16
6681.87900543214  1.721294E-16
6683.7954902649  1.790680E-16
6685.71197509766  1.825365E-16
6687.62845993043  1.601788E-16
6689.54494476319  1.635407E-16
6691.46142959596  1.736951E-16
6693.37791442872  1.808240E-16
6695.29439926148  1.873199E-16
6697.21088409425  1.784914E-16
6699.12736892701  1.752137E-16
6701.04385375977  1.734363E-16
6702.96033859254  1.836927E-16
6704.8768234253  1.923788E-16
6706.79330825807  1.833517E-16
6708.70979309083  1.847924E-16
6710.62627792359  1.932729E-16
6712.54276275636  1.945929E-16
6714.45924758912  1.690338E-16
6716.37573242188  1.545938E-16
6718.29221725465  1.662745E-16
6720.20870208741  1.729664E-16
6722.12518692017  1.633686E-16
6724.04167175294  1.447288E-16
6725.9581565857  1.517817E-16
6727.87464141847  1.591582E-16
6729.79112625123  1.443644E-16
6731.70761108399  1.473143E-16
6733.62409591676  1.580800E-16
6735.54058074952  1.519178E-16
6737.45706558228  1.496899E-16
6739.37355041505  1.558102E-16
6741.29003524781  1.666924E-16
6743.20652008057  1.742827E-16
6745.12300491334  1.586953E-16
6747.0394897461  1.484999E-16
6748.95597457887  1.594383E-16
6750.87245941163  1.553778E-16
6752.78894424439  1.541062E-16
6754.70542907716  1.629158E-16
6756.62191390992  1.480163E-16
6758.53839874268  1.360514E-16
6760.45488357545  1.455164E-16
6762.37136840821  1.481143E-16
6764.28785324098  1.372856E-16
6766.20433807374  1.360927E-16
6768.1208229065  1.437741E-16
6770.03730773927  1.446502E-16
6771.95379257203  1.448285E-16
6773.8702774048  1.629498E-16
6775.78676223756  1.508544E-16
6777.70324707032  1.430380E-16
6779.61973190308  1.352073E-16
6781.53621673585  1.207008E-16
6783.45270156861  1.285750E-16
6785.36918640138  1.349727E-16
6787.28567123414  1.279220E-16
6789.2021560669  1.291634E-16
6791.11864089967  1.337920E-16
6793.03512573243  1.298495E-16
6794.95161056519  1.378454E-16
6796.86809539796  1.459628E-16
6798.78458023072  1.358546E-16
6800.70106506348  1.361006E-16
6802.61754989625  1.348961E-16
6804.53403472901  1.333986E-16
6806.45051956178  1.362063E-16
6808.36700439454  1.294407E-16
6810.2834892273  1.262866E-16
6812.19997406007  1.276234E-16
6814.11645889283  1.326399E-16
6816.03294372559  1.194373E-16
6817.94942855836  1.027408E-16
6819.86591339112  1.062894E-16
6821.78239822389  1.043529E-16
6823.69888305665  1.147747E-16
6825.61536788941  1.389229E-16
6827.53185272218  1.290994E-16
6829.44833755494  1.211886E-16
6831.3648223877  1.330621E-16
6833.28130722047  1.300216E-16
6835.19779205323  1.252069E-16
6837.11427688599  1.219939E-16
6839.03076171876  1.155185E-16
6840.94724655152  1.090165E-16
6842.86373138429  1.012531E-16
6844.78021621705  9.983631E-17
6846.69670104981  1.092924E-16
6848.61318588258  1.195575E-16
6850.52967071534  1.190921E-16
6852.4461555481  1.098320E-16
6854.36264038087  9.554840E-17
6856.27912521363  1.020899E-16
6858.19561004639  1.205124E-16
6860.11209487916  1.218501E-16
6862.02857971192  1.123129E-16
6863.94506454469  9.921362E-17
6865.86154937745  1.106845E-16
6867.77803421021  1.092495E-16
6869.69451904298  1.028990E-16
6871.61100387574  1.018968E-16
6873.5274887085  1.160367E-16
6875.44397354127  1.137603E-16
6877.36045837403  9.719689E-17
6879.2769432068  9.716621E-17
6881.19342803956  1.069716E-16
6883.10991287232  8.973172E-17
6885.02639770509  8.309600E-17
6886.94288253785  9.908688E-17
6888.85936737062  9.947419E-17
6890.77585220338  9.264565E-17
6892.69233703614  9.754105E-17
6894.6088218689  8.649854E-17
6896.52530670167  8.382189E-17
6898.44179153443  9.665653E-17
6900.3582763672  8.192924E-17
6902.27476119996  7.201145E-17
6904.19124603272  7.190773E-17
6906.10773086549  7.004379E-17
6908.02421569825  8.082083E-17
6909.94070053101  1.010348E-16
6911.85718536378  1.110085E-16
6913.77367019654  1.028962E-16
6915.6901550293  9.807992E-17
6917.60663986207  8.942062E-17
6919.52312469483  9.075930E-17
6921.4396095276  9.053586E-17
6923.35609436036  8.642230E-17
6925.27257919312  9.831919E-17
6927.18906402589  1.024074E-16
6929.10554885865  7.848544E-17
6931.02203369141  7.491284E-17
6932.93851852418  7.714975E-17
6934.85500335694  6.516219E-17
6936.77148818971  7.596756E-17
6938.68797302247  8.326949E-17
6940.60445785523  7.793247E-17
6942.520942688  8.054400E-17
6944.43742752076  8.141922E-17
6946.35391235352  7.118526E-17
6948.27039718629  6.268950E-17
6950.18688201905  7.174037E-17
6952.10336685181  8.686033E-17
6954.01985168458  9.267122E-17
6955.93633651734  8.389408E-17
6957.85282135011  7.547346E-17
6959.76930618287  7.300161E-17
6961.68579101563  7.450537E-17
6963.6022758484  7.613442E-17
6965.51876068116  7.372290E-17
6967.43524551393  7.632830E-17
6969.35173034669  7.901142E-17
6971.26821517945  7.365988E-17
6973.18470001221  8.057850E-17
6975.10118484498  8.437690E-17
6977.01766967774  7.759429E-17
6978.93415451051  7.931285E-17
6980.85063934327  8.378730E-17
6982.76712417603  7.507692E-17
6984.6836090088  7.813597E-17
6986.60009384156  8.704719E-17
6988.51657867432  8.975493E-17
6990.43306350709  7.225117E-17
6992.34954833985  6.038819E-17
6994.26603317262  6.601931E-17
6996.18251800538  6.608572E-17
6998.09900283814  6.554232E-17
7000.01548767091  5.894864E-17
7001.93197250367  6.326085E-17
7003.84845733644  6.846980E-17
7005.7649421692  6.652167E-17
7007.68142700196  7.190232E-17
7009.59791183472  7.983007E-17
7011.51439666749  9.043018E-17
7013.43088150025  9.062255E-17
7015.34736633302  8.657315E-17
7017.26385116578  9.138496E-17
7019.18033599854  9.344525E-17
7021.09682083131  7.650509E-17
7023.01330566407  6.709488E-17
7024.92979049683  7.941067E-17
7026.8462753296  6.933888E-17
7028.76276016236  5.434736E-17
7030.67924499513  6.181920E-17
7032.59572982789  6.482346E-17
7034.51221466065  7.307756E-17
7036.42869949342  8.042185E-17
7038.34518432618  7.826432E-17
7040.26166915894  7.231881E-17
7042.17815399171  6.275711E-17
7044.09463882447  6.712436E-17
7046.01112365724  7.684052E-17
7047.92760849  8.249527E-17
7049.84409332276  8.066568E-17
7051.76057815553  6.448420E-17
7053.67706298829  6.110136E-17
7055.59354782105  7.498707E-17
7057.51003265382  7.658646E-17
7059.42651748658  7.240032E-17
7061.34300231934  8.019536E-17
7063.25948715211  7.361305E-17
7065.17597198487  7.087301E-17
7067.09245681764  7.181755E-17
7069.0089416504  5.600622E-17
7070.92542648316  5.152975E-17
7072.84191131593  5.490709E-17
7074.75839614869  6.434177E-17
7076.67488098145  6.706279E-17
7078.59136581422  7.094227E-17
7080.50785064698  8.329506E-17
7082.42433547975  7.605671E-17
7084.34082031251  7.007058E-17
7086.25730514527  7.555857E-17
7088.17378997804  7.743220E-17
7090.0902748108  6.898475E-17
7092.00675964356  6.358643E-17
7093.92324447633  6.862146E-17
7095.83972930909  5.956707E-17
7097.75621414186  6.074180E-17
7099.67269897462  7.259984E-17
7101.58918380738  8.324441E-17
7103.50566864015  7.502234E-17
7105.42215347291  6.076150E-17
7107.33863830567  7.117368E-17
7109.25512313844  7.409120E-17
7111.1716079712  7.457873E-17
7113.08809280397  7.677751E-17
7115.00457763673  6.550087E-17
7116.92106246949  5.790442E-17
7118.83754730226  5.316392E-17
7120.75403213502  5.507293E-17
7122.67051696778  6.110298E-17
7124.58700180055  6.437821E-17
7126.50348663331  5.692126E-17
7128.41997146607  4.354961E-17
7130.33645629884  5.368158E-17
7132.2529411316  6.082454E-17
7134.16942596436  4.927682E-17
7136.08591079713  5.721835E-17
7138.00239562989  6.188404E-17
7139.91888046266  5.480102E-17
7141.83536529542  6.543676E-17
7143.75185012818  7.574604E-17
7145.66833496095  7.396622E-17
7147.58481979371  6.688131E-17
7149.50130462647  6.587610E-17
7151.41778945924  7.614853E-17
7153.334274292  8.120345E-17
7155.25075912477  8.190455E-17
7157.16724395753  8.685525E-17
7159.08372879029  7.678574E-17
7161.00021362306  6.424574E-17
7162.91669845582  6.111666E-17
7164.83318328858  6.488658E-17
7166.74966812135  5.855821E-17
7168.66615295411  5.878651E-17
7170.58263778687  6.616540E-17
7172.49912261964  6.809771E-17
7174.4156074524  6.769953E-17
7176.33209228517  6.366219E-17
7178.24857711793  6.503095E-17
7180.16506195069  7.475698E-17
7182.08154678346  6.338062E-17
7183.99803161622  5.853379E-17
7185.91451644898  7.069925E-17
7187.83100128175  5.890473E-17
7189.74748611451  5.365603E-17
7191.66397094728  5.339672E-17
7193.58045578004  6.170259E-17
7195.4969406128  6.205903E-17
7197.41342544557  5.319198E-17
7199.32991027833  6.715992E-17
7201.24639511109  6.750076E-17
7203.16287994386  6.706244E-17
7205.07936477662  5.135259E-17
7206.99584960938  5.166214E-17
7208.91233444215  6.648970E-17
7210.82881927491  7.075649E-17
7212.74530410768  7.705223E-17
7214.66178894044  7.577201E-17
7216.5782737732  7.227955E-17
7218.49475860597  6.510377E-17
7220.41124343873  5.262310E-17
7222.32772827149  5.031540E-17
7224.24421310426  6.516521E-17
7226.16069793702  6.657529E-17
7228.07718276979  5.729336E-17
7229.99366760255  6.655806E-17
7231.91015243531  7.594191E-17
7233.82663726808  6.739686E-17
7235.74312210084  4.324182E-17
7237.6596069336  4.388085E-17
7239.57609176637  4.933901E-17
7241.49257659913  5.039025E-17
7243.40906143189  5.934225E-17
7245.32554626466  6.094947E-17
7247.24203109742  5.541671E-17
7249.15851593019  5.333959E-17
7251.07500076295  6.316913E-17
7252.99148559571  6.560313E-17
7254.90797042848  6.139008E-17
7256.82445526124  6.687561E-17
7258.740940094  6.947114E-17
7260.65742492677  5.457641E-17
7262.57390975953  4.626506E-17
7264.4903945923  6.124417E-17
7266.40687942506  6.330846E-17
7268.32336425782  5.373109E-17
7270.23984909059  5.927559E-17
7272.15633392335  6.243213E-17
7274.07281875611  6.365414E-17
7275.98930358888  6.024262E-17
7277.90578842164  5.566767E-17
7279.8222732544  6.508988E-17
7281.73875808717  7.299468E-17
7283.65524291993  5.898415E-17
7285.57172775269  3.892651E-17
7287.48821258546  5.451514E-17
7289.40469741822  7.412390E-17
7291.32118225099  6.807405E-17
7293.23766708375  4.551236E-17
7295.15415191651  5.810386E-17
7297.07063674928  6.668518E-17
7298.98712158204  6.133606E-17
7300.9036064148  5.605976E-17
7302.82009124757  5.979304E-17
7304.73657608033  5.647797E-17
7306.6530609131  5.489105E-17
7308.56954574586  5.960194E-17
7310.48603057862  6.762056E-17
7312.40251541139  8.037354E-17
7314.31900024415  8.597475E-17
7316.23548507691  7.473552E-17
7318.15196990968  5.435999E-17
7320.06845474244  6.000996E-17
7321.98493957521  6.812127E-17
7323.90142440797  5.818267E-17
7325.81790924073  6.434773E-17
7327.7343940735  6.633464E-17
7329.65087890626  5.409899E-17
7331.56736373902  5.266697E-17
7333.48384857179  5.865131E-17
7335.40033340455  4.746318E-17
7337.31681823731  3.496143E-17
7339.23330307008  4.003952E-17
7341.14978790284  5.264301E-17
7343.06627273561  5.285800E-17
7344.98275756837  5.995193E-17
7346.89924240113  7.287754E-17
7348.8157272339  6.263043E-17
7350.73221206666  5.833692E-17
7352.64869689943  5.860874E-17
7354.56518173219  5.666758E-17
7356.48166656495  5.225258E-17
7358.39815139771  4.296932E-17
7360.31463623048  5.582925E-17
7362.23112106324  7.014201E-17
7364.14760589601  7.216705E-17
7366.06409072877  6.596034E-17
7367.98057556153  5.418552E-17
7369.8970603943  4.499873E-17
7371.81354522706  5.384487E-17
7373.73003005982  6.119734E-17
7375.64651489259  5.187073E-17
7377.56299972535  3.712687E-17
7379.47948455812  3.836655E-17
7381.39596939088  5.032731E-17
7383.31245422364  5.857175E-17
7385.22893905641  4.439467E-17
7387.14542388917  3.755278E-17
7389.06190872193  4.969785E-17
7390.9783935547  5.553411E-17
7392.89487838746  5.143444E-17
7394.81136322022  5.207684E-17
7396.72784805299  6.169955E-17
7398.64433288575  6.162900E-17
7400.56081771852  5.635184E-17
7402.47730255128  5.862847E-17
7404.39378738404  5.684911E-17
7406.31027221681  5.285986E-17
7408.22675704957  5.934848E-17
7410.14324188233  6.721947E-17
7412.0597267151  6.346974E-17
7413.97621154786  5.810236E-17
7415.89269638062  4.989854E-17
7417.80918121339  5.499336E-17
7419.72566604615  4.758799E-17
7421.64215087892  4.755011E-17
7423.55863571168  5.317532E-17
7425.47512054444  4.629107E-17
7427.39160537721  3.841751E-17
7429.30809020997  4.607190E-17
7431.22457504273  6.149196E-17
7433.1410598755  6.688532E-17
7435.05754470826  5.874109E-17
7436.97402954103  5.700618E-17
7438.89051437379  5.908731E-17
7440.80699920655  7.031862E-17
7442.72348403932  8.145010E-17
7444.63996887208  7.322024E-17
7446.55645370484  6.111500E-17
7448.47293853761  4.993527E-17
7450.38942337037  5.439508E-17
7452.30590820313  4.858395E-17
7454.2223930359  3.874592E-17
7456.13887786866  4.966343E-17
7458.05536270143  6.430387E-17
7459.97184753419  6.182039E-17
7461.88833236695  5.318347E-17
7463.80481719972  5.400847E-17
7465.72130203248  6.177835E-17
7467.63778686525  6.098412E-17
7469.55427169801  5.762095E-17
7471.47075653077  6.245454E-17
7473.38724136353  6.488886E-17
7475.3037261963  6.233537E-17
7477.22021102906  5.778723E-17
7479.13669586183  5.588031E-17
7481.05318069459  6.085129E-17
7482.96966552735  5.969829E-17
7484.88615036012  4.345711E-17
7486.80263519288  3.782058E-17
7488.71912002564  5.380861E-17
7490.63560485841  6.401279E-17
7492.55208969117  6.202546E-17
7494.46857452394  5.368715E-17
7496.3850593567  4.752863E-17
7498.30154418946  4.899813E-17
7500.21802902223  5.457980E-17
7502.13451385499  4.914421E-17
7504.05099868776  4.643104E-17
7505.96748352052  5.558813E-17
7507.88396835328  5.474977E-17
7509.80045318604  4.629654E-17
7511.71693801881  4.416805E-17
7513.63342285157  5.454888E-17
7515.54990768434  5.487885E-17
7517.4663925171  5.117733E-17
7519.38287734986  5.413368E-17
7521.29936218263  5.417091E-17
7523.21584701539  5.893724E-17
7525.13233184815  5.843626E-17
7527.04881668092  5.042906E-17
7528.96530151368  4.386714E-17
7530.88178634644  5.465002E-17
7532.79827117921  7.217480E-17
7534.71475601197  5.808528E-17
7536.63124084474  5.758538E-17
7538.5477256775  5.646323E-17
7540.46421051026  4.888851E-17
7542.38069534303  5.094698E-17
7544.29718017579  4.722210E-17
7546.21366500856  5.068680E-17
7548.13014984132  4.795772E-17
7550.04663467408  6.360515E-17
7551.96311950685  6.530292E-17
7553.87960433961  3.732585E-17
7555.79608917237  3.616096E-17
7557.71257400514  5.407344E-17
7559.6290588379  5.247647E-17
7561.54554367066  4.764314E-17
7563.46202850343  5.030105E-17
7565.37851333619  5.128372E-17
7567.29499816895  4.897951E-17
7569.21148300172  5.562876E-17
7571.12796783448  6.711009E-17
7573.04445266725  5.851222E-17
7574.96093750001  4.547656E-17
7576.87742233277  4.077916E-17
7578.79390716554  3.197762E-17
7580.7103919983  3.079755E-17
7582.62687683107  4.899316E-17
7584.54336166383  5.797386E-17
7586.45984649659  5.657431E-17
7588.37633132935  5.325545E-17
7590.29281616212  4.514116E-17
7592.20930099488  3.819472E-17
7594.12578582765  5.287814E-17
7596.04227066041  5.825318E-17
7597.95875549317  3.393303E-17
7599.87524032594  4.098616E-17
7601.7917251587  5.152251E-17
7603.70820999146  3.228446E-17
7605.62469482423  2.922083E-17
7607.54117965699  2.986988E-17
7609.45766448976  3.933486E-17
7611.37414932252  4.308679E-17
7613.29063415528  4.358360E-17
7615.20711898805  5.552230E-17
7617.12360382081  5.190983E-17
7619.04008865358  3.846493E-17
7620.95657348634  3.071088E-17
7622.8730583191  2.346865E-17
7624.78954315186  3.576782E-17
7626.70602798463  6.330078E-17
7628.62251281739  6.115017E-17
7630.53899765016  4.787267E-17
7632.45548248292  4.531651E-17
7634.37196731568  4.303087E-17
7636.28845214845  3.886038E-17
7638.20493698121  4.496686E-17
7640.12142181397  5.107335E-17
7642.03790664674  5.717983E-17
7643.9543914795  6.328631E-17
7645.87087631226  4.696470E-17
7647.78736114503  3.846440E-17
7649.70384597779  4.001931E-17
7651.62033081056  3.543495E-17
7653.53681564332  3.535777E-17
7655.45330047608  5.387971E-17
7657.36978530885  3.487306E-17
7659.28627014161  3.347514E-17
7661.20275497438  4.303123E-17
7663.11923980714  3.670004E-17
7665.0357246399  3.869097E-17
7666.95220947267  4.647213E-17
7668.86869430543  4.380116E-17
7670.78517913819  4.207375E-17
7672.70166397096  3.730709E-17
7674.61814880372  1.853965E-17
7676.53463363648  1.825136E-17
7678.45111846925  3.465181E-17
7680.36760330201  3.550417E-17
7682.28408813477  3.220125E-17
7684.20057296754  4.566082E-17
7686.1170578003  4.936191E-17
7688.03354263307  3.338635E-17
7689.95002746583  3.780462E-17
7691.86651229859  3.737397E-17
7693.78299713136  3.569716E-17
7695.69948196412  4.759027E-17
7697.61596679689  4.789248E-17
7699.53245162965  5.090386E-17
7701.44893646241  4.286105E-17
7703.36542129517  4.440535E-17
7705.28190612794  5.572368E-17
7707.1983909607  4.748649E-17
7709.11487579347  3.185411E-17
7711.03136062623  3.548280E-17
7712.94784545899  4.238662E-17
7714.86433029176  4.705537E-17
7716.78081512452  4.390160E-17
7718.69729995728  4.938091E-17
7720.61378479005  4.699454E-17
7722.53026962281  3.256302E-17
7724.44675445558  3.524960E-17
7726.36323928834  3.389238E-17
7728.2797241211  4.661200E-17
7730.19620895387  5.705112E-17
7732.11269378663  4.114041E-17
7734.0291786194  2.493867E-17
7735.94566345216  3.396269E-17
7737.86214828492  4.919090E-17
7739.77863311769  3.842572E-17
7741.69511795045  3.296800E-17
7743.61160278321  4.439532E-17
7745.52808761598  4.066874E-17
7747.44457244874  3.372334E-17
7749.3610572815  4.652686E-17
7751.27754211427  2.939871E-17
7753.19402694703  2.063402E-17
7755.1105117798  4.224041E-17
7757.02699661256  5.793073E-17
7758.94348144532  6.759527E-17
7760.85996627809  5.750954E-17
7762.77645111085  4.788027E-17
7764.69293594361  4.828511E-17
7766.60942077638  3.548468E-17
7768.52590560914  3.527981E-17
7770.4423904419  4.395309E-17
7772.35887527467  4.776020E-17
7774.27536010743  4.371077E-17
7776.1918449402  3.352080E-17
7778.10832977296  4.435245E-17
7780.02481460572  5.676117E-17
7781.94129943849  4.730562E-17
7783.85778427125  4.293191E-17
7785.77426910401  5.030070E-17
7787.69075393678  5.632649E-17
7789.60723876954  5.601447E-17
7791.52372360231  4.819424E-17
7793.44020843507  3.985336E-17
7795.35669326783  4.426978E-17
7797.27317810059  4.124950E-17
7799.18966293336  4.600240E-17
7801.10614776612  6.110917E-17
7803.02263259889  5.110275E-17
7804.93911743165  5.422547E-17
7806.85560226441  5.564453E-17
7808.77208709718  3.496601E-17
7810.68857192994  2.619116E-17
7812.60505676271  2.970090E-17
7814.52154159547  3.568898E-17
7816.43802642823  4.196397E-17
7818.354511261  4.919335E-17
7820.27099609376  4.762298E-17
7822.18748092652  3.516009E-17
7824.10396575929  2.729029E-17
7826.02045059205  3.108085E-17
7827.93693542481  3.454565E-17
7829.85342025758  4.183492E-17
7831.76990509034  4.919657E-17
7833.6863899231  4.880609E-17
7835.60287475587  4.954535E-17
7837.51935958863  3.457035E-17
7839.4358444214  2.711125E-17
7841.35232925416  4.385385E-17
7843.26881408692  2.836326E-17
7845.18529891969  2.328789E-17
7847.10178375245  4.849600E-17
7849.01826858522  3.858554E-17
7850.93475341798  3.475957E-17
7852.85123825074  4.552909E-17
7854.76772308351  4.594086E-17
7856.68420791627  5.386737E-17
7858.60069274903  4.635047E-17
7860.5171775818  5.175714E-17
7862.43366241456  6.418584E-17
7864.35014724732  6.109557E-17
7866.26663208009  4.791936E-17
7868.18311691285  4.849675E-17
7870.09960174562  4.769946E-17
7872.01608657838  2.720596E-17
7873.93257141114  3.736926E-17
7875.84905624391  5.341198E-17
7877.76554107667  3.579870E-17
7879.68202590943  3.368065E-17
7881.5985107422  4.457398E-17
7883.51499557496  4.422846E-17
7885.43148040772  3.087158E-17
7887.34796524049  3.552124E-17
7889.26445007325  5.064244E-17
7891.18093490602  5.036370E-17
7893.09741973878  4.281502E-17
7895.01390457154  4.600013E-17
7896.93038940431  5.554760E-17
7898.84687423707  5.585178E-17
7900.76335906983  4.891334E-17
7902.6798439026  4.829337E-17
7904.59632873536  4.414740E-17
7906.51281356813  3.651878E-17
7908.42929840089  3.916988E-17
7910.34578323365  3.414686E-17
7912.26226806642  4.553103E-17
7914.17875289918  4.294860E-17
7916.09523773194  3.150790E-17
7918.01172256471  5.407307E-17
7919.92820739747  4.514116E-17
7921.84469223023  4.384788E-17
7923.761177063  4.744484E-17
7925.67766189576  4.591013E-17
7927.59414672853  3.835372E-17
7929.51063156129  4.321585E-17
7931.42711639405  5.085735E-17
7933.34360122682  4.624921E-17
7935.26008605958  4.747260E-17
7937.17657089234  4.396962E-17
7939.09305572511  5.839387E-17
7941.00954055787  6.110455E-17
7942.92602539063  3.809304E-17
7944.8425102234  2.592955E-17
7946.75899505616  2.373674E-17
7948.67547988893  2.902411E-17
7950.59196472169  2.617824E-17
7952.50844955445  3.117310E-17
7954.42493438722  4.723958E-17
7956.34141921998  4.056632E-17
7958.25790405274  4.627512E-17
7960.17438888551  5.108388E-17
7962.09087371827  4.815224E-17
7964.00735855104  4.714955E-17
7965.9238433838  5.390043E-17
7967.84032821656  6.221760E-17
7969.75681304933  5.542417E-17
7971.67329788209  4.877926E-17
7973.58978271485  4.712733E-17
7975.50626754762  3.757994E-17
7977.42275238038  3.241077E-17
7979.33923721314  3.365109E-17
7981.25572204591  2.646045E-17
7983.17220687867  3.862331E-17
7985.08869171144  5.078480E-17
7987.0051765442  4.616082E-17
7988.92166137696  5.311869E-17
7990.83814620973  6.088243E-17
7992.75463104249  6.310265E-17
7994.67111587525  3.736970E-17
7996.58760070802  2.675302E-17
7998.50408554078  3.592975E-17
8000.42057037354  3.389590E-17
8002.33705520631  5.703324E-17
8004.25354003907  5.999842E-17
8006.17002487184  3.932813E-17
8008.0865097046  4.125296E-17
8010.00299453736  5.490087E-17
8011.91947937013  4.969274E-17
8013.83596420289  4.099483E-17
8015.75244903565  5.236042E-17
8017.66893386842  6.222507E-17
8019.58541870118  6.144521E-17
8021.50190353395  4.893711E-17
8023.41838836671  3.038525E-17
8025.33487319947  4.290682E-17
8027.25135803223  6.730325E-17
8029.167842865  5.759211E-17
8031.08432769776  4.728269E-17
8033.00081253053  4.701612E-17
8034.91729736329  5.278780E-17
8036.83378219605  6.846065E-17
8038.75026702882  4.663947E-17
8040.66675186158  3.260464E-17
8042.58323669434  4.532647E-17
8044.49972152711  5.044995E-17
8046.41620635987  4.345344E-17
8048.33269119264  3.655605E-17
8050.2491760254  3.229546E-17
8052.16566085816  4.118360E-17
8054.08214569093  4.371386E-17
8055.99863052369  4.561672E-17
8057.91511535645  5.701143E-17
8059.83160018922  5.541589E-17
8061.74808502198  4.900934E-17
8063.66456985475  5.645007E-17
8065.58105468751  5.061767E-17
8067.49753952027  4.234972E-17
8069.41402435304  4.704493E-17
8071.3305091858  3.989658E-17
8073.24699401856  5.217080E-17
8075.16347885133  5.809905E-17
8077.07996368409  6.029212E-17
8078.99644851686  6.078083E-17
8080.91293334962  5.112927E-17
8082.82941818238  4.755866E-17
8084.74590301515  5.470855E-17
8086.66238784791  4.659798E-17
8088.57887268067  4.037498E-17
8090.49535751344  5.099141E-17
8092.4118423462  5.974883E-17
8094.32832717896  5.832339E-17
8096.24481201173  4.454814E-17
8098.16129684449  4.370955E-17
8100.07778167726  5.616090E-17
8101.99426651002  4.989486E-17
8103.91075134278  4.846090E-17
8105.82723617555  5.036983E-17
8107.74372100831  4.316240E-17
8109.66020584107  4.753856E-17
8111.57669067384  5.581846E-17
8113.4931755066  5.869116E-17
8115.40966033936  5.723051E-17
8117.32614517213  5.987071E-17
8119.24263000489  6.418924E-17
8121.15911483766  6.051867E-17
8123.07559967042  5.852720E-17
8124.99208450318  5.045821E-17
8126.90856933595  4.683578E-17
8128.82505416871  5.489956E-17
8130.74153900147  6.047148E-17
8132.65802383424  5.432876E-17
8134.574508667  4.391020E-17
8136.49099349977  4.741176E-17
8138.40747833253  5.218574E-17
8140.32396316529  5.199618E-17
8142.24044799806  4.498689E-17
8144.15693283082  3.574358E-17
8146.07341766358  3.672503E-17
8147.98990249635  4.266242E-17
8149.90638732911  4.127318E-17
8151.82287216187  3.961686E-17
8153.73935699464  4.324374E-17
8155.6558418274  4.020504E-17
8157.57232666017  2.983675E-17
8159.48881149293  3.121436E-17
8161.40529632569  5.577193E-17
8163.32178115846  6.672910E-17
8165.23826599122  5.220533E-17
8167.15475082398  4.213164E-17
8169.07123565675  4.289832E-17
8170.98772048951  6.008932E-17
8172.90420532227  6.162740E-17
8174.82069015504  3.980643E-17
8176.7371749878  4.783654E-17
8178.65365982057  6.876864E-17
8180.57014465333  6.034278E-17
8182.48662948609  4.330987E-17
8184.40311431886  4.722363E-17
8186.31959915162  5.834358E-17
8188.23608398438  6.875811E-17
8190.15256881715  5.326311E-17
8192.06905364991  4.055724E-17
8193.98553848268  5.662593E-17
8195.90202331544  5.857258E-17
8197.8185081482  5.029816E-17
8199.73499298097  6.105709E-17
8201.65147781373  5.382619E-17
8203.56796264649  3.988906E-17
8205.48444747926  4.095490E-17
8207.40093231202  5.400640E-17
8209.31741714479  7.289291E-17
8211.23390197755  6.165158E-17
8213.15038681031  4.875722E-17
8215.06687164308  5.084231E-17
8216.98335647584  4.746967E-17
8218.8998413086  2.427521E-17
8220.81632614137  1.907250E-17
8222.73281097413  3.222395E-17
8224.6492958069  4.095214E-17
8226.56578063966  4.390427E-17
8228.48226547242  4.153657E-17
8230.39875030518  3.972491E-17
8232.31523513795  3.821106E-17
8234.23171997071  3.213048E-17
8236.14820480348  2.504101E-17
8238.06468963624  2.561077E-17
8239.981174469  2.920350E-17
8241.89765930177  3.356019E-17
8243.81414413453  3.567514E-17
8245.73062896729  3.208158E-17
8247.64711380006  4.476475E-17
8249.56359863282  6.624429E-17
8251.48008346559  6.498396E-17
8253.39656829835  5.325686E-17
8255.31305313111  4.793979E-17
8257.22953796388  3.375550E-17
8259.14602279664  3.931258E-17
8261.0625076294  5.508146E-17
8262.97899246217  4.883630E-17
8264.89547729493  3.383124E-17
8266.81196212769  2.589757E-17
8268.72844696046  3.283076E-17
8270.64493179322  4.265054E-17
8272.56141662599  3.465793E-17
8274.47790145875  2.378321E-17
8276.39438629151  3.143474E-17
8278.31087112428  4.335533E-17
8280.22735595704  5.014298E-17
8282.1438407898  4.930147E-17
8284.06032562257  4.520969E-17
8285.97681045533  2.948214E-17
8287.8932952881  4.534600E-18
8289.80978012086  2.371655E-17
8291.72626495362  3.864446E-17
8293.64274978639  2.872433E-17
8295.55923461915  2.902274E-17
8297.47571945191  3.431780E-17
8299.39220428468  3.841835E-17
8301.30868911744  5.144246E-17
8303.22517395021  6.413816E-17
8305.14165878297  6.311457E-17
8307.05814361573  6.277752E-17
8308.9746284485  4.129495E-17
8310.89111328126  2.020767E-17
8312.80759811402  4.776545E-17
8314.72408294679  4.987894E-17
8316.64056777955  2.897400E-17
8318.55705261232  3.381690E-17
8320.47353744508  2.562262E-17
8322.39002227784  1.445716E-17
8324.3065071106  2.441033E-17
8326.22299194337  2.784426E-17
8328.13947677613  2.406468E-17
8330.0559616089  2.113388E-17
8331.97244644166  1.708359E-17
8333.88893127442  1.242108E-17
8335.80541610719  1.165507E-17
8337.72190093995  3.527095E-17
8339.63838577271  5.504314E-17
8341.55487060548  5.880621E-17
8343.47135543824  4.730434E-17
8345.38784027101  3.939468E-17
8347.30432510377  3.763925E-17
8349.22080993653  2.546167E-17
8351.1372947693  2.507643E-17
8353.05377960206  2.109373E-17
8354.97026443482  4.161207E-17
8356.88674926759  3.864540E-17
8358.80323410035  9.482665E-18
8360.71971893312  1.397383E-17
8362.63620376588  1.272647E-17
8364.55268859864  4.767455E-18
8366.46917343141  2.114496E-17
8368.38565826417  2.371232E-17
8370.30214309693  2.651846E-17
8372.2186279297  4.003783E-17
8374.13511276246  3.020283E-17
8376.05159759523  3.506263E-17
8377.96808242799  4.014967E-17
8379.88456726075  1.563151E-17
8381.80105209351  6.175527E-18
8383.71753692628  7.666380E-18
8385.63402175904  9.254093E-18
8387.55050659181  9.672301E-18
8389.46699142457  1.626921E-17
8391.38347625733  2.452667E-17
8393.2999610901  8.995736E-18
8395.21644592286  7.290354E-18
8397.13293075562  2.336133E-17
8399.04941558839  2.329785E-17
8400.96590042115  4.846636E-17
8402.88238525391  3.559263E-17
8404.79887008668  -3.437266E-18
8406.71535491944  5.334481E-18
8408.63183975221  3.102796E-17
8410.54832458497  4.540146E-17
8412.46480941773  3.601291E-17
8414.3812942505  1.280099E-17
8416.29777908326  1.488226E-17
8418.21426391602  6.925099E-18
8420.13074874879  4.743878E-18
8422.04723358155  1.661527E-17
8423.96371841432  1.340740E-17
8425.88020324708  2.264911E-17
8427.79668807984  1.622043E-17
8429.71317291261  -1.470407E-18
8431.62965774537  -7.768270E-18
8433.54614257813  2.387060E-18
8435.4626274109  6.817752E-18
8437.37911224366  3.106379E-18
8439.29559707643  -7.684180E-18
8441.21208190919  -1.262140E-17
8443.12856674195  1.087268E-17
8445.04505157472  1.681936E-17
8446.96153640748  4.367668E-18
8448.87802124024  2.619968E-17
8450.79450607301  2.733867E-17
8452.71099090577  2.536791E-17
8454.62747573854  3.850658E-17
8456.5439605713  1.994325E-18
8458.46044540406  7.219044E-18
8460.37693023682  3.336925E-17
8462.29341506959  2.476416E-17
8464.20989990235  3.026570E-17
8466.12638473512  2.874740E-17
8468.04286956788  1.931228E-17
8469.95935440064  -1.468038E-18
8471.87583923341  -7.012862E-18
8473.79232406617  2.816354E-18
8475.70880889893  1.042717E-17
8477.6252937317  7.453954E-18
8479.54177856446  4.702146E-18
8481.45826339723  6.369979E-18
8483.37474822999  9.090656E-18
8485.29123306275  7.905264E-18
8487.20771789552  -4.785036E-18
8489.12420272828  1.179646E-17
8491.04068756104  2.280518E-17
8492.95717239381  -4.457669E-18
8494.87365722657  -1.522937E-19
8496.79014205934  3.151360E-17
8498.7066268921  4.912008E-17
8500.62311172486  4.780703E-17
8502.53959655763  3.290870E-17
8504.45608139039  2.187251E-17
8506.37256622315  3.423460E-17
8508.28905105592  4.287121E-17
8510.20553588868  2.360138E-17
8512.12202072145  6.356479E-18
8514.03850555421  1.568426E-17
8515.95499038697  1.532652E-17
8517.87147521974  -2.396648E-18
8519.7879600525  7.830798E-18
8521.70444488526  3.949539E-18
8523.62092971803  -8.034617E-18
8525.53741455079  1.385268E-17
8527.45389938355  1.410982E-17
8529.37038421632  1.084931E-17
8531.28686904908  2.154886E-17
8533.20335388185  1.864727E-17
8535.11983871461  1.791671E-17
8537.03632354737  2.717114E-17
8538.95280838014  2.065121E-17
8540.8692932129  2.062765E-17
8542.78577804566  1.530091E-17
8544.70226287843  1.331607E-17
8546.61874771119  3.094536E-17
8548.53523254396  3.837831E-17
8550.45171737672  1.636397E-17
8552.36820220948  2.838324E-18
8554.28468704224  2.311117E-17
8556.20117187501  3.317507E-17
8558.11765670777  3.690985E-17
8560.03414154054  3.371576E-17
8561.9506263733  2.375374E-17
8563.86711120606  2.322087E-17
8565.78359603883  1.678702E-17
8567.70008087159  3.454198E-17
8569.61656570435  4.112490E-17
8571.53305053712  1.669495E-17
8573.44953536988  1.138909E-17
8575.36602020265  1.535281E-17
8577.28250503541  1.982009E-17
8579.19898986817  3.249720E-17
8581.11547470094  3.935576E-17
8583.0319595337  3.480613E-17
8584.94844436646  1.457454E-17
8586.86492919923  1.391980E-17
8588.78141403199  2.177644E-17
8590.69789886476  1.068269E-17
8592.61438369752  2.311812E-17
8594.53086853028  4.296469E-17
8596.44735336305  3.029511E-17
8598.36383819581  8.823984E-18
8600.28032302857  3.051867E-17
8602.19680786134  3.720041E-17
8604.1132926941  2.860755E-17
8606.02977752687  3.647334E-17
8607.94626235963  1.932443E-17
8609.86274719239  1.080681E-17
8611.77923202516  2.588585E-17
8613.69571685792  1.805469E-17
8615.61220169068  1.215141E-17
8617.52868652345  2.623484E-17
8619.44517135621  4.050635E-17
8621.36165618897  3.542686E-17
8623.27814102174  4.103195E-17
8625.1946258545  4.351833E-17
8627.11111068727  1.001034E-17
8629.02759552003  1.676419E-17
8630.94408035279  2.961958E-17
8632.86056518556  2.848216E-17
8634.77705001832  4.579933E-17
8636.69353485108  5.603483E-17
8638.61001968385  3.997030E-17
8640.52650451661  2.847334E-17
8642.44298934937  3.222662E-17
8644.35947418214  3.778316E-17
8646.2759590149  5.024870E-17
8648.19244384767  5.318201E-17
8650.10892868043  3.249334E-17
8652.02541351319  2.314764E-17
8653.94189834596  4.283617E-17
8655.85838317872  4.889768E-17
8657.77486801148  4.120369E-17
8659.69135284425  4.512806E-17
8661.60783767701  5.172921E-17
8663.52432250978  4.913012E-17
8665.44080734254  3.011814E-17
8667.3572921753  1.503278E-17
8669.27377700807  2.566964E-17
8671.19026184083  5.345669E-17
8673.10674667359  6.124850E-17
8675.02323150636  5.262961E-17
8676.93971633912  4.511198E-17
8678.85620117188  4.864150E-17
8680.77268600465  4.075482E-17
8682.68917083741  4.032120E-17
8684.60565567018  5.865297E-17
8686.52214050294  7.055260E-17
8688.4386253357  7.135175E-17
8690.35511016847  6.550432E-17
8692.27159500123  5.661268E-17
8694.18807983399  4.204796E-17
8696.10456466676  3.827149E-17
8698.02104949952  4.199032E-17
8699.93753433228  3.883184E-17
8701.85401916505  4.985462E-17
8703.77050399781  6.194460E-17
8705.68698883058  6.888978E-17
8707.60347366334  6.928389E-17
8709.5199584961  4.944726E-17
8711.43644332887  3.932291E-17
8713.35292816163  5.629899E-17
8715.26941299439  7.722088E-17
8717.18589782716  6.326388E-17
8719.10238265992  4.697184E-17
8721.01886749269  6.257281E-17
8722.93535232545  6.415327E-17
8724.85183715821  4.843174E-17
8726.76832199098  6.210252E-17
8728.68480682374  7.420101E-17
8730.6012916565  7.499255E-17
8732.51777648927  7.879261E-17
8734.43426132203  6.811428E-17
8736.3507461548  6.477436E-17
8738.26723098756  5.868533E-17
8740.18371582032  6.377154E-17
8742.10020065309  7.250721E-17
8744.01668548585  6.982341E-17
8745.93317031861  5.907312E-17
8747.84965515138  3.767384E-17
8749.76613998414  3.857924E-17
8751.6826248169  6.131931E-17
8753.59910964967  6.644941E-17
8755.51559448243  4.976558E-17
8757.43207931519  2.808448E-17
8759.34856414796  2.806352E-17
8761.26504898072  3.159948E-17
8763.18153381349  4.677814E-17
8765.09801864625  8.002251E-17
8767.01450347901  9.001413E-17
8768.93098831178  9.588911E-17
8770.84747314454  7.575583E-17
8772.7639579773  7.578473E-17
8774.68044281007  9.612787E-17
8776.59692764283  6.380855E-17
8778.5134124756  5.653838E-17
8780.42989730836  8.344841E-17
8782.34638214112  6.667453E-17
8784.26286697389  4.474283E-17
8786.17935180665  5.935324E-17
8788.09583663941  7.179560E-17
8790.01232147218  6.608112E-17
8791.92880630494  6.224079E-17
8793.8452911377  5.717217E-17
8795.76177597047  5.303829E-17
8797.67826080323  5.677573E-17
8799.594745636  5.836246E-17
8801.51123046876  5.960094E-17
8803.42771530152  7.820922E-17
8805.34420013429  7.877934E-17
8807.26068496705  7.318657E-17
8809.17716979981  8.074578E-17
8811.09365463258  6.323477E-17
8813.01013946534  7.043224E-17
8814.9266242981  7.377540E-17
8816.84310913087  5.877629E-17
8818.75959396363  5.383289E-17
8820.6760787964  6.901482E-17
8822.59256362916  8.348013E-17
8824.50904846192  8.499328E-17
8826.42553329469  8.273286E-17
8828.34201812745  7.921719E-17
8830.25850296021  7.403666E-17
8832.17498779298  7.120172E-17
8834.09147262574  8.021094E-17
8836.00795745851  8.150482E-17
8837.92444229127  8.129018E-17
8839.84092712403  8.670297E-17
8841.7574119568  7.202909E-17
8843.67389678956  7.410038E-17
8845.59038162232  7.753577E-17
8847.50686645509  7.720992E-17
8849.42335128785  8.925915E-17
8851.33983612061  7.360123E-17
8853.25632095338  5.650727E-17
8855.17280578614  6.033087E-17
8857.08929061891  6.546308E-17
8859.00577545167  8.801295E-17
8860.92226028443  1.035175E-16
8862.8387451172  8.701461E-17
8864.75522994996  5.888875E-17
8866.67171478272  5.896595E-17
8868.58819961549  8.209608E-17
8870.50468444825  7.860137E-17
8872.42116928102  8.192894E-17
8874.33765411378  7.554245E-17
8876.25413894654  6.883334E-17
8878.17062377931  9.134106E-17
8880.08710861207  8.958201E-17
8882.00359344483  9.215946E-17
8883.9200782776  1.021814E-16
8885.83656311036  8.335507E-17
8887.75304794313  6.566739E-17
8889.66953277589  7.447179E-17
8891.58601760865  8.355115E-17
8893.50250244142  8.587512E-17
8895.41898727418  7.393477E-17
8897.33547210694  4.270314E-17
8899.25195693971  6.457151E-17
8901.16844177247  1.080809E-16
8903.08492660524  8.304164E-17
8905.001411438  6.738142E-17
8906.91789627076  8.327285E-17
8908.83438110352  7.148586E-17
8910.75086593629  5.076567E-17
8912.66735076905  7.328610E-17
8914.58383560182  1.066511E-16
8916.50032043458  7.911846E-17
8918.41680526734  6.585555E-17
8920.33329010011  1.050028E-16
8922.24977493287  1.055102E-16
8924.16625976563  8.288342E-17
8926.0827445984  9.481383E-17
8927.99922943116  9.030615E-17
8929.91571426392  6.634207E-17
8931.83219909669  6.712175E-17
8933.74868392945  6.106102E-17
8935.66516876222  6.439266E-17
8937.58165359498  1.028195E-16
8939.49813842774  1.090031E-16
8941.41462326051  9.939053E-17
8943.33110809327  8.781155E-17
8945.24759292603  7.727697E-17
8947.1640777588  7.734897E-17
8949.08056259156  7.542302E-17
8950.99704742433  8.323688E-17
8952.91353225709  8.289305E-17
8954.83001708985  7.904715E-17
8956.74650192262  8.349786E-17
8958.66298675538  1.100401E-16
8960.57947158814  1.040003E-16
8962.49595642091  9.121522E-17
8964.41244125367  8.171511E-17
8966.32892608644  7.188767E-17
8968.2454109192  6.673684E-17
8970.16189575196  8.152365E-17
8972.07838058473  9.174488E-17
8973.99486541749  7.298841E-17
8975.91135025025  6.854314E-17
8977.82783508302  7.685884E-17
8979.74431991578  7.654735E-17
8981.66080474855  6.227985E-17
8983.57728958131  6.181173E-17
8985.49377441407  7.279465E-17
8987.41025924683  8.365945E-17
8989.3267440796  7.938078E-17
8991.24322891236  5.360104E-17
8993.15971374513  5.969579E-17
8995.07619857789  6.648330E-17
8996.99268341065  6.621335E-17
8998.90916824342  7.781412E-17
9000.82565307618  9.303883E-17
9002.74213790894  9.528410E-17
9004.65862274171  9.258420E-17
9006.57510757447  9.376272E-17
9008.49159240724  8.345173E-17
9010.40807724  7.243362E-17
9012.32456207276  7.936969E-17
9014.24104690553  7.951474E-17
9016.15753173829  7.504200E-17
9018.07401657105  7.253028E-17
9019.99050140382  6.809891E-17
9021.90698623658  6.832400E-17
9023.82347106935  6.093268E-17
9025.73995590211  6.509104E-17
9027.65644073487  6.153000E-17
9029.57292556764  7.034979E-17
9031.4894104004  9.251946E-17
9033.40589523316  6.902387E-17
9035.32238006593  7.293716E-17
9037.23886489869  9.820151E-17
9039.15534973146  7.510828E-17
9041.07183456422  6.259887E-17
9042.98831939698  7.873154E-17
9044.90480422975  6.524513E-17
9046.82128906251  5.812619E-17
9048.73777389527  7.399514E-17
9050.65425872804  7.892442E-17
9052.5707435608  8.801443E-17
9054.48722839356  8.805766E-17
9056.40371322633  6.687859E-17
9058.32019805909  5.781615E-17
9060.23668289186  8.508981E-17
9062.15316772462  9.089539E-17
9064.06965255738  6.016873E-17
9065.98613739015  3.764010E-17
9067.90262222291  4.136015E-17
9069.81910705567  7.425103E-17
9071.73559188844  8.660913E-17
9073.6520767212  8.173874E-17
9075.56856155397  7.151514E-17
9077.48504638673  7.801238E-17
9079.40153121949  7.947467E-17
9081.31801605225  4.808687E-17
9083.23450088502  4.769688E-17
9085.15098571778  7.350011E-17
9087.06747055055  7.614340E-17
9088.98395538331  6.522037E-17
9090.90044021607  6.493608E-17
9092.81692504884  7.577709E-17
9094.7334098816  6.200273E-17
9096.64989471436  2.373824E-17
9098.56637954713  2.006768E-17
9100.48286437989  2.969766E-17
9102.39934921266  2.440956E-17
9104.31583404542  4.450613E-17
9106.23231887818  6.385316E-17
9108.14880371095  6.563167E-17
9110.06528854371  4.654549E-17
9111.98177337647  4.069968E-17
9113.89825820924  3.451137E-17
9115.814743042  4.186937E-17
9117.73122787477  5.900998E-17
9119.64771270753  5.504283E-17
9121.56419754029  5.912084E-17
9123.48068237306  7.131156E-17
9125.39716720582  8.628505E-17
9127.31365203858  8.630490E-17
9129.23013687135  5.942012E-17
9131.14662170411  7.291645E-17
9133.06310653688  6.443371E-17
9134.97959136964  3.386563E-17
9136.8960762024  5.282000E-17
9138.81256103517  6.298678E-17
9140.72904586793  6.707631E-17
9142.64553070069  5.419826E-17
9144.56201553346  4.231164E-17
9146.47850036622  5.613221E-17
9148.39498519898  6.243602E-17
9150.31147003175  7.040160E-17
9152.22795486451  7.631642E-17
9154.14443969727  7.594698E-17
9156.06092453004  7.625220E-17
9157.9774093628  4.681964E-17
9159.89389419557  2.530774E-17
9161.81037902833  6.520076E-17
9163.72686386109  9.699785E-17
9165.64334869386  7.226329E-17
9167.55983352662  7.189518E-17
9169.47631835938  6.852980E-17
9171.39280319215  3.921052E-17
9173.30928802491  4.662101E-17
9175.22577285768  5.787543E-17
9177.14225769044  5.094288E-17
9179.0587425232  4.605603E-17
9180.97522735597  5.137274E-17
9182.89171218873  5.508166E-17
9184.80819702149  6.782924E-17
9186.72468185426  8.666674E-17
9188.64116668702  9.653429E-17
9190.55765151979  7.981008E-17
9192.47413635255  6.937275E-17
9194.39062118531  5.878648E-17
9196.30710601808  5.859907E-17
9198.22359085084  5.610599E-17
9200.1400756836  2.542200E-17
9202.05656051637  2.928924E-17
9203.97304534913  5.327347E-17
9205.88953018189  6.393135E-17
9207.80601501466  7.442671E-17
9209.72249984742  6.387853E-17
9211.63898468019  6.825765E-17
9213.55546951295  7.295571E-17
9215.47195434571  5.446448E-17
9217.38843917847  4.548978E-17
9219.30492401124  5.515213E-17
9221.221408844  6.210763E-17
9223.13789367677  5.384756E-17
9225.05437850953  6.023382E-17
9226.97086334229  7.409191E-17
9228.88734817506  6.693961E-17
9230.80383300782  5.279320E-17
9232.72031784058  4.494027E-17
9234.63680267335  2.510286E-17
9236.55328750611  3.262711E-17
9238.46977233888  5.804663E-17
9240.38625717164  5.283368E-17
9242.3027420044  3.418506E-17
9244.21922683717  3.886723E-17
9246.13571166993  3.844920E-17
9248.05219650269  3.335091E-17
9249.96868133546  5.917082E-17
9251.88516616822  7.976141E-17
9253.80165100099  6.028866E-17
9255.71813583375  3.587767E-17
9257.63462066651  3.416455E-17
9259.55110549928  4.800220E-17
9261.46759033204  6.986290E-17
9263.3840751648  5.334387E-17
9265.30055999757  2.912624E-17
9267.21704483033  4.792509E-17
9269.1335296631  6.581267E-17
9271.05001449586  6.234815E-17
9272.96649932862  4.729622E-17
9274.88298416139  3.784459E-17
9276.79946899415  3.640410E-17
9278.71595382691  3.740383E-17
9280.63243865968  3.630333E-17
9282.54892349244  4.172299E-17
9284.4654083252  4.430119E-17
9286.38189315797  3.440571E-17
9288.29837799073  3.239733E-17
9290.2148628235  3.634430E-17
9292.13134765626  3.556874E-17
9294.04783248902  4.282750E-17
9295.96431732179  6.128581E-17
9297.88080215455  5.773848E-17
9299.79728698731  3.850464E-17
9301.71377182008  3.718994E-17
9303.63025665284  3.671083E-17
9305.54674148561  4.856309E-17
9307.46322631837  7.821787E-17
9309.37971115113  8.615748E-17
9311.2961959839  4.935222E-17
9313.21268081666  2.481957E-17
9315.12916564942  2.131600E-17
9317.04565048219  9.543021E-18
9318.96213531495  3.003551E-18
9320.87862014771  -7.135083E-18
9322.79510498048  -1.143349E-17
9324.71158981324  6.925414E-18
9326.62807464601  4.473817E-17
9328.54455947877  5.064076E-17
9330.46104431153  5.031330E-17
9332.3775291443  6.504526E-17
9334.29401397706  4.336448E-17
9336.21049880982  1.942581E-17
9338.12698364259  3.572699E-17
9340.04346847535  4.867884E-17
9341.95995330811  5.035601E-17
9343.87643814088  6.138671E-17
9345.79292297364  4.697939E-17
9347.70940780641  2.134888E-17
9349.62589263917  4.712359E-17
9351.54237747193  4.110142E-17
9353.4588623047  1.727186E-17
9355.37534713746  1.980781E-17
9357.29183197022  2.699469E-18
9359.20831680299  2.211412E-17
9361.12480163575  3.093371E-17
9363.04128646852  1.474202E-17
9364.95777130128  -8.979151E-19
9366.87425613404  1.332536E-18
9368.79074096681  3.332323E-17
9370.70722579957  7.420311E-17
9372.62371063233  9.457125E-17
9374.5401954651  8.429083E-17
9376.45668029786  6.511541E-17
9378.37316513062  2.196544E-17
9380.28964996339  1.587785E-17
9382.20613479615  4.850040E-17
9384.12261962892  2.595225E-17
9386.03910446168  5.206798E-18
9387.95558929444  5.177922E-17
9389.87207412721  6.761311E-17
9391.78855895997  3.046782E-17
9393.70504379273  4.282108E-17
9395.6215286255  6.674961E-17
9397.53801345826  6.585104E-17
9399.45449829103  3.469440E-17
9401.37098312379  2.485099E-17
9403.28746795655  4.540296E-17
9405.20395278932  1.780090E-17
9407.12043762208  9.126622E-18
9409.03692245484  5.841188E-17
9410.95340728761  5.520680E-17
9412.86989212037  2.637024E-17
9414.78637695314  2.903898E-17
9416.7028617859  3.411109E-17
9418.61934661866  6.027153E-17
9420.53583145143  4.191264E-17
9422.45231628419  2.782170E-17
9424.36880111695  4.025065E-17
9426.28528594972  2.850887E-17
9428.20177078248  1.194197E-17
9430.11825561525  3.164607E-18
9432.03474044801  1.575200E-17
9433.95122528077  3.778767E-17
9435.86771011353  -7.586342E-18
9437.7841949463  -4.190200E-17
9439.70067977906  9.765198E-18
9441.61716461183  6.015083E-17
9443.53364944459  3.440270E-17
9445.45013427735  -8.683064E-18
9447.36661911012  1.924534E-17
9449.28310394288  4.551546E-17
9451.19958877564  6.231793E-17
9453.11607360841  1.657710E-17
9455.03255844117  1.601124E-17
9456.94904327393  5.880755E-17
9458.8655281067  1.535433E-17
9460.78201293946  4.524221E-18
9462.69849777223  1.905628E-17
9464.61498260499  3.934190E-17
9466.53146743775  6.352326E-17
9468.44795227052  5.593592E-17
9470.36443710328  5.311993E-17
9472.28092193604  8.852525E-17
9474.19740676881  7.844164E-17
9476.11389160157  2.630946E-17
9478.03037643434  3.655096E-17
9479.9468612671  5.407361E-17
9481.86334609986  1.348086E-17
9483.77983093263  -2.630870E-17
9485.69631576539  -2.040651E-17
9487.61280059815  1.492280E-17
9489.52928543092  2.832146E-17
9491.44577026368  1.305633E-17
9493.36225509645  -9.339403E-19
9495.27873992921  1.877745E-17
9497.19522476197  3.708802E-17
9499.11170959474  -1.554199E-17
9501.0281944275  -3.400956E-17
9502.94467926026  6.719217E-18
9504.86116409303  5.253778E-17
9506.77764892579  4.087752E-17
9508.69413375855  4.104722E-18
9510.61061859132  3.990262E-17
9512.52710342408  8.156828E-18
9514.44358825684  -4.888745E-17
9516.36007308961  -3.554015E-17
9518.27655792237  -1.077271E-17
9520.19304275514  1.485041E-17
9522.1095275879  3.081543E-17
9524.02601242066  1.786481E-17
9525.94249725343  1.796224E-17
9527.85898208619  7.756805E-18
9529.77546691895  1.726879E-17
9531.69195175172  1.363896E-17
9533.60843658448  -7.750596E-18
9535.52492141725  4.100419E-17
9537.44140625001  5.451642E-17
9539.35789108277  5.006076E-18
9541.27437591554  -1.025616E-17
9543.1908607483  -8.594384E-18
9545.10734558106  4.496723E-18
9547.02383041383  2.250210E-17
9548.94031524659  3.257904E-17
9550.85680007936  1.991170E-17
9552.77328491212  2.383363E-17
9554.68976974488  4.492678E-17
9556.60625457765  4.030848E-17
9558.52273941041  3.343074E-17
9560.43922424317  5.350984E-17
9562.35570907594  9.105355E-17
9564.2721939087  5.617875E-17
9566.18867874147  3.289720E-17
9568.10516357423  2.471798E-17
9570.02164840699  -7.784759E-18
9571.93813323975  -9.529028E-18
9573.85461807252  -1.268603E-17
9575.77110290528  -4.086325E-17
9577.68758773805  -3.145267E-17
9579.60407257081  2.925177E-17
9581.52055740357  3.641130E-17
9583.43704223634  2.839817E-18
9585.3535270691  -2.850013E-18
9587.27001190186  2.751385E-17
9589.18649673463  2.880128E-17
9591.10298156739  2.028243E-17
9593.01946640016  3.971382E-17
9594.93595123292  4.439617E-17
9596.85243606568  4.294412E-17
9598.76892089845  2.247875E-17
9600.68540573121  1.196219E-17
9602.60189056397  1.145384E-17
9604.51837539674  -6.536645E-18
9606.4348602295  2.527636E-17
9608.35134506226  2.149708E-17
9610.26782989503  -1.571851E-17
9612.18431472779  1.313461E-17
9614.10079956056  -1.378124E-17
9616.01728439332  -2.708770E-17
9617.93376922608  4.397164E-17
9619.85025405885  3.972779E-17
9621.76673889161  1.280730E-17
9623.68322372437  4.182092E-17
9625.59970855714  5.085265E-17
9627.5161933899  1.541173E-17
9629.43267822267  1.387437E-17
9631.34916305543  3.526676E-17
9633.26564788819  2.396725E-17
9635.18213272096  8.466392E-18
9637.09861755372  2.385018E-17
9639.01510238648  3.289958E-17
9640.93158721925  8.144452E-18
9642.84807205201  -8.245994E-19
9644.76455688478  5.184190E-18
9646.68104171754  -1.806560E-18
9648.5975265503  -8.695714E-19
9650.51401138307  2.741687E-17
9652.43049621583  1.243522E-17
9654.34698104859  7.760622E-19
9656.26346588136  3.707209E-17
9658.17995071412  3.310024E-17
9660.09643554689  3.038531E-17
9662.01292037965  4.420393E-17
9663.92940521241  4.007505E-17
9665.84589004517  6.137411E-17
9667.76237487794  3.708512E-17
9669.6788597107  -1.752791E-17
9671.59534454347  4.088892E-17
9673.51182937623  9.923293E-17
9675.42831420899  3.642977E-17
9677.34479904176  2.356903E-17
9679.26128387452  3.356919E-17
9681.17776870728  5.965912E-18
9683.09425354005  3.145802E-17
9685.01073837281  4.786196E-17
9686.92722320558  2.299855E-17
9688.84370803834  -7.773448E-18
9690.7601928711  -3.307921E-17
9692.67667770387  -8.853450E-17
9694.59316253663  -1.076416E-16
9696.50964736939  -5.232491E-17
9698.42613220216  2.674189E-17
9700.34261703492  1.043106E-16
9702.25910186769  9.037734E-17
9704.17558670045  3.925002E-17
9706.09207153321  1.222444E-17
9708.00855636598  -5.816806E-18
9709.92504119874  1.350433E-17
9711.8415260315  -1.612324E-17
9713.75801086427  -1.350836E-17
9715.67449569703  3.827261E-17
9717.5909805298  3.112894E-17
9719.50746536256  3.640095E-17
9721.42395019532  5.865117E-17
9723.34043502809  -9.707062E-18
9725.25691986085  -1.666007E-17
9727.17340469361  6.762027E-17
9729.08988952638  3.407316E-17
9731.00637435914  -8.083546E-17
9732.9228591919  -9.517551E-17
9734.83934402467  1.054758E-17
9736.75582885743  1.065131E-16
9738.6723136902  5.045669E-17
9740.58879852296  7.062447E-18
9742.50528335572  7.190679E-17
9744.42176818848  5.353864E-17
9746.33825302125  8.251729E-18
9748.25473785401  -1.789858E-18
9750.17122268678  6.254552E-18
9752.08770751954  8.457729E-18
9754.0041923523  4.444623E-18
9755.92067718507  2.068721E-17
9757.83716201783  2.572530E-17
9759.75364685059  4.409715E-17
9761.67013168336  6.563843E-17
9763.58661651612  1.241767E-18
9765.50310134889  -8.618894E-17
9767.41958618165  -4.538410E-17
9769.33607101441  -1.273553E-17
9771.25255584718  1.058653E-17
9773.16904067994  4.726820E-17
9775.0855255127  2.894943E-17
9777.00201034547  -2.687097E-20
9778.91849517823  -2.786535E-17
9780.834980011  -3.948897E-17
9782.75146484376  -5.160915E-17
9784.66794967652  -1.142202E-17
9786.58443450929  -7.140816E-18
9788.50091934205  4.088025E-17
9790.41740417481  9.754928E-17
9792.33388900758  2.290203E-17
9794.25037384034  -3.655836E-17
9796.16685867311  -4.640442E-17
9798.08334350587  -6.002652E-17
9799.99982833863  -6.002652E-17
