3398.9  3.824000E-16
3403.59462251663  2.816489E-17
3408.28924503326  -5.717126E-16
3412.9838675499  -2.465377E-16
3417.67849006653  -1.205618E-16
3422.37311258316  2.535724E-16
3427.06773509979  7.723870E-16
3431.76235761643  8.529368E-17
3436.45698013306  -1.916430E-16
3441.15160264969  3.419845E-16
3445.84622516632  -1.152840E-16
3450.54084768295  4.394904E-16
3455.23547019959  3.555654E-17
3459.93009271622  5.672588E-16
3464.62471523285  5.019029E-16
3469.31933774948  3.622034E-17
3474.01396026611  2.806066E-16
3478.70858278275  6.758465E-17
3483.40320529938  3.880685E-16
3488.09782781601  5.853695E-17
3492.79245033264  2.847528E-17
3497.48707284927  -3.800512E-17
3502.18169536591  4.624258E-16
3506.87631788254  -1.989909E-17
3511.57094039917  1.085768E-16
3516.2655629158  2.276742E-16
3520.96018543243  1.837754E-16
3525.65480794907  3.535419E-16
3530.3494304657  5.536243E-16
3535.04405298233  3.146770E-16
3539.73867549896  3.780444E-16
3544.4332980156  4.327919E-16
3549.12792053223  2.129406E-16
3553.82254304886  4.266377E-16
3558.51716556549  4.260341E-16
3563.21178808212  1.953540E-16
3567.90641059876  1.217221E-16
3572.60103311539  3.763967E-16
3577.29565563202  2.958821E-16
3581.99027814865  1.736361E-16
3586.68490066528  2.618766E-16
3591.37952318192  1.287719E-16
3596.07414569855  1.125257E-16
3600.76876821518  1.270132E-16
3605.46339073181  2.077376E-16
3610.15801324844  1.892489E-16
3614.85263576508  3.124270E-16
3619.54725828171  1.311004E-16
3624.24188079834  2.903185E-16
3628.93650331497  2.337414E-16
3633.63112583161  1.770495E-16
3638.32574834824  8.567987E-17
3643.02037086487  2.302652E-16
3647.7149933815  1.290102E-16
3652.40961589813  1.399245E-16
3657.10423841477  3.125422E-16
3661.7988609314  2.793070E-16
3666.49348344803  2.814834E-16
3671.18810596466  3.063912E-16
3675.88272848129  2.198957E-16
3680.57735099793  1.852598E-16
3685.27197351456  1.995688E-16
3689.96659603119  3.135390E-16
3694.66121854782  3.083320E-16
3699.35584106445  2.540439E-16
3704.05046358109  2.460994E-16
3708.74508609772  3.001155E-16
3713.43970861435  3.090918E-16
3718.13433113098  2.701253E-16
3722.82895364762  2.645077E-16
3727.52357616425  2.735165E-16
3732.21819868088  2.755193E-16
3736.91282119751  2.620272E-16
3741.60744371414  2.747216E-16
3746.30206623078  1.693332E-16
3750.99668874741  3.083581E-16
3755.69131126404  3.595924E-16
3760.38593378067  3.194010E-16
3765.0805562973  2.893606E-16
3769.77517881394  2.487344E-16
3774.46980133057  2.434766E-16
3779.1644238472  3.157295E-16
3783.85904636383  2.771820E-16
3788.55366888046  2.534128E-16
3793.2482913971  2.845545E-16
3797.94291391373  2.748112E-16
3802.63753643036  2.526908E-16
3807.33215894699  3.028063E-16
3812.02678146362  2.420821E-16
3816.72140398026  3.205222E-16
3821.41602649689  3.129358E-16
3826.11064901352  3.297644E-16
3830.80527153015  3.086489E-16
3835.49989404678  3.415140E-16
3840.19451656342  3.124660E-16
3844.88913908005  3.214448E-16
3849.58376159668  3.877065E-16
3854.27838411331  2.892261E-16
3858.97300662995  3.518428E-16
3863.66762914658  3.568501E-16
3868.36225166321  2.292292E-16
3873.05687417984  3.183517E-16
3877.75149669647  3.017907E-16
3882.44611921311  2.373370E-16
3887.14074172974  2.315043E-16
3891.83536424637  1.802202E-16
3896.529986763  2.236077E-16
3901.22460927963  1.969022E-16
3905.91923179627  2.286160E-16
3910.6138543129  2.164407E-16
3915.30847682953  1.941408E-16
3920.00309934616  1.980723E-16
3924.69772186279  1.785443E-16
3929.39234437943  1.612484E-16
3934.08696689606  1.003960E-16
3938.78158941269  1.857242E-16
3943.47621192932  1.756514E-16
3948.17083444596  1.373593E-16
3952.86545696259  2.046851E-16
3957.56007947922  1.819429E-16
3962.25470199585  1.354214E-16
3966.94932451248  1.912208E-16
3971.64394702912  2.109880E-16
3976.33856954575  1.785290E-16
3981.03319206238  1.731965E-16
3985.72781457901  1.765666E-16
3990.42243709564  2.076844E-16
3995.11705961228  1.758610E-16
3999.81168212891  1.920161E-16
4004.50630464554  2.213640E-16
4009.20092716217  1.817566E-16
4013.89554967881  1.884518E-16
4018.59017219544  2.414014E-16
4023.28479471207  1.885623E-16
4027.9794172287  2.351018E-16
4032.67403974533  2.292867E-16
4037.36866226197  3.126636E-16
4042.0632847786  3.054291E-16
4046.75790729523  3.241100E-16
4051.45252981186  2.900952E-16
4056.14715232849  3.680139E-16
4060.84177484513  3.601066E-16
4065.53639736176  3.817550E-16
4070.23101987839  3.993158E-16
4074.92564239502  4.376928E-16
4079.62026491165  4.577684E-16
4084.31488742829  4.247594E-16
4089.00950994492  4.408960E-16
4093.70413246155  4.596962E-16
4098.39875497818  5.088701E-16
4103.09337749481  4.565371E-16
4107.78800001145  5.094117E-16
4112.48262252808  5.260371E-16
4117.17724504471  4.650789E-16
4121.87186756134  4.970820E-16
4126.56649007798  4.283492E-16
4131.26111259461  4.327809E-16
4135.95573511124  4.605471E-16
4140.65035762787  4.987938E-16
4145.3449801445  4.887581E-16
4150.03960266113  4.689786E-16
4154.73422517777  4.627183E-16
4159.4288476944  4.670662E-16
4164.12347021103  4.052814E-16
4168.81809272766  3.737244E-16
4173.5127152443  3.504322E-16
4178.20733776093  3.741284E-16
4182.90196027756  4.183551E-16
4187.59658279419  3.485176E-16
4192.29120531083  3.900342E-16
4196.98582782746  3.831065E-16
4201.68045034409  3.660584E-16
4206.37507286072  3.694728E-16
4211.06969537735  3.406658E-16
4215.76431789399  3.630514E-16
4220.45894041062  3.708662E-16
4225.15356292725  4.075402E-16
4229.84818544388  3.988265E-16
4234.54280796051  3.632152E-16
4239.23743047714  4.002285E-16
4243.93205299378  3.867667E-16
4248.62667551041  3.882527E-16
4253.32129802704  4.428847E-16
4258.01592054367  4.642353E-16
4262.71054306031  3.884366E-16
4267.40516557694  4.039981E-16
4272.09978809357  4.381805E-16
4276.7944106102  4.233296E-16
4281.48903312683  4.346534E-16
4286.18365564347  4.183340E-16
4290.8782781601  4.399454E-16
4295.57290067673  4.430106E-16
4300.26752319336  4.318047E-16
4304.96214571  4.610182E-16
4309.65676822663  4.500655E-16
4314.35139074326  4.380436E-16
4319.04601325989  4.071676E-16
4323.74063577652  3.958344E-16
4328.43525829316  4.170194E-16
4333.12988080979  4.465406E-16
4337.82450332642  4.212755E-16
4342.51912584305  3.966419E-16
4347.21374835968  4.085199E-16
4351.90837087632  4.228065E-16
4356.60299339295  3.878331E-16
4361.29761590958  3.784282E-16
4365.99223842621  3.965242E-16
4370.68686094284  4.415914E-16
4375.38148345948  4.516276E-16
4380.07610597611  4.401403E-16
4384.77072849274  4.344777E-16
4389.46535100937  4.478210E-16
4394.159973526  4.570269E-16
4398.85459604264  4.873891E-16
4403.54921855927  4.410388E-16
4408.2438410759  4.304130E-16
4412.93846359253  4.456885E-16
4417.63308610917  4.123509E-16
4422.3277086258  3.969284E-16
4427.02233114243  4.104842E-16
4431.71695365906  4.179600E-16
4436.41157617569  3.895795E-16
4441.10619869233  3.955112E-16
4445.80082120896  3.521866E-16
4450.49544372559  3.771538E-16
4455.19006624222  3.994323E-16
4459.88468875885  4.247318E-16
4464.57931127549  4.047497E-16
4469.27393379212  3.859331E-16
4473.96855630875  3.720912E-16
4478.66317882538  4.190877E-16
4483.35780134201  3.533156E-16
4488.05242385865  3.957073E-16
4492.74704637528  3.512529E-16
4497.44166889191  3.370710E-16
4502.13629140854  3.588345E-16
4506.83091392518  3.345195E-16
4511.52553644181  2.837084E-16
4516.22015895844  2.718645E-16
4520.91478147507  2.549417E-16
4525.6094039917  2.365352E-16
4530.30402650833  2.799028E-16
4534.99864902497  2.740300E-16
4539.6932715416  2.661967E-16
4544.38789405823  2.836733E-16
4549.08251657486  2.790872E-16
4553.7771390915  2.853820E-16
4558.47176160813  3.020210E-16
4563.16638412476  3.126894E-16
4567.86100664139  2.943125E-16
4572.55562915802  3.043066E-16
4577.25025167466  3.220649E-16
4581.94487419129  3.410297E-16
4586.63949670792  3.307792E-16
4591.33411922455  3.298684E-16
4596.02874174118  3.508967E-16
4600.72336425782  3.223613E-16
4605.41798677445  3.626080E-16
4610.11260929108  3.247261E-16
4614.80723180771  3.270968E-16
4619.50185432434  3.480111E-16
4624.19647684098  3.457804E-16
4628.89109935761  3.676309E-16
4633.58572187424  3.641288E-16
4638.28034439087  3.507720E-16
4642.97496690751  3.213434E-16
4647.66958942414  3.819036E-16
4652.36421194077  3.721075E-16
4657.0588344574  3.723341E-16
4661.75345697403  3.601294E-16
4666.44807949067  3.952982E-16
4671.1427020073  4.018118E-16
4675.83732452393  4.003780E-16
4680.53194704056  3.780053E-16
4685.2265695572  3.733401E-16
4689.92119207383  3.938119E-16
4694.61581459046  4.402313E-16
4699.31043710709  4.277976E-16
4704.00505962372  4.389081E-16
4708.69968214036  4.459591E-16
4713.39430465699  4.434895E-16
4718.08892717362  4.547610E-16
4722.78354969025  4.462461E-16
4727.47817220688  4.639367E-16
4732.17279472352  4.481131E-16
4736.86741724015  4.498171E-16
4741.56203975678  4.781359E-16
4746.25666227341  4.844879E-16
4750.95128479004  4.796765E-16
4755.64590730668  4.731387E-16
4760.34052982331  4.638882E-16
4765.03515233994  4.999524E-16
4769.72977485657  4.616124E-16
4774.4243973732  4.686659E-16
4779.11901988984  4.720127E-16
4783.81364240647  4.750193E-16
4788.5082649231  4.801078E-16
4793.20288743973  4.595373E-16
4797.89750995636  4.734101E-16
4802.592132473  4.643219E-16
4807.28675498963  4.414511E-16
4811.98137750626  4.718780E-16
4816.67600002289  4.587481E-16
4821.37062253953  4.427686E-16
4826.06524505616  5.098229E-16
4830.75986757279  4.656780E-16
4835.45449008942  4.475104E-16
4840.14911260605  4.974122E-16
4844.84373512269  5.062616E-16
4849.53835763932  4.920902E-16
4854.23298015595  4.745377E-16
4858.92760267258  4.811838E-16
4863.62222518921  4.859711E-16
4868.31684770585  4.962987E-16
4873.01147022248  4.546561E-16
4877.70609273911  4.122454E-16
4882.40071525574  4.395923E-16
4887.09533777237  4.373710E-16
4891.78996028901  4.297489E-16
4896.48458280564  4.224300E-16
4901.17920532227  3.828530E-16
4905.8738278389  4.092625E-16
4910.56845035553  3.975212E-16
4915.26307287217  4.287559E-16
4919.9576953888  3.894992E-16
4924.65231790543  4.116035E-16
4929.34694042206  4.067684E-16
4934.0415629387  3.988088E-16
4938.73618545533  3.879664E-16
4943.43080797196  4.284890E-16
4948.12543048859  3.947993E-16
4952.82005300522  4.248434E-16
4957.51467552186  4.083499E-16
4962.20929803849  4.348738E-16
4966.90392055512  4.066222E-16
4971.59854307175  4.079731E-16
4976.29316558838  3.890685E-16
4980.98778810502  3.781794E-16
4985.68241062165  3.733480E-16
4990.37703313828  3.800493E-16
4995.07165565491  3.732498E-16
4999.76627817154  3.736712E-16
5004.46090068818  3.552031E-16
5009.15552320481  3.806588E-16
5013.85014572144  3.803433E-16
5018.54476823808  3.927335E-16
5023.23939075471  3.933855E-16
5027.93401327134  3.467110E-16
5032.62863578797  3.718369E-16
5037.3232583046  3.824455E-16
5042.01788082124  3.780612E-16
5046.71250333787  4.036012E-16
5051.4071258545  3.922540E-16
5056.10174837113  4.060738E-16
5060.79637088776  3.995791E-16
5065.49099340439  3.857643E-16
5070.18561592103  3.913103E-16
5074.88023843766  3.847612E-16
5079.57486095429  3.292622E-16
5084.26948347092  3.220808E-16
5088.96410598756  3.072336E-16
5093.65872850419  2.911430E-16
5098.35335102082  3.131704E-16
5103.04797353745  2.958395E-16
5107.74259605408  2.935543E-16
5112.43721857072  2.710764E-16
5117.13184108735  2.885271E-16
5121.82646360398  3.005012E-16
5126.52108612061  2.862379E-16
5131.21570863725  3.043207E-16
5135.91033115388  2.855073E-16
5140.60495367051  2.870643E-16
5145.29957618714  3.143994E-16
5149.99419870377  3.241357E-16
5154.68882122041  3.299845E-16
5159.38344373704  3.222163E-16
5164.07806625367  3.274064E-16
5168.7726887703  3.339806E-16
5173.46731128693  3.427017E-16
5178.16193380357  3.453094E-16
5182.8565563202  3.530059E-16
5187.55117883683  3.681028E-16
5192.24580135346  3.424121E-16
5196.9404238701  3.313101E-16
5201.63504638673  3.671984E-16
5206.32966890336  3.533337E-16
5211.02429141999  3.363431E-16
5215.71891393662  3.677642E-16
5220.41353645326  3.576323E-16
5225.10815896989  3.362368E-16
5229.80278148652  3.312166E-16
5234.49740400315  3.272916E-16
5239.19202651978  3.308253E-16
5243.88664903641  3.256604E-16
5248.58127155305  3.357012E-16
5253.27589406968  3.492186E-16
5257.97051658631  3.322781E-16
5262.66513910294  3.286459E-16
5267.35976161958  3.361101E-16
5272.05438413621  3.255044E-16
5276.74900665284  3.357855E-16
5281.44362916947  3.368521E-16
5286.1382516861  3.498325E-16
5290.83287420274  3.487100E-16
5295.52749671937  3.422590E-16
5300.222119236  3.448655E-16
5304.91674175263  3.510774E-16
5309.61136426926  3.606482E-16
5314.3059867859  3.593380E-16
5319.00060930253  3.467988E-16
5323.69523181916  3.506250E-16
5328.38985433579  3.524379E-16
5333.08447685242  3.688937E-16
5337.77909936906  3.399233E-16
5342.47372188569  3.688288E-16
5347.16834440232  3.564835E-16
5351.86296691895  3.928392E-16
5356.55758943558  3.866791E-16
5361.25221195222  3.689090E-16
5365.94683446885  3.763778E-16
5370.64145698548  3.661753E-16
5375.33607950211  3.922716E-16
5380.03070201875  3.789459E-16
5384.72532453538  3.739867E-16
5389.41994705201  3.660191E-16
5394.11456956864  3.705751E-16
5398.80919208527  3.773812E-16
5403.50381460191  3.734237E-16
5408.19843711854  3.631719E-16
5412.89305963517  3.554814E-16
5417.5876821518  3.548504E-16
5422.28230466843  3.652673E-16
5426.97692718507  3.570819E-16
5431.6715497017  3.459048E-16
5436.36617221833  3.304560E-16
5441.06079473496  3.462309E-16
5445.7554172516  3.656742E-16
5450.45003976823  3.535633E-16
5455.14466228486  3.912924E-16
5459.83928480149  3.913106E-16
5464.53390731812  3.683838E-16
5469.22852983476  3.627722E-16
5473.92315235139  3.787996E-16
5478.61777486802  3.780084E-16
5483.31239738465  3.916017E-16
5488.00701990128  3.744820E-16
5492.70164241792  3.724288E-16
5497.39626493455  3.869019E-16
5502.09088745118  3.979193E-16
5506.78550996781  3.767201E-16
5511.48013248444  3.834396E-16
5516.17475500108  3.464570E-16
5520.86937751771  3.633946E-16
5525.56400003434  3.350472E-16
5530.25862255097  3.286443E-16
5534.9532450676  3.154150E-16
5539.64786758424  3.176603E-16
5544.34249010087  3.182418E-16
5549.0371126175  3.333782E-16
5553.73173513413  3.303191E-16
5558.42635765077  3.428669E-16
5563.1209801674  3.123335E-16
5567.81560268403  3.296441E-16
5572.51022520066  3.405759E-16
5577.20484771729  3.325934E-16
5581.89947023393  3.238164E-16
5586.59409275056  3.172685E-16
5591.28871526719  3.212671E-16
5595.98333778382  3.216537E-16
5600.67796030045  3.050129E-16
5605.37258281709  3.314858E-16
5610.06720533372  3.406861E-16
5614.76182785035  3.112365E-16
5619.45645036698  3.159416E-16
5624.15107288361  3.262185E-16
5628.84569540025  3.412049E-16
5633.54031791688  3.306219E-16
5638.23494043351  3.235656E-16
5642.92956295014  3.347772E-16
5647.62418546677  3.344674E-16
5652.31880798341  3.422616E-16
5657.01343050004  3.325969E-16
5661.70805301667  3.275857E-16
5666.4026755333  3.105425E-16
5671.09729804993  3.527229E-16
5675.79192056657  3.135341E-16
5680.4865430832  3.210573E-16
5685.18116559983  3.268942E-16
5689.87578811646  3.072814E-16
5694.5704106331  3.288244E-16
5699.26503314973  2.944107E-16
5703.95965566636  2.931483E-16
5708.65427818299  3.056421E-16
5713.34890069962  3.200416E-16
5718.04352321626  3.035802E-16
5722.73814573289  2.841042E-16
5727.43276824952  2.834412E-16
5732.12739076615  2.751648E-16
5736.82201328279  2.739583E-16
5741.51663579942  2.887424E-16
5746.21125831605  2.822065E-16
5750.90588083268  2.701037E-16
5755.60050334931  2.802315E-16
5760.29512586594  2.950295E-16
5764.98974838258  2.993321E-16
5769.68437089921  2.845134E-16
5774.37899341584  2.687663E-16
5779.07361593247  2.732331E-16
5783.76823844911  2.960695E-16
5788.46286096574  2.955492E-16
5793.15748348237  3.170674E-16
5797.852105999  3.246543E-16
5802.54672851563  2.929633E-16
5807.24135103227  3.197802E-16
5811.9359735489  3.218992E-16
5816.63059606553  3.265206E-16
5821.32521858216  3.378252E-16
5826.01984109879  3.490635E-16
5830.71446361543  3.398147E-16
5835.40908613206  3.514967E-16
5840.10370864869  3.356698E-16
5844.79833116532  3.693950E-16
5849.49295368195  3.732426E-16
5854.18757619859  3.304047E-16
5858.88219871522  3.405526E-16
5863.57682123185  3.544255E-16
5868.27144374848  3.463841E-16
5872.96606626511  3.412669E-16
5877.66068878175  3.234975E-16
5882.35531129838  3.384998E-16
5887.04993381501  3.443092E-16
5891.74455633164  3.193762E-16
5896.43917884828  3.441766E-16
5901.13380136491  3.485130E-16
5905.82842388154  3.451909E-16
5910.52304639817  3.352859E-16
5915.21766891481  3.581941E-16
5919.91229143144  3.497363E-16
5924.60691394807  3.425782E-16
5929.3015364647  3.565948E-16
5933.99615898133  3.678583E-16
5938.69078149796  3.420995E-16
5943.3854040146  3.361190E-16
5948.08002653123  3.521014E-16
5952.77464904786  3.402758E-16
5957.46927156449  3.547692E-16
5962.16389408113  3.662155E-16
5966.85851659776  3.430378E-16
5971.55313911439  3.501470E-16
5976.24776163102  3.492269E-16
5980.94238414766  3.371617E-16
5985.63700666429  3.292522E-16
5990.33162918092  3.121953E-16
5995.02625169755  3.305276E-16
5999.72087421418  3.292088E-16
6004.41549673082  3.179265E-16
6009.11011924745  3.619527E-16
6013.80474176408  3.316721E-16
6018.49936428071  3.112077E-16
6023.19398679734  3.026531E-16
6027.88860931397  3.077033E-16
6032.58323183061  2.919610E-16
6037.27785434724  3.109361E-16
6041.97247686387  2.995058E-16
6046.6670993805  3.035808E-16
6051.36172189714  3.103276E-16
6056.05634441377  2.858700E-16
6060.7509669304  2.791449E-16
6065.44558944703  2.817130E-16
6070.14021196366  2.823728E-16
6074.8348344803  2.849293E-16
6079.52945699693  2.877292E-16
6084.22407951356  2.873678E-16
6088.91870203019  2.787897E-16
6093.61332454683  2.935587E-16
6098.30794706346  3.041812E-16
6103.00256958009  2.944954E-16
6107.69719209672  3.034943E-16
6112.39181461335  3.094941E-16
6117.08643712998  3.180783E-16
6121.78105964662  3.341649E-16
6126.47568216325  3.194014E-16
6131.17030467988  3.170097E-16
6135.86492719651  3.176870E-16
6140.55954971314  3.263259E-16
6145.25417222978  3.113730E-16
6149.94879474641  3.276175E-16
6154.64341726304  3.090528E-16
6159.33803977967  3.331223E-16
6164.03266229631  3.374546E-16
6168.72728481294  3.350594E-16
6173.42190732957  3.307005E-16
6178.1165298462  3.313004E-16
6182.81115236284  3.099156E-16
6187.50577487947  2.991675E-16
6192.2003973961  3.232077E-16
6196.89501991273  3.248457E-16
6201.58964242936  3.389177E-16
6206.28426494599  3.455776E-16
6210.97888746263  3.246091E-16
6215.67350997926  3.335109E-16
6220.36813249589  3.177406E-16
6225.06275501252  3.181214E-16
6229.75737752916  3.461994E-16
6234.45200004579  3.360030E-16
6239.14662256242  3.333771E-16
6243.84124507905  3.359413E-16
6248.53586759568  3.076066E-16
6253.23049011232  3.286911E-16
6257.92511262895  3.244706E-16
6262.61973514558  3.285610E-16
6267.31435766221  3.167517E-16
6272.00898017884  3.034975E-16
6276.70360269548  3.014380E-16
6281.39822521211  3.200878E-16
6286.09284772874  3.129122E-16
6290.78747024537  3.254562E-16
6295.482092762  3.317574E-16
6300.17671527864  3.309384E-16
6304.87133779527  3.195945E-16
6309.5659603119  3.009290E-16
6314.26058282853  2.984468E-16
6318.95520534516  2.959700E-16
6323.6498278618  3.112721E-16
6328.34445037843  3.071346E-16
6333.03907289506  2.937707E-16
6337.73369541169  3.086421E-16
6342.42831792833  2.921392E-16
6347.12294044496  2.944089E-16
6351.81756296159  3.010918E-16
6356.51218547822  2.868908E-16
6361.20680799485  2.834191E-16
6365.90143051149  2.715291E-16
6370.59605302812  2.575087E-16
6375.29067554475  2.597098E-16
6379.98529806138  2.520801E-16
6384.67992057801  2.512311E-16
6389.37454309465  2.354555E-16
6394.06916561128  2.144903E-16
6398.76378812791  1.978408E-16
6403.45841064454  2.072190E-16
6408.15303316117  2.160483E-16
6412.84765567781  2.105056E-16
6417.54227819444  2.119380E-16
6422.23690071107  2.062860E-16
6426.9315232277  1.964573E-16
6431.62614574434  2.010512E-16
6436.32076826097  1.957224E-16
6441.0153907776  2.011853E-16
6445.71001329423  2.051954E-16
6450.40463581087  2.052608E-16
6455.0992583275  1.892847E-16
6459.79388084413  1.844401E-16
6464.48850336076  1.811034E-16
6469.18312587739  1.958852E-16
6473.87774839402  1.855288E-16
6478.57237091066  2.061647E-16
6483.26699342729  2.171610E-16
6487.96161594392  2.122353E-16
6492.65623846055  2.187231E-16
6497.35086097718  2.341203E-16
6502.04548349382  2.408887E-16
6506.74010601045  2.317811E-16
6511.43472852708  2.353878E-16
6516.12935104371  2.385950E-16
6520.82397356035  2.323903E-16
6525.51859607698  2.395632E-16
6530.21321859361  2.371532E-16
6534.90784111024  2.464227E-16
6539.60246362687  2.572019E-16
6544.29708614351  2.666354E-16
6548.99170866014  2.557685E-16
6553.68633117677  2.689441E-16
6558.3809536934  2.618164E-16
6563.07557621003  2.610019E-16
6567.77019872667  2.698340E-16
6572.4648212433  2.851747E-16
6577.15944375993  2.827117E-16
6581.85406627656  2.836580E-16
6586.54868879319  2.840064E-16
6591.24331130983  2.838762E-16
6595.93793382646  2.836334E-16
6600.63255634309  2.909847E-16
6605.32717885972  3.048720E-16
6610.02180137635  2.919773E-16
6614.71642389299  2.824080E-16
6619.41104640962  2.778013E-16
6624.10566892625  2.911378E-16
6628.80029144288  3.038019E-16
6633.49491395952  2.924020E-16
6638.18953647615  2.942774E-16
6642.88415899278  3.008041E-16
6647.57878150941  3.029297E-16
6652.27340402604  2.908147E-16
6656.96802654267  3.005206E-16
6661.66264905931  2.994074E-16
6666.35727157594  3.034560E-16
6671.05189409257  3.061623E-16
6675.7465166092  3.077859E-16
6680.44113912584  3.142509E-16
6685.13576164247  3.011830E-16
6689.8303841591  3.023559E-16
6694.52500667573  3.080135E-16
6699.21962919237  2.960290E-16
6703.914251709  2.924671E-16
6708.60887422563  2.927179E-16
6713.30349674226  2.893528E-16
6717.9981192589  3.149991E-16
6722.69274177553  2.890038E-16
6727.38736429216  3.057646E-16
6732.08198680879  2.922818E-16
6736.77660932542  2.725770E-16
6741.47123184205  2.942143E-16
6746.16585435868  2.961881E-16
6750.86047687532  2.881251E-16
6755.55509939195  2.849456E-16
6760.24972190858  2.951100E-16
6764.94434442521  2.887607E-16
6769.63896694185  2.809347E-16
6774.33358945848  2.836839E-16
6779.02821197511  2.845444E-16
6783.72283449174  2.872652E-16
6788.41745700837  2.895731E-16
6793.11207952501  2.917480E-16
6797.80670204164  2.932256E-16
6802.50132455827  2.903850E-16
6807.1959470749  2.780153E-16
6811.89056959153  2.777707E-16
6816.58519210817  2.659769E-16
6821.2798146248  2.847115E-16
6825.97443714143  2.852524E-16
6830.66905965806  2.771319E-16
6835.3636821747  2.853143E-16
6840.05830469133  2.608685E-16
6844.75292720796  2.809015E-16
6849.44754972459  2.863833E-16
6854.14217224122  2.714992E-16
6858.83679475786  2.722602E-16
6863.53141727449  2.504285E-16
6868.22603979112  2.293548E-16
6872.92066230775  2.584114E-16
6877.61528482438  2.690863E-16
6882.30990734102  2.682136E-16
6887.00452985765  2.620897E-16
6891.69915237428  2.593157E-16
6896.39377489091  2.578239E-16
6901.08839740754  2.619676E-16
6905.78301992418  2.639387E-16
6910.47764244081  2.667195E-16
6915.17226495744  2.534550E-16
6919.86688747407  2.752278E-16
6924.5615099907  2.627919E-16
6929.25613250734  2.561830E-16
6933.95075502397  2.583589E-16
6938.6453775406  2.657339E-16
6943.34000005723  2.451409E-16
6948.03462257387  2.472133E-16
6952.7292450905  2.566782E-16
6957.42386760713  2.439924E-16
6962.11849012376  2.433235E-16
6966.8131126404  2.482542E-16
6971.50773515703  2.545117E-16
6976.20235767366  2.551753E-16
6980.89698019029  2.456861E-16
6985.59160270692  2.419091E-16
6990.28622522355  2.573170E-16
6994.98084774019  2.449656E-16
6999.67547025682  2.391541E-16
7004.37009277345  2.448973E-16
7009.06471529008  2.383544E-16
7013.75933780672  2.418019E-16
7018.45396032335  2.355222E-16
7023.14858283998  2.456064E-16
7027.84320535661  2.437666E-16
7032.53782787324  2.396553E-16
7037.23245038988  2.333592E-16
7041.92707290651  2.413131E-16
7046.62169542314  2.416575E-16
7051.31631793977  2.292585E-16
7056.0109404564  2.331622E-16
7060.70556297304  2.383160E-16
7065.40018548967  2.350621E-16
7070.0948080063  2.326378E-16
7074.78943052293  2.152096E-16
7079.48405303956  2.332181E-16
7084.1786755562  2.316276E-16
7088.87329807283  2.305166E-16
7093.56792058946  2.190845E-16
7098.26254310609  2.473161E-16
7102.95716562272  2.341971E-16
7107.65178813936  2.220516E-16
7112.34641065599  2.205475E-16
7117.04103317262  2.231237E-16
7121.73565568925  2.393402E-16
7126.43027820589  2.367370E-16
7131.12490072252  2.373922E-16
7135.81952323915  2.413283E-16
7140.51414575578  2.278400E-16
7145.20876827241  2.263038E-16
7149.90339078905  2.274268E-16
7154.59801330568  2.210309E-16
7159.29263582231  2.311321E-16
7163.98725833894  2.131697E-16
7168.68188085557  2.112005E-16
7173.37650337221  2.278808E-16
7178.07112588884  2.287169E-16
7182.76574840547  2.201787E-16
7187.4603709221  2.197946E-16
7192.15499343873  2.272329E-16
7196.84961595537  2.191024E-16
7201.544238472  2.180886E-16
7206.23886098863  2.210148E-16
7210.93348350526  2.133963E-16
7215.6281060219  2.202242E-16
7220.32272853853  2.281845E-16
7225.01735105516  2.172709E-16
7229.71197357179  2.114790E-16
7234.40659608842  2.117421E-16
7239.10121860506  2.237690E-16
7243.79584112169  2.226840E-16
7248.49046363832  2.144770E-16
7253.18508615495  2.079588E-16
7257.87970867158  2.129643E-16
7262.57433118822  2.227363E-16
7267.26895370485  2.088065E-16
7271.96357622148  2.233742E-16
7276.65819873811  2.188750E-16
7281.35282125474  2.057957E-16
7286.04744377138  2.100808E-16
7290.74206628801  2.135213E-16
7295.43668880464  2.054447E-16
7300.13131132127  2.132813E-16
7304.8259338379  2.062044E-16
7309.52055635454  2.130142E-16
7314.21517887117  2.251467E-16
7318.9098013878  2.140360E-16
7323.60442390443  2.118973E-16
7328.29904642107  2.249470E-16
7332.9936689377  2.074923E-16
7337.68829145433  2.154183E-16
7342.38291397096  2.160202E-16
7347.07753648759  2.154399E-16
7351.77215900423  2.106356E-16
7356.46678152086  2.042905E-16
7361.16140403749  2.108144E-16
7365.85602655412  2.128661E-16
7370.55064907075  2.145511E-16
7375.24527158739  2.102787E-16
7379.93989410402  2.237079E-16
7384.63451662065  2.165543E-16
7389.32913913728  2.017465E-16
7394.02376165391  1.887723E-16
7398.71838417055  2.147852E-16
7403.41300668718  2.140882E-16
7408.10762920381  2.053530E-16
7412.80225172044  2.014119E-16
7417.49687423707  2.000714E-16
7422.19149675371  2.092022E-16
7426.88611927034  1.994347E-16
7431.58074178697  2.001832E-16
7436.2753643036  2.096013E-16
7440.96998682024  1.980203E-16
7445.66460933687  2.053332E-16
7450.3592318535  2.077621E-16
7455.05385437013  1.937840E-16
7459.74847688676  2.020950E-16
7464.4430994034  1.866618E-16
7469.13772192003  1.834920E-16
7473.83234443666  1.971507E-16
7478.52696695329  1.955583E-16
7483.22158946993  1.783139E-16
7487.91621198656  1.872063E-16
7492.61083450319  1.913292E-16
7497.30545701982  1.793706E-16
7502.00007953645  1.860748E-16
7506.69470205309  1.773716E-16
7511.38932456972  1.912117E-16
7516.08394708635  1.799702E-16
7520.77856960298  1.786143E-16
7525.47319211961  1.816543E-16
7530.16781463625  1.724565E-16
7534.86243715288  1.919670E-16
7539.55705966951  1.841760E-16
7544.25168218614  1.808781E-16
7548.94630470277  1.936728E-16
7553.64092721941  1.859135E-16
7558.33554973604  1.777439E-16
7563.03017225267  1.821699E-16
7567.7247947693  1.806821E-16
7572.41941728593  1.875476E-16
7577.11403980257  1.675847E-16
7581.8086623192  1.765822E-16
7586.50328483583  1.929189E-16
7591.19790735246  1.865185E-16
7595.8925298691  1.708841E-16
7600.58715238573  1.426281E-16
7605.28177490236  1.153156E-16
7609.97639741899  8.825196E-17
7614.67101993562  1.083828E-16
7619.36564245226  1.196737E-16
7624.06026496889  1.420995E-16
7628.75488748552  1.452856E-16
7633.44951000215  1.190015E-16
7638.14413251878  1.357181E-16
7642.83875503542  1.349844E-16
7647.53337755205  1.212167E-16
7652.22800006868  1.607649E-16
7656.92262258531  1.479692E-16
7661.61724510194  1.598531E-16
7666.31186761858  1.678504E-16
7671.00649013521  1.714418E-16
7675.70111265184  1.754749E-16
7680.39573516847  1.852506E-16
7685.0903576851  1.843061E-16
7689.78498020174  1.849438E-16
7694.47960271837  1.753845E-16
7699.174225235  1.885576E-16
7703.86884775163  1.967915E-16
7708.56347026827  1.760186E-16
7713.2580927849  2.114554E-16
7717.95271530153  1.776030E-16
7722.64733781816  1.730344E-16
7727.3419603348  1.727409E-16
7732.03658285143  1.735703E-16
7736.73120536806  1.795648E-16
7741.42582788469  1.862139E-16
7746.12045040132  1.959940E-16
7750.81507291796  1.880488E-16
7755.50969543459  1.883531E-16
7760.20431795122  1.967086E-16
7764.89894046785  1.902611E-16
7769.59356298448  1.810716E-16
7774.28818550112  1.818411E-16
7778.98280801775  2.097952E-16
7783.67743053438  2.058088E-16
7788.37205305101  1.830566E-16
7793.06667556764  1.933130E-16
7797.76129808428  1.957976E-16
7802.45592060091  1.866404E-16
7807.15054311754  1.948937E-16
7811.84516563417  1.879899E-16
7816.5397881508  1.864860E-16
7821.23441066744  2.010769E-16
7825.92903318407  1.880464E-16
7830.6236557007  1.913645E-16
7835.31827821733  1.793924E-16
7840.01290073397  1.827044E-16
7844.7075232506  1.738008E-16
7849.40214576723  1.529088E-16
7854.09676828386  1.554018E-16
7858.79139080049  1.791356E-16
7863.48601331713  1.776476E-16
7868.18063583376  1.597968E-16
7872.87525835039  1.710374E-16
7877.56988086702  1.705379E-16
7882.26450338365  1.709197E-16
7886.95912590029  1.609831E-16
7891.65374841692  1.676023E-16
7896.34837093355  1.820215E-16
7901.04299345018  1.758026E-16
7905.73761596681  1.704289E-16
7910.43223848345  1.714472E-16
7915.12686100008  1.770952E-16
7919.82148351671  1.852821E-16
7924.51610603334  1.720755E-16
7929.21072854997  1.944676E-16
7933.90535106661  1.635587E-16
7938.59997358324  1.785522E-16
7943.29459609987  1.835869E-16
7947.9892186165  1.748251E-16
7952.68384113314  1.866663E-16
7957.37846364977  1.918780E-16
7962.0730861664  1.911384E-16
7966.76770868303  1.832046E-16
7971.46233119966  1.955085E-16
7976.1569537163  2.053635E-16
7980.85157623293  1.940986E-16
7985.54619874956  1.529289E-16
7990.24082126619  1.817297E-16
7994.93544378282  1.840965E-16
7999.63006629946  1.834381E-16
8004.32468881609  1.885300E-16
8009.01931133272  1.873288E-16
8013.71393384935  1.887087E-16
8018.40855636598  1.729773E-16
8023.10317888262  1.874604E-16
8027.79780139925  2.007148E-16
8032.49242391588  1.776873E-16
8037.18704643251  1.816038E-16
8041.88166894914  1.737084E-16
8046.57629146578  1.853044E-16
8051.27091398241  1.933332E-16
8055.96553649904  1.876613E-16
8060.66015901567  1.851656E-16
8065.3547815323  1.824824E-16
8070.04940404894  1.797987E-16
8074.74402656557  1.747086E-16
8079.4386490822  2.012638E-16
8084.13327159883  2.152732E-16
8088.82789411547  1.792891E-16
8093.5225166321  1.768818E-16
8098.21713914873  1.896940E-16
8102.91176166536  1.931606E-16
8107.60638418199  2.002263E-16
8112.30100669863  1.841353E-16
8116.99562921526  1.849514E-16
8121.69025173189  1.826967E-16
8126.38487424852  1.842478E-16
8131.07949676515  1.767923E-16
8135.77411928179  1.830814E-16
8140.46874179842  1.941654E-16
8145.16336431505  1.941024E-16
8149.85798683168  1.900825E-16
8154.55260934831  1.761332E-16
8159.24723186495  1.917651E-16
8163.94185438158  1.827134E-16
8168.63647689821  1.888031E-16
8173.33109941484  1.968895E-16
8178.02572193147  1.868871E-16
8182.72034444811  1.830677E-16
8187.41496696474  1.808034E-16
8192.10958948137  1.837629E-16
8196.804211998  1.843979E-16
