#OBJECT = AT2020vdm
#MJD-OBS = 59131.568426
#DATE-OBS = 2020-10-09T13:38:32
#EXPTIME = 1820.000000
#AIRMASS = 1.038000
# 
#TELESCOPE = UH88
#INSTRUMENT = SNIFS
#FLUXCAL = RELATIVE
#WL FL ERR
#[Ang] [erg/s/cm2/A] [erg/s/cm2/A]
3301.060000 1.393023e-17 5.996474e-17
3303.440000 1.931474e-17 5.823641e-17
3305.820000 3.549881e-17 5.721162e-17
3308.200000 1.324540e-16 5.738384e-17
3310.580000 7.263034e-17 5.551847e-17
3312.960000 -1.832058e-17 5.428333e-17
3315.340000 -6.880811e-17 5.297025e-17
3317.720000 -1.067820e-17 5.251362e-17
3320.100000 -3.308582e-17 5.201880e-17
3322.480000 1.216671e-17 5.279701e-17
3324.860000 4.804074e-17 5.217098e-17
3327.240000 1.287427e-16 5.160642e-17
3329.620000 7.105677e-17 5.241783e-17
3332.000000 1.037563e-16 5.202661e-17
3334.380000 9.761796e-17 5.126304e-17
3336.760000 -7.504498e-17 5.071708e-17
3339.140000 1.286143e-17 5.011460e-17
3341.520000 1.047781e-16 5.033744e-17
3343.900000 7.437876e-17 4.930664e-17
3346.280000 1.325262e-17 4.805392e-17
3348.660000 6.033593e-17 4.741811e-17
3351.040000 8.122519e-17 4.745319e-17
3353.420000 1.343677e-17 4.609257e-17
3355.800000 1.130513e-16 4.642564e-17
3358.180000 1.304879e-16 4.561587e-17
3360.560000 5.768307e-17 4.371862e-17
3362.940000 9.553839e-17 4.385719e-17
3365.320000 1.099145e-16 4.480019e-17
3367.700000 5.922225e-17 4.523404e-17
3370.080000 1.508673e-18 4.490219e-17
3372.460000 -2.627236e-18 4.452135e-17
3374.840000 7.682483e-17 4.425113e-17
3377.220000 6.753249e-17 4.350069e-17
3379.600000 2.475541e-17 4.255694e-17
3381.980000 2.089024e-17 4.211054e-17
3384.360000 3.530941e-17 4.161660e-17
3386.740000 4.867157e-18 4.142896e-17
3389.120000 -4.697790e-19 4.052623e-17
3391.500000 1.582007e-16 4.143491e-17
3393.880000 7.487802e-17 4.010130e-17
3396.260000 1.020969e-17 4.098099e-17
3398.640000 5.598761e-17 4.138010e-17
3401.020000 2.400160e-17 4.084328e-17
3403.400000 4.472508e-17 4.021870e-17
3405.780000 3.410919e-17 3.893953e-17
3408.160000 2.362989e-17 3.822613e-17
3410.540000 2.694421e-17 3.791654e-17
3412.920000 9.559659e-17 3.800655e-17
3415.300000 5.089897e-17 3.730275e-17
3417.680000 3.274499e-17 3.784837e-17
3420.060000 1.088625e-17 3.714632e-17
3422.440000 2.601213e-18 3.652171e-17
3424.820000 7.742155e-17 3.671606e-17
3427.200000 7.800207e-17 3.639311e-17
3429.580000 5.182894e-17 3.578614e-17
3431.960000 1.050277e-16 3.564112e-17
3434.340000 3.646749e-17 3.489232e-17
3436.720000 -1.710319e-17 3.425341e-17
3439.100000 -7.677642e-18 3.375513e-17
3441.480000 8.533387e-18 3.314465e-17
3443.860000 4.930412e-17 3.296940e-17
3446.240000 4.906995e-17 3.307546e-17
3448.620000 4.105287e-17 3.366288e-17
3451.000000 3.922746e-18 3.298411e-17
3453.380000 -2.813059e-17 3.262388e-17
3455.760000 7.832280e-18 3.266434e-17
3458.140000 3.631012e-17 3.263053e-17
3460.520000 2.887767e-17 3.198474e-17
3462.900000 4.357992e-17 3.208851e-17
3465.280000 4.835974e-17 3.211520e-17
3467.660000 1.322883e-17 3.127350e-17
3470.040000 3.589616e-17 3.132566e-17
3472.420000 8.841310e-17 3.166619e-17
3474.800000 5.456362e-17 3.071224e-17
3477.180000 5.150827e-17 3.115910e-17
3479.560000 3.702317e-17 3.130051e-17
3481.940000 4.855292e-17 3.138464e-17
3484.320000 1.115426e-16 3.177532e-17
3486.700000 8.386860e-17 3.129560e-17
3489.080000 7.137002e-17 3.080258e-17
3491.460000 -8.522321e-18 2.971607e-17
3493.840000 -1.472662e-17 2.917380e-17
3496.220000 8.350833e-18 2.905393e-17
3498.600000 3.042841e-17 2.937358e-17
3500.980000 2.845032e-17 2.920802e-17
3503.360000 4.949684e-17 2.916010e-17
3505.740000 5.308977e-17 2.944537e-17
3508.120000 8.652117e-17 2.937078e-17
3510.500000 2.913525e-17 2.849729e-17
3512.880000 4.243025e-17 2.866477e-17
3515.260000 5.269319e-17 2.865876e-17
3517.640000 9.046605e-17 2.886672e-17
3520.020000 6.241446e-17 2.825260e-17
3522.400000 2.367247e-17 2.778400e-17
3524.780000 6.303251e-17 2.815491e-17
3527.160000 7.828173e-17 2.811391e-17
3529.540000 6.788422e-17 2.815735e-17
3531.920000 6.480706e-17 2.797400e-17
3534.300000 9.930354e-17 2.828838e-17
3536.680000 1.075600e-16 2.843213e-17
3539.060000 9.212558e-17 2.863895e-17
3541.440000 9.593363e-17 2.899390e-17
3543.820000 6.406293e-17 2.854386e-17
3546.200000 5.798686e-17 2.839385e-17
3548.580000 1.101648e-16 2.890159e-17
3550.960000 9.252298e-17 2.854112e-17
3553.340000 8.446047e-17 2.815954e-17
3555.720000 6.281933e-17 2.788831e-17
3558.100000 7.326726e-17 2.746531e-17
3560.480000 3.541495e-17 2.703758e-17
3562.860000 3.637720e-17 2.675283e-17
3565.240000 8.849225e-17 2.665618e-17
3567.620000 9.445573e-17 2.626086e-17
3570.000000 7.397407e-17 2.568123e-17
3572.380000 9.268489e-17 2.576450e-17
3574.760000 8.692535e-17 2.565265e-17
3577.140000 6.461591e-17 2.559592e-17
3579.520000 3.769249e-17 2.524716e-17
3581.900000 6.645940e-17 2.478620e-17
3584.280000 7.414733e-17 2.470445e-17
3586.660000 6.894888e-17 2.467058e-17
3589.040000 9.757203e-17 2.492603e-17
3591.420000 6.952978e-17 2.477128e-17
3593.800000 5.480367e-17 2.472502e-17
3596.180000 5.465291e-17 2.465833e-17
3598.560000 6.079844e-17 2.438905e-17
3600.940000 3.957475e-17 2.400736e-17
3603.320000 5.756910e-17 2.384132e-17
3605.700000 6.880332e-17 2.362805e-17
3608.080000 9.631244e-17 2.357362e-17
3610.460000 1.035999e-16 2.390449e-17
3612.840000 7.656143e-17 2.387430e-17
3615.220000 8.424801e-17 2.387375e-17
3617.600000 7.499203e-17 2.346678e-17
3619.980000 6.962017e-17 2.368014e-17
3622.360000 5.625072e-17 2.377957e-17
3624.740000 6.823933e-17 2.372057e-17
3627.120000 6.502868e-17 2.379024e-17
3629.500000 9.550454e-17 2.492335e-17
3631.880000 8.599985e-17 2.460579e-17
3634.260000 4.203134e-17 2.418180e-17
3636.640000 8.226402e-17 2.441558e-17
3639.020000 9.308756e-17 2.444559e-17
3641.400000 7.046754e-17 2.408035e-17
3643.780000 5.494259e-17 2.376569e-17
3646.160000 7.008527e-17 2.358710e-17
3648.540000 1.230156e-16 2.392993e-17
3650.920000 1.322270e-16 2.390961e-17
3653.300000 1.095075e-16 2.366589e-17
3655.680000 1.269627e-16 2.363638e-17
3658.060000 1.648942e-16 2.358459e-17
3660.440000 1.388954e-16 2.346010e-17
3662.820000 7.911739e-17 2.300421e-17
3665.200000 9.037272e-17 2.261544e-17
3667.580000 8.263711e-17 2.258215e-17
3669.960000 1.213311e-16 2.272617e-17
3672.340000 1.386742e-16 2.251484e-17
3674.720000 1.318206e-16 2.226982e-17
3677.100000 1.453110e-16 2.208816e-17
3679.480000 1.398724e-16 2.190848e-17
3681.860000 1.225591e-16 2.166219e-17
3684.240000 8.465290e-17 2.148733e-17
3686.620000 8.938354e-17 2.126110e-17
3689.000000 1.032694e-16 2.139758e-17
3691.380000 1.218804e-16 2.137880e-17
3693.760000 1.040022e-16 2.123969e-17
3696.140000 8.951525e-17 2.120007e-17
3698.520000 7.966436e-17 2.130503e-17
3700.900000 8.071307e-17 2.142535e-17
3703.280000 9.426716e-17 2.125133e-17
3705.660000 1.233525e-16 2.118738e-17
3708.040000 1.346137e-16 2.120250e-17
3710.420000 1.082231e-16 2.104833e-17
3712.800000 1.171123e-16 2.141473e-17
3715.180000 1.381977e-16 2.144633e-17
3717.560000 1.046836e-16 2.101366e-17
3719.940000 8.279676e-17 2.049723e-17
3722.320000 1.003716e-16 2.050039e-17
3724.700000 9.995636e-17 2.067888e-17
3727.080000 1.054434e-16 2.093518e-17
3729.460000 1.032784e-16 2.094886e-17
3731.840000 8.461098e-17 2.056024e-17
3734.220000 9.069883e-17 2.018740e-17
3736.600000 9.984188e-17 2.053381e-17
3738.980000 1.161526e-16 2.089893e-17
3741.360000 1.269335e-16 2.102084e-17
3743.740000 9.399971e-17 2.046427e-17
3746.120000 1.028375e-16 2.031104e-17
3748.500000 1.300519e-16 2.038837e-17
3750.880000 1.092224e-16 2.033000e-17
3753.260000 7.809430e-17 2.023144e-17
3755.640000 9.529379e-17 2.016966e-17
3758.020000 1.268940e-16 2.031841e-17
3760.400000 1.357166e-16 2.030732e-17
3762.780000 1.129484e-16 1.989613e-17
3765.160000 1.122982e-16 1.981793e-17
3767.540000 9.932217e-17 1.971213e-17
3769.920000 6.765375e-17 1.951451e-17
3772.300000 7.184571e-17 1.980311e-17
3774.680000 1.113937e-16 2.005670e-17
3777.060000 1.271577e-16 2.030978e-17
3779.440000 1.218015e-16 2.001026e-17
3781.820000 9.479256e-17 1.975222e-17
3784.200000 7.699795e-17 1.957945e-17
3786.580000 8.549612e-17 1.914376e-17
3788.960000 1.171617e-16 1.921491e-17
3791.340000 1.111624e-16 1.906709e-17
3793.720000 1.048739e-16 1.878071e-17
3796.100000 1.134809e-16 1.868322e-17
3798.480000 1.083726e-16 1.874317e-17
3800.860000 1.020708e-16 1.869885e-17
3803.240000 9.758811e-17 1.868516e-17
3805.620000 9.765588e-17 1.864918e-17
3808.000000 8.991144e-17 1.839528e-17
3810.380000 1.084681e-16 1.851057e-17
3812.760000 1.045273e-16 1.852964e-17
3815.140000 7.735946e-17 1.818698e-17
3817.520000 9.463566e-17 1.825138e-17
3819.900000 8.489381e-17 1.795853e-17
3822.280000 7.609620e-17 1.795078e-17
3824.660000 6.565894e-17 1.774834e-17
3827.040000 8.523773e-17 1.786370e-17
3829.420000 1.052408e-16 1.829170e-17
3831.800000 1.024569e-16 1.844851e-17
3834.180000 9.973313e-17 1.831357e-17
3836.560000 9.400076e-17 1.802172e-17
3838.940000 6.818360e-17 1.780009e-17
3841.320000 7.214763e-17 1.808400e-17
3843.700000 6.513521e-17 1.813865e-17
3846.080000 5.194093e-17 1.806409e-17
3848.460000 5.185633e-17 1.786143e-17
3850.840000 7.654936e-17 1.799135e-17
3853.220000 8.827777e-17 1.799343e-17
3855.600000 9.711287e-17 1.789883e-17
3857.980000 8.548605e-17 1.770505e-17
3860.360000 6.450851e-17 1.739145e-17
3862.740000 5.126280e-17 1.734634e-17
3865.120000 6.099298e-17 1.745484e-17
3867.500000 5.027226e-17 1.711993e-17
3869.880000 7.546757e-17 1.691747e-17
3872.260000 6.441431e-17 1.676142e-17
3874.640000 4.697105e-17 1.660976e-17
3877.020000 6.357834e-17 1.647022e-17
3879.400000 5.997721e-17 1.664773e-17
3881.780000 4.491356e-17 1.661719e-17
3884.160000 5.048317e-17 1.648897e-17
3886.540000 5.658169e-17 1.648013e-17
3888.920000 4.330692e-17 1.649243e-17
3891.300000 1.958827e-17 1.635037e-17
3893.680000 2.391061e-17 1.632229e-17
3896.060000 5.128555e-17 1.661243e-17
3898.440000 4.350594e-17 1.648182e-17
3900.820000 1.858499e-17 1.611778e-17
3903.200000 2.398346e-17 1.608556e-17
3905.580000 4.024803e-17 1.625411e-17
3907.960000 4.606625e-17 1.636269e-17
3910.340000 4.136657e-17 1.643442e-17
3912.720000 3.568762e-17 1.634753e-17
3915.100000 3.462983e-18 1.619406e-17
3917.480000 3.458363e-17 1.610918e-17
3919.860000 3.039236e-17 1.586932e-17
3922.240000 1.102102e-17 1.564402e-17
3924.620000 -2.644776e-20 1.550864e-17
3927.000000 1.989459e-17 1.519211e-17
3929.380000 8.757025e-18 1.511550e-17
3931.760000 7.790418e-18 1.506073e-17
3934.140000 3.377582e-17 1.517920e-17
3936.520000 4.804698e-17 1.567701e-17
3938.900000 5.215781e-17 1.594348e-17
3941.280000 4.783311e-17 1.593194e-17
3943.660000 3.711924e-17 1.591602e-17
3946.040000 1.771590e-17 1.577364e-17
3948.420000 1.609868e-17 1.590271e-17
3950.800000 1.664996e-17 1.604294e-17
3953.180000 3.136759e-17 1.618499e-17
3955.560000 2.989048e-17 1.622895e-17
3957.940000 4.088094e-17 1.627227e-17
3960.320000 3.512156e-17 1.615469e-17
3962.700000 2.774728e-17 1.588811e-17
3965.080000 3.911566e-17 1.575192e-17
3967.460000 2.842240e-17 1.555009e-17
3969.840000 2.142854e-17 1.574637e-17
3972.220000 3.458602e-17 1.604967e-17
3974.600000 3.196494e-17 1.649841e-17
3976.980000 1.071197e-17 1.660506e-17
3979.360000 2.919910e-17 1.688282e-17
3981.740000 2.913216e-17 1.691986e-17
3984.120000 4.816796e-17 1.699305e-17
3986.500000 3.969520e-17 1.679129e-17
3988.880000 2.130758e-17 1.654961e-17
3991.260000 6.196927e-18 1.636620e-17
3993.640000 1.918040e-17 1.653749e-17
3996.020000 1.134941e-17 1.626624e-17
3998.400000 3.016996e-17 1.633609e-17
4000.780000 3.312089e-17 1.617020e-17
4003.160000 3.225906e-17 1.598896e-17
4005.540000 4.827418e-17 1.594438e-17
4007.920000 3.978618e-17 1.589599e-17
4010.300000 4.629436e-17 1.594390e-17
4012.680000 5.021399e-17 1.593658e-17
4015.060000 4.296485e-17 1.581032e-17
4017.440000 4.502411e-17 1.571181e-17
4019.820000 4.003436e-17 1.554506e-17
4022.200000 3.817788e-17 1.545575e-17
4024.580000 6.157710e-17 1.553933e-17
4026.960000 8.809616e-17 1.581019e-17
4029.340000 7.157987e-17 1.560075e-17
4031.720000 3.984074e-17 1.523328e-17
4034.100000 5.809241e-17 1.533434e-17
4036.480000 5.832303e-17 1.531530e-17
4038.860000 5.273745e-17 1.543731e-17
4041.240000 3.558216e-17 1.522170e-17
4043.620000 5.355848e-17 1.526271e-17
4046.000000 7.946657e-17 1.539762e-17
4048.380000 7.523194e-17 1.549193e-17
4050.760000 8.521040e-17 1.559420e-17
4053.140000 7.514370e-17 1.548830e-17
4055.520000 5.813810e-17 1.526833e-17
4057.900000 7.574336e-17 1.532509e-17
4060.280000 1.004050e-16 1.557510e-17
4062.660000 1.067025e-16 1.573935e-17
4065.040000 1.104657e-16 1.594707e-17
4067.420000 1.098147e-16 1.601591e-17
4069.800000 1.297600e-16 1.620301e-17
4072.180000 1.264917e-16 1.625084e-17
4074.560000 1.047550e-16 1.623977e-17
4076.940000 1.095821e-16 1.625260e-17
4079.320000 1.086047e-16 1.623397e-17
4081.700000 1.149498e-16 1.644723e-17
4084.080000 9.655556e-17 1.630751e-17
4086.460000 8.357566e-17 1.626377e-17
4088.840000 8.763918e-17 1.637800e-17
4091.220000 8.628629e-17 1.630714e-17
4093.600000 1.258439e-16 1.647870e-17
4095.980000 1.302140e-16 1.631363e-17
4098.360000 1.489001e-16 1.649140e-17
4100.740000 1.684870e-16 1.639616e-17
4103.120000 1.543076e-16 1.628133e-17
4105.500000 1.517676e-16 1.638002e-17
4107.880000 1.621491e-16 1.639570e-17
4110.260000 1.435027e-16 1.620501e-17
4112.640000 1.475835e-16 1.619919e-17
4115.020000 1.542459e-16 1.620923e-17
4117.400000 1.464151e-16 1.621494e-17
4119.780000 1.306886e-16 1.604537e-17
4122.160000 1.386660e-16 1.589833e-17
4124.540000 1.451511e-16 1.579030e-17
4126.920000 1.334105e-16 1.564357e-17
4129.300000 1.322144e-16 1.558862e-17
4131.680000 1.390805e-16 1.554449e-17
4134.060000 1.459804e-16 1.563733e-17
4136.440000 1.726635e-16 1.590298e-17
4138.820000 1.559551e-16 1.566103e-17
4141.200000 1.403895e-16 1.549680e-17
4143.580000 1.487042e-16 1.547504e-17
4145.960000 1.491064e-16 1.536708e-17
4148.340000 1.667098e-16 1.536910e-17
4150.720000 1.519741e-16 1.520267e-17
4153.100000 1.584496e-16 1.522048e-17
4155.480000 1.557114e-16 1.516244e-17
4157.860000 1.522828e-16 1.523940e-17
4160.240000 1.546779e-16 1.531092e-17
4162.620000 1.465668e-16 1.526347e-17
4165.000000 1.602365e-16 1.525731e-17
4167.380000 1.619281e-16 1.517349e-17
4169.760000 1.615234e-16 1.514153e-17
4172.140000 1.738014e-16 1.528900e-17
4174.520000 1.546415e-16 1.513502e-17
4176.900000 1.449231e-16 1.507513e-17
4179.280000 1.735078e-16 1.524616e-17
4181.660000 1.568114e-16 1.502876e-17
4184.040000 1.466966e-16 1.484080e-17
4186.420000 1.500843e-16 1.480571e-17
4188.800000 1.548838e-16 1.489348e-17
4191.180000 1.348698e-16 1.470698e-17
4193.560000 1.410679e-16 1.475948e-17
4195.940000 1.613962e-16 1.501859e-17
4198.320000 1.607435e-16 1.487025e-17
4200.700000 1.488415e-16 1.468875e-17
4203.080000 1.450864e-16 1.468898e-17
4205.460000 1.514367e-16 1.483730e-17
4207.840000 1.454242e-16 1.477140e-17
4210.220000 1.340885e-16 1.467606e-17
4212.600000 1.507218e-16 1.484085e-17
4214.980000 1.478907e-16 1.478465e-17
4217.360000 1.555370e-16 1.477245e-17
4219.740000 1.393872e-16 1.482218e-17
4222.120000 1.162493e-16 1.454204e-17
4224.500000 1.247347e-16 1.430600e-17
4226.880000 1.420256e-16 1.434572e-17
4229.260000 1.566669e-16 1.469965e-17
4231.640000 1.404398e-16 1.464806e-17
4234.020000 1.095745e-16 1.430325e-17
4236.400000 1.452991e-16 1.457948e-17
4238.780000 1.451767e-16 1.453316e-17
4241.160000 1.269568e-16 1.440392e-17
4243.540000 1.294214e-16 1.448712e-17
4245.920000 1.284102e-16 1.436638e-17
4248.300000 1.321824e-16 1.430622e-17
4250.680000 1.574290e-16 1.449187e-17
4253.060000 1.437438e-16 1.440819e-17
4255.440000 1.438361e-16 1.438606e-17
4257.820000 1.322584e-16 1.423367e-17
4260.200000 1.443365e-16 1.424060e-17
4262.580000 1.455739e-16 1.418977e-17
4264.960000 1.440695e-16 1.432215e-17
4267.340000 1.360569e-16 1.421169e-17
4269.720000 1.292954e-16 1.399042e-17
4272.100000 1.455865e-16 1.399487e-17
4274.480000 1.592861e-16 1.400405e-17
4276.860000 1.379371e-16 1.385104e-17
4279.240000 1.530793e-16 1.403608e-17
4281.620000 1.568699e-16 1.408647e-17
4284.000000 1.380562e-16 1.391784e-17
4286.380000 1.697930e-16 1.418275e-17
4288.760000 1.602591e-16 1.409573e-17
4291.140000 1.434703e-16 1.392002e-17
4293.520000 1.498374e-16 1.398330e-17
4295.900000 1.733252e-16 1.398706e-17
4298.280000 1.664774e-16 1.383273e-17
4300.660000 1.613062e-16 1.366695e-17
4303.040000 1.553094e-16 1.362966e-17
4305.420000 1.508628e-16 1.379896e-17
4307.800000 1.598057e-16 1.377378e-17
4310.180000 1.604584e-16 1.380622e-17
4312.560000 1.652238e-16 1.400087e-17
4314.940000 1.650390e-16 1.419896e-17
4317.320000 1.601076e-16 1.429115e-17
4319.700000 1.441096e-16 1.415085e-17
4322.080000 1.460388e-16 1.394011e-17
4324.460000 1.392608e-16 1.377614e-17
4326.840000 1.529611e-16 1.394017e-17
4329.220000 1.630861e-16 1.417136e-17
4331.600000 1.473838e-16 1.418523e-17
4333.980000 1.508919e-16 1.420908e-17
4336.360000 1.454618e-16 1.405975e-17
4338.740000 1.382982e-16 1.392977e-17
4341.120000 1.282928e-16 1.387209e-17
4343.500000 1.324716e-16 1.400460e-17
4345.880000 1.485057e-16 1.427309e-17
4348.260000 1.564516e-16 1.429015e-17
4350.640000 1.752063e-16 1.434777e-17
4353.020000 1.603402e-16 1.416776e-17
4355.400000 1.494498e-16 1.409832e-17
4357.780000 1.402009e-16 1.403536e-17
4360.160000 1.368464e-16 1.406600e-17
4362.540000 1.379265e-16 1.402757e-17
4364.920000 1.283308e-16 1.386488e-17
4367.300000 1.307286e-16 1.381216e-17
4369.680000 1.422855e-16 1.392557e-17
4372.060000 1.543217e-16 1.413276e-17
4374.440000 1.382644e-16 1.394901e-17
4376.820000 1.437894e-16 1.388869e-17
4379.200000 1.453864e-16 1.392117e-17
4381.580000 1.334662e-16 1.371674e-17
4383.960000 1.250134e-16 1.344564e-17
4386.340000 1.185152e-16 1.342016e-17
4388.720000 1.361705e-16 1.361383e-17
4391.100000 1.398142e-16 1.369746e-17
4393.480000 1.090841e-16 1.340077e-17
4395.860000 1.144307e-16 1.344620e-17
4398.240000 1.163093e-16 1.354328e-17
4400.620000 1.244350e-16 1.356523e-17
4403.000000 1.237560e-16 1.353110e-17
4405.380000 1.379776e-16 1.369256e-17
4407.760000 1.155346e-16 1.357895e-17
4410.140000 1.079767e-16 1.362814e-17
4412.520000 1.404598e-16 1.381723e-17
4414.900000 1.343333e-16 1.366031e-17
4417.280000 1.250466e-16 1.368683e-17
4419.660000 1.287834e-16 1.370159e-17
4422.040000 1.072206e-16 1.352113e-17
4424.420000 1.136821e-16 1.349473e-17
4426.800000 1.235384e-16 1.357214e-17
4429.180000 1.264032e-16 1.357745e-17
4431.560000 1.270497e-16 1.367682e-17
4433.940000 1.181083e-16 1.353867e-17
4436.320000 1.110576e-16 1.343846e-17
4438.700000 1.079996e-16 1.339965e-17
4441.080000 1.140744e-16 1.343473e-17
4443.460000 1.110255e-16 1.336486e-17
4445.840000 9.475773e-17 1.319409e-17
4448.220000 1.128897e-16 1.334002e-17
4450.600000 1.138556e-16 1.331951e-17
4452.980000 1.111024e-16 1.316596e-17
4455.360000 1.089425e-16 1.305589e-17
4457.740000 8.760493e-17 1.286105e-17
4460.120000 8.457265e-17 1.285649e-17
4462.500000 8.843094e-17 1.290942e-17
4464.880000 8.925886e-17 1.290644e-17
4467.260000 8.765326e-17 1.294946e-17
4469.640000 9.878910e-17 1.298971e-17
4472.020000 1.000255e-16 1.294118e-17
4474.400000 8.808012e-17 1.293394e-17
4476.780000 8.156447e-17 1.295752e-17
4479.160000 8.868231e-17 1.296146e-17
4481.540000 9.528165e-17 1.291574e-17
4483.920000 9.726014e-17 1.291784e-17
4486.300000 1.033652e-16 1.297301e-17
4488.680000 1.002405e-16 1.297392e-17
4491.060000 8.815953e-17 1.292873e-17
4493.440000 9.150759e-17 1.301977e-17
4495.820000 9.199077e-17 1.304438e-17
4498.200000 9.149967e-17 1.305985e-17
4500.580000 1.058065e-16 1.309794e-17
4502.960000 1.005759e-16 1.306984e-17
4505.340000 8.548022e-17 1.303601e-17
4507.720000 7.771257e-17 1.295346e-17
4510.100000 9.119537e-17 1.301820e-17
4512.480000 9.652218e-17 1.307687e-17
4514.860000 1.043501e-16 1.304856e-17
4517.240000 1.072989e-16 1.311179e-17
4519.620000 9.566024e-17 1.308676e-17
4522.000000 8.431375e-17 1.299242e-17
4524.380000 8.037754e-17 1.293961e-17
4526.760000 9.017944e-17 1.288311e-17
4529.140000 9.549265e-17 1.281462e-17
4531.520000 8.029042e-17 1.280655e-17
4533.900000 7.912179e-17 1.291106e-17
4536.280000 6.640617e-17 1.282091e-17
4538.660000 5.831446e-17 1.273091e-17
4541.040000 6.142137e-17 1.270760e-17
4543.420000 7.268249e-17 1.275351e-17
4545.800000 7.300948e-17 1.276042e-17
4548.180000 7.133057e-17 1.270200e-17
4550.560000 7.657540e-17 1.266527e-17
4552.940000 7.270153e-17 1.261999e-17
4555.320000 7.556555e-17 1.261511e-17
4557.700000 9.597726e-17 1.274768e-17
4560.080000 1.120667e-16 1.297843e-17
4562.460000 9.992155e-17 1.293718e-17
4564.840000 9.254505e-17 1.290069e-17
4567.220000 9.531461e-17 1.285985e-17
4569.600000 1.007567e-16 1.294140e-17
4571.980000 8.173499e-17 1.279303e-17
4574.360000 9.872860e-17 1.296877e-17
4576.740000 9.096175e-17 1.303871e-17
4579.120000 1.005450e-16 1.310213e-17
4581.500000 1.172652e-16 1.319913e-17
4583.880000 1.178508e-16 1.309636e-17
4586.260000 1.088235e-16 1.299947e-17
4588.640000 1.049262e-16 1.302439e-17
4591.020000 7.959565e-17 1.286301e-17
4593.400000 1.063222e-16 1.295120e-17
4595.780000 1.200001e-16 1.309686e-17
4598.160000 1.066300e-16 1.303013e-17
4600.540000 1.065933e-16 1.295983e-17
4602.920000 1.165104e-16 1.305678e-17
4605.300000 1.392455e-16 1.328903e-17
4607.680000 1.178765e-16 1.321059e-17
4610.060000 1.165942e-16 1.325798e-17
4612.440000 1.246288e-16 1.326494e-17
4614.820000 1.274855e-16 1.321484e-17
4617.200000 1.069331e-16 1.307358e-17
4619.580000 1.150712e-16 1.310015e-17
4621.960000 1.204518e-16 1.326355e-17
4624.340000 1.011688e-16 1.295266e-17
4626.720000 1.093292e-16 1.295446e-17
4629.100000 1.215191e-16 1.306170e-17
4631.480000 1.155404e-16 1.287260e-17
4633.860000 1.092305e-16 1.276729e-17
4636.240000 1.074788e-16 1.270092e-17
4638.620000 9.957133e-17 1.270885e-17
4641.000000 8.933723e-17 1.263862e-17
4643.380000 9.501751e-17 1.254286e-17
4645.760000 1.250653e-16 1.270174e-17
4648.140000 1.011065e-16 1.250013e-17
4650.520000 9.895008e-17 1.250306e-17
4652.900000 9.872227e-17 1.242866e-17
4655.280000 7.717396e-17 1.224935e-17
4657.660000 8.826402e-17 1.240784e-17
4660.040000 7.980575e-17 1.231582e-17
4662.420000 8.479648e-17 1.236882e-17
4664.800000 9.791420e-17 1.234460e-17
4667.180000 9.647197e-17 1.226949e-17
4669.560000 9.380141e-17 1.221193e-17
4671.940000 1.061798e-16 1.244584e-17
4674.320000 8.755046e-17 1.236518e-17
4676.700000 9.647720e-17 1.258521e-17
4679.080000 7.775391e-17 1.239466e-17
4681.460000 7.122443e-17 1.227931e-17
4683.840000 7.191424e-17 1.244159e-17
4686.220000 9.569453e-17 1.266787e-17
4688.600000 9.483194e-17 1.264141e-17
4690.980000 9.480195e-17 1.263250e-17
4693.360000 9.997505e-17 1.263204e-17
4695.740000 9.613589e-17 1.256015e-17
4698.120000 9.570744e-17 1.249666e-17
4700.500000 1.009222e-16 1.251799e-17
4702.880000 9.486193e-17 1.256178e-17
4705.260000 9.990517e-17 1.267049e-17
4707.640000 1.050522e-16 1.275494e-17
4710.020000 1.178240e-16 1.281990e-17
4712.400000 9.356057e-17 1.265458e-17
4714.780000 1.004758e-16 1.268668e-17
4717.160000 1.040027e-16 1.275265e-17
4719.540000 9.605997e-17 1.270865e-17
4721.920000 1.212819e-16 1.292341e-17
4724.300000 1.129890e-16 1.286562e-17
4726.680000 1.019032e-16 1.267424e-17
4729.060000 9.939514e-17 1.267225e-17
4731.440000 1.005420e-16 1.270403e-17
4733.820000 1.143223e-16 1.275976e-17
4736.200000 1.088397e-16 1.270486e-17
4738.580000 9.959935e-17 1.268817e-17
4740.960000 9.994530e-17 1.272864e-17
4743.340000 1.203634e-16 1.288425e-17
4745.720000 1.223306e-16 1.304129e-17
4748.100000 1.180569e-16 1.301812e-17
4750.480000 1.187052e-16 1.294785e-17
4752.860000 1.166180e-16 1.280890e-17
4755.240000 1.123151e-16 1.283500e-17
4757.620000 1.137586e-16 1.292611e-17
4760.000000 1.184742e-16 1.296302e-17
4762.380000 1.029044e-16 1.283640e-17
4764.760000 1.090483e-16 1.297186e-17
4767.140000 1.094686e-16 1.308207e-17
4769.520000 1.009052e-16 1.305281e-17
4771.900000 8.271911e-17 1.285320e-17
4774.280000 8.187164e-17 1.287451e-17
4776.660000 8.407847e-17 1.284884e-17
4779.040000 1.073472e-16 1.300644e-17
4781.420000 1.344487e-16 1.312433e-17
4783.800000 1.203751e-16 1.300107e-17
4786.180000 1.163736e-16 1.299011e-17
4788.560000 1.341662e-16 1.313642e-17
4790.940000 1.333345e-16 1.314547e-17
4793.320000 1.102158e-16 1.304140e-17
4795.700000 1.157717e-16 1.310090e-17
4798.080000 1.165617e-16 1.302259e-17
4800.460000 1.180965e-16 1.290140e-17
4802.840000 1.333619e-16 1.302687e-17
4805.220000 1.354141e-16 1.306010e-17
4807.600000 1.174539e-16 1.295226e-17
4809.980000 1.149712e-16 1.287190e-17
4812.360000 1.098500e-16 1.278916e-17
4814.740000 1.108210e-16 1.292854e-17
4817.120000 1.211546e-16 1.305067e-17
4819.500000 1.229843e-16 1.314358e-17
4821.880000 1.164367e-16 1.309330e-17
4824.260000 1.241736e-16 1.291044e-17
4826.640000 1.047067e-16 1.278676e-17
4829.020000 1.076902e-16 1.292025e-17
4831.400000 1.174180e-16 1.306721e-17
4833.780000 1.215669e-16 1.305116e-17
4836.160000 1.144423e-16 1.298349e-17
4838.540000 1.093366e-16 1.296285e-17
4840.920000 1.169665e-16 1.301356e-17
4843.300000 1.104788e-16 1.297194e-17
4845.680000 1.192520e-16 1.309519e-17
4848.060000 1.389029e-16 1.328563e-17
4850.440000 1.213239e-16 1.312218e-17
4852.820000 1.071995e-16 1.293831e-17
4855.200000 1.083455e-16 1.293369e-17
4857.580000 1.123852e-16 1.306993e-17
4859.960000 1.137520e-16 1.303708e-17
4862.340000 1.151982e-16 1.304242e-17
4864.720000 9.887171e-17 1.312198e-17
4867.100000 1.112668e-16 1.330011e-17
4869.480000 1.259516e-16 1.338130e-17
4871.860000 1.249980e-16 1.337496e-17
4874.240000 1.205133e-16 1.331171e-17
4876.620000 1.146296e-16 1.337129e-17
4879.000000 1.255554e-16 1.357376e-17
4881.380000 1.341445e-16 1.377277e-17
4883.760000 1.175650e-16 1.369890e-17
4886.140000 1.267991e-16 1.375270e-17
4888.520000 1.282802e-16 1.372951e-17
4890.900000 1.166782e-16 1.366546e-17
4893.280000 1.113327e-16 1.379698e-17
4895.660000 1.150710e-16 1.390519e-17
4898.040000 1.111393e-16 1.390501e-17
4900.420000 1.048861e-16 1.384862e-17
4902.800000 1.150181e-16 1.396309e-17
4905.180000 1.122265e-16 1.387029e-17
4907.560000 1.144542e-16 1.386701e-17
4909.940000 8.397694e-17 1.366956e-17
4912.320000 6.763040e-17 1.370626e-17
4914.700000 9.631360e-17 1.395575e-17
4917.080000 1.324061e-16 1.423559e-17
4919.460000 1.080572e-16 1.396398e-17
4921.840000 9.338147e-17 1.387835e-17
4924.220000 8.898352e-17 1.380609e-17
4926.600000 9.485954e-17 1.403919e-17
4928.980000 8.867110e-17 1.405004e-17
4931.360000 9.186430e-17 1.413894e-17
4933.740000 9.765553e-17 1.421051e-17
4936.120000 7.978377e-17 1.422364e-17
4938.500000 8.278224e-17 1.463345e-17
4940.880000 8.261121e-17 1.469767e-17
4943.260000 8.093435e-17 1.470040e-17
4945.640000 1.085471e-16 1.503722e-17
4948.020000 1.080203e-16 1.508384e-17
4950.400000 9.557660e-17 1.553489e-17
4952.780000 1.022852e-16 1.566307e-17
4955.160000 9.218416e-17 1.564934e-17
4957.540000 1.157280e-16 1.592857e-17
4959.920000 9.540221e-17 1.599283e-17
4962.300000 8.757627e-17 1.609566e-17
4964.680000 1.036324e-16 1.634003e-17
4967.060000 8.677490e-17 1.651155e-17
4969.440000 7.200638e-17 1.654365e-17
4971.820000 8.551681e-17 1.675605e-17
4974.200000 8.608972e-17 1.700693e-17
4976.580000 8.503196e-17 1.708443e-17
4978.960000 1.235037e-16 1.740741e-17
4981.340000 1.255577e-16 1.763665e-17
4983.720000 1.055728e-16 1.778401e-17
4986.100000 8.409540e-17 1.785191e-17
4988.480000 8.463238e-17 1.799074e-17
4990.860000 1.044531e-16 1.842634e-17
4993.240000 9.266068e-17 1.876338e-17
4995.620000 8.013302e-17 1.901614e-17
4998.000000 1.199641e-16 1.950752e-17
5000.380000 8.336926e-17 1.940948e-17
5002.760000 8.454653e-17 1.963930e-17
5005.140000 8.701925e-17 1.999253e-17
5007.520000 7.175321e-17 2.008153e-17
5009.900000 6.332359e-17 2.011943e-17
5012.280000 9.632629e-17 2.066123e-17
5014.660000 1.180334e-16 2.105815e-17
5017.040000 8.311170e-17 2.069893e-17
5019.420000 1.075155e-16 2.121180e-17
5021.800000 7.443081e-17 2.117649e-17
5024.180000 8.150460e-17 2.156125e-17
5026.560000 7.199779e-17 2.170845e-17
5028.940000 1.138455e-16 2.236696e-17
5031.320000 7.902487e-17 2.266977e-17
5033.700000 7.249194e-17 2.294930e-17
5036.080000 1.015340e-16 2.288839e-17
5038.460000 1.088610e-16 2.283334e-17
5040.840000 8.775452e-17 2.295843e-17
5043.220000 5.687876e-17 2.302280e-17
5045.600000 1.193399e-16 2.380230e-17
5047.980000 1.239603e-16 2.363450e-17
5050.360000 1.053936e-16 2.345224e-17
5052.740000 6.887883e-17 2.314119e-17
5055.120000 9.014178e-17 2.301460e-17
5057.500000 1.184280e-16 2.336304e-17
5059.880000 1.234968e-16 2.331989e-17
5062.260000 9.358283e-17 2.299927e-17
5064.640000 5.178981e-17 2.270215e-17
5067.020000 4.514027e-17 2.261282e-17
5069.400000 4.830346e-17 2.242161e-17
5071.780000 5.297974e-17 2.261934e-17
5074.160000 7.338965e-17 2.263432e-17
5076.540000 5.976254e-17 2.253877e-17
5078.920000 6.328562e-17 2.241482e-17
5081.300000 8.306302e-17 2.254790e-17
5083.680000 8.978563e-17 2.238968e-17
5086.060000 8.530080e-17 2.245699e-17
5088.440000 7.394989e-17 2.264183e-17
5090.820000 7.586659e-17 2.248269e-17
5093.200000 8.054501e-17 2.248195e-17
5095.580000 5.456778e-17 2.212147e-17
5097.960000 7.173844e-17 2.229144e-17
5100.340000 5.985884e-17 2.257751e-17
5102.720000 5.715595e-17 2.251268e-17
5105.100000 7.678825e-17 2.278002e-17
5107.480000 6.030918e-17 2.274034e-17
5109.860000 6.512078e-17 2.264425e-17
5112.240000 4.303903e-17 2.272654e-17
5114.620000 3.310238e-17 2.290614e-17
5117.000000 5.211105e-17 2.320745e-17
5119.380000 5.716704e-17 2.356764e-17
5121.760000 2.992902e-17 2.382832e-17
5124.140000 4.268204e-17 2.429660e-17
5126.520000 7.819283e-17 2.467103e-17
5128.900000 7.485228e-17 2.485589e-17
5131.280000 5.786643e-17 2.543842e-17
5133.660000 5.082204e-17 2.595798e-17
5136.040000 7.916191e-17 2.704256e-17
5138.420000 9.973399e-17 2.798564e-17
5140.800000 1.111060e-16 2.879484e-17
5143.180000 7.944100e-17 2.870433e-17
5145.560000 6.642715e-17 2.956991e-17
5147.940000 8.759324e-17 3.048284e-17
5150.320000 1.107225e-16 3.234576e-17
