3918.23 1.19472002983093
3919.22 1.68753004074097
3920.21 2.180340051651
3921.2 2.36261940002441
3922.19 2.54489874839783
3923.18 2.40673851966858
3924.17 2.26530861854553
3925.16 2.17524433135986
3926.15 2.08570432662964
3927.14 2.02409911155701
3928.13 1.9627788066864
3929.12 1.61599469184875
3930.11 1.26332461833954
3931.1 1.39670860767365
3932.09 1.540114402771
3933.08 1.77857398986816
3934.07 2.02000403404236
3935.06 2.21720600128174
3936.05 2.41302609443665
3937.04 2.12594294548035
3938.03 1.82376909255981
3939.02 1.28615391254425
3940.01 0.738625347614288
3941 0.979880690574646
3941.99 1.25434803962708
3942.98 1.61200308799744
3943.97 1.97408318519592
3944.96 1.67770731449127
3945.95 1.34630739688873
3946.94 1.10451555252075
3947.93 0.867490172386169
3948.92 1.23789370059967
3949.91 1.64748620986938
3950.9 2.03378558158875
3951.89 2.41858220100403
3952.88 2.44585037231445
3953.87 2.44591546058655
3954.86 2.05086374282837
3955.85 1.62574863433838
3956.84 1.53252899646759
3957.83 1.46456229686737
3958.82 1.50634407997131
3959.81 1.55777406692505
3960.8 1.37113642692566
3961.79 1.163569688797
3962.78 1.17029094696045
3963.77 1.19844090938568
3964.76 1.20017278194427
3965.75 1.19926273822784
3966.74 1.14026391506195
3967.73 1.07545626163483
3968.72 1.26171636581421
3969.71 1.47618639469147
3970.7 2.05864000320435
3971.69 2.68243980407715
3972.68 2.64860987663269
3973.67 2.5408890247345
3974.66 1.89963555335999
3975.65 1.19169056415558
3976.64 0.762749314308167
3977.63 0.36868354678154
3978.62 0.474207162857056
3979.61 0.648639678955078
3980.6 1.31225907802582
3981.59 2.04335260391235
3982.58 2.08135271072388
3983.57 2.02375340461731
3984.56 1.67500460147858
3985.55 1.28224456310272
3986.54 1.27671670913696
3987.53 1.32972407341003
3988.52 1.36831796169281
3989.51 1.40453803539276
3990.5 1.39297342300415
3991.49 1.37353837490082
3992.48 1.40082621574402
3993.47 1.43580949306488
3994.46 1.45414698123932
3995.45 1.46951198577881
3996.44 1.41872155666351
3997.43 1.3561178445816
3998.42 1.45929086208344
3999.41 1.5944207906723
4000.4 1.70973563194275
4001.39 1.82123064994812
4002.38 1.64209377765656
4003.37 1.40693140029907
4004.36 1.20780539512634
4005.35 1.01615047454834
4006.34 1.04520976543427
4007.33 1.12002682685852
4008.32 1.09238135814667
4009.31 1.04196631908417
4010.3 0.938827335834503
4011.29 0.823971807956696
4012.28 0.832076847553253
4013.27 0.867506384849548
4014.26 0.94711571931839
4015.25 1.0372177362442
4016.24 1.23157668113708
4017.23 1.45069670677185
4018.22 1.19664311408997
4019.21 0.830210745334625
4020.2 0.491993725299835
4021.19 0.160919815301895
4022.18 0.415634006261826
4023.17 0.818648993968964
4024.16 0.932410001754761
4025.15 0.968295037746429
4026.14 0.966010451316833
4027.13 0.953449428081512
4028.12 1.16098713874817
4029.11 1.42778217792511
4030.1 1.5176522731781
4031.09 1.55697226524353
4032.08 1.34507870674133
4033.07 1.06140983104706
4034.06 0.898284196853638
4035.05 0.771638691425323
4036.04 0.657322108745575
4037.03 0.546736598014832
4038.02 0.788853347301483
4039.01 1.13770890235901
4040 1.27828752994537
4040.99 1.35221755504608
4041.98 1.18242144584656
4042.97 0.934632837772369
4043.96 0.75681209564209
4044.95 0.602629125118256
4045.94 0.471435070037842
4046.93 0.348007559776306
4047.92 0.367319643497467
4048.91 0.434854567050934
4049.9 0.571960747241974
4050.89 0.733845770359039
4051.88 0.933893918991089
4052.87 1.14753437042236
4053.86 1.35102903842926
4054.85 1.55071914196014
4055.84 1.61763823032379
4056.83 1.63476812839508
4057.82 1.45538055896759
4058.81 1.20229864120483
4059.8 1.03906512260437
4060.79 0.911264598369598
4061.78 0.872196912765503
4062.77 0.868122398853302
4063.76 0.944520533084869
4064.75 1.05265438556671
4065.74 1.13477945327759
4066.73 1.20612955093384
4067.72 1.21002948284149
4068.71 1.18598592281342
4069.7 1.1438410282135
4070.69 1.09382605552673
4071.68 1.02886939048767
4072.67 0.957416415214539
4073.66 0.854664027690887
4074.65 0.738303244113922
4075.64 0.683575332164764
4076.63 0.656944870948792
4077.62 0.689232051372528
4078.61 0.748378872871399
4079.6 0.962819933891296
4080.59 1.25143146514893
4081.58 1.52805972099304
4082.57 1.79896473884583
4083.56 1.6849946975708
4084.55 1.38720369338989
4085.54 1.13850772380829
4086.53 0.914359152317047
4087.52 0.890714406967163
4088.51 0.967321515083313
4089.5 1.13206422328949
4090.49 1.34290874004364
4091.48 1.44069957733154
4092.47 1.47935450077057
4093.46 1.39540767669678
4094.45 1.24733054637909
4095.44 1.23888790607452
4096.43 1.30680787563324
4097.42 1.38465714454651
4098.41 1.4679366350174
4099.4 1.42365729808807
4100.39 1.30648732185364
4101.38 1.2938050031662
4102.37 1.34082996845245
4103.36 1.39054119586945
4104.35 1.44178736209869
4105.34 1.44202995300293
4106.33 1.41183495521545
4107.32 1.39126253128052
4108.31 1.37643253803253
4109.3 1.34124219417572
4110.29 1.29390120506287
4111.28 1.33062994480133
4112.27 1.41972994804382
4113.26 1.49134230613708
4114.25 1.55206060409546
4115.24 1.56169211864471
4116.23 1.53811717033386
4117.22 1.57214212417603
4118.21 1.6436071395874
4119.2 1.70351779460907
4120.19 1.75591814517975
4121.18 1.63855624198914
4122.17 1.40610122680664
4123.16 1.26532387733459
4124.15 1.18670105934143
4125.14 1.43139469623566
4126.13 1.90463960170746
4127.12 2.11230039596558
4128.11 2.13222026824951
4129.1 2.02993488311768
4130.09 1.84126269817352
4131.08 1.8072921037674
4132.07 1.88731217384338
4133.06 1.92437922954559
4134.05 1.92979693412781
4135.04 1.82987082004547
4136.03 1.6490558385849
4137.02 1.48162984848022
4138.01 1.32448494434357
4139 1.20276546478271
4139.99 1.1082478761673
4140.98 1.10670387744904
4141.97 1.17953884601593
4142.96 1.30644643306732
4143.95 1.47661197185516
4144.94 1.60723459720612
4145.93 1.70490455627441
4146.92 1.79016542434692
4147.91 1.86508548259735
4148.9 1.98482096195221
4149.89 2.14190244674683
4150.88 2.22654461860657
4151.87 2.24831461906433
4152.86 2.19158029556274
4153.85 2.06671047210693
4154.84 1.95093595981598
4155.83 1.84305584430695
4156.82 1.82567942142487
4157.81 1.89010441303253
4158.8 1.9558984041214
4159.79 2.02292990684509
4160.78 2.05853891372681
4161.77 2.0645740032196
4162.76 2.03266024589539
4163.75 1.96503031253815
4164.74 1.90501260757446
4165.73 1.85215961933136
4166.72 1.85608839988708
4167.71 1.91566336154938
4168.7 1.94701933860779
4169.69 1.95072066783905
4170.68 1.88603162765503
4171.67 1.75155663490295
4172.66 1.69499170780182
4173.65 1.71792662143707
4174.64 1.78840601444244
4175.63 1.9074000120163
4176.62 1.97765517234802
4177.61 1.99612510204315
4178.6 2.02798771858215
4179.59 2.07407999038696
4180.58 2.1162474155426
4181.57 2.15407228469849
4182.56 2.16016292572021
4183.55 2.13114285469055
4184.54 2.06723499298096
4185.53 1.96472764015198
4186.52 1.85171806812286
4187.51 1.72660803794861
4188.5 1.64913547039032
4189.49 1.62654960155487
4190.48 1.6378481388092
4191.47 1.68980813026428
4192.46 1.79438412189484
4193.45 1.96209907531738
4194.44 2.0281810760498
4195.43 1.97230327129364
4196.42 1.81834888458252
4197.41 1.54179883003235
4198.4 1.4118332862854
4199.39 1.46509838104248
4200.38 1.56619548797607
4201.37 1.72708296775818
4202.36 1.86357223987579
4203.35 1.96828722953796
4204.34 1.98768985271454
4205.33 1.89598798751831
4206.32 1.74089026451111
4207.31 1.49975526332855
4208.3 1.37668490409851
4209.29 1.41384482383728
4210.28 1.4738609790802
4211.27 1.56489622592926
4212.26 1.60155248641968
4213.25 1.56128251552582
4214.24 1.58188343048096
4215.23 1.68859457969666
4216.22 1.82769095897675
4217.21 2.01455593109131
4218.2 2.08080291748047
4219.19 1.96913778781891
4220.18 1.83855175971985
4221.17 1.68005728721619
4222.16 1.59403955936432
4223.15 1.61952459812164
4224.14 1.66391623020172
4225.13 1.73739516735077
4226.12 1.77967417240143
4227.11 1.77186918258667
4228.1 1.78134834766388
4229.09 1.81857335567474
4230.08 1.85105586051941
4231.07 1.8759251832962
4232.06 1.86902153491974
4233.05 1.80887651443481
4234.04 1.73093581199646
4235.03 1.62317502498627
4236.02 1.55711817741394
4237.01 1.56404316425323
4238 1.63545727729797
4238.99 1.8197273015976
4239.98 1.94715869426727
4240.97 1.97512245178223
4241.96 1.9726790189743
4242.95 1.91463398933411
4243.94 1.867884516716
4244.93 1.84178948402405
4245.92 1.83721745014191
4246.91 1.87200176715851
4247.9 1.87074291706085
4248.89 1.80057787895203
4249.88 1.72787725925446
4250.87 1.65032887458801
4251.86 1.57478666305542
4252.85 1.50325667858124
4253.84 1.46240830421448
4254.83 1.48292338848114
4255.82 1.51879286766052
4256.81 1.5853716135025
4257.8 1.63054478168488
4258.79 1.63089978694916
4259.78 1.65819203853607
4260.77 1.74188435077667
4261.76 1.80237138271332
4262.75 1.81195640563965
4263.74 1.76382505893707
4264.73 1.58908998966217
4265.72 1.45184397697449
4266.71 1.39683175086975
4267.7 1.36764454841614
4268.69 1.3978545665741
4269.68 1.42610549926758
4270.67 1.44985055923462
4271.66 1.46898055076599
4272.65 1.47697055339813
4273.64 1.48852252960205
4274.63 1.50867247581482
4275.62 1.55601930618286
4276.61 1.66901361942291
4277.6 1.77289974689484
4278.59 1.85368967056274
4279.58 1.85749709606171
4280.57 1.66609883308411
4281.56 1.5030118227005
4282.55 1.41542184352875
4283.54 1.35759317874908
4284.53 1.37912821769714
4285.52 1.42239511013031
4286.51 1.52361392974854
4287.5 1.62210702896118
4288.49 1.71294701099396
4289.48 1.79017508029938
4290.47 1.82918500900269
4291.46 1.8612973690033
4292.45 1.87404298782349
4293.44 1.86928844451904
4294.43 1.81273341178894
4295.42 1.78914093971252
4296.41 1.86311733722687
4297.4 1.93658304214478
4298.39 2.00845313072205
4299.38 2.0635883808136
4300.37 2.06642842292786
4301.36 2.05697321891785
4302.35 2.00909495353699
4303.34 1.96355354785919
4304.33 1.92573356628418
4305.32 1.90167331695557
4306.31 1.92308020591736
4307.3 1.9362610578537
4308.29 1.92065107822418
4309.28 1.89625000953674
4310.27 1.84107995033264
4311.26 1.81136775016785
4312.25 1.87075781822205
4313.24 1.93190109729767
4314.23 1.99955606460571
4315.22 2.04581928253174
4316.21 2.0126268863678
4317.2 1.97754406929016
4318.19 1.93499398231506
4319.18 1.88817036151886
4320.17 1.82446527481079
4321.16 1.76244604587555
4322.15 1.70708572864532
4323.14 1.65712594985962
4324.13 1.62990593910217
4325.12 1.60090005397797
4326.11 1.56437456607819
4327.1 1.54946637153625
4328.09 1.63183641433716
4329.08 1.71907722949982
4330.07 1.82823729515076
4331.06 1.89646923542023
4332.05 1.78052473068237
4333.04 1.66981506347656
4334.03 1.58435499668121
4335.02 1.51349186897278
4336.01 1.51303684711456
4337 1.52979409694672
4337.99 1.62957513332367
4338.98 1.71875727176666
4339.97 1.75295722484589
4340.96 1.76052606105804
4341.95 1.62994563579559
4342.94 1.50759315490723
4343.93 1.43131816387177
4344.92 1.36185157299042
4345.91 1.33051156997681
4346.9 1.30526924133301
4347.89 1.31417429447174
4348.88 1.32499611377716
4349.87 1.34745621681213
4350.86 1.37296330928802
4351.85 1.41697108745575
4352.84 1.46704185009003
4353.83 1.55722177028656
4354.82 1.64807021617889
4355.81 1.74334025382996
4356.8 1.81705939769745
4357.79 1.74821221828461
4358.78 1.67403721809387
4359.77 1.56123721599579
4360.76 1.454833984375
4361.75 1.39480721950531
4362.74 1.34738111495972
4363.73 1.40076112747192
4364.72 1.45684278011322
4365.71 1.53453779220581
4366.7 1.60327386856079
4367.69 1.60033869743347
4368.68 1.5871307849884
4369.67 1.48249578475952
4370.66 1.36836898326874
4371.65 1.16976499557495
4372.64 0.986503839492798
4373.63 0.956670343875885
4374.62 0.940252244472504
4375.61 1.05798768997192
4376.6 1.17990577220917
4377.59 1.34364879131317
4378.58 1.49327230453491
4379.57 1.4822872877121
4380.56 1.46623969078064
4381.55 1.39260470867157
4382.54 1.32539117336273
4383.53 1.33122169971466
4384.52 1.33428478240967
4385.51 1.30097472667694
4386.5 1.2623907327652
4387.49 1.15449070930481
4388.48 1.05553579330444
4389.47 1.09523069858551
4390.46 1.13638031482697
4391.45 1.20007526874542
4392.44 1.26527261734009
4393.43 1.35375571250916
4394.42 1.43985605239868
4395.41 1.48116111755371
4396.4 1.51960110664368
4397.39 1.50417900085449
4398.38 1.48509395122528
4399.37 1.37901389598846
4400.36 1.27719044685364
4401.35 1.27646052837372
4402.34 1.28282749652863
4403.33 1.45774912834167
4404.32 1.62866473197937
4405.31 1.67138969898224
4406.3 1.71262049674988
4407.29 1.70603883266449
4408.28 1.69827735424042
4409.27 1.63330233097076
4410.26 1.56996023654938
4411.25 1.58581018447876
4412.24 1.60314738750458
4413.23 1.69261562824249
4414.22 1.7812317609787
4415.21 1.78636181354523
4416.2 1.79119658470154
4417.19 1.7670933008194
4418.18 1.74299001693726
4419.17 1.71695005893707
4420.16 1.6909099817276
4421.15 1.66554999351501
4422.14 1.64019000530243
4423.13 1.63354849815369
4424.12 1.62690711021423
4425.11 1.61711919307709
4426.1 1.60729920864105
4427.09 1.6050271987915
4428.08 1.60283219814301
4429.07 1.54240453243256
4430.06 1.48138272762299
4431.05 1.45781064033508
4432.04 1.43501055240631
4433.03 1.45465683937073
4434.02 1.47517812252045
4435.01 1.4955188035965
4436 1.51585376262665
4436.99 1.47862756252289
4437.98 1.4396026134491
4438.97 1.40667724609375
4439.96 1.37394261360168
4440.95 1.33054649829865
4441.94 1.28670156002045
4442.93 1.2466721534729
4443.92 1.20680356025696
4444.91 1.27020072937012
4445.9 1.33909070491791
4446.89 1.36145544052124
4447.88 1.38134551048279
4448.87 1.39177358150482
4449.86 1.40169847011566
4450.85 1.48660123348236
4451.84 1.57634127140045
4452.83 1.68695878982544
4453.82 1.79892337322235
4454.81 1.88139712810516
4455.8 1.96162712574005
4456.79 1.94843530654907
4457.78 1.92813539505005
4458.77 1.87341392040253
4459.76 1.81607353687286
4460.75 1.68974363803864
4461.74 1.55734860897064
4462.73 1.53266155719757
4463.72 1.51744341850281
4464.71 1.57268726825714
4465.7 1.63497722148895
4466.69 1.63966727256775
4467.68 1.63859724998474
4468.67 1.65588939189911
4469.66 1.67501783370972
4470.65 1.6267009973526
4471.64 1.57080590724945
4472.63 1.54971981048584
4473.62 1.5325448513031
4474.61 1.58423686027527
4475.6 1.64366662502289
4476.59 1.62400782108307
4477.58 1.59446275234222
4478.57 1.56696450710297
4479.56 1.53972208499908
4480.55 1.54749715328217
4481.54 1.56010210514069
4482.53 1.60643494129181
4483.52 1.65742003917694
4484.51 1.73052000999451
4485.5 1.80667042732239
4486.49 1.84978437423706
4487.48 1.88790428638458
4488.47 1.89657044410706
4489.46 1.90078413486481
4490.45 1.90657019615173
4491.44 1.91261518001556
4492.43 1.93477582931519
4493.42 1.95959079265594
4494.41 2.00409650802612
4495.4 2.05184531211853
4496.39 2.02642178535461
4497.38 1.98793184757233
4498.37 1.96944940090179
4499.36 1.9545396566391
4500.35 2.01197385787964
4501.34 2.08335375785828
4502.33 2.12743186950684
4503.32 2.16624689102173
4504.31 2.19256925582886
4505.3 2.21648359298706
4506.29 2.17325353622437
4507.28 2.1161036491394
4508.27 2.14506077766418
4509.26 2.19186925888062
4510.25 2.31046223640442
4511.24 2.44500732421875
4512.23 2.48393964767456
4513.22 2.501624584198
4514.21 2.49888920783997
4515.2 2.49161577224731
4516.19 2.43299579620361
4517.18 2.36218070983887
4518.17 2.33657789230347
4519.16 2.32171297073364
4520.15 2.33274531364441
4521.14 2.34992861747742
4522.13 2.37837266921997
4523.12 2.40966773033142
4524.11 2.44079756736755
4525.1 2.47188568115234
4526.09 2.4932644367218
4527.08 2.51202964782715
4528.07 2.61519598960876
4529.06 2.74108600616455
4530.05 2.83350205421448
4531.04 2.91690587997437
4532.03 2.88375663757324
4533.02 2.81730675697327
4534.01 2.80232715606689
4535 2.80205345153809
4535.99 2.79767560958862
4536.98 2.79205560684204
4537.97 2.81087851524353
4538.96 2.83709859848022
4539.95 2.84447693824768
4540.94 2.84615349769592
4541.93 2.79164338111877
4542.92 2.71915340423584
4543.91 2.68137907981873
4544.9 2.65471363067627
4545.89 2.68265914916992
4546.88 2.72905397415161
4547.87 2.85348534584045
4548.86 3.00428056716919
4549.85 3.08911752700806
4550.84 3.15167164802551
4551.83 3.14214444160461
4552.82 3.10694456100464
4553.81 3.07657027244568
4554.8 3.04791498184204
4555.79 3.03204917907715
4556.78 3.02097916603088
4557.77 3.03264355659485
4558.76 3.05283355712891
4559.75 3.05309009552002
4560.74 3.04587149620056
4561.73 3.02887344360352
4562.72 3.00801849365234
4563.71 3.09075522422791
4564.7 3.2143452167511
4565.69 3.30177569389343
4566.68 3.37494611740112
4567.67 3.36408448219299
4568.66 3.31840944290161
4569.65 3.2625937461853
4570.64 3.20257687568665
4571.63 3.15450048446655
4572.62 3.11161541938782
4573.61 3.11563992500305
4574.6 3.14005994796753
4575.59 3.18712282180786
4576.58 3.24403047561646
4577.57 3.32790970802307
4578.56 3.42408466339111
4579.55 3.47905588150024
4580.54 3.51524305343628
4581.53 3.50753021240234
4582.52 3.47885036468506
4583.51 3.42540407180786
4584.5 3.36012887954712
4585.49 3.33872699737549
4586.48 3.33827924728394
4587.47 3.3592267036438
4588.46 3.39087176322937
4589.45 3.46701860427856
4590.44 3.56541681289673
4591.43 3.61348700523376
4592.42 3.63523197174072
4593.41 3.61687397956848
4594.4 3.57753896713257
4595.39 3.52689170837402
4596.38 3.47032737731934
4597.37 3.40434384346008
4598.36 3.33320879936218
4599.35 3.31381368637085
4600.34 3.32271361351013
4601.33 3.32052826881409
4602.32 3.31200814247131
4603.31 3.30271506309509
4604.3 3.29297995567322
4605.29 3.28589415550232
4606.28 3.28032231330872
4607.27 3.25907015800476
4608.26 3.22846007347107
4609.25 3.20652079582214
4610.24 3.18975567817688
4611.23 3.2051899433136
4612.22 3.23984003067017
4613.21 3.29453992843628
4614.2 3.36172986030579
4615.19 3.36792325973511
4616.18 3.3361189365387
4617.17 3.2792112827301
4618.16 3.2059862613678
4619.15 3.10860657691956
4620.14 2.99552655220032
4621.13 2.9386031627655
4622.12 2.91818118095398
4623.11 2.94652485847473
4624.1 3.00792980194092
4625.09 3.00768423080444
4626.08 2.96564149856567
4627.07 2.90811634063721
4628.06 2.8396463394165
4629.05 2.79323387145996
4630.04 2.76241374015808
4631.03 2.73623418807983
4632.02 2.71333479881287
4633.01 2.71529912948608
4634 2.7355842590332
4634.99 2.71273398399353
4635.98 2.65809988975525
4636.97 2.6271014213562
4637.96 2.61425137519836
4638.95 2.62014436721802
4639.94 2.64042925834656
4640.93 2.62076163291931
4641.92 2.57041597366333
4642.91 2.51667618751526
4643.9 2.4602210521698
4644.89 2.39897918701172
4645.88 2.33390784263611
4646.87 2.28786826133728
4647.86 2.25768828392029
4648.85 2.25166368484497
4649.84 2.26576852798462
4650.83 2.26095676422119
4651.82 2.24038052558899
4652.81 2.21639227867126
4653.8 2.18944215774536
4654.79 2.16267156600952
4655.78 2.13605666160583
4656.77 2.18659210205078
4657.76 2.30408883094788
4658.75 2.40518093109131
4659.74 2.49144601821899
4660.73 2.4497697353363
4661.72 2.2924542427063
4662.71 2.18714356422424
4663.7 2.13077855110168
4664.69 2.10888481140137
4665.68 2.11943483352661
4666.67 2.12778162956238
4667.66 2.13405513763428
4668.65 2.15976858139038
4669.64 2.20453357696533
4670.63 2.24890351295471
4671.62 2.29288649559021
4672.61 2.26942348480225
4673.6 2.17713856697083
4674.59 2.07650637626648
4675.58 1.96735620498657
4676.57 1.90945494174957
4677.56 1.90384829044342
4678.55 1.89792966842651
4679.54 1.89167964458466
4680.53 1.88305699825287
4681.52 1.87191331386566
4682.51 1.88730025291443
4683.5 1.93204021453857
4684.49 1.96079075336456
4685.48 1.97185075283051
4686.47 1.94385075569153
4687.46 1.87263536453247
4688.45 1.83323681354523
4689.44 1.83049690723419
4690.43 1.83614957332611
4691.42 1.85147225856781
4692.41 1.88350045681
4693.4 1.93557548522949
4694.39 1.95692551136017
4695.38 1.94140541553497
4696.37 1.91005337238312
4697.36 1.85970258712769
4698.35 1.81680333614349
4699.34 1.78321838378906
4700.33 1.75311779975891
4701.32 1.72737276554108
4702.31 1.72990143299103
4703.3 1.76925146579742
4704.29 1.79509556293488
4705.28 1.8033504486084
4706.27 1.80201947689056
4707.26 1.78820419311523
4708.25 1.75755512714386
4709.24 1.70406019687653
4710.23 1.64303696155548
4711.22 1.57179701328278
4712.21 1.50292277336121
4713.2 1.43725943565369
4714.19 1.38751089572906
4715.18 1.36027586460114
4716.17 1.36439561843872
4717.16 1.41287076473236
4718.15 1.47735190391541
4719.14 1.56544196605682
4720.13 1.62172591686249
4721.12 1.63109588623047
4722.11 1.63389003276825
4723.1 1.62698495388031
4724.09 1.61686134338379
4725.08 1.60178637504578
4726.07 1.57794368267059
4727.06 1.54061222076416
4728.05 1.50243306159973
4729.04 1.46289300918579
4730.03 1.43749368190765
4731.02 1.43479359149933
4732.01 1.45011925697327
4733 1.49438071250916
4733.99 1.51105606555939
4734.98 1.48150610923767
4735.97 1.45397126674652
4736.96 1.42981326580048
4737.95 1.41980183124542
4738.94 1.43454682826996
4739.93 1.44814276695251
4740.92 1.45972776412964
4741.91 1.48249495029449
4742.9 1.52483117580414
4743.89 1.54979419708252
4744.88 1.54298913478851
4745.87 1.54038774967194
4746.86 1.54547274112701
4747.85 1.56105399131775
4748.84 1.59582829475403
4749.83 1.61673676967621
4750.82 1.61113679409027
4751.81 1.60857737064362
4752.8 1.61183094978333
4753.79 1.61968994140625
4754.78 1.63675999641418
4755.77 1.66577339172363
4756.76 1.71867334842682
4757.75 1.77482450008392
4758.74 1.83747804164886
4759.73 1.88314950466156
4760.72 1.89326453208923
4761.71 1.90171480178833
4762.7 1.90667974948883
4763.69 1.89230728149414
4764.68 1.83551728725433
4765.67 1.79393601417542
4766.66 1.78571605682373
4767.65 1.78413426876068
4768.64 1.79711377620697
4769.63 1.80979943275452
4770.62 1.82180941104889
4771.61 1.83868098258972
4772.6 1.86673426628113
4773.59 1.9023677110672
4774.58 1.9562976360321
4775.57 1.9979510307312
4776.56 2.00997090339661
4777.55 2.01737117767334
4778.54 2.01362013816833
4779.53 2.00836324691772
4780.52 1.99928832054138
4781.51 1.98861241340637
4782.5 1.97387683391571
4783.49 1.95728278160095
4784.48 1.93573272228241
4785.47 1.92692863941193
4786.46 1.95211362838745
4787.45 1.97578525543213
4788.44 1.99542105197906
4789.43 2.00013160705566
4790.42 1.96293663978577
4791.41 1.9319041967392
4792.4 1.9181741476059
4793.39 1.90994572639465
4794.38 1.91716432571411
4795.37 1.91583526134491
4796.36 1.88920521736145
4797.35 1.86306881904602
4798.34 1.83839344978333
4799.33 1.82635450363159
4800.32 1.85380458831787
4801.31 1.88816368579865
4802.3 1.94411361217499
4803.29 1.99214422702789
4804.28 2.01542663574219
4805.27 2.0075306892395
4806.26 1.89661073684692
4807.25 1.79630076885223
4808.24 1.73105037212372
4809.23 1.68282783031464
4810.22 1.69420278072357
4811.21 1.6961544752121
4812.2 1.66512441635132
4813.19 1.63797187805176
4814.18 1.62439048290253
4815.17 1.60760533809662
4816.16 1.57892024517059
4817.15 1.55586731433868
4818.14 1.55373311042786
4819.13 1.56394410133362
4820.12 1.6229190826416
4821.11 1.67133247852325
4822.1 1.67802751064301
4823.09 1.68721425533295
4824.08 1.70624315738678
4825.07 1.73241448402405
4826.06 1.78865945339203
4827.05 1.83402693271637
4828.04 1.83359408378601
4829.03 1.82823002338409
4830.02 1.80067503452301
4831.01 1.77263998985291
4832 1.74244499206543
4832.99 1.72095465660095
4833.98 1.73863542079926
4834.97 1.76111376285553
4835.96 1.80673372745514
4836.95 1.84535276889801
4837.94 1.85020279884338
4838.93 1.85416448116302
4839.92 1.85384106636047
4840.91 1.84826338291168
4841.9 1.81542837619781
4842.89 1.78636109828949
4843.88 1.77683913707733
4844.87 1.76860773563385
4845.86 1.76760268211365
4846.85 1.76426434516907
4847.84 1.74785935878754
4848.83 1.73143827915192
4849.82 1.71492660045624
4850.81 1.6940985918045
4851.8 1.64706361293793
4852.79 1.61253750324249
4853.78 1.65395832061768
4854.77 1.70062363147736
4855.76 1.7819836139679
4856.75 1.85906875133514
4857.74 1.90787374973297
4858.73 1.9539589881897
4859.72 1.98205208778381
4860.71 2.00602555274963
4861.7 2.00013041496277
4862.69 1.99967038631439
4863.68 2.03861379623413
4864.67 2.07675671577454
4865.66 2.10849666595459
4866.65 2.13569664955139
4867.64 2.1265766620636
4868.63 2.1218843460083
4869.62 2.1526141166687
4870.61 2.182124376297
4871.6 2.2007794380188
4872.59 2.20723652839661
4873.58 2.10513210296631
4874.57 2.00879693031311
4875.56 1.97015178203583
4876.55 1.94124317169189
4877.54 2.00969815254211
4878.53 2.08069086074829
4879.52 2.17705893516541
4880.51 2.27236676216125
4881.5 2.35561180114746
4882.49 2.43187952041626
4883.48 2.42878031730652
4884.47 2.42355751991272
4885.46 2.3904275894165
4886.45 2.35839867591858
4887.44 2.34084367752075
4888.43 2.326575756073
4889.42 2.35550975799561
4890.41 2.383544921875
4891.4 2.39764976501465
4892.39 2.4095184803009
4893.38 2.38672351837158
4894.37 2.36726951599121
4895.36 2.39960122108459
4896.35 2.43442034721375
4897.34 2.51600551605225
4898.33 2.59328126907349
4899.32 2.58954524993896
4900.31 2.58589649200439
4901.3 2.58432650566101
4902.29 2.58615779876709
4903.28 2.66876769065857
4904.27 2.74905800819397
4905.26 2.77425575256348
4906.25 2.7983250617981
4907.24 2.78627991676331
4908.23 2.77405095100403
4909.22 2.75593256950378
4910.21 2.73762154579163
4911.2 2.70997643470764
4912.19 2.68308734893799
4913.18 2.69285726547241
4914.17 2.70169162750244
4915.16 2.66514110565186
4916.15 2.6287248134613
4917.14 2.60544490814209
4918.13 2.58280777931213
4919.12 2.62317895889282
4920.11 2.66354990005493
4921.1 2.700355052948
4922.09 2.73715996742249
4923.08 2.70808005332947
4924.07 2.67899990081787
4925.06 2.64208650588989
4926.05 2.60517287254333
4927.04 2.59163427352905
4928.03 2.57833433151245
4929.02 2.61408376693726
4930.01 2.65033388137817
4931 2.66476464271545
4931.99 2.67897295951843
4932.98 2.64853835105896
4933.97 2.61718344688416
4934.96 2.58925843238831
4935.95 2.56140398979187
4936.94 2.55190062522888
4937.93 2.54297065734863
4938.92 2.51583456993103
4939.91 2.48812961578369
4940.9 2.43804049491882
4941.89 2.38725209236145
4942.88 2.31409382820129
4943.87 2.23999404907227
4944.86 2.19900488853455
4945.85 2.15940976142883
4946.84 2.18520641326904
4947.83 2.21448135375977
4948.82 2.2233612537384
4949.81 2.23115634918213
4950.8 2.20434188842773
4951.79 2.1756865978241
4952.78 2.15462207794189
4953.77 2.13404703140259
4954.76 2.13460397720337
4955.75 2.13652420043945
4956.74 2.15135669708252
4957.73 2.16717171669006
4958.72 2.17809414863586
4959.71 2.18864393234253
4960.7 2.2017707824707
4961.69 2.21509337425232
4962.68 2.17879104614258
4963.67 2.13812613487244
4964.66 2.03828859329224
4965.65 1.93324899673462
4966.64 1.98754096031189
4967.63 2.05776596069336
4968.62 2.15509080886841
4969.61 2.25512599945068
4970.6 2.1912477016449
4971.59 2.11097812652588
4972.58 2.06396627426147
4973.57 2.02069115638733
4974.56 2.01868438720703
4975.55 2.0213143825531
4976.54 2.03555607795715
4977.53 2.05110263824463
4978.52 2.0523054599762
4979.51 2.0517156124115
4980.5 2.00566005706787
4981.49 1.9539213180542
4982.48 1.90794634819031
4983.47 1.86276638507843
4984.46 1.83771061897278
4985.45 1.81543064117432
4986.44 1.83038794994354
4987.43 1.85048151016235
4988.42 1.87609243392944
4989.41 1.90253746509552
4990.4 1.89971339702606
4991.39 1.89246499538422
4992.38 1.92394602298737
4993.37 1.96180605888367
4994.36 2.00294589996338
4995.35 2.04462575912476
4996.34 2.02568197250366
4997.33 1.99675321578979
4998.32 1.97890031337738
4999.31 1.96302533149719
5000.3 1.99032819271088
5001.29 2.02534127235413
5002.28 2.05035829544067
5003.27 2.07344818115234
5004.26 2.06724524497986
5005.25 2.05539512634277
5006.24 2.02658629417419
5007.23 1.99450838565826
5008.22 1.9585440158844
5009.21 1.92177402973175
5010.2 1.88731622695923
5011.19 1.85333788394928
5012.18 1.89488863945007
5013.17 1.95322358608246
5014.16 1.99047410488129
5015.15 2.02303910255432
5016.14 1.99226176738739
5017.13 1.9474081993103
5018.12 1.95204854011536
5019.11 1.96844351291656
5020.1 2.00055885314941
5021.09 2.0364077091217
5022.08 2.04728484153748
5023.07 2.05183982849121
5024.06 2.00386786460876
5025.05 1.94259774684906
5026.04 1.84252607822418
5027.03 1.73263108730316
5028.02 1.75370121002197
5029.01 1.8100311756134
5030 1.88016879558563
5030.99 1.95402383804321
5031.98 1.99854612350464
5032.97 2.0351710319519
5033.96 2.0174994468689
5034.95 1.98431444168091
5035.94 1.96961915493011
5036.93 1.96020674705505
5037.92 2.01659750938416
5038.91 2.09290266036987
5039.9 2.11250305175781
5040.89 2.11494302749634
5041.88 2.08462882041931
5042.87 2.04440188407898
5043.86 2.01116132736206
5044.85 1.98015642166138
5045.84 1.96484982967377
5046.83 1.95456671714783
5047.82 1.98668277263641
5048.81 2.03312277793884
5049.8 2.05288529396057
5050.79 2.06363534927368
5051.78 2.05692720413208
5052.77 2.04432082176208
5053.76 2.03136157989502
5054.75 2.01827645301819
5055.74 1.99866998195648
5056.73 1.97674071788788
5057.72 1.9340763092041
5058.71 1.88363635540009
5059.7 1.88013088703156
5060.69 1.89422595500946
5061.68 1.92823040485382
5062.67 1.96970093250275
5063.66 1.9908858537674
5064.65 2.00407099723816
5065.64 2.00794982910156
5066.63 2.00815868377686
5067.62 1.99514269828796
5068.61 1.97664773464203
5069.6 1.97729671001434
5070.59 1.98587667942047
5071.58 2.00397992134094
5072.57 2.02602863311768
5073.56 2.03092217445374
5074.55 2.02835726737976
5075.54 2.02797389030457
5076.53 2.02853870391846
5077.52 2.00920629501343
5078.51 1.98122251033783
5079.5 2.00854802131653
5080.49 2.06108808517456
5081.48 2.1020028591156
5082.47 2.13761806488037
5083.46 2.0987446308136
5084.45 2.02429461479187
5085.44 1.96214830875397
5086.43 1.90587830543518
5087.42 1.8647518157959
5088.41 1.83085799217224
5089.4 1.84413003921509
5090.39 1.88098502159119
5091.38 1.93435251712799
5092.37 1.99597632884979
5093.36 2.03881645202637
5094.35 2.07183146476746
5095.34 2.06963157653809
5096.33 2.04901170730591
5097.32 2.01273226737976
5098.31 1.96826183795929
5099.3 1.9572559595108
5100.29 1.96455097198486
5101.28 2.0036678314209
5102.27 2.06018733978271
5103.26 2.11516737937927
5104.25 2.16926717758179
5105.24 2.19340419769287
5106.23 2.20041918754578
5107.22 2.1942195892334
5108.21 2.18046903610229
5109.2 2.17351078987122
5110.19 2.17060565948486
5111.18 2.18935680389404
5112.17 2.22103190422058
5113.16 2.25836777687073
5114.15 2.29908227920532
5115.14 2.32874608039856
5116.13 2.35152626037598
5117.12 2.34659242630005
5118.11 2.32439470291138
5119.1 2.27358937263489
5120.09 2.20418930053711
5121.08 2.16625905036926
5122.07 2.14878416061401
5123.06 2.1574547290802
5124.05 2.1831202507019
5125.04 2.22189950942993
5126.03 2.26956939697266
5127.02 2.29600787162781
5128.01 2.30805206298828
5129 2.30755352973938
5129.99 2.29818844795227
5130.98 2.29075384140015
5131.97 2.2846839427948
5132.96 2.29407596588135
5133.95 2.31439828872681
5134.94 2.331374168396
5135.93 2.34588432312012
5136.92 2.36846685409546
5137.91 2.39699769020081
5138.9 2.41541433334351
5139.89 2.42606425285339
5140.88 2.43843388557434
5141.87 2.45212388038635
5142.86 2.46832156181335
5143.85 2.48644518852234
5144.84 2.49443054199219
5145.83 2.49430561065674
5146.82 2.5012423992157
5147.81 2.51382899284363
5148.8 2.51949262619019
5149.79 2.51938772201538
5150.78 2.55076360702515
5151.77 2.60837364196777
5152.76 2.65238809585571
5153.75 2.68507313728333
5154.74 2.68715715408325
5155.73 2.66268229484558
5156.72 2.63684749603271
5157.71 2.6098325252533
5158.7 2.58595013618469
5159.69 2.56478714942932
5160.68 2.57125663757324
5161.67 2.60270166397095
5162.66 2.63600516319275
5163.65 2.67098832130432
5164.64 2.70045018196106
5165.63 2.72471523284912
5166.62 2.7512571811676
5167.61 2.77994203567505
5168.6 2.81564426422119
5169.59 2.85795044898987
5170.58 2.89838743209839
5171.57 2.93699240684509
5172.56 2.93995666503906
5173.55 2.90799331665039
5174.54 2.86345720291138
5175.53 2.80609226226807
5176.52 2.75490164756775
5177.51 2.71001172065735
5178.5 2.69443392753601
5179.49 2.7087664604187
5180.48 2.74481415748596
5181.47 2.80393433570862
5182.46 2.85074615478516
5183.45 2.88448071479797
5184.44 2.91648507118225
5185.43 2.94657516479492
5186.42 2.97304749488831
5187.41 2.99551749229431
5188.4 2.99602818489075
5189.39 2.972243309021
5190.38 2.948490858078
5191.37 2.92477583885193
5192.36 2.92489290237427
5193.35 2.95246863365173
5194.34 2.98041462898254
5195.33 3.00880455970764
5196.32 3.03336262702942
5197.31 3.05332279205322
5198.3 3.0795259475708
5199.29 3.11322069168091
5200.28 3.14725780487061
5201.27 3.18172287940979
5202.26 3.19621348381042
5203.25 3.18573641777039
5204.24 3.16096162796021
5205.23 3.11756658554077
5206.22 3.09123706817627
5207.21 3.0871319770813
5208.2 3.11581540107727
5209.19 3.18719983100891
5210.18 3.25766611099243
5211.17 3.32688617706299
5212.16 3.37306976318359
5213.15 3.38798975944519
5214.14 3.4001784324646
5215.13 3.4086606502533
5216.12 3.41978406906128
5217.11 3.43464422225952
5218.1 3.44121551513672
5219.09 3.43606162071228
5220.08 3.43452334403992
5221.07 3.43831825256348
5222.06 3.44301629066467
5223.05 3.44904637336731
5224.04 3.46002697944641
5225.03 3.47830963134766
5226.02 3.50105261802673
5227.01 3.53065752983093
5228 3.55444407463074
5228.99 3.56927919387817
5229.98 3.58643651008606
5230.97 3.6073215007782
5231.96 3.62576913833618
5232.95 3.64030408859253
5233.94 3.65619921684265
5234.93 3.67427802085876
5235.92 3.69516205787659
5236.91 3.72074699401855
5237.9 3.7439022064209
5238.89 3.76298594474792
5239.88 3.77082085609436
5240.87 3.75897097587585
5241.86 3.73919725418091
5242.85 3.70555734634399
5243.84 3.67880058288574
5244.83 3.6640899181366
5245.82 3.65879225730896
5246.81 3.67070746421814
5247.8 3.69242572784424
5248.79 3.73207068443298
5249.78 3.77551889419556
5250.77 3.82623910903931
5251.76 3.87704825401306
5252.75 3.92802834510803
5253.74 3.95995879173279
5254.73 3.95547151565552
5255.72 3.95125508308411
5256.71 3.94758009910583
5257.7 3.95580005645752
5258.69 3.98780989646912
5259.68 4.0081467628479
5260.67 4.00513696670532
5261.66 4.00430870056152
5262.65 4.00804901123047
5263.64 4.01959943771362
5264.63 4.04750347137451
5265.62 4.06834697723389
5266.61 4.07370185852051
5267.6 4.07878923416138
5268.59 4.08328914642334
5269.58 4.07675123214722
5270.57 4.04600143432617
5271.56 4.02431869506836
5272.55 4.02348852157593
5273.54 4.03276348114014
5274.53 4.06527900695801
5275.52 4.09190225601196
5276.51 4.10430240631104
5277.5 4.11561107635498
5278.49 4.12428617477417
5279.48 4.12557315826416
5280.47 4.10902643203735
5281.46 4.09591436386108
5282.45 4.0915093421936
5283.44 4.09103727340698
5284.43 4.10053968429565
5285.42 4.12321519851685
5286.41 4.18101978302002
5287.4 4.23343324661255
5288.39 4.27146816253662
5289.38 4.28711557388306
5290.37 4.24306297302246
5291.36 4.20064210891724
5292.35 4.16280221939087
5293.34 4.12896585464478
5294.33 4.10637092590332
5295.32 4.08943700790405
5296.31 4.08839702606201
5297.3 4.09094953536987
5298.29 4.10413455963135
5299.28 4.12194490432739
5300.27 4.15344572067261
5301.26 4.17955827713013
5302.25 4.18883371353149
5303.24 4.19343709945679
5304.23 4.18344211578369
5305.22 4.17141723632812
5306.21 4.1530499458313
5307.2 4.14264965057373
5308.19 4.15857458114624
5309.18 4.1777811050415
5310.17 4.20782899856567
5311.16 4.23447322845459
5312.15 4.24920320510864
5313.14 4.25822019577026
5314.13 4.24724006652832
5315.12 4.23620939254761
5316.11 4.22500085830688
5317.1 4.21813106536865
5318.09 4.22737598419189
5319.08 4.23173046112061
5320.07 4.21792030334473
5321.06 4.20624446868896
5322.05 4.20299959182739
5323.04 4.19997453689575
5324.03 4.19781970977783
5325.02 4.19944763183594
5326.01 4.21601915359497
5327 4.22998571395874
5327.99 4.23298597335815
5328.98 4.23086261749268
5329.97 4.20716714859009
5330.96 4.18811655044556
5331.95 4.18996620178223
5332.94 4.20006895065308
5333.93 4.24730920791626
5334.92 4.29961109161377
5335.91 4.3746919631958
5336.9 4.43523073196411
5337.89 4.42562580108643
5338.88 4.41170120239258
5339.87 4.37694120407104
5340.86 4.34182596206665
5341.85 4.30499696731567
5342.84 4.27431535720825
5343.83 4.27552556991577
5344.82 4.27868890762329
5345.81 4.29198694229126
5346.8 4.308669090271
5347.79 4.34430408477783
5348.78 4.38080644607544
5349.77 4.42216682434082
5350.76 4.46224403381348
5351.75 4.4951376914978
5352.74 4.52274703979492
5353.73 4.51827239990234
5354.72 4.51181697845459
5355.71 4.49334049224854
5356.7 4.47816514968872
5357.69 4.48483037948608
5358.68 4.49070358276367
5359.67 4.49133825302124
5360.66 4.49057579040527
5361.65 4.48056602478027
5362.64 4.47051954269409
5363.63 4.46020460128784
5364.62 4.44930791854858
5365.61 4.43419456481934
5366.6 4.42269659042358
5367.59 4.44012689590454
5368.58 4.45639944076538
5369.57 4.46341466903687
5370.56 4.4703803062439
5371.55 4.47695207595825
5372.54 4.48056411743164
5373.53 4.45783424377441
5374.52 4.43682813644409
5375.51 4.43116664886475
5376.5 4.42916202545166
5377.49 4.46372175216675
5378.48 4.49624824523926
5379.47 4.50843811035156
5380.46 4.5217661857605
5381.45 4.54647636413574
5382.44 4.57223510742188
5383.43 4.60992002487183
5384.42 4.64704513549805
5385.41 4.67779970169067
5386.4 4.70691442489624
5387.39 4.71447467803955
5388.38 4.72376394271851
5389.37 4.755784034729
5390.36 4.78670787811279
5391.35 4.80322456359863
5392.34 4.81560564041138
5393.33 4.76389074325562
5394.32 4.71522951126099
5395.31 4.7139048576355
5396.3 4.71439170837402
5397.29 4.74296236038208
5398.28 4.77298498153687
5399.27 4.8303050994873
5400.26 4.88544225692749
5401.25 4.89954090118408
5402.24 4.91185331344604
5403.23 4.88173818588257
5404.22 4.85247993469238
5405.21 4.84356498718262
5406.2 4.83350086212158
5407.19 4.79615449905396
5408.18 4.75832414627075
5409.17 4.704993724823
5410.16 4.65228796005249
5411.15 4.61955833435059
5412.14 4.58752059936523
5413.13 4.58904075622559
5414.12 4.59184551239014
5415.11 4.65697050094604
5416.1 4.72183609008789
5417.09 4.77412223815918
5418.08 4.82616806030273
5419.07 4.8546781539917
5420.06 4.88343811035156
5421.05 4.93669414520264
5422.04 4.98995018005371
5423.03 5.03397989273071
5424.02 5.07801008224487
5425.01 5.08803987503052
5426 5.09807014465332
5426.99 5.07132530212402
5427.98 5.04457998275757
5428.97 4.95545148849487
5429.96 4.86568689346313
5430.95 4.91586303710938
5431.94 4.96746730804443
5432.93 5.04932355880737
5433.92 5.13180351257324
5434.91 5.15167951583862
5435.9 5.17026472091675
5436.89 5.19582605361938
5437.88 5.22153091430664
5438.87 5.21442174911499
5439.86 5.20628643035889
5440.85 5.25021934509277
5441.84 5.29577922821045
5442.83 5.3027606010437
5443.82 5.30853652954102
5444.81 5.25451421737671
5445.8 5.19797468185425
5446.79 5.24183416366577
5447.78 5.28992128372192
5448.77 5.3652663230896
5449.76 5.44206142425537
5450.75 5.436354637146
5451.74 5.42625999450684
5452.73 5.40442752838135
5453.72 5.38197088241577
5454.71 5.3858003616333
5455.7 5.39132499694824
5456.69 5.39384269714355
5457.68 5.39616584777832
5458.67 5.40440082550049
5459.66 5.4130859375
5460.65 5.39886379241943
5461.64 5.38289880752563
5462.63 5.36600494384766
5463.62 5.34904098510742
5464.61 5.37440919876099
5465.6 5.40349912643433
5466.59 5.41821050643921
5467.58 5.43165731430054
5468.57 5.41145706176758
5469.56 5.38789224624634
5470.55 5.31274557113647
5471.54 5.23244047164917
5472.53 5.20261716842651
5473.52 5.17784261703491
5474.51 5.18950366973877
5475.5 5.2052583694458
5476.49 5.28659057617188
5477.48 5.37529039382935
5478.47 5.42606639862061
5479.46 5.47258186340332
5480.45 5.39741659164429
5481.44 5.30704164505005
5482.43 5.31740808486938
5483.42 5.34036731719971
5484.41 5.38349533081055
5485.4 5.42940521240234
5486.39 5.36709690093994
5487.38 5.28986167907715
5488.37 5.27321624755859
5489.36 5.26492834091187
5490.35 5.33247947692871
5491.34 5.41149425506592
5492.33 5.40160608291626
5493.32 5.3782787322998
5494.31 5.35234355926514
5495.3 5.32597827911377
5496.29 5.29836845397949
5497.28 5.27055358886719
5498.27 5.27063083648682
5499.26 5.27530241012573
5500.25 5.33486080169678
5501.24 5.40422105789185
5502.23 5.42776918411255
5503.22 5.44313621520996
5504.21 5.44053936004639
5505.2 5.43447923660278
5506.19 5.39721059799194
5507.18 5.35392570495605
5508.17 5.29045248031616
5509.16 5.22308778762817
5510.15 5.18250942230225
5511.14 5.14748430252075
5512.13 5.15424394607544
5513.12 5.16966581344604
5514.11 5.17026519775391
5515.1 5.16757011413574
5516.09 5.18413114547729
5517.08 5.2049708366394
5518.07 5.22405624389648
5519.06 5.24275207519531
5520.05 5.23574590682983
5521.04 5.22263622283936
5522.03 5.184730052948
5523.02 5.14093494415283
5524.01 5.11514711380005
5525 5.09363555908203
5525.99 5.09386253356934
5526.98 5.0995922088623
5527.97 5.09381055831909
5528.96 5.08511447906494
5529.95 5.08802461624146
5530.94 5.09405994415283
5531.93 5.12620115280151
5532.92 5.16537141799927
5533.91 5.17639636993408
5534.9 5.17984390258789
5535.89 5.15177011489868
5536.88 5.11468982696533
5537.87 5.04688930511475
5538.86 4.9703106880188
5539.85 4.92415809631348
5540.84 4.88721323013306
5541.83 4.90089654922485
5542.82 4.92990159988403
5543.81 4.957350730896
5544.8 4.98432970046997
5545.79 4.99421453475952
5546.78 4.99862957000732
5547.77 5.01139831542969
5548.76 5.0268406867981
5549.75 5.01789855957031
5550.74 5.00071859359741
5551.73 4.9728307723999
5552.72 4.94132566452026
5553.71 4.89768266677856
5554.7 4.84993886947632
5555.69 4.81216335296631
5556.68 4.77793836593628
5557.67 4.76993322372437
5558.66 4.7712664604187
5559.65 4.76774978637695
5560.64 4.76241493225098
5561.63 4.74533462524414
5562.62 4.72384977340698
5563.61 4.69793128967285
5564.6 4.67035055160522
5565.59 4.65550756454468
5566.58 4.64568758010864
5567.57 4.64431953430176
5568.56 4.64628458023071
5569.55 4.66050624847412
5570.54 4.67980623245239
5571.53 4.67843151092529
5572.52 4.66849184036255
5573.51 4.63266611099243
5574.5 4.58611583709717
5575.49 4.55996656417847
5576.48 4.54268646240234
5577.47 4.54849338531494
5578.46 4.56433868408203
5579.45 4.56963920593262
5580.44 4.5703558921814
5581.43 4.53968811035156
5582.42 4.494713306427
5583.41 4.43834686279297
5584.4 4.3767876625061
5585.39 4.35543489456177
5586.38 4.35328483581543
5587.37 4.349778175354
5588.36 4.34562301635742
5589.35 4.33503484725952
5590.34 4.321373462677
5591.33 4.30944681167603
5592.32 4.2983865737915
5593.31 4.28597068786621
5594.3 4.27287673950195
5595.29 4.26124954223633
5596.28 4.25038957595825
5597.27 4.26315307617188
5598.26 4.28827285766602
5599.25 4.28414154052734
5600.24 4.26470994949341
5601.23 4.2253680229187
5602.22 4.17513799667358
5603.21 4.142746925354
5604.2 4.12011098861694
5605.19 4.12032127380371
5606.18 4.13358640670776
5607.17 4.13349723815918
5608.16 4.12577724456787
5609.15 4.09258127212524
5610.14 4.04482746124268
5611.13 4.01377534866333
5612.12 3.99269032478333
5613.11 3.9850001335144
5614.1 3.98530340194702
5615.09 3.99562978744507
5616.08 4.01219987869263
5617.07 4.00819301605225
5618.06 3.99136805534363
5619.05 3.96690726280212
5620.04 3.93768978118896
5621.03 3.89789509773254
5622.02 3.85122513771057
5623.01 3.77251887321472
5624 3.67298889160156
5624.99 3.64528250694275
5625.98 3.66426157951355
5626.97 3.67366123199463
5627.96 3.67656636238098
5628.95 3.69042062759399
5629.94 3.71169805526733
5630.93 3.70190024375916
5631.92 3.6701352596283
5632.91 3.64502859115601
5633.9 3.62462854385376
5634.89 3.63242292404175
5635.88 3.66014790534973
5636.87 3.692378282547
5637.86 3.72792816162109
5638.85 3.73984789848328
5639.84 3.73435544967651
5640.83 3.73262619972229
5641.82 3.73378610610962
5642.81 3.71419787406921
5643.8 3.6786777973175
5644.79 3.62311863899231
5645.78 3.5521719455719
5646.77 3.50207877159119
5647.76 3.46866893768311
5648.75 3.43670916557312
5649.74 3.40590977668762
5650.73 3.3948962688446
5651.72 3.40037131309509
5652.71 3.41454362869263
5653.7 3.43596363067627
5654.69 3.47199440002441
5655.68 3.5202009677887
5656.67 3.55008959770203
5657.66 3.56407952308655
5658.65 3.54235887527466
5659.64 3.48964381217957
5660.63 3.42992234230042
5661.62 3.36411952972412
5662.61 3.33089709281921
5663.6 3.3271222114563
5664.59 3.32653212547302
5665.58 3.32882046699524
5666.57 3.29903626441956
5667.56 3.23906636238098
5668.55 3.18564128875732
5669.54 3.13837647438049
5670.53 3.12140583992004
5671.52 3.13294744491577
5672.51 3.15107655525208
5673.5 3.17566156387329
5674.49 3.19530749320984
5675.48 3.21011257171631
5676.47 3.21364784240723
5677.46 3.2056827545166
5678.45 3.18826913833618
5679.44 3.16121411323547
5680.43 3.13997101783752
5681.42 3.12465834617615
5682.41 3.11796283721924
5683.4 3.12042284011841
5684.39 3.12454342842102
5685.38 3.13042879104614
5686.37 3.1277186870575
5687.36 3.11549854278564
5688.35 3.09544277191162
5689.34 3.06671786308289
5690.33 3.04772591590881
5691.32 3.03950238227844
5692.31 3.04239273071289
5693.3 3.05808758735657
5694.29 3.06733131408691
5695.28 3.06914234161377
5696.27 3.05147767066956
5697.26 3.01044273376465
5698.25 2.98778963088989
5699.24 2.98719453811646
5700.23 3.00554394721985
5701.22 3.046626329422
5702.21 3.0998899936676
5703.2 3.16838002204895
5704.19 3.21801233291626
5705.18 3.2440721988678
5706.17 3.25664186477661
5707.16 3.25234866142273
5708.15 3.23791265487671
5709.14 3.21026754379272
5710.13 3.19364476203918
5711.12 3.19137620925903
5712.11 3.19455218315125
5713.1 3.20511722564697
5714.09 3.21299457550049
5715.08 3.21722459793091
5716.07 3.2201201915741
5717.06 3.22120451927185
5718.05 3.20844459533691
5719.04 3.1760995388031
5720.03 3.16081738471985
5721.02 3.16967272758484
5722.01 3.19543290138245
5723 3.24612784385681
5723.99 3.29663300514221
5724.98 3.34685802459717
5725.97 3.38410258293152
5726.96 3.4022011756897
5727.95 3.38597822189331
5728.94 3.31695342063904
5729.93 3.26529741287231
5730.92 3.24036335945129
5731.91 3.22793817520142
5732.9 3.23559331893921
5733.89 3.22927474975586
5734.88 3.20052456855774
5735.87 3.17974138259888
5736.86 3.17174673080444
5737.85 3.19633817672729
5738.84 3.2755331993103
5739.83 3.3291163444519
5740.82 3.33978247642517
5741.81 3.34071731567383
5742.8 3.32462215423584
5743.79 3.34174919128418
5744.78 3.41701412200928
5745.77 3.48280143737793
5746.76 3.5320029258728
5747.75 3.55448913574219
5748.74 3.5281240940094
5749.73 3.50638580322266
5750.72 3.49310779571533
5751.71 3.49224424362183
5752.7 3.51511430740356
5753.69 3.55007314682007
5754.68 3.60814332962036
5755.67 3.65957450866699
5756.66 3.69831371307373
5757.65 3.73559832572937
5758.64 3.76997327804565
5759.63 3.77262663841248
5760.62 3.71183657646179
5761.61 3.6571216583252
5762.6 3.61455655097961
5763.59 3.6071949005127
5764.58 3.67353987693787
5765.57 3.72386884689331
5766.56 3.74066400527954
5767.55 3.75160980224609
5768.54 3.74972486495972
5769.53 3.74515771865845
5770.52 3.73470783233643
5771.51 3.72969532012939
5772.5 3.73661041259766
5773.49 3.74453902244568
5774.48 3.75479912757874
5775.47 3.7690896987915
5776.46 3.79265069961548
5777.45 3.8182590007782
5778.44 3.84880900382996
5779.43 3.87702584266663
5780.42 3.89961075782776
5781.41 3.91665840148926
5782.4 3.92033982276917
5783.39 3.91455602645874
5784.38 3.88477087020874
5785.37 3.86624789237976
5786.36 3.87628221511841
5787.35 3.88644099235535
5788.34 3.89693093299866
5789.33 3.89866638183594
5790.32 3.87705636024475
5791.31 3.86041331291199
5792.3 3.85701537132263
5793.29 3.8619921207428
5794.28 3.89048218727112
5795.27 3.93011069297791
5796.26 4.00101280212402
5797.25 4.06420946121216
5798.24 4.1045994758606
5799.23 4.12876462936401
5800.22 4.10490465164185
5801.21 4.08984899520874
5802.2 4.10085344314575
5803.19 4.1198034286499
5804.18 4.16358327865601
5805.17 4.21658992767334
5806.16 4.2984299659729
5807.15 4.36112451553345
5808.14 4.36399030685425
5809.13 4.35359668731689
5810.12 4.299391746521
5811.11 4.24616432189941
5812.1 4.1961669921875
5813.09 4.14899873733521
5814.08 4.11173391342163
5815.07 4.09387016296387
5816.06 4.14390993118286
5817.05 4.18429136276245
5818.04 4.19086837768555
5819.03 4.20018434524536
5820.02 4.2196741104126
5821.01 4.24492216110229
5822 4.29155683517456
5822.99 4.33146190643311
5823.98 4.34478712081909
5824.97 4.36288166046143
5825.96 4.39981651306152
5826.95 4.42516326904297
5827.94 4.40473651885986
5828.93 4.38222694396973
5829.92 4.35094690322876
5830.91 4.3250904083252
5831.9 4.32207059860229
5832.89 4.30929613113403
5833.88 4.25262641906738
5834.87 4.19482374191284
5835.86 4.13192367553711
5836.85 4.08671855926514
5837.84 4.12113952636719
5838.83 4.15827798843384
5839.82 4.20852279663086
5840.81 4.23548889160156
5841.8 4.15016889572144
5842.79 4.07964086532593
5843.78 4.08046197891235
5844.77 4.0919976234436
5845.76 4.15911769866943
5846.75 4.20842552185059
5847.74 4.16533327102661
5848.73 4.12658643722534
5849.72 4.1121768951416
5850.71 4.09033393859863
5851.7 4.02686929702759
5852.69 3.97595739364624
5853.68 3.99534463882446
5854.67 4.0254864692688
5855.66 4.12092638015747
5856.65 4.20709466934204
5857.64 4.23696851730347
5858.63 4.26339721679688
5859.62 4.26703214645386
5860.61 4.26549768447876
5861.6 4.2297625541687
5862.59 4.19690132141113
5863.58 4.18305110931396
5864.57 4.16835403442383
5865.56 4.14751386642456
5866.55 4.12798357009888
5867.54 4.11794948577881
5868.53 4.10531044006348
5869.52 4.0718355178833
5870.51 4.03806209564209
5871.5 4.00190210342407
5872.49 3.97165274620056
5873.48 3.98868656158447
5874.47 4.0058650970459
5875.46 4.02433013916016
5876.45 4.04133605957031
5877.44 4.04535579681396
5878.43 4.05281257629395
5879.42 4.09464263916016
5880.41 4.13637828826904
5881.4 4.17716836929321
5882.39 4.21519804000854
5883.38 4.22562503814697
5884.37 4.23181581497192
5885.36 4.18981075286865
5886.35 4.14404439926147
5887.34 4.05549430847168
5888.33 3.96997284889221
5889.32 3.91890096664429
5890.31 3.87005972862244
5891.3 3.85053968429565
5892.29 3.83408951759338
5893.28 3.85798382759094
5894.27 3.88067674636841
5895.26 3.88474655151367
5896.25 3.88816523551941
5897.24 3.88148522377014
5898.23 3.87464952468872
5899.22 3.86540126800537
5900.21 3.85788130760193
5901.2 3.88285636901855
5902.19 3.90909910202026
5903.18 3.95917630195618
5904.17 4.0054612159729
5905.16 3.96168112754822
5906.15 3.91602301597595
5907.14 3.82575798034668
5908.13 3.73848533630371
5909.12 3.72228217124939
5910.11 3.70603084564209
5911.1 3.68824100494385
5912.09 3.67136263847351
5913.08 3.68366050720215
5914.07 3.69549632072449
5915.06 3.68492126464844
5916.05 3.67409157752991
5917.04 3.65090155601501
5918.03 3.62846374511719
5919.02 3.64251279830933
5920.01 3.65617442131042
5921 3.63185930252075
5921.99 3.60759091377258
5922.98 3.58788537979126
5923.97 3.56818008422852
5924.96 3.58734011650085
5925.95 3.60649991035461
5926.94 3.59397506713867
5927.93 3.58144998550415
5928.92 3.54219818115234
5929.91 3.50294637680054
5930.9 3.45493578910828
5931.89 3.40683579444885
5932.88 3.37115859985352
5933.87 3.33560824394226
5934.86 3.33368492126465
5935.85 3.33245491981506
5936.84 3.32855010032654
5937.83 3.32458996772766
5938.82 3.31788086891174
5939.81 3.311115026474
5940.8 3.33099722862244
5941.79 3.35171222686768
5942.78 3.34586715698242
5943.77 3.33919239044189
5944.76 3.29148697853088
5945.75 3.24249935150146
5946.74 3.20002508163452
5947.73 3.15782499313354
5948.72 3.11933255195618
5949.71 3.08099627494812
5950.7 3.07230424880981
5951.69 3.06518936157227
5952.68 3.09550333023071
5953.67 3.12780833244324
5954.66 3.17132902145386
5955.65 3.21544623374939
5956.64 3.22126221656799
5957.63 3.22460722923279
5958.62 3.22197318077087
5959.61 3.21895360946655
5960.6 3.19669246673584
5961.59 3.17296743392944
5962.58 3.15180730819702
5963.57 3.13084244728088
5964.56 3.10137176513672
5965.55 3.07125377655029
5966.54 3.05772542953491
5967.53 3.04565525054932
5968.52 3.03954935073853
5969.51 3.0339674949646
5970.5 3.02146911621094
5971.49 3.0082790851593
5972.48 2.96608901023865
5973.47 2.92099905014038
5974.46 2.8610954284668
5975.45 2.79971051216125
5976.44 2.80760622024536
5977.43 2.82328605651855
5978.42 2.86220526695251
5979.41 2.90373563766479
5980.4 2.94851446151733
5981.39 2.99369955062866
5982.38 2.95756435394287
5983.37 2.91126441955566
5984.36 2.84000492095947
5985.35 2.76562571525574
5986.34 2.75541043281555
5987.33 2.7540454864502
5988.32 2.78152656555176
5989.31 2.81298661231995
5990.3 2.83452343940735
5991.29 2.85469174385071
5992.28 2.82069873809814
5993.27 2.77851867675781
5994.26 2.73737859725952
5995.25 2.69639563560486
5996.24 2.65787935256958
5997.23 2.61976933479309
5998.22 2.61587405204773
5999.21 2.61761403083801
6000.2 2.62914061546326
6001.19 2.64227938652039
6002.18 2.67095065116882
6003.17 2.70239567756653
6004.16 2.75813817977905
6005.15 2.81821990013123
6006.14 2.85471224784851
6007.13 2.88665723800659
6008.12 2.86732649803162
6009.11 2.83811163902283
6010.1 2.79117250442505
6011.09 2.74081683158875
6012.08 2.75637650489807
6013.07 2.78560161590576
6014.06 2.8021411895752
6015.05 2.81605100631714
6016.04 2.78898644447327
6017.03 2.75281643867493
6018.02 2.7146008014679
6019.01 2.67593097686768
6020 2.65364027023315
6020.99 2.63498950004578
6021.98 2.65650081634521
6022.97 2.68755102157593
6023.96 2.69609093666077
6024.95 2.69928479194641
6025.94 2.71027183532715
6026.93 2.72323179244995
6027.92 2.72878646850586
6028.91 2.73246645927429
6029.9 2.73626685142517
6030.89 2.7400975227356
6031.88 2.76757979393005
6032.87 2.80142974853516
6033.86 2.7988600730896
6034.85 2.78648495674133
6035.84 2.76062059402466
6036.83 2.73112463951111
6037.82 2.72966432571411
6038.81 2.73621439933777
6039.8 2.74858927726746
6040.79 2.76262831687927
6041.78 2.7548201084137
6042.77 2.74040007591248
6043.76 2.71963906288147
6044.75 2.69695901870728
6045.74 2.67633724212646
6046.73 2.65633821487427
6047.72 2.64854693412781
6048.71 2.64466190338135
6049.7 2.65066599845886
6050.69 2.65983462333679
6051.68 2.65778851509094
6052.67 2.65195345878601
6053.66 2.61753511428833
6054.65 2.5734601020813
6055.64 2.53448152542114
6056.63 2.49722456932068
6057.62 2.46482849121094
6058.61 2.43416333198547
6059.6 2.44110250473022
6060.59 2.46143484115601
6061.58 2.48274731636047
6062.57 2.50442719459534
6063.56 2.4995653629303
6064.55 2.48475050926208
6065.54 2.4713282585144
6066.53 2.45842838287354
6067.52 2.46222424507141
6068.51 2.47260427474976
6069.5 2.45010900497437
6070.49 2.41464900970459
6071.48 2.38319873809814
6072.47 2.3533296585083
6073.46 2.32189011573792
6074.45 2.28980016708374
6075.44 2.23793578147888
6076.43 2.17787909507751
6077.42 2.12350368499756
6078.41 2.07159876823425
6079.4 2.07914519309998
6080.39 2.11254024505615
6081.38 2.14962887763977
6082.37 2.18832349777222
6083.36 2.18908596038818
6084.35 2.17255616188049
6085.34 2.14091467857361
6086.33 2.10238432884216
6087.32 2.06647658348083
6088.31 2.03182172775269
6089.3 2.0111722946167
6090.29 1.99721229076385
6091.28 1.97536420822144
6092.27 1.94974851608276
6093.26 1.90483331680298
6094.25 1.85026836395264
6095.24 1.8309623003006
6096.23 1.82928574085236
6097.22 1.84836101531982
6098.21 1.87829101085663
6099.2 1.91559100151062
6100.19 1.9567459821701
6101.18 1.97118055820465
6102.17 1.97163820266724
6103.16 1.95802056789398
6104.15 1.93670558929443
6105.14 1.92674505710602
6106.13 1.92299401760101
6107.12 1.91374540328979
6108.11 1.90135550498962
6109.1 1.8883672952652
6110.09 1.87503731250763
6111.08 1.84692120552063
6112.07 1.81035578250885
6113.06 1.7713075876236
6114.05 1.73077762126923
6115.04 1.72369933128357
6116.03 1.73658430576324
6117.02 1.75231277942657
6118.01 1.76981282234192
6119 1.81296050548553
6119.99 1.87208557128906
6120.98 1.92196941375732
6121.97 1.96609663963318
6122.96 1.99718606472015
6123.95 2.01980113983154
6124.94 2.03621602058411
6125.93 2.0486011505127
6126.92 2.0475492477417
6127.91 2.03776383399963
6128.9 2.04314565658569
6129.89 2.05881071090698
6130.88 2.06588411331177
6131.87 2.0671329498291
6132.86 2.06725740432739
6133.85 2.06658744812012
6134.84 2.06648874282837
6135.83 2.06679368019104
6136.82 2.07835674285889
6137.81 2.09787821769714
6138.8 2.1282172203064
6139.79 2.16652727127075
6140.78 2.19847369194031
6141.77 2.22573089599609
6142.76 2.25841736793518
6143.75 2.29527235031128
6144.74 2.34546542167664
6145.73 2.40590047836304
6146.72 2.43840575218201
6147.71 2.44946479797363
6148.7 2.43466329574585
6149.69 2.39917325973511
6150.68 2.36939024925232
6151.67 2.34417247772217
6152.66 2.33177733421326
6153.65 2.33006715774536
6154.64 2.32907176017761
6155.63 2.32867193222046
6156.62 2.3475284576416
6157.61 2.38243222236633
6158.6 2.4052402973175
6159.59 2.4175500869751
6160.58 2.42401051521301
6161.57 2.4253933429718
6162.56 2.4229850769043
6163.55 2.41715025901794
6164.54 2.40655636787415
6165.53 2.39166140556335
6166.52 2.39167141914368
6167.51 2.40515327453613
6168.5 2.42642068862915
6169.49 2.45501565933228
6170.48 2.4953715801239
6171.47 2.54679656028748
6172.46 2.57414412498474
6173.45 2.57883048057556
6174.44 2.58353638648987
6175.43 2.5882613658905
6176.42 2.59608483314514
6177.41 2.6069450378418
6178.4 2.6122567653656
6179.39 2.61190676689148
6180.38 2.59520602226257
6181.37 2.5618212223053
6182.36 2.53893232345581
6183.35 2.52675366401672
6184.34 2.51390790939331
6185.33 2.50035285949707
6186.32 2.48262906074524
6187.31 2.46047592163086
6188.3 2.45955038070679
6189.29 2.48211026191711
6190.28 2.51078271865845
6191.27 2.54621767997742
6192.26 2.58581233024597
6193.25 2.63000917434692
6194.24 2.65947341918945
6195.23 2.67196345329285
6196.22 2.66530084609985
6197.21 2.63657093048096
6198.2 2.61776828765869
6199.19 2.61087822914124
6200.18 2.60489511489868
6201.17 2.59999990463257
6202.16 2.59582161903381
6203.15 2.59250354766846
6204.14 2.58685779571533
6205.13 2.57830286026001
6206.12 2.56627774238586
6207.11 2.54991555213928
6208.1 2.5401930809021
6209.09 2.53911805152893
6210.08 2.54239726066589
6211.07 2.55134725570679
6212.06 2.55710577964783
6213.05 2.55870771408081
6214.04 2.57054996490479
6215.03 2.59629011154175
6216.02 2.61563444137573
6217.01 2.62629961967468
6218 2.60917115211487
6218.99 2.55432319641113
6219.98 2.50860834121704
6220.97 2.47581315040588
6221.96 2.45103311538696
6222.95 2.43759083747864
6223.94 2.43577194213867
6224.93 2.45109701156616
6225.92 2.47046422958374
6226.91 2.49579429626465
6227.9 2.4910147190094
6228.89 2.44182300567627
6229.88 2.41518902778625
6230.87 2.42325901985168
6231.86 2.44991159439087
6232.85 2.50515270233154
6233.84 2.53696179389954
6234.83 2.53115677833557
6235.82 2.52668762207031
6236.81 2.52436256408691
6237.8 2.51161980628967
6238.79 2.48215365409851
6239.78 2.46606206893921
6240.77 2.47238206863403
6241.76 2.48891258239746
6242.75 2.52255272865295
6243.74 2.53808355331421
6244.73 2.52192354202271
6245.72 2.5163745880127
6246.71 2.52939462661743
6247.7 2.54936456680298
6248.69 2.58149743080139
6249.68 2.59801864624023
6250.67 2.58599376678467
6251.66 2.56782913208008
6252.65 2.53843760490417
6253.64 2.50336599349976
6254.63 2.45743608474731
6255.62 2.42290806770325
6256.61 2.41017818450928
6257.6 2.41022086143494
6258.59 2.43468236923218
6259.58 2.44879674911499
6260.57 2.44221663475037
6261.56 2.43932843208313
6262.55 2.44382333755493
6263.54 2.4456741809845
6264.53 2.44223642349243
6265.52 2.43946886062622
6266.51 2.43810367584229
6267.5 2.43956160545349
6268.49 2.44692921638489
6269.48 2.44499158859253
6270.47 2.42264151573181
6271.46 2.41153764724731
6272.45 2.42510271072388
6273.44 2.44203281402588
6274.43 2.4663450717926
6275.42 2.48639011383057
6276.41 2.49661993980408
6277.4 2.51136755943298
6278.39 2.53650569915771
6279.38 2.55595993995667
6280.37 2.56169486045837
6281.36 2.57347750663757
6282.35 2.59985756874084
6283.34 2.6330668926239
6284.33 2.6827609539032
6285.32 2.72186613082886
6286.31 2.73412108421326
6287.3 2.74694108963013
6288.29 2.76119422912598
6289.28 2.76631808280945
6290.27 2.74709820747375
6291.26 2.72978734970093
6292.25 2.71756720542908
6293.24 2.70632863044739
6294.23 2.6977071762085
6295.22 2.68223690986633
6296.21 2.64753675460815
6297.2 2.6246976852417
6298.19 2.63515973091125
6299.18 2.65737891197205
6300.17 2.71439909934998
6301.16 2.76480793952942
6302.15 2.79564785957336
6303.14 2.82750272750854
6304.13 2.86236166954041
6305.12 2.88720512390137
6306.11 2.88075017929077
6307.1 2.86988186836243
6308.09 2.84522175788879
6309.08 2.83328652381897
6310.07 2.8611159324646
6311.06 2.88327693939209
6312.05 2.88670682907104
6313.04 2.88545417785645
6314.03 2.86872863769531
6315.02 2.85112547874451
6316.01 2.83045053482056
6317 2.81719326972961
6317.99 2.82989835739136
6318.98 2.8523542881012
6319.97 2.90893840789795
6320.96 2.96794962882996
6321.95 3.03597450256348
6322.94 3.09728312492371
6323.93 3.13364434242249
6324.92 3.16081142425537
6325.91 3.15166139602661
6326.9 3.14669036865234
6327.89 3.15822529792786
6328.88 3.17193150520325
6329.87 3.1942138671875
6330.86 3.22317957878113
6331.85 3.28028464317322
6332.84 3.32922744750977
6333.83 3.34380388259888
6334.82 3.34799265861511
6335.81 3.30543780326843
6336.8 3.26910734176636
6337.79 3.26078724861145
6338.78 3.2535719871521
6339.77 3.25132846832275
6340.76 3.25096559524536
6341.75 3.25967574119568
6342.74 3.27332353591919
6343.73 3.31078934669495
6344.72 3.34369826316833
6345.71 3.35296821594238
6346.7 3.35873746871948
6347.69 3.34634757041931
6348.68 3.33349561691284
6349.67 3.31824779510498
6350.66 3.30533337593079
6351.65 3.30548858642578
6352.64 3.31569337844849
6353.63 3.38217854499817
6354.62 3.44552326202393
6355.61 3.49128198623657
6356.6 3.52820563316345
6357.59 3.51148557662964
6358.58 3.49619722366333
6359.57 3.48960041999817
6360.56 3.48793077468872
6361.55 3.51885581016541
6362.54 3.55453109741211
6363.53 3.62163114547729
6364.52 3.68643760681152
6365.51 3.73607206344604
6366.5 3.77745914459229
6367.49 3.75905418395996
6368.48 3.73985719680786
6369.47 3.71491813659668
6370.46 3.69482493400574
6371.45 3.71350002288818
6372.44 3.73535823822021
6373.43 3.78268337249756
6374.42 3.82715725898743
6375.41 3.84882283210754
6376.4 3.86964392662048
6377.39 3.88294887542725
6378.38 3.89396619796753
6379.37 3.88462352752686
6380.36 3.87667036056519
6381.35 3.88261556625366
6382.34 3.89176821708679
6383.33 3.9329981803894
6384.32 3.97031998634338
6385.31 3.96855878829956
6386.3 3.96464228630066
6387.29 3.93620729446411
6388.28 3.90625977516174
6389.27 3.85910797119141
6390.26 3.81457829475403
6391.25 3.80451321601868
6392.24 3.80090379714966
6393.23 3.88213896751404
6394.22 3.96018314361572
6395.21 3.99629068374634
6396.2 4.03116321563721
6397.19 4.04688787460327
6398.18 4.06301975250244
6399.17 4.08545446395874
6400.16 4.10732889175415
6401.15 4.12051248550415
6402.14 4.13341665267944
6403.13 4.14107179641724
6404.12 4.14574098587036
6405.11 4.09427547454834
6406.1 4.04426431655884
6407.09 4.02878475189209
6408.08 4.01633453369141
6409.07 4.07584953308105
6410.06 4.13398122787476
6411.05 4.15925884246826
6412.04 4.18384456634521
6413.03 4.18629932403564
6414.02 4.18755578994751
6415.01 4.15045309066772
6416 4.11361169815063
6416.99 4.08944177627563
6417.98 4.06628513336182
6418.97 4.09227514266968
6419.96 4.11814403533936
6420.95 4.13814830780029
6421.94 4.1579761505127
6422.93 4.16056108474731
6423.92 4.16361093521118
6424.91 4.2121901512146
6425.9 4.26076984405518
6426.89 4.27861976623535
6427.88 4.29647016525269
6428.87 4.2761697769165
6429.86 4.25586986541748
6430.85 4.28275918960571
6431.84 4.30964851379395
6432.83 4.32325887680054
6433.82 4.3367338180542
6434.81 4.27047634124756
6435.8 4.20340490341187
6436.79 4.16247129440308
6437.78 4.1220760345459
6438.77 4.12181377410889
6439.76 4.1223783493042
6440.75 4.20500564575195
6441.74 4.28932476043701
6442.73 4.37010049819946
6443.72 4.45076560974121
6444.71 4.43067407608032
6445.7 4.40743446350098
6446.69 4.39726495742798
6447.68 4.38750457763672
6448.67 4.35528516769409
6449.66 4.32212018966675
6450.65 4.31945753097534
6451.64 4.31807947158813
6452.63 4.3094220161438
6453.62 4.30037689208984
6454.61 4.25088787078857
6455.6 4.19924831390381
6456.59 4.22276639938354
6457.58 4.25028228759766
6458.57 4.26374387741089
6459.56 4.27629899978638
6460.55 4.26988172531128
6461.54 4.26224040985107
6462.53 4.28933238983154
6463.52 4.31906747817993
6464.51 4.35303068161011
6465.5 4.38731575012207
6466.49 4.43427467346191
6467.48 4.48219728469849
6468.47 4.52651453018188
6469.46 4.57051467895508
6470.45 4.54264545440674
6471.44 4.50845813751221
6472.43 4.45794105529785
6473.42 4.40579080581665
6474.41 4.32460021972656
6475.4 4.24050521850586
6476.39 4.21716213226318
6477.38 4.19989442825317
6478.37 4.23073387145996
6479.36 4.26697874069214
6480.35 4.29049730300903
6481.34 4.31258583068848
6482.33 4.32364463806152
6483.32 4.33332443237305
6484.31 4.35114240646362
6485.3 4.36997699737549
6486.29 4.33778095245361
6487.28 4.2992057800293
6488.27 4.3230996131897
6489.26 4.35560941696167
6490.25 4.43633413314819
6491.24 4.52370929718018
6492.23 4.55138063430786
6493.22 4.57081747055054
6494.21 4.56458759307861
6495.2 4.55447769165039
6496.19 4.47173500061035
6497.18 4.37801361083984
6498.17 4.35633707046509
6499.16 4.34652709960938
6500.15 4.36928749084473
6501.14 4.39741277694702
6502.13 4.41088962554932
6503.12 4.4219536781311
6504.11 4.41851806640625
6505.1 4.4124927520752
6506.09 4.36660432815552
6507.08 4.31359672546387
6508.07 4.30411195755005
6509.06 4.30301713943481
6510.05 4.31459426879883
6511.04 4.32861423492432
6512.03 4.34280443191528
6513.02 4.35702753067017
6514.01 4.34437036514282
6515 4.32614040374756
6515.99 4.29131031036377
6516.98 4.25303840637207
6517.97 4.22468852996826
6518.96 4.19854354858398
6519.95 4.17409658432007
6520.94 4.15002632141113
6521.93 4.14527559280396
6522.92 4.14481782913208
6523.91 4.1592755317688
6524.9 4.17727565765381
6525.89 4.21034622192383
6526.88 4.24699592590332
6527.87 4.28635931015015
6528.86 4.32640886306763
6529.85 4.33508634567261
6530.84 4.33582162857056
6531.83 4.31548547744751
6532.82 4.2898154258728
6533.81 4.24011898040771
6534.8 4.18395376205444
6535.79 4.15603017807007
6536.78 4.1357102394104
6537.77 4.13140773773193
6538.76 4.13141775131226
6539.75 4.11241483688354
6540.74 4.08797979354858
6541.73 4.12114286422729
6542.72 4.17076206207275
6543.71 4.22975921630859
6544.7 4.29159450531006
6545.69 4.31591272354126
6546.68 4.3288779258728
6547.67 4.25029516220093
6548.66 4.14400672912598
6549.65 4.03478527069092
6550.64 3.92462539672852
6551.63 3.88387727737427
6552.62 3.86534094810486
6553.61 3.91667199134827
6554.6 3.99160695075989
6555.59 4.06263637542725
6556.58 4.13234663009644
6557.57 4.11161136627197
6558.56 4.06032037734985
6559.55 3.9891357421875
6560.54 3.91086578369141
6561.53 3.82802891731262
6562.52 3.74356555938721
6563.51 3.73571920394897
6564.5 3.75660419464111
6565.49 3.81689643859863
6566.48 3.89196634292603
6567.47 3.9525899887085
6568.46 4.00779628753662
6569.45 4.01200675964355
6570.44 3.99610686302185
6571.43 3.94496059417725
6572.42 3.87991404533386
6573.41 3.875319480896
6574.4 3.89576959609985
6575.39 3.87959337234497
6576.38 3.84824323654175
6577.37 3.7413272857666
6578.36 3.60310554504395
6579.35 3.53285670280457
6580.34 3.49216175079346
6581.33 3.51258063316345
6582.32 3.55957055091858
6583.31 3.69008374214172
6584.3 3.85691118240356
6585.29 3.91933631896973
6586.28 3.93416619300842
6587.27 3.86916971206665
6588.26 3.76778197288513
6589.25 3.71557998657227
6590.24 3.68687009811401
6591.23 3.69363951683044
6592.22 3.71735453605652
6593.21 3.77305793762207
6594.2 3.84403944015503
6595.19 3.85063672065735
6596.18 3.82504177093506
6597.17 3.74522995948792
6598.16 3.63830995559692
6599.15 3.51924347877502
6600.14 3.39382362365723
6601.13 3.32047247886658
6602.12 3.27435755729675
6603.11 3.29427337646484
6604.1 3.34872817993164
6605.09 3.40347409248352
6606.08 3.45837903022766
6607.07 3.49748206138611
6608.06 3.52794313430786
6609.05 3.53912806510925
6610.04 3.53929829597473
6611.03 3.50840091705322
6612.02 3.45975089073181
6613.01 3.39259076118469
6614 3.31485342979431
6614.99 3.20679688453674
6615.98 3.08064699172974
6616.97 3.02231192588806
6617.96 3.00444722175598
6618.95 3.08537769317627
6619.94 3.22785258293152
6620.93 3.3240385055542
6621.92 3.39138841629028
6622.91 3.41029405593872
6623.9 3.39902091026306
6624.89 3.36253142356873
6625.88 3.30965161323547
6626.87 3.27657747268677
6627.86 3.25637745857239
6628.85 3.24694871902466
6629.84 3.24452090263367
6630.83 3.21577119827271
6631.82 3.16917634010315
6632.81 3.11639380455017
6633.8 3.05941653251648
6634.79 3.03890752792358
6635.78 3.04417753219604
6636.77 3.08079957962036
6637.76 3.13958477973938
6638.75 3.1858127117157
6639.74 3.22316408157349
6640.73 3.17786169052124
6641.72 3.07165670394897
6642.71 2.98569750785828
6643.7 2.91465616226196
6644.69 2.87248682975769
6645.68 2.85248684883118
6646.67 2.85118174552917
6647.66 2.86423182487488
6648.65 2.87934970855713
6649.64 2.89605522155762
6650.63 2.89646053314209
6651.62 2.8838255405426
6652.61 2.87763786315918
6653.6 2.87660813331604
6654.59 2.88215088844299
6655.58 2.89317083358765
6656.57 2.90188360214233
6657.56 2.90867352485657
6658.55 2.90447688102722
6659.54 2.89112424850464
6660.53 2.86349511146545
6661.52 2.82347512245178
6662.51 2.78738737106323
6663.5 2.75471234321594
6664.49 2.73627161979675
6665.48 2.73069667816162
6666.47 2.74643111228943
6667.46 2.78142619132996
6668.45 2.79691648483276
6669.44 2.79477715492249
6670.43 2.78365588188171
6671.42 2.76408100128174
6672.41 2.73422336578369
6673.4 2.69468855857849
6674.39 2.6471061706543
6675.38 2.5919497013092
6676.37 2.55828642845154
6677.36 2.5456862449646
6678.35 2.53590488433838
6679.34 2.52888512611389
6680.33 2.54858541488647
6681.32 2.5955502986908
6682.31 2.61777520179749
6683.3 2.61475515365601
6684.29 2.58873987197876
6685.28 2.53925967216492
6686.27 2.4852294921875
6687.26 2.42636442184448
6688.25 2.38063907623291
6689.24 2.34887433052063
6690.23 2.33711791038513
6691.22 2.34749794006348
6692.21 2.35878705978394
6693.2 2.37108206748962
6694.19 2.37875866889954
6695.18 2.38132572174072
6696.17 2.37780952453613
6697.16 2.36728453636169
6698.15 2.35921359062195
6699.14 2.35397005081177
6700.13 2.35415768623352
6701.12 2.36086273193359
6702.11 2.35965418815613
6703.1 2.34894919395447
6704.09 2.33763527870178
6705.08 2.32559108734131
6706.07 2.31039547920227
6707.06 2.29126048088074
6708.05 2.28446388244629
6709.04 2.29309034347534
6710.03 2.30785989761353
6711.02 2.33063006401062
6712.01 2.34837675094604
6713 2.35958170890808
6713.99 2.36200904846191
6714.98 2.35300445556641
6715.97 2.33531761169434
6716.96 2.30584764480591
6717.95 2.27671051025391
6718.94 2.24802565574646
6719.93 2.23201656341553
6720.92 2.23321056365967
6721.91 2.23335719108582
6722.9 2.23202204704285
6723.89 2.24118304252625
6724.88 2.26519179344177
6725.87 2.29189991950989
6726.86 2.32259011268616
6727.85 2.33451223373413
6728.84 2.31875228881836
6729.83 2.29609775543213
6730.82 2.26327347755432
6731.81 2.21932220458984
6732.8 2.15825223922729
6733.79 2.11697936058044
6734.78 2.10616397857666
6735.77 2.09434700012207
6736.76 2.08092188835144
6737.75 2.06831073760986
6738.74 2.0570056438446
6739.73 2.05229330062866
6740.72 2.0581636428833
6741.71 2.06768703460693
6742.7 2.08333206176758
6743.69 2.092369556427
6744.68 2.09033489227295
6745.67 2.08513283729553
6746.66 2.07438778877258
6747.65 2.05844283103943
6748.64 2.03339767456055
6749.63 2.01226615905762
6750.62 1.99798333644867
6751.61 1.9948502779007
6752.6 2.01210522651672
6753.59 2.03187799453735
6754.58 2.05625486373901
6755.57 2.07808303833008
6756.56 2.09503793716431
6757.55 2.09458422660828
6758.54 2.0608491897583
6759.53 2.03490877151489
6760.52 2.02386951446533
6761.51 2.02588510513306
6762.5 2.05400991439819
6763.49 2.06957101821899
6764.48 2.06000447273254
6765.47 2.04555916786194
6766.46 2.02089905738831
6767.45 1.99796843528748
6768.44 1.97865843772888
6769.43 1.97479283809662
6770.42 2.0032639503479
6771.41 2.0258104801178
6772.4 2.03536033630371
6773.39 2.02164173126221
6774.38 1.95688164234161
6775.37 1.91059613227844
6776.36 1.90483522415161
6777.35 1.90222299098969
6778.34 1.90685307979584
6779.33 1.91720008850098
6780.32 1.94069647789001
6781.31 1.96512532234192
6782.3 1.9918053150177
6783.29 2.00015687942505
6784.28 1.96426677703857
6785.27 1.92401695251465
6786.26 1.87324333190918
6787.25 1.82444775104523
6788.24 1.78066778182983
6789.23 1.76405656337738
6790.22 1.81633746623993
6791.21 1.86319768428802
6792.2 1.89560270309448
6793.19 1.92964267730713
6794.18 1.9680427312851
6795.17 1.98780763149261
6796.16 1.95787870883942
6797.15 1.92643690109253
6798.14 1.89074683189392
6799.13 1.86197507381439
6800.12 1.85262727737427
6801.11 1.84266149997711
6802.1 1.8308664560318
6803.09 1.82427477836609
6804.08 1.83308470249176
6805.07 1.84061217308044
6806.06 1.84434342384338
6807.05 1.85225248336792
6808.04 1.87321746349335
6809.03 1.8999787569046
6810.02 1.94485378265381
6811.01 1.96904861927032
6812 1.92861783504486
6812.99 1.88745069503784
6813.98 1.84385073184967
6814.97 1.82025492191315
6815.96 1.86276030540466
6816.95 1.89116108417511
6817.94 1.87019610404968
6818.93 1.84604561328888
6819.92 1.81074559688568
6820.91 1.76962792873383
6821.9 1.70814836025238
6822.89 1.65572845935822
6823.88 1.63695847988129
6824.87 1.6368932723999
6825.86 1.70630264282227
6826.85 1.75961017608643
6827.84 1.74931514263153
6828.83 1.73725855350494
6829.82 1.71824359893799
6830.81 1.71330916881561
6831.8 1.76399326324463
6832.79 1.80396068096161
6833.78 1.79880571365356
6834.77 1.79188168048859
6835.76 1.7775092124939
6836.75 1.76197004318237
6837.74 1.74117994308472
6838.73 1.71807551383972
6839.72 1.68455541133881
6840.71 1.64475429058075
6841.7 1.57668805122375
6842.69 1.51858162879944
6843.68 1.50851666927338
6844.67 1.50534319877625
6845.66 1.53541135787964
6846.65 1.57177150249481
6847.64 1.64077150821686
6848.63 1.70152020454407
6849.62 1.7194652557373
6850.61 1.72564888000488
6851.6 1.6708208322525
6852.59 1.62428641319275
6853.58 1.62419641017914
6854.57 1.62804353237152
6855.56 1.65393853187561
6856.55 1.68827033042908
6857.54 1.76984834671021
6858.53 1.84290206432343
6859.52 1.86420214176178
6860.51 1.8765242099762
6861.5 1.83433723449707
6862.49 1.78964710235596
6863.48 1.7283970117569
6864.47 1.67018365859985
6865.46 1.63205873966217
6866.45 1.60278248786926
6867.44 1.632044672966
6868.43 1.65681338310242
6869.42 1.6490033864975
6870.41 1.64127945899963
6871.4 1.63418030738831
6872.39 1.6314811706543
6873.38 1.66398108005524
6874.37 1.69292330741882
6875.36 1.69340336322784
6876.35 1.69057095050812
6877.34 1.66123902797699
6878.33 1.63534677028656
6879.32 1.64006674289703
6880.31 1.64530396461487
6881.3 1.65514421463013
6882.29 1.66019773483276
6883.28 1.61738276481628
6884.27 1.57352411746979
6885.26 1.51922905445099
6886.25 1.46837210655212
6887.24 1.45189535617828
6888.23 1.45080053806305
6889.22 1.62467551231384
6890.21 1.79694056510925
6891.2 1.95089304447174
6892.19 2.09177231788635
6893.18 2.06083226203918
6894.17 2.02183270454407
6895.16 1.87690782546997
6896.15 1.73061561584473
6897.14 1.56635522842407
6898.13 1.41989731788635
6899.12 1.54937732219696
6900.11 1.67638731002808
6901.1 1.76511228084564
6902.09 1.84521913528442
6903.08 1.79174411296844
6904.07 1.74017608165741
6905.06 1.72445607185364
6906.05 1.70984888076782
6907.04 1.71616196632385
6908.03 1.72252261638641
6909.02 1.73001265525818
6910.01 1.7352466583252
6911 1.68690168857574
6911.99 1.63741147518158
6912.98 1.56072378158569
6913.97 1.48731648921967
6914.96 1.51888155937195
6915.95 1.55085551738739
6916.94 1.59591794013977
6917.93 1.63964581489563
6918.92 1.61865091323853
6919.91 1.5983647108078
6920.9 1.61245977878571
6921.89 1.62726485729218
6922.88 1.67651116847992
6923.87 1.72497594356537
6924.86 1.69685089588165
6925.85 1.66874957084656
6926.84 1.64296472072601
6927.83 1.61717998981476
6928.82 1.57354998588562
6929.81 1.52991998195648
6930.8 1.52543997764587
6931.79 1.52095997333527
6932.78 1.54641151428223
6933.77 1.5718629360199
6934.76 1.55603408813477
6935.75 1.53978419303894
6936.74 1.53845775127411
6937.73 1.53728377819061
6938.72 1.53258144855499
6939.71 1.52780652046204
6940.7 1.54335248470306
6941.69 1.55931746959686
6942.68 1.58752143383026
6943.67 1.61597764492035
6944.66 1.60834062099457
6945.65 1.59957563877106
6946.64 1.59744310379028
6947.63 1.59551775455475
6948.62 1.61019372940063
6949.61 1.62556874752045
6950.6 1.61250615119934
6951.59 1.59824621677399
6952.58 1.59573662281036
6953.57 1.59372174739838
6954.56 1.62341511249542
6955.55 1.65479516983032
6956.54 1.65622329711914
6957.53 1.6560583114624
6958.52 1.60520493984222
6959.51 1.55165541172028
6960.5 1.52760708332062
6961.49 1.50546216964722
6962.48 1.54381561279297
6963.47 1.58607220649719
6964.46 1.63950669765472
6965.45 1.69379162788391
6966.44 1.6819714307785
6967.43 1.66512143611908
6968.42 1.62769401073456
6969.41 1.58870100975037
6970.4 1.57059013843536
6971.39 1.55431520938873
6972.38 1.56392455101013
6973.37 1.57580959796906
6974.36 1.6007627248764
6975.35 1.6270227432251
6976.34 1.61415541172028
6977.33 1.59737551212311
6978.32 1.57727563381195
6979.31 1.55684387683868
6980.3 1.54178512096405
6981.29 1.52733016014099
6982.28 1.53538715839386
6983.27 1.545973777771
6984.26 1.56467890739441
6985.25 1.58439886569977
6986.24 1.58098113536835
6987.23 1.57467114925385
6988.22 1.56753587722778
6989.21 1.56029736995697
6990.2 1.55666065216064
6991.19 1.55352056026459
6992.18 1.55239737033844
6993.17 1.5515524148941
6994.16 1.53589487075806
6995.15 1.51819431781769
6996.14 1.50348258018494
6997.13 1.48922252655029
6998.12 1.48998188972473
6999.11 1.49301159381866
7000.1 1.49842405319214
7001.09 1.5042290687561
7002.08 1.50532472133636
7003.07 1.50564479827881
7004.06 1.50403702259064
7005.05 1.5021116733551
7006.04 1.52285397052765
7007.03 1.5476438999176
7008.02 1.5515308380127
7009.01 1.55168509483337
7010 1.55728530883789
7010.99 1.56393527984619
7011.98 1.53707921504974
7012.97 1.50376427173615
7013.96 1.4614429473877
7014.95 1.41738545894623
7015.94 1.3955237865448
7016.93 1.37826383113861
7017.92 1.37728607654572
7018.91 1.37968397140503
7019.9 1.40889132022858
7020.89 1.444056391716
7021.88 1.46464955806732
7022.87 1.48200452327728
7023.86 1.49688673019409
7024.85 1.51121926307678
7025.84 1.5135053396225
7026.83 1.51293039321899
7027.82 1.51566624641418
7028.81 1.51918840408325
7029.8 1.51930153369904
7030.79 1.51855146884918
7031.78 1.52213060855865
7032.77 1.52680552005768
7033.76 1.53555071353912
7034.75 1.54532635211945
7035.74 1.54325187206268
7036.73 1.53798687458038
7037.72 1.52076578140259
7038.71 1.50032579898834
7039.7 1.47735226154327
7040.69 1.45369672775269
7041.68 1.42580664157867
7042.67 1.39670670032501
7043.66 1.39814889431
7044.65 1.40831756591797
7045.64 1.40527558326721
7046.63 1.3982355594635
7047.62 1.39711821079254
7048.61 1.39779317378998
7049.6 1.40362131595612
7050.59 1.41100907325745
7051.58 1.40429615974426
7052.57 1.39307117462158
7053.56 1.39232110977173
7054.55 1.39492297172546
7055.54 1.3915810585022
7056.53 1.38623106479645
7057.52 1.41607213020325
7058.51 1.45780217647552
7059.5 1.48741638660431
7060.49 1.51293754577637
7061.48 1.54121923446655
7062.47 1.57048428058624
7063.46 1.573734998703
7064.45 1.56772029399872
7065.44 1.55947637557983
7066.43 1.55039632320404
7067.42 1.55004358291626
7068.41 1.55296361446381
7069.4 1.54338335990906
7070.39 1.52911531925201
7071.38 1.51038157939911
7072.37 1.48988652229309
7073.36 1.4488433599472
7074.35 1.39969658851624
7075.34 1.38302671909332
7076.33 1.37981176376343
7077.32 1.42869019508362
7078.31 1.49915015697479
7079.3 1.54713225364685
7080.29 1.58580195903778
7081.28 1.5958856344223
7082.27 1.59354054927826
7083.26 1.53873813152313
7084.25 1.46112823486328
7085.24 1.42622327804565
7086.23 1.40988576412201
7087.22 1.40621590614319
7088.21 1.40832090377808
7089.2 1.39006638526917
7090.19 1.36253046989441
7091.18 1.37255918979645
7092.17 1.40052914619446
7093.16 1.47870516777039
7094.15 1.58086025714874
7095.14 1.62987923622131
7096.13 1.65351974964142
7097.12 1.65188670158386
7098.11 1.6376166343689
7099.1 1.60925590991974
7100.09 1.57384967803955
7101.08 1.56271755695343
7102.07 1.56428253650665
7103.06 1.58878469467163
7104.05 1.62528467178345
7105.04 1.64365363121033
7106.03 1.65253877639771
7107.02 1.64214944839478
7108.01 1.62121951580048
7109 1.5861713886261
7109.99 1.5434023141861
7110.98 1.48152589797974
7111.97 1.40873086452484
7112.96 1.35756587982178
7113.95 1.31876087188721
7114.94 1.34325098991394
7115.93 1.40390956401825
7116.92 1.46312236785889
7117.91 1.52147245407104
7118.9 1.54892230033875
7119.89 1.55793178081512
7120.88 1.54898047447205
7121.87 1.5288405418396
7122.86 1.54741394519806
7123.85 1.59010398387909
7124.84 1.59886956214905
7125.83 1.58650207519531
7126.82 1.55966329574585
7127.81 1.52341830730438
7128.8 1.5115339756012
7129.79 1.51548397541046
7130.78 1.51938939094543
7131.77 1.52326428890228
7132.76 1.5277681350708
7133.75 1.53269803524017
7134.74 1.54797542095184
7135.73 1.57026779651642
7136.72 1.60633814334869
7137.71 1.65214812755585
7138.7 1.70385479927063
7139.69 1.75972986221313
7140.68 1.77254951000214
7141.67 1.75493347644806
7142.66 1.71707439422607
7143.65 1.66429936885834
7144.64 1.60495448112488
7145.63 1.54076874256134
7146.62 1.52454817295074
7147.61 1.54515814781189
7148.6 1.58494961261749
7149.59 1.63946962356567
7150.58 1.67525899410248
7151.57 1.69666588306427
7152.56 1.71382439136505
7153.55 1.72758448123932
7154.54 1.7347446680069
7155.53 1.73662519454956
7156.52 1.7531236410141
7157.51 1.78180360794067
7158.5 1.80012273788452
7159.49 1.80980777740479
7160.48 1.81447052955627
7161.47 1.81494808197021
7162.46 1.80458879470825
7163.45 1.78482377529144
7164.44 1.76769804954529
7165.43 1.75286293029785
7166.42 1.73864507675171
7167.41 1.72498500347137
7168.4 1.74152708053589
7169.39 1.78536701202393
7170.38 1.87585997581482
7171.37 2.00851988792419
7172.36 2.06331491470337
7173.35 2.04482483863831
7174.34 1.99428725242615
7175.33 1.91358733177185
7176.32 1.81705296039581
7177.31 1.70561575889587
7178.3 1.65118730068207
7179.29 1.65262722969055
7180.28 1.70878970623016
7181.27 1.81858026981354
7182.26 1.90986931324005
7183.25 1.9822793006897
7184.24 2.03523278236389
7185.23 2.06833291053772
7186.22 2.07273101806641
7187.21 2.04784178733826
7188.2 2.03719449043274
7189.19 2.0416796207428
7190.18 2.05800175666809
7191.17 2.08690071105957
7192.16 2.08964872360229
7193.15 2.06346368789673
7194.14 2.02430868148804
7195.13 1.97080361843109
7196.12 1.91850793361664
7197.11 1.86755037307739
7198.1 1.81821095943451
7199.09 1.77073585987091
7200.08 1.72686219215393
7201.07 1.68713784217834
7202.06 1.65171313285828
7203.05 1.62144815921783
7204.04 1.59187865257263
7205.03 1.56314361095428
7206.02 1.54809415340424
7207.01 1.54946720600128
7208 1.61812329292297
7208.99 1.77088332176208
7209.98 1.90084671974182
7210.97 2.00231432914734
7211.96 2.03397083282471
7212.95 1.97471082210541
7213.94 1.9132639169693
7214.93 1.84896886348724
7215.92 1.78601133823395
7216.91 1.72479546070099
7217.9 1.72634875774384
7218.89 1.81308877468109
7219.88 1.89576458930969
7220.87 1.97292459011078
7221.86 2.02544808387756
7222.85 2.04453682899475
7223.84 2.05169463157654
7224.83 2.04197454452515
7225.82 2.02554178237915
7226.81 1.99961268901825
7227.8 1.99117207527161
7228.79 2.00852704048157
7229.78 2.02280330657959
7230.77 2.03253841400146
7231.76 2.01344156265259
7232.75 1.95181775093079
7233.74 1.90959692001343
7234.73 1.89722692966461
7235.72 1.88804650306702
7236.71 1.8837730884552
7237.7 1.87155365943909
7238.69 1.84657859802246
7239.68 1.83049142360687
7240.67 1.8286714553833
7241.66 1.83941781520844
7242.65 1.87033665180206
7243.64 1.88600742816925
7244.63 1.87612748146057
7245.62 1.86204361915588
7246.61 1.84091532230377
7247.6 1.84064638614655
7248.59 1.87688136100769
7249.58 1.89985275268555
7250.57 1.89961278438568
7251.56 1.88412833213806
7252.55 1.84196627140045
7253.54 1.79641628265381
7254.53 1.74467134475708
7255.52 1.71400594711304
7256.51 1.7218861579895
7257.5 1.74417853355408
7258.49 1.79402351379395
7259.48 1.84019029140472
7260.47 1.87932527065277
7261.46 1.90202486515045
7262.45 1.89330399036407
7263.44 1.87262666225433
7264.43 1.82803666591644
7265.42 1.79937505722046
7266.41 1.80256998538971
7267.4 1.80724048614502
7268.39 1.81486201286316
7269.38 1.83595371246338
7270.37 1.88524878025055
7271.36 1.92836916446686
7272.35 1.95856165885925
7273.34 1.9863532781601
7274.33 2.00887823104858
7275.32 2.0121910572052
7276.31 1.97336113452911
7277.3 1.92599165439606
7278.29 1.85989046096802
7279.28 1.79633510112762
7280.27 1.73863518238068
7281.26 1.69803857803345
7282.25 1.69677996635437
7283.24 1.70480239391327
7284.23 1.73522734642029
7285.22 1.76827549934387
7286.21 1.80765557289124
7287.2 1.85221648216248
7288.19 1.90928328037262
7289.18 1.96384513378143
7290.17 2.01205515861511
7291.16 2.04169702529907
7292.15 2.02425503730774
7293.14 1.99687957763672
7294.13 1.94301450252533
7295.12 1.88722681999207
7296.11 1.82631182670593
7297.1 1.78014981746674
7298.09 1.77332925796509
7299.08 1.77621817588806
7300.07 1.80636823177338
7301.06 1.83581733703613
7302.05 1.86329853534698
7303.04 1.89068591594696
7304.03 1.91779601573944
7305.02 1.9465663433075
7306.01 1.98025131225586
7307 2.01223278045654
7307.99 2.03917169570923
7308.98 2.05940914154053
7309.97 2.05870413780212
7310.96 2.04885578155518
7311.95 2.01043486595154
7312.94 1.97751319408417
7313.93 1.96276319026947
7314.92 1.95132732391357
7315.91 1.95084238052368
7316.9 1.95108258724213
7317.89 1.95371925830841
7318.88 1.95812439918518
7319.87 1.96871948242188
7320.86 1.972332239151
7321.85 1.95150721073151
7322.84 1.93129909038544
7323.83 1.91325032711029
7324.82 1.89469110965729
7325.81 1.87423610687256
7326.8 1.86113595962524
7327.79 1.87535417079926
7328.78 1.89461004734039
7329.77 1.93376505374908
7330.76 1.96945440769196
7331.75 1.99145448207855
7332.74 2.01013565063477
7333.73 2.01570749282837
7334.72 2.01898837089539
7335.71 2.01262354850769
7336.7 2.01319146156311
7337.69 2.04295110702515
7338.68 2.07459092140198
7339.67 2.11469101905823
7340.66 2.15093898773193
7341.65 2.16985416412354
7342.64 2.18094396591187
7343.63 2.15682077407837
7344.62 2.12894439697266
7345.61 2.0829644203186
7346.6 2.04400610923767
7347.59 2.03891682624817
7348.58 2.03011274337769
7349.57 2.002037525177
7350.56 1.97816216945648
7351.55 1.97607219219208
7352.54 1.9777604341507
7353.53 1.99904787540436
7354.52 2.01686000823975
7355.51 2.01520991325378
7356.5 2.00758647918701
7357.49 1.96651148796082
7358.48 1.93180549144745
7359.47 1.93276560306549
7360.46 1.93968641757965
7361.45 1.98279631137848
7362.44 2.02392768859863
7363.43 2.05304551124573
7364.42 2.07839918136597
7365.41 2.07884907722473
7366.4 2.07320022583008
7367.39 2.02720522880554
7368.38 1.98080360889435
7369.37 1.93171155452728
7370.36 1.88484215736389
7371.35 1.85408711433411
7372.34 1.82892334461212
7373.33 1.84429562091827
7374.32 1.86313498020172
7375.31 1.90971004962921
7376.3 1.95725393295288
7377.29 2.01254892349243
7378.28 2.06298732757568
7379.27 2.07457375526428
7380.26 2.0834424495697
7381.25 2.06812262535095
7382.24 2.05248117446899
7383.23 2.03397965431213
7384.22 2.015376329422
7385.21 1.99575638771057
7386.2 1.97364950180054
7387.19 1.92667460441589
7388.18 1.88686084747314
7389.17 1.91866028308868
