3698.2778320313 -1.43666945632251e-17
3704.55624866491 3.62968713944647e-18
3710.83466529851 5.26330726305715e-20
3717.11308193212 2.19721438396174e-17
3723.39149856572 1.75823062549658e-17
3729.66991519933 -5.00584477708409e-19
3735.94833183294 9.76313832370826e-19
3742.22674846654 6.44777857626102e-18
3748.50516510015 -9.04990845797931e-18
3754.78358173375 -3.93263873007156e-18
3761.06199836736 1.11121143928271e-17
3767.34041500097 4.961491352639e-18
3773.61883163457 8.15721017782841e-18
3779.89724826818 1.48224082150153e-17
3786.17566490178 1.74090036448299e-17
3792.45408153539 1.44453610938402e-17
3798.732498169 4.64273358127894e-18
3805.0109148026 1.34756117668106e-17
3811.28933143621 1.79404241750033e-17
3817.56774806981 6.77755977005427e-18
3823.84616470342 1.24731267670392e-17
3830.12458133703 1.24431745570586e-17
3836.40299797063 1.27446885077791e-17
3842.68141460424 1.6408095251306e-17
3848.95983123784 1.01322651905182e-17
3855.23824787145 2.29779541054513e-17
3861.51666450506 7.76446234144639e-18
3867.79508113866 1.52518059427977e-17
3874.07349777227 2.58984360264392e-17
3880.35191440587 1.7712918073688e-17
3886.63033103948 1.00114653882222e-17
3892.90874767309 5.55466877375537e-18
3899.18716430669 8.92078060127611e-18
3905.4655809403 8.96920209997373e-18
3911.7439975739 4.90636720943786e-18
3918.02241420751 6.80862701950054e-18
3924.30083084112 2.93343908489808e-18
3930.57924747472 1.02664421576804e-17
3936.85766410833 1.32532987053808e-17
3943.13608074193 2.24714738979269e-18
3949.41449737554 6.63534467528956e-18
3955.69291400915 6.9768275796183e-18
3961.97133064275 1.31720927302853e-17
3968.24974727636 2.24958318854247e-17
3974.52816390996 2.32593940370663e-17
3980.80658054357 2.12986236063747e-17
3987.08499717718 3.65456765693727e-17
3993.36341381078 5.21219275638321e-17
3999.64183044439 4.26046885295399e-17
4005.92024707799 4.10899818616124e-17
4012.1986637116 4.60731759519829e-17
4018.47708034521 5.40656464933765e-17
4024.75549697881 4.44877718114618e-17
4031.03391361242 4.58705464804095e-17
4037.31233024602 4.96432775495945e-17
4043.59074687963 5.01334217672015e-17
4049.86916351324 4.49893046517425e-17
4056.14758014684 4.90836203820309e-17
4062.42599678045 3.47429985517134e-17
4068.70441341405 3.12155331515953e-17
4074.98283004766 3.52656906720632e-17
4081.26124668127 3.36484698564608e-17
4087.53966331487 2.7313437652052e-17
4093.81807994848 2.0130763695458e-17
4100.09649658208 3.13786862556153e-17
4106.37491321569 3.66898409152509e-17
4112.6533298493 4.47272306726285e-17
4118.9317464829 5.40887314499116e-17
4125.21016311651 4.92070191858115e-17
4131.48857975011 4.85495495651748e-17
4137.76699638372 5.8178967525419e-17
4144.04541301733 5.69438545219793e-17
4150.32382965093 5.45624941826677e-17
4156.60224628454 5.61920796940666e-17
4162.88066291814 5.45715038338996e-17
4169.15907955175 4.21751104763839e-17
4175.43749618536 3.15408566690675e-17
4181.71591281896 2.96726957253961e-17
4187.99432945257 4.16077406767889e-17
4194.27274608617 4.96823899576784e-17
4200.55116271978 4.75287226625007e-17
4206.82957935339 5.4252622399038e-17
4213.10799598699 5.34639222285809e-17
4219.3864126206 3.57582833442834e-17
4225.6648292542 3.2314442595372e-17
4231.94324588781 3.97243960057935e-17
4238.22166252142 3.30508649511157e-17
4244.50007915502 3.27639689361803e-17
4250.77849578863 4.14797956883617e-17
4257.05691242223 4.32238894663175e-17
4263.33532905584 5.11307236532547e-17
4269.61374568945 5.33629797240699e-17
4275.89216232305 4.82964289890111e-17
4282.17057895666 4.73340473596975e-17
4288.44899559026 4.0617201819424e-17
4294.72741222387 3.11873130578175e-17
4301.00582885748 2.42624994222971e-17
4307.28424549108 1.80083555556286e-17
4313.56266212469 1.72323757686314e-17
4319.84107875829 1.92307878802779e-17
4326.1194953919 2.15285715448583e-17
4332.39791202551 2.09206334993012e-17
4338.67632865911 1.91483196275676e-17
4344.95474529272 3.08142182056091e-17
4351.23316192632 4.07969448578094e-17
4357.51157855993 3.85469010951018e-17
4363.78999519354 5.36959430816796e-17
4370.06841182714 5.70105716014653e-17
4376.34682846075 4.55853048266992e-17
4382.62524509435 4.1265185332796e-17
4388.90366172796 3.41678334020257e-17
4395.18207836157 3.50630612004898e-17
4401.46049499517 3.19828920622485e-17
4407.73891162878 3.26596085213781e-17
4414.01732826238 3.33570971400502e-17
4420.29574489599 4.34211356464644e-17
4426.5741615296 5.13183447597939e-17
4432.8525781632 4.49387209029236e-17
4439.13099479681 4.94047649830485e-17
4445.40941143041 4.75904534972543e-17
4451.68782806402 4.81570722168531e-17
4457.96624469763 4.76645258667472e-17
4464.24466133123 3.88209294884284e-17
4470.52307796484 3.42266525610231e-17
4476.80149459844 4.6062306798734e-17
4483.07991123205 5.9470209696504e-17
4489.35832786566 5.51800473756651e-17
4495.63674449926 5.08942525684605e-17
4501.91516113287 5.37700253773399e-17
4508.19357776647 4.97630135976227e-17
4514.47199440008 4.15027979268356e-17
4520.75041103369 4.07276006526978e-17
4527.02882766729 3.77538499546227e-17
4533.3072443009 3.70029651730491e-17
4539.5856609345 3.1709723936759e-17
4545.86407756811 2.83271739625153e-17
4552.14249420172 3.0416350948416e-17
4558.42091083532 2.51083676992489e-17
4564.69932746893 2.24458387435632e-17
4570.97774410253 2.8416509468671e-17
4577.25616073614 3.48614739764881e-17
4583.53457736975 3.84813553033631e-17
4589.81299400335 3.98422129948006e-17
4596.09141063696 5.41289655149062e-17
4602.36982727056 6.45131593143254e-17
4608.64824390417 7.39330325730752e-17
4614.92666053778 7.99493686310796e-17
4621.20507717138 7.70848818744778e-17
4627.48349380499 7.52452718968293e-17
4633.76191043859 6.56833287135123e-17
4640.0403270722 7.12615833016637e-17
4646.31874370581 7.66016959001836e-17
4652.59716033941 8.49183616846938e-17
4658.87557697302 8.3703127485735e-17
4665.15399360662 7.96357282125791e-17
4671.43241024023 6.97307830077384e-17
4677.71082687384 7.16697605380117e-17
4683.98924350744 7.69003411885397e-17
4690.26766014105 8.08049844043697e-17
4696.54607677465 7.92725893062234e-17
4702.82449340826 8.3043414551277e-17
4709.10291004187 8.72547167812376e-17
4715.38132667547 7.61171732020194e-17
4721.65974330908 6.7854346949219e-17
4727.93815994268 8.24779737368705e-17
4734.21657657629 7.47897799294433e-17
4740.4949932099 7.53404638417219e-17
4746.7734098435 8.17002783772828e-17
4753.05182647711 8.19048963910488e-17
4759.33024311071 7.36018691604784e-17
4765.60865974432 7.5427251631591e-17
4771.88707637793 7.49368989644695e-17
4778.16549301153 7.25246483923628e-17
4784.44390964514 7.03765728381259e-17
4790.72232627874 6.3803233207963e-17
4797.00074291235 6.29952167158416e-17
4803.27915954596 6.43857933523269e-17
4809.55757617956 5.6250333061525e-17
4815.83599281317 5.10827934998409e-17
4822.11440944677 4.81335505089545e-17
4828.39282608038 3.65457096565972e-17
4834.67124271399 2.84195534933252e-17
4840.94965934759 2.43892665055321e-17
4847.2280759812 2.01180184965798e-17
4853.5064926148 1.85310576021458e-17
4859.78490924841 2.64381300170994e-17
4866.06332588202 4.15963487453928e-17
4872.34174251562 5.47308783768815e-17
4878.62015914923 7.48655033514389e-17
4884.89857578283 8.41081746706451e-17
4891.17699241644 8.85988786591914e-17
4897.45540905005 9.23048926488902e-17
4903.73382568365 9.78176014453029e-17
4910.01224231726 9.2118102031686e-17
4916.29065895086 7.81637967084879e-17
4922.56907558447 6.77604520235269e-17
4928.84749221808 6.07375959787231e-17
4935.12590885168 6.03937667765868e-17
4941.40432548529 6.4319003480947e-17
4947.68274211889 7.83263939471362e-17
4953.9611587525 8.77721612677814e-17
4960.23957538611 9.56663627524036e-17
4966.51799201971 9.67113433289643e-17
4972.79640865332 9.44107687569971e-17
4979.07482528692 9.61235421682392e-17
4985.35324192053 1.00610467595747e-16
4991.63165855414 9.34337493395638e-17
4997.91007518774 7.90781687750489e-17
5004.18849182135 7.16004163329002e-17
5010.46690845495 5.72846198471266e-17
5016.74532508856 4.73317114016477e-17
5023.02374172217 4.4456421666246e-17
5029.30215835577 4.99773923426169e-17
5035.58057498938 5.83069489097932e-17
5041.85899162298 6.75989929854014e-17
5048.13740825659 7.94907201424761e-17
5054.4158248902 8.23412242380032e-17
5060.6942415238 8.73074379647593e-17
5066.97265815741 9.63574026710202e-17
5073.25107479101 9.29417820158867e-17
5079.52949142462 8.10781459124143e-17
5085.80790805823 8.00739685011097e-17
5092.08632469183 8.50090736193888e-17
5098.36474132544 8.00623945899788e-17
5104.64315795904 7.79166880810163e-17
5110.92157459265 7.63763321966547e-17
5117.19999122626 7.60988031749758e-17
5123.47840785986 7.62197171281964e-17
5129.75682449347 6.72048248799077e-17
5136.03524112707 6.57623873277377e-17
5142.31365776068 6.72785961556576e-17
5148.59207439429 6.27500867043952e-17
5154.87049102789 5.64643478470496e-17
5161.1489076615 4.87448899211904e-17
5167.4273242951 4.25843928260303e-17
5173.70574092871 4.23705037719588e-17
5179.98415756232 4.3538625071949e-17
5186.26257419592 4.62914159760765e-17
5192.54099082953 5.10632753461071e-17
5198.81940746313 5.62401620487131e-17
5205.09782409674 6.72852599226723e-17
5211.37624073035 7.65858802068716e-17
5217.65465736395 7.97161235506743e-17
5223.93307399756 7.60436798589553e-17
5230.21149063116 7.16494846868368e-17
5236.48990726477 6.79772329010199e-17
5242.76832389838 6.70789544604567e-17
5249.04674053198 6.91411223449963e-17
5255.32515716559 6.7268736162756e-17
5261.60357379919 7.13129280566461e-17
5267.8819904328 7.57996417259175e-17
5274.16040706641 6.80753960786728e-17
5280.43882370001 6.84726479134901e-17
5286.71724033362 6.53967867318791e-17
5292.99565696722 6.59831055849464e-17
5299.27407360083 7.62254081308107e-17
5305.55249023444 7.64535048390835e-17
5311.83090686804 7.35832476705286e-17
5318.10932350165 6.8005138666165e-17
5324.38774013525 6.96580043487235e-17
5330.66615676886 6.99905640421944e-17
5336.94457340247 6.75095913047967e-17
5343.22299003607 6.89115102418414e-17
5349.50140666968 7.21540317732696e-17
5355.77982330328 7.56909965155423e-17
5362.05823993689 7.60913982541323e-17
5368.3366565705 7.74482788611846e-17
5374.6150732041 7.99363256471808e-17
5380.89348983771 7.89751219230595e-17
5387.17190647131 7.51320275622484e-17
5393.45032310492 7.3980625236799e-17
5399.72873973853 8.21677082152692e-17
5406.00715637213 7.95656825583081e-17
5412.28557300574 7.55705391660199e-17
5418.56398963934 8.06197290343824e-17
5424.84240627295 7.52892249658579e-17
5431.12082290656 6.98962257476939e-17
5437.39923954016 6.97368710570468e-17
5443.67765617377 7.38077643411102e-17
5449.95607280737 7.86189048640697e-17
5456.23448944098 8.0717111353537e-17
5462.51290607459 8.2853884311884e-17
5468.79132270819 7.9912324174527e-17
5475.0697393418 8.23737291273541e-17
5481.3481559754 7.65599398228619e-17
5487.62657260901 7.14758429326497e-17
5493.90498924262 7.26933601500991e-17
5500.18340587622 7.42981302431214e-17
5506.46182250983 6.95167417524342e-17
5512.74023914343 7.17329836065904e-17
5519.01865577704 6.99658412680464e-17
5525.29707241065 6.9417202146242e-17
5531.57548904425 6.40813048601237e-17
5537.85390567786 6.29417411436013e-17
5544.13232231146 6.38384115450537e-17
5550.41073894507 6.5086574149837e-17
5556.68915557868 7.29480391345368e-17
5562.96757221228 7.60413505183503e-17
5569.24598884589 7.39869184268993e-17
5575.52440547949 8.16155684651125e-17
5581.8028221131 9.39083789576018e-17
5588.08123874671 8.53818342906297e-17
5594.35965538031 7.60893203764335e-17
5600.63807201392 7.46260643426068e-17
5606.91648864752 7.32215976892755e-17
5613.19490528113 7.77971042342207e-17
5619.47332191474 7.38201786677434e-17
5625.75173854834 7.459395649995e-17
5632.03015518195 7.24389789506819e-17
5638.30857181555 7.52787561680255e-17
5644.58698844916 7.62210273822867e-17
5650.86540508277 6.52024191402638e-17
5657.14382171637 6.32541771871299e-17
5663.42223834998 6.50061391070723e-17
5669.70065498358 6.07046080158945e-17
5675.97907161719 5.6011026401591e-17
5682.2574882508 6.03041599551902e-17
5688.5359048844 6.06021170292767e-17
5694.81432151801 6.80661316558122e-17
5701.09273815161 6.66302916962079e-17
5707.37115478522 6.91542645905685e-17
5713.64957141883 7.53183218710851e-17
5719.92798805243 7.83912581420502e-17
5726.20640468604 7.36611879365658e-17
5732.48482131964 7.91849809531867e-17
5738.76323795325 7.81947862029566e-17
5745.04165458686 7.24498778824329e-17
5751.32007122046 7.07800781583742e-17
5757.59848785407 7.25802547818611e-17
5763.87690448767 7.36898944125438e-17
5770.15532112128 7.18530306745289e-17
5776.43373775489 7.12911698978135e-17
5782.71215438849 7.39294922400535e-17
5788.9905710221 7.05697625245489e-17
5795.2689876557 6.55647639532314e-17
5801.54740428931 6.93910301516608e-17
5807.82582092292 6.7127314747789e-17
5814.10423755652 6.55763312469174e-17
5820.38265419013 6.78873547643823e-17
5826.66107082373 7.1815476674719e-17
5832.93948745734 7.05584334588794e-17
5839.21790409095 6.49259025876547e-17
5845.49632072455 6.21178626360536e-17
5851.77473735816 6.44899188478351e-17
5858.05315399176 6.2131653391226e-17
5864.33157062537 6.19839718733833e-17
5870.60998725898 5.64505306220975e-17
5876.88840389258 5.8930987198793e-17
5883.16682052619 4.48751868144346e-17
5889.44523715979 3.47795268475637e-17
5895.7236537934 3.66940099055381e-17
5902.00207042701 4.59452905205598e-17
5908.28048706061 4.50581459310416e-17
5914.55890369422 5.38404746957498e-17
5920.83732032782 6.460423520849e-17
5927.11573696143 7.04597607379691e-17
5933.39415359504 7.26681873896979e-17
5939.67257022864 7.65441770691091e-17
5945.95098686225 7.61258486722839e-17
5952.22940349585 7.36385430401165e-17
5958.50782012946 7.47059633723345e-17
5964.78623676307 7.27280487962671e-17
5971.06465339667 7.11118239061222e-17
5977.34307003028 7.13769650709475e-17
5983.62148666388 6.8572677210605e-17
5989.89990329749 6.46575254922731e-17
5996.1783199311 6.80712270883855e-17
6002.4567365647 6.72233074035146e-17
6008.73515319831 6.76377513601832e-17
6015.01356983191 6.90733530917711e-17
6021.29198646552 6.57570999892623e-17
6027.57040309913 6.64334227104203e-17
6033.84881973273 6.5517277168626e-17
6040.12723636634 6.45805381383015e-17
6046.40565299994 6.30566663091869e-17
6052.68406963355 6.12837469412449e-17
6058.96248626716 6.22600715269637e-17
6065.24090290076 6.62624742563077e-17
6071.51931953437 6.49533054269873e-17
6077.79773616797 6.23112376109338e-17
6084.07615280158 6.21477470172239e-17
6090.35456943519 6.03704998403169e-17
6096.63298606879 5.94479287595243e-17
6102.9114027024 6.00634570143822e-17
6109.189819336 6.20528991794661e-17
6115.46823596961 6.42616633208848e-17
6121.74665260322 6.07552976438317e-17
6128.02506923682 5.95123098809605e-17
6134.30348587043 6.23694314213881e-17
6140.58190250403 6.10162830532595e-17
6146.86031913764 6.04837507923428e-17
6153.13873577125 5.70980277532694e-17
6159.41715240485 5.76654074790317e-17
6165.69556903846 5.49595673464728e-17
6171.97398567206 5.84171095150505e-17
6178.25240230567 6.38074617552544e-17
6184.53081893928 6.57560478155231e-17
6190.80923557288 6.73314166008528e-17
6197.08765220649 6.61189551113073e-17
6203.36606884009 6.5279029299876e-17
6209.6444854737 6.48847354629291e-17
6215.92290210731 6.430152019152e-17
6222.20131874091 6.16212895707257e-17
6228.47973537452 6.24206239751378e-17
6234.75815200812 6.38164019233148e-17
6241.03656864173 6.06158746972247e-17
6247.31498527534 5.8764909184127e-17
6253.59340190894 5.71500541050765e-17
6259.87181854255 5.80242450462021e-17
6266.15023517615 6.06551558501536e-17
6272.42865180976 5.5529547728081e-17
6278.70706844337 5.58955718404133e-17
6284.98548507697 6.15685882395387e-17
6291.26390171058 6.19213112876212e-17
6297.54231834418 6.51029258561859e-17
6303.82073497779 6.68650852587199e-17
6310.0991516114 6.77158702972327e-17
6316.377568245 6.28348892607941e-17
6322.65598487861 5.81295550643475e-17
6328.93440151221 5.90144265615424e-17
6335.21281814582 5.90278004176862e-17
6341.49123477943 6.24630616492842e-17
6347.76965141303 6.35427044022333e-17
6354.04806804664 6.03603089751703e-17
6360.32648468024 5.79125822809524e-17
6366.60490131385 5.8226944000947e-17
6372.88331794746 5.98359161714811e-17
6379.16173458106 5.59494113721231e-17
6385.44015121467 5.49554579131896e-17
6391.71856784827 5.70379479710184e-17
6397.99698448188 5.72423012869884e-17
6404.27540111549 5.39943600681867e-17
6410.55381774909 5.02736619682538e-17
6416.8322343827 5.45587156216296e-17
6423.1106510163 5.48540985096498e-17
6429.38906764991 5.01721735245384e-17
6435.66748428352 4.68275580531864e-17
6441.94590091712 4.57361263221472e-17
6448.22431755073 4.81714089112299e-17
6454.50273418433 5.07330350670739e-17
6460.78115081794 4.95030274223749e-17
6467.05956745155 4.61491872328317e-17
6473.33798408515 4.47095620947444e-17
6479.61640071876 4.16957096805727e-17
6485.89481735236 3.70598950515275e-17
6492.17323398597 3.21147380344446e-17
6498.45165061958 2.69613680766535e-17
6504.73006725318 2.36351011256491e-17
6511.00848388679 1.84858621078371e-17
6517.28690052039 1.61504069837998e-17
6523.565317154 1.55120650876477e-17
6529.84373378761 1.60641469351615e-17
6536.12215042121 1.65289049797694e-17
6542.40056705482 2.28404866138123e-17
6548.67898368842 2.46224156329863e-17
6554.95740032203 3.14914408992736e-17
6561.23581695564 4.09753114676554e-17
6567.51423358924 5.44780555857383e-17
6573.79265022285 6.92183016048699e-17
6580.07106685645 8.6160820051973e-17
6586.34948349006 1.02025978764618e-16
6592.62790012367 1.13772486093352e-16
6598.90631675727 1.22191543602807e-16
6605.18473339088 1.26257566447424e-16
6611.46315002448 1.24405423029134e-16
6617.74156665809 1.17251779803318e-16
6624.0199832917 1.10840309492864e-16
6630.2983999253 1.08134727440656e-16
6636.57681655891 1.05993706082683e-16
6642.85523319251 1.05526130660909e-16
6649.13364982612 9.97435955486816e-17
6655.41206645973 9.50832864473375e-17
6661.69048309333 9.15493723471639e-17
6667.96889972694 8.80542232392171e-17
6674.24731636054 8.60656479594151e-17
6680.52573299415 8.0227460135575e-17
6686.80414962776 7.49359195826243e-17
6693.08256626136 7.11447059898324e-17
6699.36098289497 6.90561874396994e-17
6705.63939952857 6.76665173931654e-17
6711.91781616218 6.5422177867962e-17
6718.19623279579 6.39982493091785e-17
6724.47464942939 6.15024005556447e-17
6730.753066063 5.83199058669082e-17
6737.0314826966 5.72581897721943e-17
6743.30989933021 5.51806760329306e-17
6749.58831596382 5.53938570203978e-17
6755.86673259742 5.63580849168386e-17
6762.14514923103 5.54613549583821e-17
6768.42356586463 5.46725456000842e-17
6774.70198249824 5.04523395980101e-17
6780.98039913185 5.17465662367453e-17
6787.25881576545 5.01214011785399e-17
6793.53723239906 4.99099936663061e-17
6799.81564903266 4.91728500090682e-17
6806.09406566627 5.03759114181327e-17
6812.37248229988 5.05231462584447e-17
6818.65089893348 4.98630164249579e-17
6824.92931556709 4.67712469058062e-17
6831.20773220069 4.90125490238003e-17
6837.4861488343 4.97341946250814e-17
6843.76456546791 4.73753402158762e-17
6850.04298210151 5.0328143392119e-17
6856.32139873512 4.99935885390107e-17
6862.59981536872 5.10134062813375e-17
6868.87823200233 4.76393795761255e-17
6875.15664863594 4.22830707812119e-17
6881.43506526954 4.02551217042524e-17
6887.71348190315 4.42987808938281e-17
6893.99189853675 4.93225134516586e-17
6900.27031517036 4.6972159150428e-17
6906.54873180397 4.52584063573407e-17
6912.82714843757 4.54498060249181e-17
6919.10556507118 4.65234401378976e-17
6925.38398170478 4.74327200806077e-17
6931.66239833839 4.75513543240601e-17
6937.940814972 4.7265298724627e-17
6944.2192316056 4.622954617498e-17
6950.49764823921 4.56937879096743e-17
6956.77606487281 4.64541587985126e-17
6963.05448150642 4.69783696224671e-17
6969.33289814003 4.75491573323532e-17
6975.61131477363 4.76240601911811e-17
6981.88973140724 4.72757840660717e-17
6988.16814804084 4.71578181845543e-17
6994.44656467445 4.71313087002832e-17
7000.72498130806 4.62251654264559e-17
7007.00339794166 4.58448046197469e-17
7013.28181457527 4.55172146273963e-17
7019.56023120887 4.51211043018242e-17
7025.83864784248 4.5304834350762e-17
7032.11706447609 4.61152430492149e-17
7038.39548110969 4.84754209474002e-17
7044.6738977433 4.9593534216278e-17
7050.9523143769 4.80663073425989e-17
7057.23073101051 4.61484725487824e-17
7063.50914764412 4.63426680868303e-17
7069.78756427772 4.72478419049797e-17
7076.06598091133 4.7375949020807e-17
7082.34439754493 4.59692754496014e-17
7088.62281417854 4.52948486264073e-17
7094.90123081215 4.66375083443687e-17
7101.17964744575 4.66422596698072e-17
7107.45806407936 4.66925092376585e-17
7113.73648071296 4.65583438510249e-17
7120.01489734657 4.59226026107187e-17
7126.29331398018 4.57016626691058e-17
7132.57173061378 4.63480083648649e-17
7138.85014724739 4.6216949868612e-17
7145.12856388099 4.63012031770842e-17
7151.4069805146 4.71580266340687e-17
7157.68539714821 4.74786451482167e-17
7163.96381378181 4.67128545720049e-17
7170.24223041542 4.70206352430461e-17
7176.52064704902 4.76564294229115e-17
7182.79906368263 4.68700817541165e-17
7189.07748031624 4.57351138530774e-17
7195.35589694984 4.56494543375639e-17
7201.63431358345 4.52780403163602e-17
7207.91273021705 4.45286444598892e-17
7214.19114685066 4.34679309080778e-17
7220.46956348427 4.45736960247713e-17
7226.74798011787 4.6781666072802e-17
7233.02639675148 4.63413346716828e-17
7239.30481338508 4.61036790642514e-17
7245.58323001869 4.80137085818078e-17
7251.8616466523 4.95584518321384e-17
7258.1400632859 4.8531457470817e-17
7264.41847991951 4.70583811487581e-17
7270.69689655311 4.82064648255898e-17
7276.97531318672 4.83210028706488e-17
7283.25372982033 4.83406599907256e-17
7289.53214645393 4.79105393070878e-17
7295.81056308754 4.59694772816708e-17
7302.08897972114 4.41171518836461e-17
7308.36739635475 4.40922372035961e-17
7314.64581298836 4.53855638698248e-17
7320.92422962196 4.54517614798862e-17
7327.20264625557 4.45189995339469e-17
7333.48106288917 4.48989070456802e-17
7339.75947952278 4.64676352250523e-17
7346.03789615639 4.91873355959552e-17
7352.31631278999 5.05248072371147e-17
7358.5947294236 4.9391540019415e-17
7364.8731460572 4.82448592409021e-17
7371.15156269081 4.93624133356858e-17
7377.42997932442 4.96765235927742e-17
7383.70839595802 4.82842495816719e-17
7389.98681259163 4.66962778725293e-17
7396.26522922523 4.64138982637384e-17
7402.54364585884 4.73650368541662e-17
7408.82206249245 4.8372595779815e-17
7415.10047912605 4.83046313119652e-17
7421.37889575966 4.65901539086612e-17
7427.65731239326 4.45262787233373e-17
7433.93572902687 4.44703745488185e-17
7440.21414566048 4.62674475906471e-17
7446.49256229408 4.53033222646023e-17
7452.77097892769 4.46130665132064e-17
7459.04939556129 4.54161794786566e-17
7465.3278121949 4.57488483599682e-17
7471.60622882851 4.52442549514211e-17
7477.88464546211 4.57408280167489e-17
7484.16306209572 4.55649991970222e-17
7490.44147872932 4.5631765907345e-17
7496.71989536293 4.67274328031205e-17
7502.99831199654 4.78645811522543e-17
7509.27672863014 4.84525742188815e-17
7515.55514526375 4.8453636318788e-17
7521.83356189735 4.69940562756035e-17
7528.11197853096 4.53877972574787e-17
7534.39039516457 4.46058137935955e-17
7540.66881179817 4.38791951824718e-17
7546.94722843178 4.44448742248948e-17
7553.22564506538 4.45049109937539e-17
7559.50406169899 4.35896753506333e-17
7565.7824783326 4.27385660573204e-17
7572.0608949662 4.40239385547788e-17
7578.33931159981 4.96399092701401e-17
7584.61772823341 5.6760518211013e-17
7590.89614486702 6.19333285675603e-17
7597.17456150063 5.15357311334953e-17
7603.45297813423 3.10465037565038e-17
7609.73139476784 2.87414293220043e-17
7616.00981140144 3.36720808998655e-17
7622.28822803505 3.88047167484223e-17
7628.56664466866 3.85025311270445e-17
7634.84506130226 3.47112281987465e-17
7641.12347793587 3.45375930620042e-17
7647.40189456947 3.62548828793909e-17
7653.68031120308 3.75122271889735e-17
7659.95872783669 3.77228075205948e-17
7666.23714447029 3.71838497206798e-17
7672.5155611039 3.66092602886984e-17
7678.7939777375 3.67491232953913e-17
7685.07239437111 3.68019073446395e-17
7691.35081100472 3.70977071316885e-17
7697.62922763832 3.72942816411781e-17
7703.90764427193 3.75421281137561e-17
7710.18606090553 3.83580623787009e-17
7716.46447753914 3.82454301577732e-17
7722.74289417275 3.83255707242398e-17
7729.02131080635 3.7817959760818e-17
7735.29972743996 3.81631422304364e-17
7741.57814407356 4.0122934933644e-17
7747.85656070717 3.98100191253601e-17
7754.13497734078 4.01255885290491e-17
7760.41339397438 4.0455047949584e-17
7766.69181060799 4.1008630302729e-17
7772.97022724159 3.93578987461508e-17
7779.2486438752 3.32744617968562e-17
7785.52706050881 3.26509065813341e-17
7791.80547714241 3.156461329626e-17
7798.08389377602 3.04638178806867e-17
7804.36231040962 3.33447721489232e-17
7810.64072704323 3.77457104973952e-17
7816.91914367684 3.79742274134191e-17
7823.19756031044 3.60091639153483e-17
7829.47597694405 3.47977909954889e-17
7835.75439357765 3.58818905975785e-17
7842.03281021126 3.68376911779386e-17
7848.31122684487 3.48877253804081e-17
7854.58964347847 3.6448962612153e-17
7860.86806011208 3.91397646011757e-17
7867.14647674568 4.05599476861456e-17
7873.42489337929 3.93013791492563e-17
7879.7033100129 3.56881549719512e-17
7885.9817266465 3.49077894733462e-17
7892.26014328011 3.62778255608606e-17
7898.53855991371 3.56104264641508e-17
7904.81697654732 3.42538270985067e-17
7911.09539318093 3.52301119795561e-17
7917.37380981453 3.5663945049783e-17
7923.65222644814 3.45255261512283e-17
7929.93064308174 3.33748649796078e-17
7936.20905971535 3.50671937948301e-17
7942.48747634896 3.82441596083523e-17
7948.76589298256 3.84033620977667e-17
7955.04430961617 3.66641321418127e-17
7961.32272624977 3.5710899130074e-17
7967.60114288338 3.51272206375218e-17
7973.87955951699 3.50892067252913e-17
7980.15797615059 3.70603185680011e-17
7986.4363927842 3.95675096220942e-17
7992.7148094178 3.8436671006673e-17
7998.99322605141 3.55543138401177e-17
8005.27164268502 3.5086572982221e-17
8011.55005931862 3.71054429247771e-17
8017.82847595223 3.84167922021921e-17
8024.10689258583 3.94131477936245e-17
8030.38530921944 3.80309686947178e-17
8036.66372585305 3.63381998194097e-17
8042.94214248665 3.65521749002649e-17
8049.22055912026 3.68473460300483e-17
8055.49897575386 3.53484219682083e-17
8061.77739238747 3.6145886944436e-17
8068.05580902108 3.75698221206644e-17
8074.33422565468 3.69736134961933e-17
8080.61264228829 3.5181606108436e-17
8086.89105892189 3.44608637883838e-17
8093.1694755555 3.50400126399016e-17
8099.44789218911 3.69710492362944e-17
8105.72630882271 3.84860371456302e-17
8112.00472545632 3.77396555353113e-17
8118.28314208992 3.56157038764589e-17
8124.56155872353 3.50520001413387e-17
8130.83997535714 3.55845886505371e-17
8137.11839199074 3.54306404123736e-17
8143.39680862435 3.51851100455107e-17
8149.67522525795 3.47580598563068e-17
8155.95364189156 3.18515953379792e-17
8162.23205852517 3.11163872833747e-17
8168.51047515877 3.17316442229917e-17
8174.78889179238 3.23309531203986e-17
8181.06730842598 3.2943685504786e-17
8187.34572505959 3.3152293837827e-17
8193.6241416932 3.24051214428425e-17
8199.9025583268 3.27936084718893e-17
8206.18097496041 3.37694499841303e-17
8212.45939159401 3.36466897637826e-17
8218.73780822762 3.20565210629331e-17
8225.01622486123 3.01581746443484e-17
8231.29464149483 3.05362259627872e-17
8237.57305812844 3.04820423239425e-17
8243.85147476204 3.10004264876621e-17
8250.12989139565 3.37535614989244e-17
8256.40830802925 3.47342039674407e-17
8262.68672466286 3.1503047897629e-17
8268.96514129647 3.06552638703785e-17
8275.24355793007 3.16826718220061e-17
8281.52197456368 3.25231932034783e-17
8287.80039119728 3.3655034361802e-17
8294.07880783089 3.25451895903274e-17
8300.3572244645 3.22835192753523e-17
8306.6356410981 3.239715073046e-17
8312.91405773171 3.2787050583993e-17
8319.19247436531 3.3311354052176e-17
8325.47089099892 3.23771131073015e-17
8331.74930763253 3.3489624709071e-17
8338.02772426613 3.7194000881157e-17
8344.30614089974 3.72368852328342e-17
8350.58455753335 3.30208250599903e-17
8356.86297416695 3.2258786575037e-17
8363.14139080056 3.5150798593702e-17
8369.41980743416 3.3772894364201e-17
8375.69822406777 3.24778670146329e-17
8381.97664070138 3.43906229194883e-17
8388.25505733498 3.62829276108789e-17
8394.53347396859 3.76573279033051e-17
8400.81189060219 3.79313331355745e-17
8407.0903072358 3.72770498146574e-17
8413.36872386941 3.43571882791289e-17
8419.64714050301 3.09676569005152e-17
8425.92555713662 3.21664566750638e-17
8432.20397377022 3.57827513468028e-17
8438.48239040383 3.20427600862627e-17
8444.76080703744 2.56166834205526e-17
8451.03922367104 2.41306435239337e-17
8457.31764030465 2.43351953632507e-17
8463.59605693826 1.84613047698116e-17
8469.87447357186 9.60476384208702e-18
8476.15289020547 4.77655113846501e-18
8482.43130683907 5.73629406162456e-18
8488.70972347268 9.01120550429856e-18
8494.98814010628 1.16116065785366e-17
8501.26655673989 1.29668377874476e-17
8507.5449733735 9.09177951340613e-18
8513.8233900071 7.54240736036776e-18
8520.10180664071 1.10807849271266e-17
8526.38022327431 1.25947173540008e-17
8532.65863990792 1.3414476502098e-17
8538.93705654153 1.56232232727238e-17
8545.21547317513 1.72005557848277e-17
8551.49388980874 1.93626570135311e-17
8557.77230644234 2.52550235131321e-17
8564.05072307595 3.26367617928594e-17
8570.32913970956 3.66712624386929e-17
8576.60755634316 4.12788702088501e-17
8582.88597297677 4.53047946460926e-17
8589.16438961037 4.71888209139128e-17
8595.44280624398 4.92895519586096e-17
8601.72122287759 4.92259682392839e-17
8607.99963951119 4.76200301672367e-17
8614.2780561448 4.51329396020286e-17
8620.5564727784 4.14342048017202e-17
8626.83488941201 3.70557426048525e-17
8633.11330604562 3.31732512858266e-17
8639.39172267922 2.68797170783884e-17
8645.67013931283 2.25543549137629e-17
8651.94855594643 2.27161977636925e-17
8658.22697258004 2.3744331979898e-17
8664.50538921365 2.29299428883375e-17
8670.78380584725 2.51077787466528e-17
8677.06222248086 2.73947246908476e-17
8683.34063911446 3.08938790073204e-17
8689.61905574807 3.77837211009032e-17
8695.89747238168 4.49167840730787e-17
8702.17588901528 4.73312250194475e-17
8708.45430564889 4.88225423283744e-17
8714.73272228249 5.01013271594345e-17
8721.0111389161 5.14182383992883e-17
8727.28955554971 5.32914252923616e-17
8733.56797218331 5.45665804548937e-17
8739.84638881692 5.46026322947112e-17
8746.12480545052 5.52551322142278e-17
8752.40322208413 5.32588773896188e-17
8758.68163871774 5.05537916457785e-17
8764.96005535134 5.35397052075806e-17
8771.23847198495 5.66870579551734e-17
8777.51688861855 5.24473106383084e-17
8783.79530525216 4.79381869918818e-17
8790.07372188576 4.7556644971258e-17
8796.35213851937 4.73227447638076e-17
8802.63055515298 4.49239871618528e-17
8808.90897178658 4.04171663862516e-17
8815.18738842019 3.57749162920407e-17
8821.46580505379 3.79276439100426e-17
8827.7442216874 4.7028916975339e-17
8834.02263832101 5.18332051341041e-17
8840.30105495461 4.53603613309215e-17
8846.57947158822 3.39823133342423e-17
8852.85788822182 2.79830072706891e-17
8859.13630485543 2.8763879003829e-17
8865.41472148904 2.95148299598516e-17
8871.69313812264 2.75698140111067e-17
8877.97155475625 2.96152695385502e-17
8884.24997138986 2.82830091352499e-17
8890.52838802346 2.66050319036554e-17
8896.80680465707 3.26019143280138e-17
8903.08522129067 4.0165369299068e-17
8909.36363792428 3.82202805584291e-17
8915.64205455789 3.3651146612923e-17
8921.92047119149 3.28530132747604e-17
8928.1988878251 3.30485686977353e-17
8934.4773044587 2.97086516122626e-17
8940.75572109231 2.52733968488982e-17
8947.03413772592 2.16865994378029e-17
8953.31255435952 2.16827067258402e-17
8959.59097099313 2.69240870464457e-17
8965.86938762673 3.25687840901198e-17
8972.14780426034 3.05864589870263e-17
8978.42622089395 2.52556290093405e-17
8984.70463752755 2.50725822115887e-17
8990.98305416116 2.72776422382243e-17
8997.26147079477 2.73863188814628e-17
9003.53988742837 2.75583989186534e-17
9009.81830406198 2.8537595475459e-17
9016.09672069558 2.88136686592598e-17
9022.37513732919 2.78608227680477e-17
9028.65355396279 2.73973154205261e-17
9034.9319705964 2.79949649936242e-17
9041.21038723001 2.75204396003434e-17
9047.48880386361 2.72195361089149e-17
9053.76722049722 2.83800837432166e-17
9060.04563713082 2.93068502840762e-17
9066.32405376443 2.90547620293169e-17
9072.60247039804 2.82437445259332e-17
9078.88088703164 2.52986738340566e-17
9085.15930366525 2.68283541254325e-17
9091.43772029885 2.84035690551683e-17
9097.71613693246 2.77342293927414e-17
9103.99455356607 2.78559986507153e-17
9110.27297019967 2.60977882084257e-17
9116.55138683328 2.43545149936375e-17
9122.82980346688 2.46413779213484e-17
9129.10822010049 2.52414991101169e-17
9135.3866367341 2.49578936196582e-17
9141.6650533677 2.55939541516808e-17
9147.94347000131 2.58682108468565e-17
9154.22188663491 2.42860227845569e-17
9160.50030326852 2.38799151541015e-17
9166.77871990213 2.71610048087707e-17
9173.05713653573 3.07237941297672e-17
9179.33555316934 2.98165159641395e-17
9185.61396980294 3.10040032166308e-17
9191.89238643655 3.36574133332437e-17
9198.17080307016 3.43170468583629e-17
9204.44921970376 3.18726652825421e-17
9210.72763633737 2.80510842351023e-17
9217.00605297097 2.78792920567648e-17
9223.28446960458 2.89312275679158e-17
9229.56288623819 2.77852184600604e-17
9235.84130287179 2.54235714891072e-17
9242.1197195054 2.47764862938804e-17
9248.398136139 2.53444516635165e-17
9254.67655277261 2.70973383713837e-17
9260.95496940622 2.64138406855924e-17
9267.23338603982 2.580650317316e-17
9273.51180267343 2.92270041939076e-17
9279.79021930703 3.1459716868421e-17
9286.06863594064 2.91234080939915e-17
9292.34705257425 2.21819300778507e-17
9298.62546920785 1.73835463342979e-17
9304.90388584146 1.99517750457913e-17
9311.18230247506 2.65057536865368e-17
9317.46071910867 3.08211863750892e-17
9323.73913574227 3.00767072801793e-17
9330.01755237588 2.49017181298985e-17
9336.29596900949 2.33423222021972e-17
9342.57438564309 2.86603490783619e-17
9348.8528022767 2.96091616369071e-17
9355.1312189103 2.94454791372951e-17
9361.40963554391 2.03465089428241e-17
9367.68805217752 1.67816847575207e-17
9373.96646881112 2.5828219972962e-17
9380.24488544473 2.60153662778297e-17
9386.52330207833 2.6884690088231e-17
9392.80171871194 3.37669982207947e-17
9399.08013534555 3.44925249535099e-17
9405.35855197915 2.765332616575e-17
9411.63696861276 2.69148821805892e-17
9417.91538524637 3.18545831143517e-17
9424.19380187997 3.7404505112162e-17
9430.47221851358 3.33269778395859e-17
9436.75063514718 2.23391754579358e-17
9443.02905178079 1.86036526270647e-17
9449.3074684144 2.59358345162939e-17
9455.585885048 2.77932090247776e-17
9461.86430168161 2.33513930647945e-17
9468.14271831521 2.28976861531703e-17
9474.42113494882 3.19553668001852e-17
9480.69955158243 4.25036136761308e-17
9486.97796821603 4.15843877137353e-17
9493.25638484964 3.64710615693979e-17
9499.53480148324 3.66482171868272e-17
9505.81321811685 3.49196082299384e-17
9512.09163475046 2.67709362103927e-17
9518.37005138406 2.69787355607946e-17
9524.64846801767 2.67882987314502e-17
9530.92688465128 2.23254459141286e-17
9537.20530128488 2.38543585818961e-17
9543.48371791849 3.21193338499279e-17
9549.76213455209 3.46041347792005e-17
9556.0405511857 3.72058461075288e-17
9562.3189678193 3.47872560232074e-17
9568.59738445291 2.33912251200113e-17
9574.87580108652 1.48791445332303e-17
9581.15421772012 1.81526853376293e-17
9587.43263435373 1.74995038212881e-17
9593.71105098733 1.27154385741386e-17
9599.98946762094 1.73841270150879e-17
9606.26788425455 2.75471492623227e-17
9612.54630088815 2.8962418894454e-17
9618.82471752176 2.19689112177836e-17
9625.10313415536 1.65764397408503e-17
9631.38155078897 1.94278388458003e-17
9637.65996742258 2.65002777508817e-17
9643.93838405618 2.69304728807746e-17
9650.21680068979 1.99759584981799e-17
9656.49521732339 2.23000680129355e-17
9662.773633957 3.10283355615297e-17
9669.05205059061 3.36360786908847e-17
9675.33046722421 2.66191535310729e-17
9681.60888385782 1.69887479171774e-17
9687.88730049142 1.4047346598498e-17
9694.16571712503 2.57633673585766e-17
9700.44413375864 2.49481974085178e-17
9706.72255039224 1.31876751586645e-17
9713.00096702585 8.03539294337895e-18
9719.27938365945 8.49998389750303e-18
9725.55780029306 8.80584137362002e-18
9731.83621692667 8.47101685963203e-18
9738.11463356027 1.54544800821242e-17
9744.39305019388 2.65932032208959e-17
9750.67146682748 2.9634192122243e-17
9756.94988346109 2.40801027885067e-17
9763.2283000947 1.94519561237398e-17
9769.5067167283 2.07704241175065e-17
9775.78513336191 2.28707548067868e-17
9782.06354999551 1.99237021901625e-17
9788.34196662912 1.67844078360972e-17
9794.62038326273 2.40571187480063e-17
9800.89879989633 3.19849997184493e-17
9807.17721652994 2.55854540437062e-17
9813.45563316354 1.34486754573434e-17
9819.73404979715 1.42530531819502e-17
9826.01246643076 2.07744508327284e-17
9832.29088306436 2.30686594227014e-17
9838.56929969797 2.30339575416436e-17
9844.84771633157 2.33176457501635e-17
