2908.42 0.100000001490116
2912.39 0.104324609041214
2916.36 0.108649216592312
2920.33 0.109388954937458
2924.3 0.11011054366827
2928.27 0.110115997493267
2932.24 0.110115997493267
2936.21 0.109403498470783
2940.18 0.108681902289391
2944.15 0.105827763676643
2948.12 0.102940902113914
2952.09 0.102889999747276
2956.06 0.102889999747276
2960.03 0.102889999747276
2964 0.102889999747276
2967.97 0.102889999747276
2971.94 0.102889999747276
2975.91 0.106394067406654
2979.88 0.109997987747192
2983.85 0.112209886312485
2987.82 0.114374659955502
2991.79 0.114450998604298
2995.76 0.114450998604298
2999.73 0.11375754326582
3003.7 0.11303686350584
3007.67 0.113006003201008
3011.64 0.113006003201008
3015.61 0.110250025987625
3019.58 0.107363164424896
3023.55 0.109973698854446
3027.52 0.112860567867756
3031.49 0.113006003201008
3035.46 0.113006003201008
3039.43 0.112325251102448
3043.4 0.111604571342468
3047.37 0.110203355550766
3051.34 0.108758352696896
3055.31 0.107993416488171
3059.28 0.107272230088711
3063.25 0.107225000858307
3067.22 0.107225000858307
3071.19 0.109915524721146
3075.16 0.112802393734455
3079.13 0.114345714449883
3083.1 0.115787081420422
3087.07 0.116563059389591
3091.04 0.117284655570984
3095.01 0.112689673900604
3098.98 0.107644379138947
3102.95 0.109210290014744
3106.92 0.111375562846661
3110.89 0.111561000347137
3114.86 0.111561000347137
3118.83 0.112875297665596
3122.8 0.114316664636135
3126.77 0.117071658372879
3130.74 0.119961656630039
3134.71 0.120884515345097
3138.68 0.121605202555656
3142.65 0.121675997972488
3146.62 0.121675997972488
3150.59 0.122970588505268
3154.56 0.124414265155792
3158.53 0.127793252468109
3162.5 0.131401211023331
3166.47 0.133722305297852
3170.44 0.135887071490288
3174.41 0.13548618555069
3178.38 0.13476550579071
3182.35 0.134044021368027
3186.32 0.133322432637215
3190.29 0.130692347884178
3194.26 0.127805978059769
3198.23 0.133158937096596
3202.2 0.139645099639893
3206.17 0.141092360019684
3210.14 0.141813531517982
3214.11 0.138768240809441
3218.08 0.135155245661736
3222.05 0.13468199968338
3226.02 0.13468199968338
3229.99 0.13468199968338
3233.96 0.13468199968338
3237.93 0.133438751101494
3241.9 0.13199557363987
3245.87 0.136125609278679
3249.84 0.141170904040337
3253.81 0.143756508827209
3257.78 0.145921289920807
3261.75 0.152378797531128
3265.72 0.159585654735565
3269.69 0.165585741400719
3273.66 0.171366736292839
3277.63 0.172254994511604
3281.6 0.172254994511604
3285.57 0.171648263931274
3289.54 0.170927077531815
3293.51 0.168392166495323
3297.48 0.165502175688744
3301.45 0.16261824965477
3305.42 0.159735500812531
3309.39 0.157451823353767
3313.36 0.155289769172668
3317.33 0.16147193312645
3321.3 0.169409438967705
3325.27 0.175564274191856
3329.24 0.181337505578995
3333.21 0.182962536811829
3337.18 0.183684125542641
3341.15 0.181455075740814
3345.12 0.178572341799736
3349.09 0.174512058496475
3353.06 0.170182019472122
3357.03 0.17287603020668
3361 0.177206069231033
3364.97 0.179783165454865
3368.94 0.181945219635963
3372.91 0.182949095964432
3376.88 0.183669775724411
3380.85 0.186699941754341
3384.82 0.190312936902046
3388.79 0.195644661784172
3392.76 0.20141014456749
3396.73 0.206036284565926
3400.7 0.210365831851959
3404.67 0.21127100288868
3408.64 0.21127100288868
3412.61 0.210702806711197
3416.58 0.209982112050056
3420.55 0.206434339284897
3424.52 0.202104791998863
3428.49 0.19777949154377
3432.46 0.193455383181572
3436.43 0.194728121161461
3440.4 0.19761811196804
3444.37 0.201061993837357
3448.34 0.204665914177895
3452.31 0.226046279072762
3456.28 0.252713114023209
3460.25 0.260619759559631
3464.22 0.262787252664566
3468.19 0.263294994831085
3472.16 0.263294994831085
3476.13 0.264391452074051
3480.1 0.265832841396332
3484.07 0.266730278730392
3488.04 0.267451882362366
3492.01 0.268716931343079
3495.98 0.270160108804703
3499.95 0.27268660068512
3503.92 0.275572955608368
3507.89 0.281691879034042
3511.86 0.28889924287796
3515.83 0.291823387145996
3519.8 0.29326656460762
3523.77 0.295244514942169
3527.74 0.297409772872925
3531.71 0.299040794372559
3535.68 0.300482153892517
3539.65 0.300866991281509
3543.62 0.300866991281509
3547.59 0.299812793731689
3551.56 0.298369616270065
3555.53 0.300075531005859
3559.5 0.302958250045776
3563.47 0.310539215803146
3567.44 0.319920897483826
3571.41 0.325143188238144
3575.38 0.328751146793365
3579.35 0.329768985509872
3583.32 0.329768985509872
3587.29 0.329768985509872
3591.26 0.329768985509872
3595.23 0.324137508869171
3599.2 0.316209465265274
3603.17 0.307757794857025
3607.14 0.299087285995483
3611.11 0.299073457717896
3615.08 0.302676886320114
3619.05 0.304262012243271
3623.02 0.304983198642731
3626.99 0.304700374603271
3630.96 0.303977370262146
3634.93 0.303255975246429
3638.9 0.30253529548645
3642.87 0.30380454659462
3646.84 0.305967092514038
3650.81 0.315052956342697
3654.78 0.327320516109467
3658.75 0.334662348031998
3662.72 0.339713990688324
3666.69 0.340839236974716
3670.66 0.340117663145065
3674.63 0.338908016681671
3678.6 0.337466150522232
3682.57 0.337479293346405
3686.54 0.338200896978378
3690.51 0.342307209968567
3694.48 0.348080426454544
3698.45 0.354329884052277
3702.42 0.360816538333893
3706.39 0.363484025001526
3710.36 0.364205628633499
3714.33 0.363974779844284
3718.3 0.363253206014633
3722.27 0.362531870603561
3726.24 0.361810684204102
3730.21 0.360147714614868
3734.18 0.357982933521271
3738.15 0.357225000858307
3742.12 0.357225000858307
3746.09 0.357225000858307
3750.06 0.357225000858307
3754.03 0.355834513902664
3758 0.353669762611389
3761.97 0.347356557846069
3765.94 0.338707864284515
3769.91 0.333714544773102
3773.88 0.330824553966522
3777.85 0.329768985509872
3781.82 0.329768985509872
3785.79 0.330222845077515
3789.76 0.330943524837494
3793.73 0.331665337085724
3797.7 0.332387834787369
3801.67 0.334459811449051
3805.64 0.337342530488968
3809.61 0.342463493347168
3813.58 0.348958313465118
3817.55 0.358116954565048
3821.52 0.368928194046021
3825.49 0.37533038854599
3829.46 0.378938347101212
3833.43 0.383426338434219
3837.4 0.388477981090546
3841.37 0.396588206291199
3845.34 0.406678289175034
3849.31 0.415038377046585
3853.28 0.422254800796509
3857.25 0.42644277215004
3861.22 0.428607553243637
3865.19 0.430770695209503
3869.16 0.432932764291763
3873.13 0.437659531831741
3877.1 0.444154351949692
3881.07 0.447246313095093
3885.04 0.447967916727066
3889.01 0.447843015193939
3892.98 0.44712233543396
3896.95 0.445980966091156
3900.92 0.444537281990051
3904.89 0.446856647729874
3908.86 0.4519082903862
3912.83 0.456959903240204
3916.8 0.46201154589653
3920.77 0.467473447322845
3924.74 0.473239421844482
3928.71 0.478184580802917
3932.68 0.482508689165115
3936.65 0.485615968704224
3940.62 0.487783461809158
3944.59 0.489134907722473
3948.56 0.489856094121933
3952.53 0.490576714277267
3956.5 0.491296917200089
3960.47 0.491217911243439
3964.44 0.490495890378952
3968.41 0.490173995494843
3972.38 0.490173995494843
3976.35 0.489777475595474
3980.32 0.489055395126343
3984.29 0.486758381128311
3988.26 0.483154952526093
3992.23 0.481112211942673
3996.2 0.480390608310699
4000.17 0.478113144636154
4004.14 0.474505215883255
4008.11 0.470512747764587
4012.08 0.466188132762909
4016.05 0.462627947330475
4020.02 0.459741562604904
4023.99 0.457236647605896
4027.96 0.455071359872818
4031.93 0.454425662755966
4035.9 0.455146849155426
4039.87 0.45662048459053
4043.84 0.458784759044647
4047.81 0.460575103759766
4051.78 0.46201878786087
4055.75 0.463089138269424
4059.72 0.463809818029404
4063.69 0.465268909931183
4067.66 0.46743369102478
4071.63 0.47033303976059
4075.6 0.473941504955292
4079.57 0.47608807682991
4083.54 0.476809173822403
4087.51 0.478619515895844
4091.48 0.481502741575241
4095.45 0.483307421207428
4099.42 0.48402813076973
4103.39 0.483679592609406
4107.36 0.482234597206116
4111.33 0.481503009796143
4115.3 0.481503009796143
4119.27 0.481503009796143
4123.24 0.481503009796143
4127.21 0.480804145336151
4131.18 0.479359149932861
4135.15 0.477567136287689
4139.12 0.475404590368271
4143.09 0.474622577428818
4147.06 0.475344687700272
4151.03 0.476065874099731
4155 0.47678604722023
4158.97 0.479206591844559
4162.94 0.483536630868912
4166.91 0.487528622150421
4170.88 0.491137057542801
4174.85 0.49339959025383
4178.82 0.494119793176651
4182.79 0.494507998228073
4186.76 0.494507998228073
4190.73 0.495172649621964
4194.7 0.496614515781403
4198.67 0.498384714126587
4202.64 0.500546753406525
4206.61 0.501083314418793
4210.58 0.499640107154846
4214.55 0.498843997716904
4218.52 0.498843997716904
4222.49 0.498843997716904
4226.46 0.498843997716904
4230.43 0.499480158090591
4234.4 0.500923335552216
4238.37 0.501417756080627
4242.34 0.500696122646332
4246.31 0.499974548816681
4250.28 0.49925297498703
4254.25 0.498531758785248
4258.22 0.497811079025269
4262.19 0.498016208410263
4266.16 0.499457567930222
4270.13 0.500289022922516
4274.1 0.500289022922516
4278.07 0.500593960285187
4282.04 0.501314640045166
4286.01 0.502639353275299
4289.98 0.504804670810699
4293.95 0.511768400669098
4297.92 0.525479137897491
4301.89 0.534419357776642
4305.86 0.536581873893738
4309.83 0.539628744125366
4313.8 0.543958246707916
4317.77 0.546531975269318
4321.74 0.546531975269318
4325.71 0.546531975269318
4329.68 0.546531975269318
4333.65 0.545957624912262
4337.62 0.54451447725296
4341.59 0.541076719760895
4345.56 0.534590065479279
4349.53 0.529789745807648
4353.5 0.527622222900391
4357.47 0.524612545967102
4361.44 0.520287930965424
4365.41 0.516796767711639
4369.38 0.514634728431702
4373.35 0.510001301765442
4377.32 0.501341700553894
4381.29 0.492409288883209
4385.26 0.48302760720253
4389.23 0.475273609161377
4393.2 0.4702288210392
4397.17 0.46544885635376
4401.14 0.461119323968887
4405.11 0.455462545156479
4409.08 0.447524040937424
4413.05 0.442748546600342
4417.02 0.443470150232315
4420.99 0.444191575050354
4424.96 0.444912761449814
4428.93 0.445376008749008
4432.9 0.445376008749008
4436.87 0.445376008749008
4440.84 0.445376008749008
4444.81 0.445630133152008
4448.78 0.44635084271431
4452.75 0.447071820497513
4456.72 0.447793424129486
4460.69 0.449013024568558
4464.66 0.451177805662155
4468.63 0.453094929456711
4472.6 0.45453679561615
4476.57 0.458171159029007
4480.54 0.466108649969101
4484.51 0.472835808992386
4488.48 0.477160394191742
4492.45 0.481010437011719
4496.42 0.483896791934967
4500.39 0.487255722284317
4504.36 0.491585284471512
4508.33 0.495210707187653
4512.3 0.497373253107071
4516.27 0.500693202018738
4520.24 0.506473660469055
4524.21 0.512249350547791
4528.18 0.518014848232269
4532.15 0.524007380008698
4536.12 0.530494034290314
4540.09 0.534970998764038
4544.06 0.534970998764038
4548.03 0.535858154296875
4552 0.538744986057281
4555.97 0.542071580886841
4559.94 0.546401143074036
4563.91 0.551600515842438
4567.88 0.558807909488678
4571.85 0.5649453997612
4575.82 0.568553328514099
4579.79 0.573650240898132
4583.76 0.582310318946838
4587.73 0.58991402387619
4591.7 0.59495884180069
4595.67 0.598761975765228
4599.64 0.599482655525208
4603.61 0.600000023841858
4607.58 0.600000023841858
4611.55 0.600000023841858
4615.52 0.600000023841858
4619.49 0.599200129508972
4623.46 0.596313238143921
4627.43 0.593822777271271
4631.4 0.592379570007324
4635.37 0.591328978538513
4639.34 0.591328978538513
4643.31 0.591328978538513
4647.28 0.591328978538513
4651.25 0.591328978538513
4655.22 0.591328978538513
4659.19 0.591516554355621
4663.16 0.592239558696747
4667.13 0.592774987220764
4671.1 0.592774987220764
4675.07 0.592774987220764
4679.04 0.592774987220764
4683.01 0.592594683170319
4686.98 0.591871678829193
4690.95 0.591688454151154
4694.92 0.593129813671112
4698.89 0.594219028949738
4702.86 0.594219028949738
4706.83 0.593873679637909
4710.8 0.592430472373962
4714.77 0.59081643819809
4718.74 0.588651657104492
4722.71 0.584120094776154
4726.68 0.571852087974548
4730.65 0.558919668197632
4734.62 0.54378479719162
4738.59 0.530445039272308
4742.56 0.523228645324707
4746.53 0.515041470527649
4750.5 0.503495037555695
4754.47 0.492271393537521
4758.44 0.482181310653687
4762.41 0.473496407270432
4766.38 0.469892978668213
4770.35 0.466287523508072
4774.32 0.462674528360367
4778.29 0.458606094121933
4782.26 0.452840626239777
4786.23 0.448265999555588
4790.2 0.448265999555588
4794.17 0.447676986455917
4798.14 0.444790124893188
4802.11 0.441613644361496
4806.08 0.437289535999298
4810.05 0.433247894048691
4814.02 0.430361539125443
4817.99 0.428034991025925
4821.96 0.428034991025925
4825.93 0.428580969572067
4829.9 0.431470960378647
4833.87 0.435312747955322
4837.84 0.443240761756897
4841.81 0.449843525886536
4845.78 0.450564205646515
4849.75 0.451155990362167
4853.72 0.451155990362167
4857.69 0.451413780450821
4861.66 0.452855139970779
4865.63 0.45417132973671
4869.6 0.454892516136169
4873.57 0.455613702535629
4877.54 0.456334799528122
4881.51 0.456816107034683
4885.48 0.456095039844513
4889.45 0.455491989850998
4893.42 0.455491989850998
4897.39 0.454562395811081
4901.36 0.448795914649963
4905.33 0.443704694509506
4909.3 0.442262023687363
4913.27 0.440375685691833
4917.24 0.436045616865158
4921.21 0.430844962596893
4925.18 0.4207544028759
4929.15 0.410345822572708
4933.12 0.398078799247742
4937.09 0.38653689622879
4941.06 0.379320472478867
4945.03 0.373426914215088
4949 0.375588446855545
4952.97 0.378535807132721
4956.94 0.386474311351776
4960.91 0.393738329410553
4964.88 0.396624684333801
4968.85 0.399227410554886
4972.82 0.399948090314865
4976.79 0.400668889284134
4980.76 0.401390463113785
4984.73 0.402200967073441
4988.7 0.40364283323288
4992.67 0.40499946475029
4996.64 0.405721485614777
5000.61 0.406358003616333
5004.58 0.406358003616333
5008.55 0.406031250953674
5012.52 0.403148502111435
5016.49 0.398778021335602
5020.46 0.382159501314163
5024.43 0.367262929677963
5028.4 0.366542249917984
5032.37 0.362174332141876
5036.34 0.326137602329254
5040.31 0.293286561965942
5044.28 0.289678603410721
5048.25 0.285656183958054
5052.22 0.277718186378479
5056.19 0.268300563097
5060.16 0.244486555457115
5064.13 0.22237454354763
5068.1 0.217329740524292
5072.07 0.212655156850815
5076.04 0.211933061480522
5080.01 0.21013131737709
5083.98 0.196420580148697
5087.95 0.183815002441406
5091.92 0.183815002441406
5095.89 0.18365141749382
5099.86 0.181486636400223
5103.83 0.179269149899483
5107.8 0.176382794976234
5111.77 0.173090010881424
5115.74 0.164441302418709
5119.71 0.156169936060905
5123.68 0.153283074498177
5127.65 0.150714352726936
5131.62 0.152879625558853
5135.59 0.154914006590843
5139.56 0.154914006590843
5143.53 0.154554083943367
5147.5 0.148059263825417
5151.47 0.141717359423637
5155.44 0.138113439083099
5159.41 0.134509116411209
5163.38 0.130896613001823
5167.35 0.127491489052773
5171.32 0.128212168812752
5175.29 0.128871142864227
5179.26 0.128150448203087
5183.23 0.127456992864609
5187.2 0.127456992864609
5191.17 0.127484232187271
5195.14 0.12820491194725
5199.11 0.129138305783272
5203.08 0.136354714632034
5207.05 0.143331214785576
5211.02 0.142610535025597
