3351.4538574219  2.227505E-18
3355.52057838443  7.272244E-18
3359.58729934695  8.799031E-18
3363.65402030948  -5.680675E-18
3367.720741272  1.247435E-18
3371.78746223453  -7.117505E-18
3375.85418319705  -4.846421E-18
3379.92090415957  -2.711642E-18
3383.9876251221  -6.093082E-18
3388.05434608462  1.500010E-18
3392.12106704715  5.953760E-19
3396.18778800967  7.389416E-20
3400.2545089722  4.249889E-19
3404.32122993472  -3.474171E-18
3408.38795089725  -1.039524E-18
3412.45467185977  2.899474E-18
3416.52139282229  3.118986E-18
3420.58811378482  3.059632E-18
3424.65483474734  7.713645E-18
3428.72155570987  8.831696E-18
3432.78827667239  2.215403E-19
3436.85499763492  -5.066166E-19
3440.92171859744  -1.722975E-18
3444.98843955997  -9.015372E-19
3449.05516052249  -3.378773E-18
3453.12188148501  -5.175473E-18
3457.18860244754  -1.970028E-18
3461.25532341006  -1.190542E-19
3465.32204437259  2.993746E-18
3469.38876533511  3.403227E-18
3473.45548629764  7.266744E-18
3477.52220726016  6.870975E-18
3481.58892822268  2.105922E-18
3485.65564918521  -4.879181E-19
3489.72237014773  3.946175E-18
3493.78909111026  8.093675E-19
3497.85581207278  1.163789E-18
3501.92253303531  -1.100698E-18
3505.98925399783  6.708776E-19
3510.05597496036  9.964235E-19
3514.12269592288  -2.521244E-18
3518.1894168854  -9.242610E-19
3522.25613784793  2.009144E-18
3526.32285881045  6.860022E-18
3530.38957977298  1.954388E-18
3534.4563007355  5.588093E-20
3538.52302169803  2.580366E-18
3542.58974266055  -1.384196E-18
3546.65646362307  -7.768674E-19
3550.7231845856  3.346268E-18
3554.78990554812  -4.079398E-18
3558.85662651065  -5.259128E-18
3562.92334747317  1.915697E-18
3566.9900684357  8.486319E-19
3571.05678939822  3.932772E-18
3575.12351036075  6.480903E-19
3579.19023132327  1.823119E-18
3583.25695228579  -1.313960E-18
3587.32367324832  -1.713857E-18
3591.39039421084  -4.530397E-19
3595.45711517337  -1.489464E-18
3599.52383613589  -1.656250E-19
3603.59055709842  8.484973E-19
3607.65727806094  1.518069E-18
3611.72399902347  -3.426877E-19
3615.79071998599  -1.444353E-18
3619.85744094851  1.747060E-18
3623.92416191104  -3.446949E-19
3627.99088287356  1.326333E-18
3632.05760383609  4.731996E-18
3636.12432479861  4.610523E-18
3640.19104576114  3.870203E-18
3644.25776672366  -6.573797E-19
3648.32448768619  -1.729682E-18
3652.39120864871  1.278250E-18
3656.45792961123  1.284929E-18
3660.52465057376  6.366253E-19
3664.59137153628  -2.319832E-19
3668.65809249881  1.413446E-18
3672.72481346133  6.952121E-19
3676.79153442386  -6.267440E-19
3680.85825538638  5.161876E-19
3684.92497634891  -3.922034E-20
3688.99169731143  -2.429853E-19
3693.05841827395  4.265072E-19
3697.12513923648  3.319663E-19
3701.191860199  2.038208E-18
3705.25858116153  1.406142E-18
3709.32530212405  2.324979E-18
3713.39202308658  2.771201E-19
3717.4587440491  -5.618287E-19
3721.52546501162  3.929262E-20
3725.59218597415  1.455896E-18
3729.65890693667  1.137221E-18
3733.7256278992  3.801025E-18
3737.79234886172  -5.193896E-19
3741.85906982425  6.605476E-19
3745.92579078677  -2.219349E-18
3749.9925117493  -1.743285E-18
3754.05923271182  5.594698E-18
3758.12595367434  1.349992E-18
3762.19267463687  -7.540322E-19
3766.25939559939  -1.047667E-18
3770.32611656192  -1.969848E-18
3774.39283752444  -1.039821E-19
3778.45955848697  -2.391925E-19
3782.52627944949  1.308030E-18
3786.59300041202  1.540733E-18
3790.65972137454  -2.670259E-19
3794.72644233706  1.609126E-18
3798.79316329959  2.114318E-18
3802.85988426211  3.757074E-18
3806.92660522464  1.432465E-19
3810.99332618716  -8.275848E-19
3815.06004714969  1.017552E-18
3819.12676811221  1.309039E-18
3823.19348907473  1.370267E-18
3827.26021003726  1.217982E-18
3831.32693099978  1.778438E-18
3835.39365196231  1.627559E-18
3839.46037292483  -5.162179E-19
3843.52709388736  -1.658739E-18
3847.59381484988  9.341357E-19
3851.66053581241  -4.825083E-19
3855.72725677493  -5.405628E-19
3859.79397773745  -2.187767E-18
3863.86069869998  -1.366111E-18
3867.9274196625  1.509131E-18
3871.99414062503  1.598718E-18
3876.06086158755  -1.364370E-18
3880.12758255008  -7.558417E-19
3884.1943035126  -2.838860E-18
3888.26102447513  -6.692699E-19
3892.32774543765  7.971032E-20
3896.39446640017  7.526056E-19
3900.4611873627  -1.594926E-19
3904.52790832522  2.841023E-19
3908.59462928775  -7.632049E-19
3912.66135025027  -1.623190E-19
3916.7280712128  -9.082603E-19
3920.79479217532  5.276637E-19
3924.86151313785  -1.189314E-19
3928.92823410037  -9.915562E-20
3932.99495506289  1.954514E-18
3937.06167602542  -3.054178E-20
3941.12839698794  5.169421E-19
3945.19511795047  8.668682E-19
3949.26183891299  1.157148E-18
3953.32855987552  2.320513E-20
3957.39528083804  8.680278E-19
3961.46200180056  -2.693065E-19
3965.52872276309  1.554559E-18
3969.59544372561  1.796455E-18
3973.66216468814  2.207558E-18
3977.72888565066  3.208690E-19
3981.79560661319  9.031945E-19
3985.86232757571  2.091765E-18
3989.92904853824  3.744903E-19
3993.99576950076  -4.274296E-20
3998.06249046328  7.547125E-20
4002.12921142581  -2.126510E-19
4006.19593238833  7.210934E-19
4010.26265335086  9.328207E-19
4014.32937431338  2.697288E-18
4018.39609527591  1.730474E-18
4022.46281623843  3.539101E-19
4026.52953720096  5.734874E-19
4030.59625816348  -5.938512E-19
4034.662979126  -9.590477E-19
4038.72970008853  5.218312E-19
4042.79642105105  1.414338E-18
4046.86314201358  1.960850E-19
4050.9298629761  1.745133E-18
4054.99658393863  1.983076E-18
4059.06330490115  1.913844E-18
4063.13002586368  1.764983E-20
4067.1967468262  -2.105574E-18
4071.26346778872  -3.992161E-18
4075.33018875125  6.462449E-19
4079.39690971377  1.199826E-18
4083.4636306763  8.261522E-20
4087.53035163882  -2.847939E-19
4091.59707260135  -1.631361E-19
4095.66379356387  1.258650E-19
4099.73051452639  6.647976E-19
4103.79723548892  -2.505062E-19
4107.86395645144  -3.730017E-19
4111.93067741397  1.416866E-18
4115.99739837649  2.783914E-19
4120.06411933902  -4.720992E-19
4124.13084030154  -1.399758E-18
4128.19756126407  -4.744622E-19
4132.26428222659  5.449251E-19
4136.33100318912  1.447056E-19
4140.39772415164  8.254396E-20
4144.46444511416  1.957715E-19
4148.53116607669  1.924317E-18
4152.59788703921  -1.235785E-19
4156.66460800174  1.639252E-19
4160.73132896426  8.114872E-19
4164.79804992679  8.066468E-19
4168.86477088931  4.937892E-19
4172.93149185183  9.648365E-20
4176.99821281436  9.049882E-19
4181.06493377688  -1.063880E-18
4185.13165473941  -2.701517E-19
4189.19837570193  1.468239E-19
4193.26509666446  -1.830641E-19
4197.33181762698  -7.716947E-19
4201.39853858951  4.319943E-19
4205.46525955203  6.957376E-19
4209.53198051455  1.994755E-19
4213.59870147708  6.255668E-19
4217.6654224396  7.788662E-19
4221.73214340213  1.339204E-19
4225.79886436465  7.781690E-19
4229.86558532718  1.026848E-18
4233.9323062897  -1.330650E-19
4237.99902725223  1.080860E-19
4242.06574821475  1.796236E-20
4246.13246917727  1.057530E-18
4250.1991901398  3.456639E-19
4254.26591110232  7.393738E-19
4258.33263206485  1.125494E-18
4262.39935302737  -2.872297E-19
4266.46607398989  6.766229E-20
4270.53279495242  7.386609E-19
4274.59951591495  1.455821E-18
4278.66623687747  2.354731E-18
4282.73295783999  2.111306E-18
4286.79967880252  1.286055E-18
4290.86639976504  1.242435E-18
4294.93312072757  -2.544981E-19
4298.99984169009  -5.697607E-19
4303.06656265261  3.157101E-19
4307.13328361514  1.164767E-18
4311.20000457766  8.245785E-19
4315.26672554019  8.643042E-19
4319.33344650271  -1.495886E-19
4323.40016746524  2.149135E-19
4327.46688842776  1.161143E-18
4331.53360939028  2.783494E-19
4335.60033035281  4.135007E-19
4339.66705131533  1.393842E-18
4343.73377227786  5.114447E-19
4347.80049324038  6.302692E-19
4351.86721420291  5.543054E-19
4355.93393516543  2.054950E-18
4360.00065612796  1.173703E-18
4364.06737709048  2.978487E-19
4368.134098053  9.884641E-20
4372.20081901553  2.335708E-19
4376.26753997805  1.145459E-19
4380.33426094058  1.685795E-18
4384.4009819031  3.255273E-19
4388.46770286563  7.440236E-19
4392.53442382815  5.881078E-19
4396.60114479068  1.559323E-19
4400.6678657532  -1.924763E-19
4404.73458671572  -4.376765E-20
4408.80130767825  9.507749E-19
4412.86802864077  1.028466E-18
4416.9347496033  3.321304E-19
4421.00147056582  -5.288200E-19
4425.06819152835  7.977664E-19
4429.13491249087  6.605732E-19
4433.2016334534  -2.049682E-19
4437.26835441592  1.343109E-20
4441.33507537844  2.104395E-18
4445.40179634097  1.471667E-18
4449.46851730349  -3.667117E-20
4453.53523826602  -2.749165E-19
4457.60195922854  1.669834E-19
4461.66868019107  1.024188E-18
4465.73540115359  3.002722E-19
4469.80212211611  1.085847E-18
4473.86884307864  1.272919E-18
4477.93556404116  2.793433E-18
4482.00228500369  6.361596E-19
4486.06900596621  3.613682E-19
4490.13572692874  -6.991021E-21
4494.20244789126  8.358082E-19
4498.26916885379  2.214075E-18
4502.33588981631  4.545217E-19
4506.40261077884  6.362132E-19
4510.46933174136  1.627115E-18
4514.53605270388  2.161044E-18
4518.60277366641  3.992261E-19
4522.66949462893  -3.573386E-19
4526.73621559146  -2.399792E-19
4530.80293655398  4.967188E-19
4534.86965751651  1.723997E-20
4538.93637847903  8.395278E-20
4543.00309944155  1.152561E-18
4547.06982040408  2.101119E-18
4551.1365413666  1.813784E-18
4555.20326232913  1.182485E-18
4559.26998329165  2.570592E-19
4563.33670425418  6.049397E-19
4567.4034252167  6.428025E-19
4571.47014617923  1.366465E-19
4575.53686714175  9.090591E-19
4579.60358810428  8.031921E-19
4583.6703090668  2.058041E-19
4587.73703002932  2.046628E-19
4591.80375099185  3.693003E-19
4595.87047195437  -3.885013E-19
4599.9371929169  -2.632132E-19
4604.00391387942  1.380812E-19
4608.07063484195  1.561406E-18
4612.13735580447  2.649250E-19
4616.20407676699  2.251003E-21
4620.27079772952  2.816478E-19
4624.33751869204  -6.323848E-22
4628.40423965457  3.903208E-19
4632.47096061709  3.466248E-19
4636.53768157962  -3.216013E-20
4640.60440254214  1.272551E-18
4644.67112350467  3.804548E-19
4648.73784446719  -7.189447E-21
4652.80456542971  -1.872554E-19
4656.87128639224  -2.720560E-19
4660.93800735476  1.182451E-18
4665.00472831729  1.822321E-18
4669.07144927981  1.810047E-18
4673.13817024234  1.519600E-19
4677.20489120486  1.154988E-18
4681.27161216738  6.464240E-19
4685.33833312991  6.368223E-20
4689.40505409243  1.321506E-18
4693.47177505496  1.322772E-18
4697.53849601748  1.401832E-19
4701.60521698001  4.562422E-19
4705.67193794253  1.258514E-18
4709.73865890506  1.916511E-18
4713.80537986758  1.741406E-18
4717.8721008301  1.172614E-18
4721.93882179263  1.754127E-18
4726.00554275515  8.519571E-19
4730.07226371768  -2.301392E-19
4734.1389846802  1.160613E-18
4738.20570564272  4.030926E-19
4742.27242660525  2.768893E-19
4746.33914756777  2.647582E-19
4750.4058685303  -4.661066E-19
4754.47258949282  -7.307276E-19
4758.53931045535  1.028833E-18
4762.60603141787  5.112923E-19
4766.6727523804  1.154595E-18
4770.73947334292  8.834141E-19
4774.80619430545  1.196739E-18
4778.87291526797  2.289394E-19
4782.93963623049  -1.230294E-19
4787.00635719302  3.522519E-19
4791.07307815554  9.692379E-19
4795.13979911807  -1.739357E-21
4799.20652008059  7.345541E-20
4803.27324104312  -5.811425E-19
4807.33996200564  1.168704E-18
4811.40668296816  1.228495E-19
4815.47340393069  1.875542E-18
4819.54012489321  1.635121E-18
4823.60684585574  -2.753808E-20
4827.67356681826  4.536859E-19
4831.74028778079  3.944211E-20
4835.80700874331  4.483629E-19
4839.87372970584  2.915732E-18
4843.94045066836  3.782300E-18
4848.00717163088  1.269007E-18
4852.07389259341  1.738782E-18
4856.14061355593  6.884727E-19
4860.20733451846  2.158195E-19
4864.27405548098  1.441706E-18
4868.34077644351  1.738695E-18
4872.40749740603  8.357754E-19
4876.47421836855  1.302512E-18
4880.54093933108  5.579713E-19
4884.6076602936  7.979078E-19
4888.67438125613  5.356267E-19
4892.74110221865  -3.199073E-19
4896.80782318118  1.115910E-20
4900.8745441437  1.452982E-18
4904.94126510623  1.382649E-18
4909.00798606875  4.697183E-19
4913.07470703128  8.423170E-19
4917.1414279938  1.429330E-18
4921.20814895632  8.861492E-19
4925.27486991885  -1.349272E-19
4929.34159088137  1.030697E-18
4933.4083118439  1.636941E-18
4937.47503280642  3.936051E-19
4941.54175376895  8.477378E-19
4945.60847473147  2.013020E-18
4949.675195694  2.409641E-18
4953.74191665652  5.791252E-19
4957.80863761904  -1.033912E-19
4961.87535858157  6.899612E-19
4965.94207954409  1.189131E-18
4970.00880050662  5.930058E-19
4974.07552146914  7.775665E-19
4978.14224243167  1.489922E-18
4982.20896339419  3.187208E-19
4986.27568435671  7.008576E-19
4990.34240531924  6.313700E-19
4994.40912628176  1.260230E-18
4998.47584724429  3.421361E-19
5002.54256820681  -2.951425E-20
5006.60928916934  2.894288E-19
5010.67601013186  1.034209E-18
5014.74273109439  1.101427E-18
5018.80945205691  2.465548E-19
5022.87617301944  -3.480318E-19
5026.94289398196  2.465006E-19
5031.00961494448  -6.718223E-19
5035.07633590701  -4.131027E-19
5039.14305686953  9.291917E-19
5043.20977783206  3.011743E-19
5047.27649879458  1.013695E-20
5051.34321975711  1.801462E-18
5055.40994071963  1.691462E-18
5059.47666168215  5.093369E-19
5063.54338264468  5.776071E-19
5067.6101036072  1.399296E-19
5071.67682456973  -4.224067E-20
5075.74354553225  7.920345E-19
5079.81026649478  5.542383E-19
5083.8769874573  1.365993E-18
5087.94370841983  8.046666E-19
5092.01042938235  6.238761E-19
5096.07715034487  1.082854E-18
5100.1438713074  1.598198E-18
5104.21059226992  1.086811E-18
5108.27731323245  2.925085E-20
5112.34403419497  7.014500E-19
5116.4107551575  2.272987E-18
5120.47747612002  6.346583E-19
5124.54419708254  -2.626885E-19
5128.61091804507  4.908491E-19
5132.67763900759  3.438721E-18
5136.74435997012  2.715416E-18
5140.81108093264  3.375752E-19
5144.87780189517  1.613303E-19
5148.94452285769  2.255595E-18
5153.01124382022  2.422201E-18
5157.07796478274  1.602103E-18
5161.14468574527  9.885844E-19
5165.21140670779  -6.566402E-19
5169.27812767031  -5.823331E-20
5173.34484863284  1.679982E-18
5177.41156959536  2.034631E-18
5181.47829055789  2.633429E-18
5185.54501152041  1.371259E-18
5189.61173248294  4.541997E-19
5193.67845344546  1.189952E-18
5197.74517440799  1.051961E-18
5201.81189537051  1.641529E-18
5205.87861633303  1.209627E-18
5209.94533729556  7.917453E-19
5214.01205825808  1.433520E-18
5218.07877922061  2.326069E-18
5222.14550018313  1.322436E-18
5226.21222114566  -2.143218E-19
5230.27894210818  1.376526E-18
5234.3456630707  2.297524E-18
5238.41238403323  7.806546E-19
5242.47910499575  1.275106E-18
5246.54582595828  2.087384E-18
5250.6125469208  1.255792E-18
5254.67926788333  1.282627E-18
5258.74598884585  7.930534E-19
5262.81270980837  1.813320E-18
5266.8794307709  9.723045E-19
5270.94615173342  7.604812E-20
5275.01287269595  3.145744E-19
5279.07959365847  6.090963E-20
5283.146314621  6.529031E-19
5287.21303558352  9.746412E-19
5291.27975654605  1.436999E-19
5295.34647750857  2.259976E-19
5299.4131984711  1.080282E-18
5303.47991943362  9.643082E-19
5307.54664039614  1.496393E-18
5311.61336135867  1.783023E-18
5315.68008232119  7.739924E-19
5319.74680328372  2.994750E-19
5323.81352424624  -1.886319E-19
5327.88024520877  -4.768517E-19
5331.94696617129  6.670339E-21
5336.01368713381  8.886762E-19
5340.08040809634  6.943330E-19
5344.14712905886  -1.759487E-19
5348.21385002139  -5.878629E-19
5352.28057098391  6.002880E-19
5356.34729194644  1.810684E-18
5360.41401290896  4.681475E-19
5364.48073387149  9.800139E-19
5368.54745483401  2.254242E-18
5372.61417579653  1.729560E-18
5376.68089675906  1.414835E-18
5380.74761772158  5.608931E-19
5384.81433868411  9.691814E-20
5388.88105964663  3.156432E-19
5392.94778060916  2.045409E-18
5397.01450157168  1.965247E-18
5401.0812225342  1.840383E-18
5405.14794349673  6.307183E-19
5409.21466445925  1.576974E-18
5413.28138542178  2.226584E-18
5417.3481063843  1.458105E-19
5421.41482734683  1.244911E-18
5425.48154830935  -2.365515E-19
5429.54826927187  -5.537736E-19
5433.6149902344  2.336013E-19
5437.68171119693  -2.712020E-19
5441.74843215945  2.814818E-20
5445.81515312197  3.267044E-19
5449.8818740845  2.435309E-19
5453.94859504702  2.863009E-18
5458.01531600955  2.542846E-18
5462.08203697207  8.117209E-19
5466.1487579346  1.279686E-18
5470.21547889712  1.066804E-18
5474.28219985964  2.392894E-18
5478.34892082217  6.649575E-19
5482.41564178469  1.849559E-18
5486.48236274722  1.561819E-18
5490.54908370974  6.528498E-19
5494.61580467227  3.174677E-18
5498.68252563479  3.215916E-18
5502.74924659732  2.348551E-18
5506.81596755984  6.398458E-19
5510.88268852236  -1.040603E-18
5514.94940948489  4.086931E-19
5519.01613044741  2.184785E-18
5523.08285140994  1.366959E-18
5527.14957237246  1.071140E-18
5531.21629333499  2.193933E-18
5535.28301429751  2.019222E-18
5539.34973526003  9.333478E-19
5543.41645622256  6.540576E-19
5547.48317718508  9.364891E-19
5551.54989814761  5.423633E-19
5555.61661911013  2.020194E-18
5559.68334007266  1.967664E-18
5563.75006103518  -2.763712E-19
5567.8167819977  3.370055E-18
5571.88350296023  3.508039E-18
5575.95022392275  -9.447132E-19
5580.01694488528  1.129131E-18
5584.0836658478  3.741251E-18
5588.15038681033  1.935112E-18
5592.21710777285  8.819494E-19
5596.28382873538  1.595159E-18
5600.3505496979  -7.675321E-19
5604.41727066042  -7.815917E-20
5608.48399162295  3.178790E-19
5612.55071258547  1.667638E-18
5616.617433548  2.697690E-18
5620.68415451052  2.362471E-18
5624.75087547305  2.829669E-18
5628.81759643557  1.540227E-18
5632.8843173981  1.585640E-18
5636.95103836062  2.054380E-18
5641.01775932314  1.833626E-18
5645.08448028567  1.150983E-18
5649.15120124819  5.502256E-19
5653.21792221072  1.035972E-18
5657.28464317324  4.748117E-19
5661.35136413577  1.408022E-19
5665.41808509829  8.314794E-19
5669.48480606082  9.121316E-19
5673.55152702334  4.796514E-19
5677.61824798586  1.846865E-18
5681.68496894839  2.589951E-18
5685.75168991091  1.282342E-18
5689.81841087344  1.103552E-18
5693.88513183596  2.329158E-18
5697.95185279849  1.147700E-18
5702.01857376101  1.641526E-18
5706.08529472353  2.396335E-18
5710.15201568606  3.788054E-18
5714.21873664858  1.882004E-18
5718.28545761111  5.686842E-19
5722.35217857363  9.973467E-19
5726.41889953616  8.241312E-19
5730.48562049868  -1.461000E-19
5734.55234146121  1.040102E-18
5738.61906242373  1.489723E-18
5742.68578338625  1.003965E-18
5746.75250434878  2.082010E-18
5750.8192253113  6.964241E-19
5754.88594627383  1.461398E-18
5758.95266723635  2.050553E-18
5763.01938819888  7.707935E-19
5767.0861091614  5.548174E-20
5771.15283012393  7.610483E-20
5775.21955108645  3.895102E-19
5779.28627204897  2.592517E-18
5783.3529930115  1.629828E-18
5787.41971397402  -1.633132E-19
5791.48643493655  2.533141E-19
5795.55315589907  1.156599E-18
5799.6198768616  1.190280E-18
5803.68659782412  2.964145E-18
5807.75331878665  3.668642E-18
5811.82003974917  2.981945E-18
5815.88676071169  8.300678E-19
5819.95348167422  -3.250466E-19
5824.02020263674  1.243598E-18
5828.08692359927  1.608254E-18
5832.15364456179  1.093615E-18
5836.22036552432  1.452609E-18
5840.28708648684  2.074200E-18
5844.35380744936  7.907796E-19
5848.42052841189  1.812600E-18
5852.48724937441  3.960567E-19
5856.55397033694  3.085243E-19
5860.62069129946  3.024668E-18
5864.68741226199  2.747607E-18
5868.75413322451  5.477094E-19
5872.82085418704  6.107049E-19
5876.88757514956  1.410575E-18
5880.95429611208  1.132669E-18
5885.02101707461  9.379027E-19
5889.08773803713  1.709046E-18
5893.15445899966  6.495814E-19
5897.22117996218  3.117269E-18
5901.28790092471  1.766806E-18
5905.35462188723  1.082945E-18
5909.42134284976  1.232306E-18
5913.48806381228  2.346884E-18
5917.5547847748  1.635474E-19
5921.62150573733  1.495608E-18
5925.68822669985  8.103041E-19
5929.75494766238  2.363843E-18
5933.8216686249  6.310020E-19
5937.88838958743  5.809769E-19
5941.95511054995  1.062582E-18
5946.02183151248  2.326601E-18
5950.088552475  3.124856E-18
5954.15527343752  1.071804E-18
5958.22199440005  8.841331E-19
5962.28871536257  7.515697E-19
5966.3554363251  1.173997E-18
5970.42215728762  3.831830E-18
5974.48887825015  4.520877E-18
5978.55559921267  2.875207E-18
5982.62232017519  1.911732E-18
5986.68904113772  4.902551E-19
5990.75576210024  8.256070E-19
5994.82248306277  1.546454E-18
5998.88920402529  1.938388E-18
6002.95592498782  1.162721E-18
6007.02264595034  3.524292E-19
6011.08936691287  -7.203221E-19
6015.15608787539  2.172751E-20
6019.22280883792  2.116301E-18
6023.28952980044  1.372218E-18
6027.35625076296  1.110409E-18
6031.42297172549  1.383793E-18
6035.48969268801  1.718412E-18
6039.55641365054  2.515784E-18
6043.62313461306  3.153343E-19
6047.68985557559  2.054487E-18
6051.75657653811  2.843178E-18
6055.82329750063  1.087297E-18
6059.89001846316  9.872831E-19
6063.95673942568  1.453160E-18
6068.02346038821  1.375356E-18
6072.09018135073  2.481934E-19
6076.15690231326  -7.049289E-20
6080.22362327578  3.006650E-19
6084.29034423831  1.599443E-18
6088.35706520083  2.519489E-18
6092.42378616335  1.262099E-18
6096.49050712588  1.234278E-18
6100.5572280884  2.742604E-18
6104.62394905093  9.122239E-19
6108.69067001345  4.162722E-19
6112.75739097598  1.795320E-18
6116.8241119385  1.382384E-18
6120.89083290103  2.653542E-19
6124.95755386355  4.880455E-19
6129.02427482607  4.155281E-19
6133.0909957886  6.888188E-20
6137.15771675112  2.633139E-18
6141.22443771365  6.056940E-19
6145.29115867617  2.018151E-18
6149.3578796387  3.513977E-18
6153.42460060122  1.855930E-18
6157.49132156375  7.395739E-19
6161.55804252627  1.505097E-18
6165.62476348879  1.061495E-18
6169.69148445132  1.622248E-18
6173.75820541384  2.139591E-18
6177.82492637637  1.072906E-18
6181.89164733889  1.928448E-18
6185.95836830142  1.889334E-18
6190.02508926394  1.111270E-18
6194.09181022646  3.142712E-18
6198.15853118899  2.361313E-18
6202.22525215151  1.475621E-18
6206.29197311404  7.620096E-19
6210.35869407656  1.684251E-18
6214.42541503909  2.241446E-18
6218.49213600161  2.728741E-18
6222.55885696414  1.299655E-18
6226.62557792666  8.327624E-19
6230.69229888918  3.322490E-19
6234.75901985171  1.760999E-18
6238.82574081423  1.586514E-18
6242.89246177676  -3.097733E-19
6246.95918273928  2.437088E-18
6251.02590370181  4.587044E-18
6255.09262466433  3.709518E-18
6259.15934562685  1.630866E-18
6263.22606658938  1.462852E-18
6267.2927875519  1.357772E-18
6271.35950851443  2.176385E-18
6275.42622947695  3.350311E-18
6279.49295043948  7.598971E-19
6283.559671402  8.690588E-19
6287.62639236453  1.123965E-18
6291.69311332705  5.088581E-19
6295.75983428957  6.072923E-19
6299.8265552521  3.313950E-18
6303.89327621462  3.706138E-18
6307.95999717715  3.578823E-18
6312.02671813967  1.571722E-18
6316.0934391022  1.273037E-18
6320.16016006472  3.977355E-18
6324.22688102725  9.117985E-19
6328.29360198977  2.123824E-19
6332.36032295229  9.794872E-19
6336.42704391482  6.892867E-19
6340.49376487734  2.021936E-18
6344.56048583987  1.399515E-18
6348.62720680239  2.126794E-18
6352.69392776492  1.964773E-18
6356.76064872744  2.396214E-19
6360.82736968996  1.466789E-19
6364.89409065249  2.948358E-18
6368.96081161501  3.301126E-18
6373.02753257754  1.773836E-18
6377.09425354006  3.394902E-19
6381.16097450259  1.908589E-18
6385.22769546511  2.745930E-18
6389.29441642764  1.632648E-18
6393.36113739016  2.233929E-18
6397.42785835268  2.661877E-18
6401.49457931521  5.808521E-20
6405.56130027773  7.498911E-19
6409.62802124026  7.578227E-19
6413.69474220278  5.351556E-19
6417.76146316531  1.635614E-18
6421.82818412783  1.434032E-18
6425.89490509036  2.271191E-18
6429.96162605288  1.194386E-18
6434.0283470154  2.522481E-18
6438.09506797793  1.829673E-18
6442.16178894045  3.316205E-18
6446.22850990298  3.258176E-18
6450.2952308655  2.398740E-18
6454.36195182803  3.269034E-18
6458.42867279055  1.291411E-18
6462.49539375308  9.046137E-19
6466.5621147156  3.772416E-18
6470.62883567812  1.424946E-18
6474.69555664065  1.001611E-19
6478.76227760317  1.973495E-18
6482.8289985657  2.528132E-18
6486.89571952822  2.974710E-18
6490.96244049075  3.274824E-18
6495.02916145327  3.144681E-18
6499.09588241579  5.321455E-19
6503.16260337832  8.036678E-19
6507.22932434084  1.832327E-18
6511.29604530337  3.508174E-19
6515.36276626589  2.081066E-18
6519.42948722841  2.507815E-18
6523.49620819094  1.861555E-18
6527.56292915347  1.409279E-18
6531.62965011599  3.557177E-19
6535.69637107851  1.427033E-18
6539.76309204104  2.615811E-18
6543.82981300356  2.591930E-18
6547.89653396609  2.753056E-18
6551.96325492861  5.852602E-18
6556.02997589114  5.007327E-18
6560.09669685366  1.535567E-18
6564.16341781619  2.850638E-18
6568.23013877871  1.966954E-18
6572.29685974123  3.704797E-18
6576.36358070376  3.757068E-18
6580.43030166628  3.789375E-18
6584.49702262881  2.745616E-18
6588.56374359133  4.307223E-19
6592.63046455386  1.471222E-18
6596.69718551638  4.030057E-18
6600.7639064789  4.092864E-18
6604.83062744143  3.091088E-18
6608.89734840395  1.619045E-18
6612.96406936648  2.210219E-19
6617.030790329  1.075471E-18
6621.09751129153  1.172091E-18
6625.16423225405  1.277481E-18
6629.23095321658  2.425759E-18
6633.2976741791  2.735086E-18
6637.36439514162  1.292787E-18
6641.43111610415  1.650261E-18
6645.49783706667  2.536702E-18
6649.5645580292  3.057084E-18
6653.63127899172  2.155164E-18
6657.69799995425  1.323468E-18
6661.76472091677  2.057010E-18
6665.8314418793  2.985773E-18
6669.89816284182  3.754346E-18
6673.96488380434  1.271248E-18
6678.03160476687  2.127583E-18
6682.09832572939  1.542044E-18
6686.16504669192  3.158318E-18
6690.23176765444  1.556852E-18
6694.29848861697  4.973122E-19
6698.36520957949  1.724775E-18
6702.43193054202  2.335706E-18
6706.49865150454  2.283113E-18
6710.56537246706  2.277687E-18
6714.63209342959  4.810439E-18
6718.69881439211  4.913657E-19
6722.76553535464  2.220017E-18
6726.83225631716  3.393092E-18
6730.89897727968  7.447144E-19
6734.96569824221  1.729635E-18
6739.03241920474  1.438221E-18
6743.09914016726  1.567929E-19
6747.16586112978  -1.278020E-18
6751.23258209231  4.183394E-19
6755.29930305483  7.810812E-19
6759.36602401736  1.995189E-18
6763.43274497988  3.622087E-18
6767.49946594241  3.142876E-18
6771.56618690493  2.017660E-18
6775.63290786745  7.108495E-19
6779.69962882998  1.666164E-18
6783.7663497925  1.692991E-18
6787.83307075503  1.739813E-18
6791.89979171755  2.447464E-18
6795.96651268008  1.249920E-18
6800.0332336426  -4.084987E-19
6804.09995460512  1.361347E-18
6808.16667556765  8.313980E-19
6812.23339653017  1.272212E-18
6816.3001174927  -3.063621E-19
6820.36683845522  9.851594E-19
6824.43355941775  2.510861E-18
6828.50028038027  1.905134E-18
6832.5670013428  6.672823E-18
6836.63372230532  3.694967E-18
6840.70044326784  1.402881E-18
6844.76716423037  2.066686E-18
6848.83388519289  1.281262E-18
6852.90060615542  2.489401E-18
6856.96732711794  4.403136E-19
6861.03404808047  2.295355E-18
6865.10076904299  2.231103E-18
6869.16749000551  3.618545E-18
6873.23421096804  1.819433E-18
6877.30093193057  2.332954E-18
6881.36765289309  3.057171E-19
6885.43437385561  3.728476E-20
6889.50109481814  1.776744E-18
6893.56781578066  2.863107E-18
6897.63453674319  7.556377E-19
6901.70125770571  8.848365E-19
6905.76797866824  1.832936E-18
6909.83469963076  1.818471E-18
6913.90142059328  1.613446E-18
6917.96814155581  2.098229E-18
6922.03486251833  3.208046E-18
6926.10158348086  2.482357E-18
6930.16830444338  1.341404E-18
6934.23502540591  2.209527E-18
6938.30174636843  2.707260E-18
6942.36846733096  1.305729E-18
6946.43518829348  -1.027064E-18
6950.501909256  -6.749504E-19
6954.56863021853  1.314074E-18
6958.63535118105  1.099132E-18
6962.70207214358  1.153681E-18
6966.7687931061  2.656732E-18
6970.83551406863  2.960356E-18
6974.90223503115  2.373581E-18
6978.96895599367  4.267124E-18
6983.0356769562  2.629770E-18
6987.10239791872  2.435551E-18
6991.16911888125  3.150751E-18
6995.23583984377  1.284195E-18
6999.3025608063  1.379815E-19
7003.36928176882  7.303472E-19
7007.43600273134  1.500973E-18
7011.50272369387  7.486117E-19
7015.56944465639  4.669620E-19
7019.63616561892  -1.874169E-19
7023.70288658145  3.557381E-19
7027.76960754397  3.305858E-18
7031.83632850649  1.113789E-18
7035.90304946902  6.173613E-19
7039.96977043154  1.680397E-18
7044.03649139407  2.617421E-18
7048.10321235659  2.526495E-19
7052.16993331911  1.363488E-18
7056.23665428164  1.201511E-18
7060.30337524416  -5.505222E-20
7064.37009620669  6.860235E-19
7068.43681716921  4.710573E-19
7072.50353813174  1.917232E-18
7076.57025909426  2.887868E-18
7080.63698005679  2.509231E-18
7084.70370101931  1.582275E-18
7088.77042198183  1.528002E-18
7092.83714294436  -3.382648E-19
7096.90386390688  1.250422E-18
7100.97058486941  3.001759E-18
7105.03730583193  1.989408E-18
7109.10402679446  9.175916E-19
7113.17074775698  2.341890E-18
7117.2374687195  4.601435E-19
7121.30418968203  2.699667E-19
7125.37091064455  2.287714E-18
7129.43763160708  1.639584E-18
7133.5043525696  1.580078E-18
7137.57107353213  2.362778E-18
7141.63779449465  9.454201E-19
7145.70451545718  -1.352680E-19
7149.7712364197  1.944337E-18
7153.83795738222  2.486964E-18
7157.90467834475  2.743474E-18
7161.97139930727  2.153939E-18
7166.0381202698  2.499662E-18
7170.10484123232  3.933775E-18
7174.17156219485  3.139840E-18
7178.23828315737  4.571755E-18
7182.3050041199  1.272592E-18
7186.37172508242  1.938939E-18
7190.43844604494  3.144956E-18
7194.50516700747  2.439854E-18
7198.57188796999  1.728273E-18
7202.63860893252  3.090401E-18
7206.70532989504  3.023100E-18
7210.77205085757  3.711273E-18
7214.83877182009  3.545648E-18
7218.90549278261  3.378911E-18
7222.97221374514  5.385187E-19
7227.03893470766  -1.522911E-18
7231.10565567019  1.398822E-18
7235.17237663271  1.687600E-18
7239.23909759524  2.196943E-18
7243.30581855776  3.917719E-18
7247.37253952029  4.994651E-18
7251.43926048281  5.860802E-18
7255.50598144533  3.461030E-18
7259.57270240786  4.900876E-18
7263.63942337038  4.948163E-18
7267.70614433291  2.094551E-18
7271.77286529543  2.005332E-18
7275.83958625796  5.396573E-18
7279.90630722048  6.939276E-18
7283.973028183  2.859659E-18
7288.03974914553  3.037685E-18
7292.10647010805  4.330444E-18
7296.17319107058  2.389460E-18
7300.2399120331  1.881403E-18
7304.30663299563  4.961979E-18
7308.37335395815  7.225475E-18
7312.44007492068  4.381945E-18
7316.5067958832  4.115976E-18
7320.57351684573  6.095053E-18
7324.64023780825  6.911507E-18
7328.70695877077  6.864862E-18
7332.7736797333  2.059374E-18
7336.84040069582  2.655700E-18
7340.90712165835  6.130013E-18
7344.97384262087  5.005948E-18
7349.0405635834  8.659925E-19
7353.10728454592  1.453291E-18
7357.17400550844  5.774908E-18
7361.24072647097  3.995217E-18
7365.30744743349  3.081413E-18
7369.37416839602  2.206863E-18
7373.44088935854  2.262774E-18
7377.50761032107  1.058798E-18
7381.57433128359  6.543435E-20
7385.64105224611  2.195842E-18
7389.70777320864  3.114888E-18
7393.77449417116  1.852599E-18
7397.84121513369  1.760523E-18
7401.90793609621  3.977650E-18
7405.97465705874  2.350089E-18
7410.04137802126  2.877755E-18
7414.10809898379  2.259210E-18
7418.17481994631  2.902736E-18
7422.24154090883  2.879799E-18
7426.30826187136  3.521673E-18
7430.37498283388  1.412605E-18
7434.44170379641  1.276319E-18
7438.50842475893  2.795276E-18
7442.57514572145  2.532623E-18
7446.64186668398  1.379800E-18
7450.7085876465  1.944275E-18
7454.77530860903  3.121797E-18
7458.84202957156  1.844430E-18
7462.90875053408  6.756939E-19
