2550.66 1.64920997619629
2553.485 1.64445340633392
2556.31 1.63969683647156
2559.135 1.63652741909027
2561.96 1.63336360454559
2564.785 1.6301943063736
2567.61 1.62702488899231
2570.435 1.62854468822479
2573.26 1.63013195991516
2576.085 1.63093960285187
2578.91 1.63173317909241
2581.735 1.63174998760223
2584.56 1.63174998760223
2587.385 1.63329029083252
2590.21 1.63486969470978
2593.035 1.63722014427185
2595.86 1.63959586620331
2598.685 1.63968002796173
2601.51 1.63968002796173
2604.335 1.64044415950775
2607.16 1.64123630523682
2609.985 1.64127004146576
2612.81 1.64127004146576
2615.635 1.64051294326782
2618.46 1.63971936702728
2621.285 1.63817620277405
2624.11 1.63659405708313
2626.935 1.63800823688507
2629.76 1.63959038257599
2632.585 1.63893604278564
2635.41 1.63814747333527
2638.235 1.63735544681549
2641.06 1.63656330108643
2643.885 1.63576972484589
2646.71 1.63497614860535
2649.535 1.62755978107452
2652.36 1.61963880062103
2655.185 1.61905002593994
2658.01 1.61905002593994
2660.835 1.61905002593994
2663.66 1.61905002593994
2666.485 1.61905002593994
2669.31 1.61905002593994
2672.135 1.61760067939758
2674.96 1.61601066589355
2677.785 1.61659336090088
2680.61 1.61738693714142
2683.435 1.61674070358276
2686.26 1.6159485578537
2689.085 1.61729991436005
2691.91 1.61888706684113
2694.735 1.62118196487427
2697.56 1.62355768680573
2700.385 1.62522423267365
2703.21 1.62680637836456
2706.035 1.62697994709015
2708.86 1.62697994709015
2711.685 1.62697994709015
2714.51 1.62697994709015
2717.335 1.62628471851349
2720.16 1.62549757957458
2722.985 1.62262332439423
2725.81 1.61945390701294
2728.635 1.61559200286865
2731.46 1.61162900924683
2734.285 1.61110997200012
2737.11 1.61110997200012
2739.935 1.61179685592651
2742.76 1.61259043216705
2745.585 1.61474776268005
2748.41 1.6171236038208
2751.235 1.62153875827789
2754.06 1.62629044055939
2756.885 1.63104629516602
2759.71 1.63580286502838
2762.535 1.63852906227112
2765.36 1.64090061187744
2768.185 1.64127004146576
2771.01 1.64127004146576
2773.835 1.64127004146576
2776.66 1.64127004146576
2779.485 1.6406055688858
2782.31 1.63981199264526
2785.135 1.63968002796173
2787.96 1.63968002796173
2790.785 1.63836896419525
2793.61 1.63678956031799
2796.435 1.6352037191391
2799.26 1.63361656665802
2802.085 1.63268375396729
2804.91 1.63189518451691
2807.735 1.62786900997162
2810.56 1.62311244010925
2813.385 1.6215752363205
2816.21 1.62078166007996
2819.035 1.62063002586365
2821.86 1.62063002586365
2824.685 1.62126910686493
2827.51 1.62206268310547
2830.335 1.62158370018005
2833.16 1.62079012393951
2835.985 1.62126350402832
2838.81 1.62205708026886
2841.635 1.62222003936768
2844.46 1.62222003936768
2847.285 1.62222003936768
2850.11 1.62222003936768
2852.935 1.62159776687622
2855.76 1.62080419063568
2858.585 1.61692118644714
2861.41 1.61216962337494
2864.235 1.60741806030273
2867.06 1.60266649723053
2869.885 1.6009773015976
2872.71 1.60018503665924
2875.535 1.60000002384186
2878.36 1.60000002384186
2881.185 1.60664772987366
2884.01 1.61536228656769
2886.835 1.6192638874054
2889.66 1.62163972854614
2892.485 1.62521505355835
2895.31 1.62917804718018
2898.135 1.63015997409821
2900.96 1.63015997409821
2903.785 1.63015997409821
2906.61 1.63015997409821
2909.435 1.62956869602203
2912.26 1.62877511978149
2915.085 1.62856996059418
2917.91 1.62856996059418
2920.735 1.62798535823822
2923.56 1.62719309329987
2926.385 1.62697994709015
2929.21 1.62697994709015
2932.035 1.62525177001953
2934.86 1.62287592887878
2937.685 1.62107467651367
2940.51 1.61949241161346
2943.335 1.61847829818726
2946.16 1.61768472194672
2948.985 1.61292433738708
2951.81 1.60659670829773
2954.635 1.60532319545746
2957.46 1.60611689090729
2960.285 1.60803079605103
2963.11 1.61041069030762
2965.935 1.61557853221893
2968.76 1.62190616130829
2971.585 1.62824153900146
2974.41 1.63458037376404
2977.235 1.63871455192566
2980.06 1.64188396930695
2982.885 1.64286005496979
2985.71 1.64286005496979
2988.535 1.64286005496979
2991.36 1.64286005496979
2994.185 1.63960194587708
2997.01 1.63484537601471
2999.835 1.62955808639526
3002.66 1.62402272224426
3005.485 1.62168490886688
3008.31 1.62089121341705
3011.135 1.62063002586365
3013.96 1.62063002586365
3016.785 1.62168908119202
3019.61 1.6232762336731
3022.435 1.6238100528717
3025.26 1.6238100528717
3028.085 1.6238100528717
3030.91 1.6238100528717
3033.735 1.62329077720642
3036.56 1.62249577045441
3039.385 1.62273824214935
3042.21 1.62353193759918
3045.035 1.62329542636871
3047.86 1.62250328063965
3050.685 1.62222003936768
3053.51 1.62222003936768
3056.335 1.61969113349915
3059.16 1.61573314666748
3061.985 1.61479103565216
3064.81 1.61557972431183
3067.635 1.61637139320374
3070.46 1.61716508865356
3073.285 1.61746001243591
3076.11 1.61746001243591
3078.935 1.61647713184357
3081.76 1.61489486694336
3084.585 1.61281943321228
3087.41 1.61043858528137
3090.235 1.61195385456085
3093.06 1.61591684818268
3095.885 1.62133061885834
3098.71 1.62766933441162
3101.535 1.63256585597992
3104.36 1.63652884960175
3107.185 1.64048457145691
3110.01 1.64443564414978
3112.835 1.6469783782959
3115.66 1.64856839179993
3118.485 1.64968037605286
3121.31 1.65046894550323
3124.135 1.6503232717514
3126.96 1.64953601360321
3129.785 1.64828014373779
3132.61 1.64669299125671
3135.435 1.64649212360382
3138.26 1.64728569984436
3141.085 1.64716064929962
3143.91 1.64636707305908
3146.735 1.64602994918823
3149.56 1.64602994918823
3152.385 1.64557707309723
3155.21 1.64478492736816
3158.035 1.64220535755157
3160.86 1.63824737071991
3163.685 1.636510014534
3166.51 1.636510014534
3169.335 1.63695240020752
3172.16 1.63774609565735
3174.985 1.63941609859467
3177.81 1.64179193973541
3180.635 1.64329409599304
3183.46 1.64408266544342
3186.285 1.64357471466064
3189.11 1.64199244976044
3191.935 1.64127004146576
3194.76 1.64127004146576
3197.585 1.6421240568161
3200.41 1.64370632171631
3203.235 1.64571452140808
3206.06 1.64809107780457
3208.885 1.65046727657318
3211.71 1.65284311771393
3214.535 1.65896809101105
3217.36 1.66847622394562
3220.185 1.6742604970932
3223.01 1.67663621902466
3225.835 1.68188774585724
3228.66 1.68980872631073
3231.485 1.69690895080566
3234.31 1.70323657989502
3237.135 1.70755684375763
3239.96 1.70993256568909
3242.785 1.71110999584198
3245.61 1.71110999584198
3248.435 1.71110999584198
3251.26 1.71110999584198
3254.085 1.70992839336395
3256.91 1.7075526714325
3259.735 1.70439302921295
3262.56 1.70043003559113
3265.385 1.69802331924438
3268.21 1.69723474979401
3271.035 1.69837021827698
3273.86 1.7015346288681
3276.685 1.70853114128113
3279.51 1.71962642669678
3282.335 1.73071002960205
3285.16 1.74178087711334
3287.985 1.74836766719818
3290.81 1.74994993209839
3293.635 1.75078999996185
3296.46 1.75078999996185
3299.285 1.75078999996185
3302.11 1.75078999996185
3304.935 1.75078999996185
3307.76 1.75078999996185
3310.585 1.75187945365906
3313.41 1.75425601005554
3316.235 1.76628482341766
3319.06 1.79004776477814
3321.885 1.80636942386627
3324.71 1.81351447105408
3327.535 1.81781470775604
3330.36 1.8186069726944
3333.185 1.81904995441437
3336.01 1.81904995441437
3338.835 1.81835615634918
3341.66 1.81676888465881
3344.485 1.8148398399353
3347.31 1.81246399879456
3350.135 1.81111001968384
3352.96 1.81111001968384
3355.785 1.80706143379211
3358.61 1.79757010936737
3361.435 1.79172921180725
3364.26 1.79094064235687
3367.085 1.78948974609375
3369.91 1.78710901737213
3372.735 1.78440296649933
3375.56 1.78123354911804
3378.385 1.77968442440033
3381.21 1.78047800064087
3384.035 1.78159332275391
3386.86 1.78318047523499
3389.685 1.79270756244659
3392.51 1.81405699253082
3395.335 1.82979512214661
3398.16 1.83692741394043
3400.985 1.84251189231873
3403.81 1.84568691253662
3406.635 1.84762001037598
3409.46 1.84762001037598
3412.285 1.84762001037598
3415.11 1.84762001037598
3417.935 1.84701597690582
3420.76 1.84542882442474
3423.585 1.84205222129822
3426.41 1.83571839332581
3429.235 1.83175003528595
3432.06 1.83175003528595
3434.885 1.83204114437103
3437.71 1.83282840251923
3440.535 1.83505582809448
3443.36 1.83981239795685
3446.185 1.84542083740234
3449.01 1.8525482416153
3451.835 1.85798692703247
3454.66 1.86036777496338
3457.485 1.8619099855423
3460.31 1.8619099855423
3463.135 1.8619099855423
3465.96 1.8619099855423
3468.785 1.86136317253113
3471.61 1.85977876186371
3474.435 1.86087667942047
3477.26 1.86722660064697
3480.085 1.87276804447174
3482.91 1.87672603130341
3485.735 1.8796249628067
3488.56 1.88041722774506
3491.385 1.88094997406006
3494.21 1.88094997406006
3497.035 1.88094997406006
3499.86 1.88094997406006
3502.685 1.88196527957916
3505.51 1.88513469696045
3508.335 1.88980948925018
3511.16 1.89773046970367
3513.985 1.90341818332672
3516.81 1.90421032905579
3519.635 1.90742838382721
3522.46 1.91614294052124
3525.285 1.9224601984024
3528.11 1.92325377464294
3530.935 1.92381000518799
3533.76 1.92381000518799
3536.585 1.92357540130615
3539.41 1.92278182506561
3542.235 1.92152619361877
3545.06 1.91915035247803
3547.885 1.9174599647522
3550.71 1.9174599647522
3553.535 1.91655683517456
3556.36 1.91338741779327
3559.185 1.90910422801971
3562.01 1.90197682380676
3564.835 1.89573073387146
3567.66 1.89177477359772
3570.485 1.89103496074677
3573.31 1.89895594120026
3576.135 1.91174709796906
3578.96 1.93789076805115
3581.785 1.95818507671356
3584.61 1.96214807033539
3587.435 1.96528649330139
3590.26 1.96608006954193
3593.085 1.96667003631592
3595.91 1.96667003631592
3598.735 1.96548295021057
3601.56 1.96072638034821
3604.385 1.95460677146912
3607.21 1.94431006908417
3610.035 1.93132293224335
3612.86 1.90993070602417
3615.685 1.89175736904144
3618.51 1.88383638858795
3621.335 1.87908530235291
3624.16 1.88463056087494
3626.985 1.88980889320374
3629.81 1.89377188682556
3632.635 1.89682996273041
3635.46 1.89682996273041
3638.285 1.89665198326111
3641.11 1.89585971832275
3643.935 1.8962744474411
3646.76 1.90102601051331
3649.585 1.90509986877441
3652.41 1.90668714046478
3655.235 1.90994155406952
3658.06 1.91944468021393
3660.885 1.92927765846252
3663.71 1.94037294387817
3666.535 1.95130574703217
3669.36 1.9616025686264
3672.185 1.97015690803528
3675.01 1.9717413187027
3677.835 1.97301995754242
3680.66 1.97301995754242
3683.485 1.97301995754242
3686.31 1.97301995754242
3689.135 1.97301995754242
3691.96 1.97301995754242
3694.785 1.97301995754242
3697.61 1.97301995754242
3700.435 1.97273623943329
3703.26 1.97114908695221
3706.085 1.96928465366364
3708.91 1.96611523628235
3711.735 1.96240174770355
3714.56 1.95606291294098
3717.385 1.94985926151276
3720.21 1.94432389736176
3723.035 1.9387868642807
3725.86 1.93324172496796
3728.685 1.92919421195984
3731.51 1.93315720558167
3734.335 1.93711948394775
3737.16 1.94107747077942
3739.985 1.94503617286682
3742.81 1.94899916648865
3745.635 1.95272898674011
3748.46 1.95510482788086
3751.285 1.95713996887207
3754.11 1.95713996887207
3756.935 1.95703256130219
3759.76 1.95624387264252
3762.585 1.95545446872711
3765.41 1.9546594619751
3768.235 1.95375967025757
3771.06 1.95217525959015
3773.885 1.95278143882751
3776.71 1.96862828731537
3779.535 1.98728096485138
3782.36 2.02610230445862
3785.185 2.06154108047485
3788.01 2.07183790206909
3790.835 2.08095002174377
3793.66 2.08095002174377
3796.485 2.07945108413696
3799.31 2.06600880622864
3802.135 2.05148792266846
3804.96 2.0277202129364
3807.785 2.00515103340149
3810.61 1.99326717853546
3813.435 1.98261725902557
3816.26 1.98341083526611
3819.085 1.98413002490997
3821.91 1.98413002490997
3824.735 1.98413002490997
3827.56 1.98413002490997
3830.385 1.9840612411499
3833.21 1.98326909542084
3836.035 1.98254001140594
3838.86 1.98254001140594
3841.685 1.98279201984406
3844.51 1.98595583438873
3847.335 1.98889005184174
3850.16 1.98889005184174
3852.985 1.98828852176666
3855.81 1.97957384586334
3858.635 1.97111880779266
3861.46 1.96636724472046
3864.285 1.96156620979309
3867.11 1.95601606369019
3869.935 1.95079004764557
3872.76 1.95079004764557
3875.585 1.95074677467346
3878.41 1.94995963573456
3881.235 1.94924771785736
3884.06 1.95003628730774
3886.885 1.95071995258331
3889.71 1.9491378068924
3892.535 1.94752323627472
3895.36 1.94514751434326
3898.185 1.94265389442444
3901.01 1.93710875511169
3903.835 1.93169665336609
3906.66 1.93010938167572
3909.485 1.92859387397766
3912.31 1.9293874502182
3915.135 1.92973923683167
3917.96 1.91389238834381
3920.785 1.89840996265411
3923.61 1.89840996265411
3926.435 1.89846050739288
3929.26 1.90162992477417
3932.085 1.9049072265625
3934.91 1.91679120063782
3937.735 1.92864716053009
3940.56 1.93736171722412
3943.385 1.94610571861267
3946.21 1.96036553382874
3949.035 1.97460699081421
3951.86 1.97856998443604
3954.685 1.98253297805786
3957.51 1.98411655426025
3960.335 1.9856960773468
3963.16 1.98885130882263
3965.985 1.99202072620392
3968.81 1.99362754821777
3971.635 1.99521470069885
3974.46 1.99445903301239
3977.285 1.99366545677185
3980.11 1.98510503768921
3982.935 1.97639048099518
3985.76 1.96999704837799
3988.585 1.96365833282471
3991.41 1.97274577617645
3994.235 1.98225390911102
3997.06 1.99176204204559
3999.885 2.00127029418945
4002.71 2.00311636924744
4005.535 2.00469565391541
4008.36 2.00476002693176
4011.185 2.00476002693176
4014.01 2.00173091888428
4016.835 1.99856150150299
4019.66 1.99765908718109
4022.485 1.99687051773071
4025.31 2.01937317848206
4028.135 2.04313611984253
4030.96 2.04818558692932
4033.785 2.05214858055115
4036.61 2.05610489845276
4039.435 2.06006097793579
4042.26 2.0603199005127
4045.085 2.0603199005127
4047.91 2.07064485549927
4050.735 2.08173513412476
4053.56 2.08841872215271
4056.385 2.09475755691528
4059.21 2.09670186042786
4062.035 2.09828400611877
4064.86 2.09840989112854
4067.685 2.09840989112854
4070.51 2.09840989112854
4073.335 2.09840989112854
4076.16 2.09840989112854
4078.985 2.09840989112854
4081.81 2.09913063049316
4084.635 2.09992289543152
4087.46 2.09928369522095
4090.285 2.09848999977112
4093.11 2.09840989112854
4095.935 2.09840989112854
4098.76 2.09770369529724
4101.585 2.09691524505615
4104.41 2.09470629692078
4107.235 2.09232544898987
4110.06 2.09065413475037
4112.885 2.08907198905945
4115.71 2.0874879360199
4118.535 2.08590340614319
4121.36 2.08640670776367
4124.185 2.08720016479492
4127.01 2.09007120132446
4129.835 2.09324049949646
4132.66 2.09571886062622
4135.485 2.09809470176697
4138.31 2.09909820556641
4141.135 2.09989190101624
4143.96 2.09999990463257
4146.785 2.09999990463257
4149.61 2.09795641899109
4152.435 2.09558057785034
4155.26 2.09320473670959
4158.085 2.09082889556885
4160.91 2.08710503578186
4163.735 2.08314919471741
4166.56 2.0805299282074
4169.385 2.07815432548523
4172.21 2.07778000831604
4175.035 2.07778000831604
4177.86 2.07778000831604
4180.685 2.07778000831604
4183.51 2.07711696624756
4186.335 2.07632350921631
4189.16 2.07618999481201
4191.985 2.07618999481201
4194.81 2.08011889457703
4197.635 2.08486199378967
4200.46 2.08636283874512
4203.285 2.08715796470642
4206.11 2.09184598922729
4208.935 2.0973813533783
4211.76 2.09840989112854
4214.585 2.09840989112854
4217.41 2.09840989112854
4220.235 2.09840989112854
4223.06 2.09649252891541
4225.885 2.09411668777466
4228.71 2.08919429779053
4231.535 2.0836489200592
4234.36 2.07683420181274
4237.185 2.06970167160034
4240.01 2.06258344650269
4242.835 2.05546855926514
4245.66 2.05397009849548
4248.485 2.05397009849548
4251.31 2.05334639549255
4254.135 2.05255270004272
4256.96 2.05238008499146
4259.785 2.05238008499146
4262.61 2.05114793777466
4265.435 2.04956555366516
4268.26 2.04552912712097
4271.085 2.04078102111816
4273.91 2.03541302680969
4276.735 2.02985787391663
4279.56 2.02613544464111
4282.385 2.02296614646912
4285.21 2.02101230621338
4288.035 2.01943302154541
4290.86 2.01844882965088
4293.685 2.01765513420105
4296.51 2.0168616771698
4299.335 2.01606798171997
4302.16 2.01468253135681
4304.985 2.01310038566589
4307.81 2.01210737228394
4310.635 2.01131367683411
4313.46 2.00993394851685
4316.285 2.00835156440735
4319.11 2.00676774978638
4321.935 2.00518345832825
4324.76 2.00360059738159
4327.585 2.00201845169067
4330.41 2.00101137161255
4333.235 2.00021767616272
4336.06 2.00057578086853
4338.885 2.00136947631836
4341.71 2.00159001350403
4344.535 2.00159001350403
4347.36 2.00159001350403
4350.185 2.00159001350403
4353.01 2.0004551410675
4355.835 1.99886786937714
4358.66 1.99559390544891
4361.485 1.99163591861725
4364.31 1.99271988868713
4367.135 1.99588370323181
4369.96 2.0007164478302
4372.785 2.00626182556152
4375.61 2.01015019416809
4378.435 2.01331949234009
4381.26 2.01483702659607
4384.085 2.01562571525574
4386.91 2.01587009429932
4389.735 2.01587009429932
4392.56 2.01587009429932
4395.385 2.01587009429932
4398.21 2.02397465705872
4401.035 2.03583765029907
4403.86 2.04289603233337
4406.685 2.04765248298645
4409.51 2.04974031448364
4412.335 2.05052900314331
4415.16 2.05079007148743
4417.985 2.05079007148743
4420.81 2.0476279258728
4423.635 2.04287624359131
4426.46 2.03392887115479
4429.285 2.02283835411072
4432.11 2.01435399055481
4434.935 2.00722169876099
4437.76 2.00683546066284
4440.585 2.01000499725342
4443.41 2.01419949531555
4446.235 2.0189425945282
4449.06 2.02114129066467
4451.885 2.0219349861145
4454.71 2.02475905418396
4457.535 2.02872204780579
4460.36 2.03116822242737
4463.185 2.03275036811829
4466.01 2.03332996368408
4468.835 2.03332996368408
4471.66 2.03332996368408
4474.485 2.03332996368408
4477.31 2.03234052658081
4480.135 2.03076100349426
4482.96 2.02770495414734
4485.785 2.02374196052551
4488.61 2.0188045501709
4491.435 2.01325941085815
4494.26 2.00916910171509
4497.085 2.00599980354309
4499.91 2.00379657745361
4502.735 2.0022144317627
4505.56 2.00110960006714
4508.385 2.00031614303589
4511.21 2
4514.035 2
4516.86 2.00047469139099
4519.685 2.00126838684082
4522.51 2.00159001350403
4525.335 2.00159001350403
4528.16 2.00159001350403
4530.985 2.00159001350403
4533.81 2.00112652778625
4536.635 2.00033283233643
4539.46 1.99953925609589
4542.285 1.99874567985535
4545.11 1.99749708175659
4547.935 1.99591493606567
4550.76 1.99523997306824
4553.585 1.99523997306824
4556.41 1.99523997306824
4559.235 1.99523997306824
4562.06 1.99434506893158
4564.885 1.99275505542755
4567.71 1.99161696434021
4570.535 1.99082970619202
4573.36 1.98959791660309
4576.185 1.98801076412201
4579.01 1.9877382516861
4581.835 1.98853182792664
4584.66 1.99236786365509
4587.485 1.99870669841766
4590.31 2.00331783294678
4593.135 2.00648713111877
4595.96 2.00836706161499
4598.785 2.00915575027466
4601.61 2.00994634628296
4604.435 2.01073837280273
4607.26 2.01153135299683
4610.085 2.01232504844666
4612.91 2.01228141784668
4615.735 2.01148772239685
4618.56 2.01028108596802
4621.385 2.0086989402771
4624.21 2.00670123100281
4627.035 2.0043203830719
4629.86 2.00276327133179
4632.685 2.00197601318359
4635.51 2.00159001350403
4638.335 2.00159001350403
4641.16 2.00078105926514
4643.985 1.99919378757477
4646.81 1.99680852890015
4649.635 1.99364471435547
4652.46 1.99087417125702
4655.285 1.98849844932556
4658.11 1.98533606529236
4660.935 1.98137307167053
4663.76 1.97935998439789
4666.585 1.97935998439789
4669.41 1.97897481918335
4672.235 1.97818613052368
4675.06 1.97739517688751
4677.885 1.97660160064697
4680.71 1.97428548336029
4683.535 1.97032952308655
4686.36 1.96561968326569
4689.185 1.96007454395294
4692.01 1.95676875114441
4694.835 1.95598018169403
4697.66 1.95592844486237
4700.485 1.95671713352203
4703.31 1.95677435398102
4706.135 1.95598566532135
4708.96 1.95482957363129
4711.785 1.95324242115021
4714.61 1.95057034492493
4717.435 1.9466073513031
4720.26 1.94408273696899
4723.085 1.94329404830933
4725.91 1.94250380992889
4728.735 1.94171166419983
4731.56 1.94162118434906
4734.385 1.9424147605896
4737.21 1.94216334819794
4740.035 1.94057607650757
4742.86 1.93761122226715
4745.685 1.93285953998566
4748.51 1.92879128456116
4751.335 1.92562186717987
4754.16 1.92313230037689
4756.985 1.92155015468597
4759.81 1.91526436805725
4762.635 1.90260910987854
4765.46 1.89358460903168
4768.285 1.88962173461914
4771.11 1.88598740100861
4773.935 1.88281798362732
4776.76 1.88062417507172
4779.585 1.87983047962189
4782.41 1.87742567062378
4785.235 1.87267410755157
4788.06 1.86760234832764
4790.885 1.8620570898056
4793.71 1.85460925102234
4796.535 1.84430754184723
4799.36 1.83463704586029
4802.185 1.82592737674713
4805.01 1.81939685344696
4807.835 1.81623303890228
4810.66 1.81062138080597
4813.485 1.8011132478714
4816.31 1.79463326931
4819.135 1.79304599761963
4821.96 1.79176127910614
4824.785 1.79097270965576
4827.61 1.78958666324615
4830.435 1.78720593452454
4833.26 1.78424143791199
4836.085 1.78029048442841
4838.91 1.77806746959686
4841.735 1.77885615825653
4844.56 1.77936005592346
4847.385 1.77936005592346
4850.21 1.77851057052612
4853.035 1.77613484859467
4855.86 1.77375900745392
4858.685 1.77138316631317
4861.51 1.76845121383667
4864.335 1.76448822021484
4867.16 1.76189994812012
4869.985 1.76189994812012
4872.81 1.75918018817902
4875.635 1.75125920772552
4878.46 1.74683737754822
4881.285 1.74921309947968
4884.11 1.75132274627686
4886.935 1.75290715694427
4889.76 1.75423121452332
4892.585 1.75502479076385
4895.41 1.75556004047394
4898.235 1.75556004047394
4901.06 1.75249719619751
4903.885 1.74298906326294
4906.71 1.73524749279022
4909.535 1.7312844991684
4912.36 1.7268260717392
4915.185 1.7212907075882
4918.01 1.71721565723419
4920.835 1.71642196178436
4923.66 1.717076420784
4926.485 1.72103941440582
4929.31 1.72404873371124
4932.135 1.72484242916107
4934.96 1.72563445568085
4937.785 1.72642314434052
4940.61 1.72697997093201
4943.435 1.72697997093201
4946.26 1.72697997093201
4949.085 1.72697997093201
4951.91 1.72697997093201
4954.735 1.72697997093201
4957.56 1.72697997093201
4960.385 1.72697997093201
4963.21 1.72454726696014
4966.035 1.71584808826447
4968.86 1.70779359340668
4971.685 1.70145988464355
4974.51 1.6942720413208
4977.335 1.68476390838623
4980.16 1.67799067497253
4982.985 1.67878425121307
4985.81 1.67937004566193
4988.635 1.67937004566193
4991.46 1.67916524410248
4994.285 1.67837309837341
4997.11 1.67738103866577
4999.935 1.67579388618469
5002.76 1.67460000514984
5005.585 1.67460000514984
5008.41 1.67460000514984
5011.235 1.67460000514984
5014.06 1.67421913146973
5016.885 1.67263698577881
5019.71 1.67124176025391
5022.535 1.67044818401337
5025.36 1.66965460777283
5028.185 1.66886103153229
5031.01 1.66824996471405
5033.835 1.66824996471405
5036.66 1.66771173477173
5039.485 1.66533601284027
5042.31 1.66331338882446
5045.135 1.66252112388611
5047.96 1.66104531288147
5050.785 1.6570873260498
5053.61 1.65329682826996
5056.435 1.65012741088867
5059.26 1.64712381362915
5062.085 1.6447479724884
5064.91 1.64286005496979
5067.735 1.64286005496979
5070.56 1.64206039905548
5073.385 1.63809740543365
5076.21 1.63397812843323
5079.035 1.62922644615173
5081.86 1.62478291988373
5084.685 1.62161350250244
5087.51 1.61980521678925
5090.335 1.62375628948212
5093.16 1.62727212905884
5095.985 1.62885940074921
5098.81 1.63044559955597
5101.635 1.63202786445618
5104.46 1.6337513923645
5107.285 1.63613212108612
5110.11 1.63823676109314
5112.935 1.63902533054352
5115.76 1.63968002796173
5118.585 1.63968002796173
5121.41 1.63955163955688
5124.235 1.63876295089722
5127.06 1.63797354698181
5129.885 1.63717997074127
5132.71 1.63613998889923
5135.535 1.63376414775848
5138.36 1.63102602958679
5141.185 1.62626945972443
5144.01 1.62186682224274
5146.835 1.61949098110199
5149.66 1.61757516860962
5152.485 1.61836874485016
5155.31 1.61905002593994
5158.135 1.61905002593994
5160.96 1.61905002593994
5163.785 1.61905002593994
5166.61 1.61915588378906
5169.435 1.61994314193726
5172.26 1.62073111534119
5175.085 1.62152469158173
5177.91 1.62202394008636
5180.735 1.62044179439545
5183.56 1.61866855621338
5186.385 1.61549913883209
5189.21 1.6125146150589
5192.035 1.61092734336853
5194.86 1.60960972309113
5197.685 1.61040198802948
5200.51 1.61110997200012
5203.335 1.61110997200012
5206.16 1.61110997200012
5208.985 1.61110997200012
5211.81 1.61087453365326
5214.635 1.60849869251251
5217.46 1.60604703426361
5220.285 1.60287773609161
5223.11 1.6001455783844
5225.935 1.60172784328461
5228.76 1.60317003726959
5231.585 1.60317003726959
5234.41 1.60317003726959
5237.235 1.60317003726959
5240.06 1.60329926013947
5242.885 1.60488641262054
5245.71 1.60634994506836
5248.535 1.60634994506836
5251.36 1.60640621185303
5254.185 1.60719978809357
5257.01 1.60783326625824
5259.835 1.60624611377716
5262.66 1.60481059551239
5265.485 1.60560417175293
5268.31 1.60634994506836
5271.135 1.60634994506836
5273.96 1.60639488697052
5276.785 1.60718703269958
5279.61 1.60790061950684
5282.435 1.6071070432663
5285.26 1.60634994506836
5288.085 1.60634994506836
5290.91 1.60631632804871
5293.735 1.60552275180817
5296.56 1.60482180118561
5299.385 1.60640895366669
5302.21 1.60791194438934
5305.035 1.6071183681488
5307.86 1.60640037059784
5310.685 1.60798263549805
