6157.8 1.37298733559112e-16
6162.104549 1.08777890145418e-16
6166.409098 5.06136497436253e-17
6170.713647 9.19192478124282e-17
6175.018196 9.5548674803572e-18
6179.322745 4.66420611464602e-17
6183.627294 1.11717676807542e-16
6187.931843 2.99509692096263e-17
6192.236392 6.34816717079167e-17
6196.540941 8.84643460043657e-17
6200.84549 9.98746341925998e-17
6205.150039 7.41036832421673e-17
6209.454588 1.30399054633685e-16
6213.759137 8.90433856680427e-17
6218.063686 9.69394069500125e-17
6222.368235 7.96243594422401e-17
6226.672784 9.15312008434673e-17
6230.977333 1.05481383498492e-16
6235.281882 9.84962336547313e-17
6239.586431 8.5387002515097e-17
6243.89098 8.9176608068778e-17
6248.195529 1.03965406281144e-16
6252.500078 1.02858790822781e-16
6256.804627 1.08233757503591e-16
6261.109176 9.41439930832814e-17
6265.413725 9.53590486112279e-17
6269.718274 1.11995159507107e-16
6274.022823 1.23497615467914e-16
6278.327372 8.92926846697763e-17
6282.631921 8.90097624305036e-17
6286.93647 1.00954085039647e-16
6291.241019 9.78884147231824e-17
6295.545568 9.8551674608107e-17
6299.850117 9.57420729395094e-17
6304.154666 1.05424023486096e-16
6308.459215 1.04037549665448e-16
6312.763764 1.05567105879733e-16
6317.068313 1.04576368499021e-16
6321.372862 1.05498019754972e-16
6325.677411 1.02524484123856e-16
6329.98196 9.50108320431227e-17
6334.286509 1.0404412740568e-16
6338.591058 9.98259562679123e-17
6342.895607 9.49324087036078e-17
6347.200156 9.58180809116357e-17
6351.504705 9.9135161194757e-17
6355.809254 1.03045852755226e-16
6360.113803 9.71149214411065e-17
6364.418352 1.12818793169193e-16
6368.722901 1.13322804242589e-16
6373.02745 1.16585839853209e-16
6377.331999 1.09599002560998e-16
6381.636548 1.0255645300017e-16
6385.941097 1.02608419794973e-16
6390.245646 9.96186052494024e-17
6394.550195 1.0373376923985e-16
6398.854744 1.07137346145264e-16
6403.159293 1.09336647340475e-16
6407.463842 1.00996198458993e-16
6411.768391 1.08528386002893e-16
6416.07294 1.13263657520069e-16
6420.377489 1.06768986074882e-16
6424.682038 1.07673478296207e-16
6428.986587 1.15042334065074e-16
6433.291136 1.21330336088576e-16
6437.595685 1.2673895909415e-16
6441.900234 1.16458334924867e-16
6446.204783 1.05723184935154e-16
6450.509332 1.02930815093077e-16
6454.813881 1.07414286214347e-16
6459.11843 1.14666291141163e-16
6463.422979 1.11426588641262e-16
6467.727528 1.09563241888756e-16
6472.032077 1.04431062643897e-16
6476.336626 9.8752904490084e-17
6480.641175 9.7497145058555e-17
6484.945724 9.79701864898169e-17
6489.250273 9.26274070610022e-17
6493.554822 9.80925562809156e-17
6497.859371 1.02943427943057e-16
6502.16392 1.18220044341148e-16
6506.468469 1.1503595484819e-16
6510.773018 1.20248370612467e-16
6515.077567 1.3359259383796e-16
6519.382116 1.32397364174935e-16
6523.686665 1.27425677821246e-16
6527.991214 1.17704571853184e-16
6532.295763 1.1972845120153e-16
6536.600312 1.2163442091664e-16
6540.904861 1.33465856533227e-16
6545.20941 1.68263889065455e-16
6549.513959 2.39253111569907e-16
6553.818508 3.36501546579324e-16
6558.123057 4.51065108505853e-16
6562.427606 5.36754402521446e-16
6566.732155 5.39364428669292e-16
6571.036704 4.51741729012032e-16
6575.341253 3.23169777385134e-16
6579.645802 2.38008026077002e-16
6583.950351 1.79736884161565e-16
6588.2549 1.46278156302734e-16
6592.559449 1.34668458029871e-16
6596.863998 1.26024142696006e-16
6601.168547 1.12745379235468e-16
6605.473096 1.06386153652503e-16
6609.777645 1.06023875013984e-16
6614.082194 1.13181574733524e-16
6618.386743 1.11977570338561e-16
6622.691292 1.13040834915382e-16
6626.995841 1.05324272121667e-16
6631.30039 1.05580612084774e-16
6635.604939 9.25154795979564e-17
6639.909488 1.05058594943804e-16
6644.214037 1.02922510199727e-16
6648.518586 1.06787627417167e-16
6652.823135 1.05365763501192e-16
6657.127684 1.10628127739577e-16
6661.432233 1.05987333483244e-16
6665.736782 1.11230884325777e-16
6670.041331 1.1824380096834e-16
6674.34588 1.19919139493781e-16
6678.650429 1.21077946740074e-16
6682.954978 1.2221723252391e-16
6687.259527 1.12671422671261e-16
6691.564076 1.01737464784404e-16
6695.868625 9.55256626389308e-17
6700.173174 9.29720237390816e-17
6704.477723 9.61354138643906e-17
6708.782272 1.01629289412617e-16
6713.086821 1.06969269662239e-16
6717.39137 1.09452770263588e-16
6721.695919 1.0335027507298e-16
6726.000468 1.0855451167536e-16
6730.305017 1.12365259965498e-16
6734.609566 1.17843008800501e-16
6738.914115 1.101158514775e-16
6743.218664 1.08276406935974e-16
6747.523213 1.12134006736007e-16
6751.827762 1.15922665995068e-16
6756.132311 1.09205727810565e-16
6760.43686 1.0282792044232e-16
6764.741409 1.02704498477483e-16
6769.045958 1.01095857179194e-16
6773.350507 1.11536094119474e-16
6777.655056 1.10783829600639e-16
6781.959605 1.03049029128778e-16
6786.264154 1.06782889326618e-16
6790.568703 1.09843728908305e-16
6794.873252 1.12961690274373e-16
6799.177801 1.10807010510125e-16
6803.48235 1.13069157579556e-16
6807.786899 1.15007936586482e-16
6812.091448 1.07974055878474e-16
6816.395997 1.12075085006614e-16
6820.700546 1.11284922380834e-16
6825.005095 1.06827702663484e-16
6829.309644 1.05199387701506e-16
6833.614193 1.07082295621138e-16
6837.918742 1.0933133353222e-16
6842.223291 1.08350906130663e-16
6846.52784 1.13176571945179e-16
6850.832389 1.14402506552542e-16
6855.136938 1.0546163704291e-16
6859.441487 1.10256187631504e-16
6863.746036 1.20453418760151e-16
6868.050585 1.17842585284028e-16
6872.355134 1.15676033823629e-16
6876.659683 1.12520822860217e-16
6880.964232 1.03564978072774e-16
6885.268781 1.09431051809425e-16
6889.57333 1.17936486827165e-16
6893.877879 1.12263351314031e-16
6898.182428 1.09361714221758e-16
6902.486977 1.08170845454923e-16
6906.791526 1.06957914126789e-16
6911.096075 1.02940807434877e-16
6915.400624 1.07216153296584e-16
6919.705173 1.10986164595914e-16
6924.009722 1.13914536165585e-16
6928.314271 1.13308656145392e-16
6932.61882 1.07936932012583e-16
6936.923369 1.11965950105316e-16
6941.227918 1.07638816119819e-16
6945.532467 1.06507411712858e-16
6949.837016 1.12934386696714e-16
6954.141565 1.05049237876715e-16
6958.446114 1.02705749174569e-16
6962.750663 1.05517534599983e-16
6967.055212 1.02129932206558e-16
6971.359761 1.05945233298788e-16
6975.66431 1.09079870626004e-16
6979.968859 1.06111020145878e-16
6984.273408 1.07056600082589e-16
6988.577957 1.08114663347718e-16
6992.882506 1.05720518104859e-16
6997.187055 1.05545109492884e-16
7001.491604 1.049585524118e-16
7005.796153 1.07345398612934e-16
7010.100702 1.11094512021269e-16
7014.405251 1.03009575922282e-16
7018.7098 1.06428803084886e-16
7023.014349 1.11031156603792e-16
7027.318898 1.05342370833469e-16
7031.623447 9.8790121000204e-17
7035.927996 1.05434664337495e-16
7040.232545 1.08872996063527e-16
7044.537094 1.03738983786431e-16
7048.841643 9.90929948358515e-17
7053.146192 1.02568483514999e-16
7057.450741 1.06598315553455e-16
7061.75529 1.12272417213545e-16
7066.059839 1.17427936186567e-16
7070.364388 1.14200568603961e-16
7074.668937 1.12998350919121e-16
7078.973486 1.12168232161032e-16
7083.278035 1.06461274887013e-16
7087.582584 1.05461332640444e-16
7091.887133 1.01674115984372e-16
7096.191682 1.06635042372653e-16
7100.496231 1.09218790646799e-16
7104.80078 1.05224818542258e-16
7109.105329 1.00190914971616e-16
7113.409878 1.10375321492046e-16
7117.714427 1.0803611427675e-16
7122.018976 1.05708302301573e-16
7126.323525 1.04134389354121e-16
7130.628074 1.13178001313278e-16
7134.932623 1.15096795636605e-16
7139.237172 1.11365483155052e-16
7143.541721 1.05362626832309e-16
7147.84627 1.06814401599234e-16
7152.150819 1.16540007429828e-16
7156.455368 1.2863227625461e-16
7160.759917 1.25460601088286e-16
7165.064466 1.19515329771067e-16
7169.369015 1.19325170874409e-16
7173.673564 1.17016556106887e-16
7177.978113 1.1738123026046e-16
7182.282662 1.13348254935676e-16
7186.587211 1.1027866709183e-16
7190.89176 1.11442735206819e-16
7195.196309 1.11306574660548e-16
7199.500858 1.12818554941177e-16
7203.805407 1.10413431357228e-16
7208.109956 1.12100482760142e-16
7212.414505 1.22190524516292e-16
7216.719054 1.20539392604298e-16
7221.023603 1.19685384870118e-16
7225.328152 1.21251389970914e-16
7229.632701 1.19132576758027e-16
7233.93725 1.20677300156022e-16
7238.241799 1.15311928770318e-16
7242.546348 1.19967751244019e-16
7246.850897 1.1918415312358e-16
7251.155446 1.0861232167401e-16
7255.459995 1.05652173133927e-16
7259.764544 1.19760016413705e-16
7264.069093 1.18623774654523e-16
7268.373642 1.21538573844702e-16
7272.678191 1.16086288937675e-16
7276.98274 1.20420358005429e-16
7281.287289 1.2256414545537e-16
7285.591838 1.3133239229733e-16
7289.896387 1.7109992742643e-16
7294.200936 2.01683679878492e-16
7298.505485 1.87174137840923e-16
7302.810034 1.4303270986066e-16
7307.114583 1.25639894140418e-16
7311.419132 1.2408336522072e-16
7315.723681 1.25100029750552e-16
7320.02823 1.4555537250093e-16
7324.332779 1.79067688428565e-16
7328.637328 1.81207174539321e-16
7332.941877 1.55005189697855e-16
7337.246426 1.30117826460306e-16
7341.550975 1.23940031364177e-16
7345.855524 1.14930658064935e-16
7350.160073 1.10565831113284e-16
7354.464622 1.23948832565894e-16
7358.769171 1.23105452448225e-16
7363.07372 1.1929384389025e-16
7367.378269 1.1434083196607e-16
7371.682818 1.18415166321482e-16
7375.987367 1.19529848445179e-16
7380.291916 1.24078441841714e-16
7384.596465 1.25671710815499e-16
7388.901014 1.29073434836342e-16
7393.205563 1.25365204002601e-16
7397.510112 1.18411169384762e-16
7401.814661 1.17483668307518e-16
7406.11921 1.18008140520546e-16
7410.423759 1.17939755844946e-16
7414.728308 1.2210627120782e-16
7419.032857 1.24130627012199e-16
7423.337406 1.25914544573565e-16
7427.641955 1.23650399035775e-16
7431.946504 1.21255532491421e-16
7436.251053 1.20204324899209e-16
7440.555602 1.23470708936949e-16
7444.860151 1.22681075706761e-16
7449.1647 1.23024176989958e-16
7453.469249 1.25703673074368e-16
7457.773798 1.25283809430326e-16
7462.078347 1.16489608969467e-16
7466.382896 1.2817641371031e-16
7470.687445 1.31438377294855e-16
7474.991994 1.23714455902411e-16
7479.296543 1.15916313247963e-16
7483.601092 1.14099136408527e-16
7487.905641 1.16275044936015e-16
7492.21019 1.17715437697711e-16
7496.514739 1.22513019076069e-16
7500.819288 1.18026192910235e-16
7505.123837 1.15675173555792e-16
7509.428386 1.19656744568589e-16
7513.732935 1.24271975635272e-16
7518.037484 1.29707703695158e-16
7522.342033 1.3404448591532e-16
7526.646582 1.29852758087375e-16
7530.951131 1.31508601620139e-16
7535.25568 1.35588097582573e-16
7539.560229 1.33048772216043e-16
7543.864778 1.26028020518718e-16
7548.169327 1.20656097862561e-16
7552.473876 1.2552342711017e-16
7556.778425 1.27250408175614e-16
7561.082974 1.21647761685559e-16
7565.387523 1.21233814037258e-16
7569.692072 1.26275685011561e-16
7573.996621 1.31528506894399e-16
7578.30117 1.21174667314738e-16
7582.605719 1.211160632227e-16
7586.910268 1.25412968719893e-16
7591.214817 1.29652170097553e-16
7595.519366 1.3165406629394e-16
7599.823915 1.20438767737142e-16
7604.128464 1.10082109125953e-16
7608.433013 1.17169630842324e-16
7612.737562 1.18121034130548e-16
7617.042111 1.2371519705624e-16
7621.34666 1.20230463806566e-16
7625.651209 1.16823856111387e-16
7629.955758 1.18671632016043e-16
7634.260307 1.26636719570438e-16
7638.564856 1.31469413111438e-16
7642.869405 1.20960950314234e-16
7647.173954 1.10376565571687e-16
7651.478503 1.11768564958826e-16
7655.783052 1.15430817785399e-16
7660.087601 1.07159991041714e-16
7664.39215 1.06583604973442e-16
7668.696699 1.21458820398763e-16
7673.001248 1.33495965907524e-16
7677.305797 1.36434376141108e-16
7681.610346 1.2594880970326e-16
7685.914895 1.14548818259291e-16
7690.219444 1.07727906780513e-16
7694.523993 1.06486355003185e-16
7698.828542 1.09905496139006e-16
7703.133091 1.13149321307079e-16
7707.43764 1.18226820604726e-16
7711.742189 1.27723092264851e-16
7716.046738 1.22720621557486e-16
7720.351287 1.23136911781281e-16
7724.655836 1.28074200656378e-16
7728.960385 1.1958162333408e-16
7733.264934 1.21523697828566e-16
7737.569483 1.21824209236384e-16
7741.874032 1.20115942305119e-16
7746.178581 1.2079511714503e-16
7750.48313 1.22698519291518e-16
7754.787679 1.18981354907162e-16
7759.092228 1.14227951590959e-16
7763.396777 1.06826524758291e-16
7767.701326 9.38244168167053e-17
7772.005875 8.70817301540956e-17
7776.310424 1.04616893731591e-16
7780.614973 1.19183901660674e-16
7784.919522 1.25323844971974e-16
7789.224071 1.32167341790196e-16
7793.52862 1.30655745321372e-16
7797.833169 1.28749325620009e-16
7802.137718 1.26265216213728e-16
7806.442267 1.21990730619859e-16
7810.746816 1.18945991281614e-16
7815.051365 1.16186794690823e-16
7819.355914 1.15940241928723e-16
7823.660463 1.2154270313032e-16
7827.965012 1.20528857632016e-16
7832.269561 1.24437424992672e-16
7836.57411 1.23200942178138e-16
7840.878659 1.17286706677502e-16
7845.183208 1.23638275876717e-16
7849.487757 1.20654496440896e-16
7853.792306 1.18460284060813e-16
7858.096855 1.14272738458045e-16
7862.401404 1.18219170838421e-16
7866.705953 1.13453803181838e-16
7871.010502 1.1305688883671e-16
7875.315051 1.12377581647902e-16
7879.6196 1.12739119132592e-16
7883.924149 1.07221162702373e-16
7888.228698 1.06464239502328e-16
7892.533247 1.09880224116931e-16
7896.837796 1.04797569829707e-16
7901.142345 1.06495487077148e-16
7905.446894 1.05268295155254e-16
7909.751443 1.09329229184742e-16
7914.055992 1.17267794019977e-16
7918.360541 1.1116824359235e-16
7922.66509 1.06835550953136e-16
7926.969639 1.03675039416358e-16
7931.274188 1.08412362341454e-16
7935.578737 1.1247272727068e-16
7939.883286 1.14656153215575e-16
7944.187835 1.10499391966484e-16
7948.492384 1.13759251203552e-16
7952.796933 1.09727738334091e-16
7957.101482 1.10125360745822e-16
7961.406031 1.0456209467037e-16
7965.71058 1.05165883577975e-16
7970.015129 1.10643936815444e-16
7974.319678 1.0806503912841e-16
7978.624227 1.06582010169221e-16
7982.928776 1.08983103729225e-16
7987.233325 1.15967069050349e-16
7991.537874 1.15634251276528e-16
7995.842423 1.08640862713865e-16
8000.146972 1.16970207522805e-16
8004.451521 1.2098117322585e-16
8008.75607 1.18077756040899e-16
8013.060619 1.14343346595132e-16
8017.365168 1.1306289747668e-16
8021.669717 1.13534430130504e-16
8025.974266 1.11151501456752e-16
8030.278815 1.07699200304535e-16
8034.583364 1.10497247914336e-16
8038.887913 1.12535645936794e-16
8043.192462 1.08759725259167e-16
8047.497011 1.15508599232758e-16
8051.80156 1.17135921578001e-16
8056.106109 1.12900002453011e-16
8060.410658 1.1309677879457e-16
8064.715207 1.15822067597691e-16
8069.019756 1.09291106084671e-16
8073.324305 1.14945970832434e-16
8077.628854 1.18113635827149e-16
8081.933403 1.17158354716214e-16
8086.237952 1.14337232076044e-16
8090.542501 1.07812292437883e-16
8094.84705 1.08232566363509e-16
8099.151599 1.10912413172499e-16
8103.456148 1.08199108562093e-16
8107.760697 1.11405955448063e-16
8112.065246 1.13015609215421e-16
8116.369795 1.12006091526082e-16
8120.674344 1.13004637491777e-16
8124.978893 1.12746345382423e-16
8129.283442 1.12293791560573e-16
8133.587991 1.13507338311082e-16
8137.89254 1.14823706920454e-16
8142.197089 1.17541518010838e-16
8146.501638 1.15603162520385e-16
8150.806187 1.11351758574328e-16
8155.110736 1.11222877217448e-16
8159.415285 1.10985224918739e-16
8163.719834 1.11624503183344e-16
8168.024383 1.13302872498549e-16
8172.328932 1.12438038624512e-16
8176.633481 1.10388113013039e-16
8180.93803 1.07081620641758e-16
8185.242579 1.06631442482627e-16
8189.547128 1.09113751943895e-16
8193.851677 1.09112461542139e-16
8198.156226 1.11008703613245e-16
8202.460775 1.13141936238571e-16
8206.765324 1.14710879484902e-16
8211.069873 1.19703834306501e-16
8215.374422 1.19660212109717e-16
8219.678971 1.17021757418579e-16
8223.98352 1.19811288376794e-16
8228.288069 1.22023764904802e-16
8232.592618 1.19830862778809e-16
8236.897167 1.16022734996852e-16
8241.201716 1.14927164054027e-16
8245.506265 1.17687856187366e-16
8249.810814 1.18946970663459e-16
8254.115363 1.16325072819462e-16
8258.419912 1.19291739542772e-16
8262.724461 1.19859979536371e-16
8267.02901 1.23787856601246e-16
8271.333559 1.22881597522133e-16
8275.638108 1.20712346144215e-16
8279.942657 1.16391379617365e-16
8284.247206 1.24567378375627e-16
8288.551755 1.19323529748073e-16
8292.856304 1.16935518876637e-16
8297.160853 1.26901668829361e-16
8301.465402 1.13564407155903e-16
8305.769951 1.1816875914317e-16
8310.0745 1.26375793718015e-16
8314.379049 1.24480703082321e-16
8318.683598 1.22918456690229e-16
8322.988147 1.1586136198551e-16
8327.292696 1.16978995489633e-16
8331.597245 1.20894299409197e-16
8335.901794 1.26246806482015e-16
8340.206343 1.26698089754445e-16
8344.510892 1.21650143965724e-16
8348.815441 1.26285677353361e-16
8353.11999 1.30935425012644e-16
8357.424539 1.26170507342314e-16
8361.729088 1.24356017185507e-16
8366.033637 1.21987554246306e-16
8370.338186 1.18955943918744e-16
8374.642735 1.25275127342617e-16
8378.947284 1.23119349082516e-16
8383.251833 1.30739350120244e-16
8387.556382 1.39864290477227e-16
8391.860931 1.38437119370442e-16
8396.16548 1.43802159883902e-16
8400.470029 1.3240834913347e-16
8404.774578 1.21073195414635e-16
8409.079127 1.22880313737823e-16
8413.383676 1.23980503657188e-16
8417.688225 1.21136881704357e-16
8421.992774 1.17353661985005e-16
8426.297323 1.23389579062469e-16
8430.601872 1.26678991808462e-16
8434.906421 1.34058885475423e-16
8439.21097 1.36366176753965e-16
8443.515519 1.38642193987906e-16
8447.820068 1.48046152291671e-16
8452.124617 1.50449330346819e-16
8456.429166 1.47230208100558e-16
8460.733715 1.53161821011503e-16
8465.038264 1.45952644188083e-16
8469.342813 1.4622725491656e-16
8473.647362 1.56928457413934e-16
8477.951911 1.64444723385404e-16
8482.25646 1.81116317020838e-16
8486.561009 2.18867185816533e-16
8490.865558 2.63866115541884e-16
8495.170107 3.06323086157634e-16
8499.474656 3.2257590140999e-16
8503.779205 3.07293680036069e-16
8508.083754 2.71288824077351e-16
8512.388303 2.32299473998762e-16
8516.692852 2.06397034418158e-16
8520.997401 1.91474722637481e-16
8525.30195 2.01722391931159e-16
8529.606499 2.33561235452815e-16
8533.911048 2.67787242812961e-16
8538.215597 2.91605544591955e-16
8542.520146 2.93877101668034e-16
8546.824695 2.89979929547497e-16
8551.129244 2.75440291370522e-16
8555.433793 2.37539590387391e-16
8559.738342 2.05191772708664e-16
8564.042891 1.82454311440145e-16
8568.34744 1.64956357755325e-16
8572.651989 1.50405933143162e-16
8576.956538 1.45526202803809e-16
8581.261087 1.3848510908086e-16
8585.565636 1.32652334326948e-16
8589.870185 1.32258344892467e-16
8594.174734 1.28792828702784e-16
8598.479283 1.35985131041708e-16
8602.783832 1.32547858106861e-16
8607.088381 1.315909226347e-16
8611.39293 1.316786434843e-16
8615.697479 1.29832667524657e-16
8620.002028 1.44290699371121e-16
8624.306577 1.42437444222087e-16
8628.611126 1.4188366996304e-16
8632.915675 1.39657111512284e-16
8637.220224 1.40407476824433e-16
8641.524773 1.42976805686141e-16
8645.829322 1.74195859318424e-16
8650.133871 2.12450077443025e-16
8654.43842 2.49219883562452e-16
8658.742969 2.60890091751485e-16
8663.047518 2.72233689330013e-16
8667.352067 2.63139625970935e-16
8671.656616 2.48157651307036e-16
8675.961165 2.21284485499099e-16
8680.265714 1.81768585329783e-16
8684.570263 1.64267878787885e-16
8688.874812 1.54445314154609e-16
8693.179361 1.47086424257762e-16
8697.48391 1.44735616661556e-16
8701.788459 1.38772054726632e-16
8706.093008 1.34316198202932e-16
8710.397557 1.3002189997903e-16
8714.702106 1.26351454755671e-16
8719.006655 1.27173473761201e-16
8723.311204 1.26463223400039e-16
8727.615753 1.34286644694006e-16
8731.920302 1.37997813673283e-16
8736.224851 1.36166329917972e-16
8740.5294 1.35019354663161e-16
8744.833949 1.33587498405387e-16
8749.138498 1.30037742142121e-16
8753.443047 1.27629389245061e-16
8757.747596 1.39916740345508e-16
8762.052145 1.38806981600817e-16
8766.356694 1.31533933199218e-16
8770.661243 1.30887064725311e-16
8774.965792 1.31598294468319e-16
8779.270341 1.28742919933345e-16
8783.57489 1.14907444068224e-16
8787.879439 1.17962850727648e-16
8792.183988 1.24033549095509e-16
8796.488537 1.15216902261548e-16
8800.793086 1.22874133044286e-16
8805.097635 1.19575125003187e-16
8809.402184 1.19306218512214e-16
8813.706733 1.26060551877848e-16
8818.011282 1.2020359698027e-16
8822.315831 1.18558063426662e-16
8826.62038 1.1749753847203e-16
8830.924929 1.21747817452454e-16
8835.229478 1.26342018279243e-16
8839.534027 1.15606630061513e-16
8843.838576 1.17391249072039e-16
8848.143125 1.18423821939412e-16
8852.447674 1.25652109943704e-16
8856.752223 1.29604153917356e-16
8861.056772 1.20977586570714e-16
8865.361321 1.24271181541884e-16
8869.66587 1.28802476937449e-16
8873.970419 1.32204055374504e-16
8878.274968 1.23702226864235e-16
8882.579517 1.07580642161699e-16
8886.884066 1.07806085274567e-16
8891.188615 1.15974732051544e-16
8895.493164 1.20566166786365e-16
8899.797713 1.24740834841357e-16
8904.102262 1.11400661492142e-16
8908.406811 1.01224559865062e-16
8912.71136 1.03265796771381e-16
8917.015909 9.62994867932517e-17
8921.320458 9.24833320506302e-17
8925.625007 9.77252682366073e-17
8929.929556 1.12514906864476e-16
8934.234105 1.20154535243779e-16
8938.538654 1.13337494970268e-16
8942.843203 1.13521711401406e-16
8947.147752 1.11021739979699e-16
8951.452301 1.12795473293364e-16
8955.75685 1.16863904887924e-16
8960.061399 1.13518230625388e-16
8964.365948 1.03941272459592e-16
8968.670497 1.15062279044004e-16
8972.975046 1.10584737153365e-16
8977.279595 1.1097018346648e-16
8981.584144 1.19761154614228e-16
8985.888693 1.23216704931891e-16
8990.193242 1.1541276539571e-16
8994.497791 1.17078363042257e-16
8998.80234 1.24117603880635e-16
9003.106889 1.18839331304709e-16
9007.411438 1.22095312719065e-16
9011.715987 1.32358281545353e-16
9016.020536 1.283026877939e-16
9020.325085 1.31271657388034e-16
9024.629634 1.31216997293157e-16
9028.934183 1.17435109496839e-16
9033.238732 1.24603390510775e-16
9037.543281 1.2623386275979e-16
9041.84783 1.13865527368652e-16
9046.152379 1.08976076002741e-16
9050.456928 1.0955434804281e-16
9054.761477 9.82694802877733e-17
9059.066026 9.43250926978714e-17
9063.370575 9.61880556385735e-17
9067.675124 9.80938731524508e-17
9071.979673 1.09078791982486e-16
9076.284222 1.25987839393282e-16
9080.588771 1.15873061628094e-16
9084.89332 9.82556696802661e-17
9089.197869 9.94552536220354e-17
9093.502418 9.27372434114595e-17
9097.806967 1.01489820143895e-16
9102.111516 1.06552357398622e-16
9106.416065 1.01777506943496e-16
9110.720614 1.0898082732818e-16
9115.025163 1.15576547156996e-16
9119.329712 1.16491210391132e-16
9123.634261 1.22893376574056e-16
9127.93881 1.15720344234682e-16
9132.243359 1.01009598784916e-16
9136.547908 9.66434152570615e-17
9140.852457 9.43621437718688e-17
9145.157006 9.46023967264236e-17
9149.461555 1.0471198641481e-16
9153.766104 1.0369987468707e-16
9158.070653 9.01908572312211e-17
9162.375202 9.80985847732199e-17
9166.679751 9.92427939360624e-17
9170.9843 9.68330182883484e-17
9175.288849 1.05095315145557e-16
9179.593398 1.04081826989277e-16
9183.897947 9.86507046710419e-17
9188.202496 9.73181299391087e-17
9192.507045 1.01743638860496e-16
9196.811594 9.31292939345851e-17
9201.116143 9.76972499748989e-17
9205.420692 9.85086215115848e-17
9209.725241 9.11652296706943e-17
9214.02979 8.23108501659103e-17
9218.334339 9.12181758473426e-17
9222.638888 1.06284728074514e-16
9226.943437 1.05227955211141e-16
9231.247986 1.0518879317222e-16
9235.552535 1.04618428978808e-16
9239.857084 1.01349391345663e-16
9244.161633 9.58298599635584e-17
9248.466182 9.17304521094191e-17
9252.770731 1.04069320018415e-16
9257.07528 1.08545564889854e-16
9261.379829 1.01235088219898e-16
9265.684378 1.04968127854571e-16
9269.988927 1.09458739198888e-16
9274.293476 1.06000389702033e-16
9278.598025 1.0253388751306e-16
9282.902574 9.13363700307091e-17
9287.207123 9.84883919825242e-17
9291.511672 1.00760802708995e-16
9295.816221 9.92393859519387e-17
9300.12077 9.43896723426546e-17
9304.425319 8.527913816322e-17
9308.729868 7.75366018982706e-17
9313.034417 8.66110842378876e-17
9317.338966 9.08888388495383e-17
9321.643515 9.52481071474723e-17
9325.948064 1.05147771631282e-16
9330.252613 9.81784639506129e-17
9334.557162 1.12343501806665e-16
9338.861711 1.11127811004008e-16
9343.16626 9.52605810311096e-17
9347.470809 8.7166631972168e-17
9351.775358 1.02554017780447e-16
9356.079907 9.77852024350705e-17
9360.384456 8.62745209902521e-17
9364.689005 9.85600853805754e-17
9368.993554 7.19651897481462e-17
9373.298103 7.78456961321245e-17
9377.602652 1.08355068503506e-16
9381.907201 1.10136074389116e-16
9386.21175 8.93078518534881e-17
9390.516299 1.04770028024032e-16
9394.820848 1.13926897552659e-16
9399.125397 1.08644303785214e-16
9403.429946 1.04757746046296e-16
9407.734495 8.39719942720393e-17
9412.039044 9.59565707985117e-17
9416.343593 1.05544520540287e-16
9420.648142 1.25864543159898e-16
9424.952691 1.13299907883233e-16
9429.25724 9.11644223424164e-17
9433.561789 9.33156345655361e-17
9437.866338 9.69186281730252e-17
9442.170887 9.30662627719086e-17
9446.475436 9.32308055393576e-17
9450.779985 9.85070200899189e-17
9455.084534 1.02982953941447e-16
9459.389083 8.67319849562184e-17
9463.693632 9.61451282735044e-17
9467.998181 9.98232762027276e-17
9472.30273 8.68246953592733e-17
9476.607279 7.97077392479855e-17
9480.911828 7.17215618966922e-17
9485.216377 7.40236320112069e-17
9489.520926 8.05609595062217e-17
9493.825475 9.79234276241505e-17
9498.130024 1.0199189892338e-16
9502.434573 8.94597420662876e-17
9506.739122 8.68449381232237e-17
9511.043671 9.81205613077342e-17
9515.34822 1.06896934372032e-16
9519.652769 8.97175444847183e-17
9523.957318 8.49624801898449e-17
9528.261867 8.88215490626457e-17
9532.566416 8.67564562674602e-17
9536.870965 1.06945367451258e-16
9541.175514 1.14734755226103e-16
9545.480063 1.02827847650426e-16
9549.784612 1.10439828344935e-16
9554.089161 1.18255355027137e-16
9558.39371 1.19771901344746e-16
9562.698259 1.14297050950609e-16
9567.002808 1.03623277762347e-16
9571.307357 9.5821780063335e-17
9575.611906 1.1362113189359e-16
9579.916455 1.05889329124269e-16
9584.221004 8.87239218980298e-17
9588.525553 9.0475830878413e-17
9592.830102 1.00648683340047e-16
9597.134651 8.81650455889645e-17
9601.4392 8.71351064646624e-17
9605.743749 1.02250720428326e-16
9610.048298 8.84893996507587e-17
9614.352847 1.0001287261657e-16
9618.657396 9.01538326270032e-17
9622.961945 7.72860720517854e-17
9627.266494 7.94823689270117e-17
9631.571043 8.90570242219824e-17
9635.875592 9.20616552266854e-17
9640.180141 9.42589050139773e-17
9644.48469 9.31252837629754e-17
9648.789239 8.1560041484953e-17
9653.093788 8.38385998177365e-17
9657.398337 8.81254203289007e-17
9661.702886 8.79567218060542e-17
9666.007435 9.36682054123858e-17
9670.311984 9.53188741032375e-17
9674.616533 1.01502181530969e-16
9678.921082 1.17281611244929e-16
9683.225631 1.08607848281257e-16
9687.53018 9.92182365980369e-17
9691.834729 1.09360714987578e-16
9696.139278 8.53513278696388e-17
9700.443827 9.35791809261404e-17
9704.748376 1.06854132738416e-16
9709.052925 1.03596477110501e-16
9713.357474 9.34994473325352e-17
9717.662023 9.69512389414945e-17
9721.966572 1.08887878697108e-16
9726.271121 1.12315999705659e-16
9730.57567 9.70562313222846e-17
9734.880219 8.76183652308506e-17
9739.184768 9.63929317326906e-17
9743.489317 1.026086447881e-16
9747.793866 8.4950979070608e-17
9752.098415 9.29304264804375e-17
9756.402964 8.6903204725572e-17
9760.707513 8.59442046106025e-17
9765.012062 9.39022644385138e-17
9769.316611 9.46572818144277e-17
9773.62116 1.03306136715494e-16
9777.925709 9.58371193006142e-17
9782.230258 8.48691675993041e-17
9786.534807 8.56844235761465e-17
9790.839356 7.32223322256594e-17
9795.143905 7.38434058993438e-17
9799.448454 1.00189717214089e-16
9803.753003 1.06075537406322e-16
9808.057552 9.87618843628139e-17
9812.362101 9.98279084141579e-17
9816.66665 9.25659376153222e-17
9820.971199 7.69790887828548e-17
9825.275748 9.68208355722867e-17
9829.580297 1.11053020641743e-16
9833.884846 9.94221399277537e-17
9838.189395 8.8363714519765e-17
9842.493944 7.94777300981365e-17
9846.798493 8.53567872616816e-17
9851.103042 8.92645737638393e-17
9855.407591 1.00761947526963e-16
9859.71214 9.92894667749451e-17
9864.016689 1.03743788051429e-16
9868.321238 1.02009699850162e-16
9872.625787 8.92321218140477e-17
9876.930336 8.42891816410064e-17
9881.234885 9.76929552531586e-17
9885.539434 1.17737937010372e-16
9889.843983 1.01506820359845e-16
9894.148532 9.20005695928095e-17
9898.453081 1.03126479703893e-16
9902.75763 1.06172489591558e-16
9907.062179 1.05369714115798e-16
9911.366728 8.71352123437808e-17
9915.671277 8.50466805587579e-17
9919.975826 9.21885910547653e-17
9924.280375 8.38329551372364e-17
9928.584924 8.61146898435721e-17
9932.889473 7.63757895661729e-17
9937.194022 1.05514609689337e-16
9941.498571 1.06355276654598e-16
9945.80312 9.26357185717972e-17
9950.107669 1.06723438201633e-16
9954.412218 1.20757252125309e-16
9958.716767 1.01141332260549e-16
9963.021316 7.88100034379041e-17
9967.325865 1.1366298061514e-16
9971.630414 8.58527779918582e-17
9975.934963 8.38396850787002e-17
9980.239512 8.33709449866235e-17
9984.544061 8.66852128556622e-17
9988.84861 9.59985981910743e-17
9993.153159 7.71352009255007e-17
9997.457708 6.74051878766027e-17
10001.762257 8.5318081826459e-17
10006.066806 9.02220717188164e-17
10010.371355 1.08670634598472e-16
10014.675904 1.02489067558749e-16
10018.980453 8.11585941900688e-17
10023.285002 6.74576575972182e-17
10027.589551 6.52042058503869e-17
10031.8941 9.11709339081985e-17
10036.198649 1.05668048384244e-16
10040.503198 1.04672619235097e-16
10044.807747 1.15030621187601e-16
10049.112296 1.0734528611637e-16
10053.416845 1.22337193565065e-16
10057.721394 1.37420679833737e-16
10062.025943 1.20076859675538e-16
10066.330492 1.15592018743173e-16
10070.635041 1.20099636920885e-16
10074.93959 9.86499833695477e-17
10079.244139 8.45890445392242e-17
10083.548688 1.13094581802863e-16
10087.853237 1.17945698310466e-16
10092.157786 1.03219534214083e-16
10096.462335 8.38148762777685e-17
10100.766884 8.79979021656695e-17
10105.071433 1.00740778320727e-16
10109.375982 8.03647324125894e-17
10113.680531 4.92228051006215e-17
10117.98508 8.34422611903154e-17
10122.289629 1.21465173145867e-16
10126.594178 1.36136127899446e-16
10130.898727 1.18979422613251e-16
10135.203276 9.13089142518172e-17
10139.507825 8.12282030929764e-17
10143.812374 8.02854620401272e-17
10148.116923 8.32719215411336e-17
10152.421472 7.66037870127721e-17
10156.726021 5.48912885499902e-17
10161.03057 5.19393688026416e-17
10165.335119 1.24692448084245e-16
10169.639668 1.49106716950972e-16
10173.944217 6.28434522344953e-17
10178.248766 9.31785012548646e-17
10182.553315 1.38181818346184e-16
10186.857864 1.17019494252423e-16
10191.162413 1.05829494187479e-16
10195.466962 9.56443729829995e-17
10199.771511 8.10668433165244e-17
10204.07606 7.49246633088487e-17
10208.380609 4.33000430222316e-17
10212.685158 1.29727331036732e-16
10216.989707 1.35266555934861e-16
10221.294256 6.57969634773424e-17
10225.598805 5.42899083923294e-17
10229.903354 1.0656677681106e-16
10234.207903 9.93573022026194e-17
10238.512452 6.78363210293103e-17
10242.817001 5.7407803583948e-17
10247.12155 8.44994509527174e-17
10251.426099 1.17559464521408e-16
10255.730648 8.73826253737179e-17
10260.035197 7.04504698453289e-17
10264.339746 8.0503453910037e-17
10268.644295 4.07711202790854e-17
10272.948844 4.42557476496406e-17
10277.253393 9.68760581499808e-17
10281.557942 7.75842607364435e-17
10285.862491 6.08477698188702e-17
10290.16704 8.00874614712616e-17
10294.471589 6.24254480924702e-17
10298.776138 9.68107439688136e-17
10303.080687 9.71431448436068e-17
10307.385236 8.77557367695385e-17
10311.689785 9.0000003502848e-17
10315.994334 2.72810105176787e-17
10320.298883 1.85723173710999e-17
10324.603432 1.16759653660963e-16
10328.907981 9.02921372254221e-17
10333.21253 8.0447033574816e-17
10337.517079 1.25939809978195e-16
10341.821628 8.33108453520379e-17
10346.126177 4.96714910259274e-17
10350.430726 8.44684482233589e-17
10354.735275 7.361438936623e-17
10359.039824 5.53279902825814e-17
10363.344373 1.76226495078013e-17
10367.648922 -4.65083953769165e-18
10371.953471 -4.94007912073858e-17
10376.25802 4.70217999133486e-17
10380.562569 1.69713480075562e-16
10384.867118 5.90245843394646e-17
10389.171667 1.16561469458001e-17
10393.476216 8.80057901599908e-17
10397.780765 3.89159923931454e-17
10402.085314 -1.59108951830738e-17
10406.389863 9.60253988429211e-17
10410.694412 7.29916811836551e-17
10414.998961 -1.78072650535848e-18
10419.30351 1.70139034722219e-16
10423.608059 3.84476096430934e-17
10427.912608 2.85257072356954e-17
10432.217157 7.26075186548508e-17
10436.521706 1.51369552234672e-16
10440.826255 3.46217007866886e-17
10445.130804 3.94021760699796e-17
10449.435353 3.84403304537029e-17
10453.739902 1.10884659608587e-16
10458.044451 1.98603682793818e-17
10462.349 -1.12577039709007e-17
10466.653549 2.5950981847671e-17
10470.958098 1.98402459529286e-16
10475.262647 6.70411754675202e-17
10479.567196 -2.15854335945264e-17
10483.871745 2.04316456801905e-17
10488.176294 1.19312359501081e-16
10492.480843 1.24715688550735e-16
10496.785392 1.61451520708044e-16
10501.089941 2.27614323009261e-16
10505.39449 1.16964781217986e-16
10509.699039 9.39196352313775e-17
10514.003588 5.54556077074861e-17
10518.308137 -2.89325709092306e-17
10522.612686 3.24072688037127e-17
10526.917235 7.84739364986361e-17
10531.221784 4.88441912993662e-17
10535.526333 1.54815255794323e-16
10539.830882 1.32482265993008e-16
10544.135431 1.45934591798394e-16
10548.43998 2.33498025619126e-16
10552.744529 1.5681574909239e-16
10557.049078 -5.9807547185193e-17
10561.353627 -7.55238663271372e-17
10565.658176 -1.65695178934845e-17
10569.962725 -2.90427182795982e-17
10574.267274 1.50400903885037e-16
10578.571823 2.70243029555067e-16
10582.876372 4.79048516131959e-17
10587.180921 -1.11804696207983e-16
10591.48547 -8.38004767176652e-17
10595.790019 5.21023614336227e-18
10600.094568 1.41030800429384e-16
10604.399117 1.04469476911544e-16
10608.703666 8.11760311573814e-17
10613.008215 -5.37433926431575e-18
10617.312764 -9.6041287328127e-17
10621.617313 6.56782531332737e-17
10625.921862 9.35166196020518e-17
10630.226411 8.59078483683196e-17
10634.53096 8.39309661136566e-17
10638.835509 -6.51021168735468e-18
10643.140058 1.43084974440484e-16
10647.444607 2.61041578300146e-16
10651.749156 1.79068151649708e-16
10656.053705 6.89972493734889e-19
10660.358254 -4.52665127273437e-17
10664.662803 6.29319630415803e-18
10668.967352 -3.61995411876886e-17
10673.271901 -5.23771657223639e-17
