3720.58580287635 2.91980528724683e-17
3722.59664471385 -4.73215139190561e-18
3724.60748655135 -5.20733753705976e-17
3726.61832838885 -1.82284865146025e-16
3728.62917022635 -1.30427840519001e-16
3730.64001206386 -8.256207484411e-17
3732.65085390136 -5.01300534877472e-17
3734.66169573886 2.34411206545605e-17
3736.67253757636 1.11315203808698e-16
3738.68337941386 7.23472148422477e-17
3740.69422125136 6.06733207364053e-17
3742.70506308886 1.04381861941062e-16
3744.71590492636 3.55425149358602e-17
3746.72674676386 2.9732811903594e-17
3748.73758860136 -7.49816395094413e-18
3750.74843043886 1.01713238318623e-16
3752.75927227637 1.52918265951943e-17
3754.77011411387 -8.55812576101489e-17
3756.78095595137 1.32911884888206e-19
3758.79179778887 7.13884728076294e-17
3760.80263962637 1.80509192921004e-16
3762.81348146387 1.4479313549263e-16
3764.82432330137 6.39122622301424e-17
3766.83516513887 1.55584269066201e-17
3768.84600697637 1.03809625010743e-16
3770.85684881387 1.23600040280083e-16
3772.86769065138 6.03501379623583e-17
3774.87853248888 4.73588958652986e-17
3776.88937432638 8.16900147202423e-17
3778.90021616388 6.9897019841082e-17
3780.91105800138 4.78275002997548e-17
3782.92189983888 2.88596268140932e-17
3784.93274167638 2.25285799658757e-17
3786.94358351388 5.70222116870452e-17
3788.95442535138 5.63340437395154e-17
3790.96526718889 4.20568368836787e-17
3792.97610902639 8.99337628793947e-17
3794.98695086389 4.97900590949308e-17
3796.99779270139 -1.6733712831486e-18
3799.00863453889 -5.14429876432159e-17
3801.01947637639 -3.88017786028865e-17
3803.03031821389 2.19729395873667e-17
3805.04116005139 2.23708366230618e-17
3807.05200188889 -1.7750113077112e-17
3809.06284372639 -6.27709730148622e-18
3811.0736855639 -2.61626854905641e-17
3813.0845274014 -5.2678368653174e-17
3815.0953692389 -1.97338294979959e-17
3817.1062110764 -1.50199207473195e-17
3819.1170529139 -3.37142274064363e-18
3821.1278947514 -5.22834163804596e-17
3823.1387365889 -2.5097248737455e-17
3825.1495784264 2.91688732491799e-17
3827.1604202639 4.38375085883216e-17
3829.1712621014 2.76954842528494e-17
3831.18210393891 2.15126454229345e-18
3833.19294577641 2.54326258080922e-17
3835.20378761391 6.64716318372754e-17
3837.21462945141 7.36927002091816e-17
3839.22547128891 5.75110026371701e-17
3841.23631312641 9.02271539164999e-17
3843.24715496391 8.52975611298228e-17
3845.25799680141 3.06762544056026e-17
3847.26883863891 1.4099614487044e-17
3849.27968047641 2.48918051974377e-17
3851.29052231392 -4.2913468434761e-19
3853.30136415142 -2.1460426751635e-17
3855.31220598892 1.67986589172806e-18
3857.32304782642 5.25172107087915e-17
3859.33388966392 7.88501117714456e-17
3861.34473150142 6.47369149787435e-17
3863.35557333892 2.72406589930371e-17
3865.36641517642 4.18639846869456e-17
3867.37725701392 4.33254109972573e-17
3869.38809885142 5.37485782384176e-17
3871.39894068892 1.27602039345288e-17
3873.40978252643 1.11921275734793e-17
3875.42062436393 5.69762800019914e-17
3877.43146620143 7.77798327030306e-17
3879.44230803893 2.4897827072297e-17
3881.45314987643 2.92172930935163e-17
3883.46399171393 1.53211584197154e-17
3885.47483355143 3.01743534699493e-18
3887.48567538893 -1.16133511024485e-18
3889.49651722643 -4.05642051847584e-18
3891.50735906393 5.48051492697214e-18
3893.51820090144 7.48172539063086e-18
3895.52904273894 2.47326920435294e-17
3897.53988457644 2.14551410675207e-17
3899.55072641394 4.05893059804463e-18
3901.56156825144 -1.85700260808032e-17
3903.57241008894 -3.00401690581616e-17
3905.58325192644 1.74974242892281e-17
3907.59409376394 6.17666218956288e-17
3909.60493560144 5.0659955314316e-17
3911.61577743894 3.79495608875528e-17
3913.62661927645 4.21887788088258e-17
3915.63746111395 1.16463068052332e-17
3917.64830295145 -2.07799102247713e-17
3919.65914478895 -2.17510715491065e-17
3921.66998662645 -1.53319560218413e-18
3923.68082846395 5.86197224430117e-17
3925.69167030145 5.94283808272884e-17
3927.70251213895 -2.28356484344095e-18
3929.71335397645 -3.04708621507832e-17
3931.72419581396 -2.9215661479758e-18
3933.73503765146 2.757607080526e-17
3935.74587948896 2.69799912209645e-17
3937.75672132646 1.15495423899962e-17
3939.76756316396 -8.60949599316015e-18
3941.77840500146 -8.79048766068012e-19
3943.78924683896 5.38048232113487e-17
3945.80008867646 6.71592306845437e-17
3947.81093051396 3.06729920052667e-17
3949.82177235146 2.11018174863136e-17
3951.83261418897 3.67764004032709e-17
3953.84345602647 2.02388695840738e-17
3955.85429786397 1.2308270498138e-17
3957.86513970147 3.45340758900397e-17
3959.87598153897 3.06424756581084e-17
3961.88682337647 1.9200473365189e-17
3963.89766521397 5.8582221382761e-17
3965.90850705147 8.87342848167438e-17
3967.91934888897 8.970015383952e-17
3969.93019072647 1.02296235214351e-16
3971.94103256398 1.09239059880529e-16
3973.95187440148 8.95711666035209e-17
3975.96271623898 7.450423718199e-17
3977.97355807648 8.63233908208417e-17
3979.98439991398 8.22053019197485e-17
3981.99524175148 7.5818613940447e-17
3984.00608358898 1.32934568351952e-16
3986.01692542648 1.71127733929901e-16
3988.02776726398 1.32555309349818e-16
3990.03860910148 8.193871153449e-17
3992.04945093899 7.5937172083283e-17
3994.06029277649 1.08358900004103e-16
3996.07113461399 1.28926779022459e-16
3998.08197645149 9.8640262342989e-17
4000.09281828899 7.72658226703901e-17
4002.10366012649 7.55761838465199e-17
4004.11450196399 6.83209893112622e-17
4006.12534380149 7.10072616592506e-17
4008.13618563899 7.14435034794213e-17
4010.14702747649 9.29079006979965e-17
4012.15786931399 1.11803187430545e-16
4014.1687111515 8.9191159830114e-17
4016.179552989 9.32189801653205e-17
4018.1903948265 1.15980952449751e-16
4020.201236664 1.13202962315442e-16
4022.2120785015 8.36848037808057e-17
4024.222920339 9.26690506417606e-17
4026.2337621765 9.72446630658242e-17
4028.244604014 1.00433947253029e-16
4030.2554458515 9.62811564708776e-17
4032.266287689 1.03683939879749e-16
4034.27712952651 1.08877383429496e-16
4036.28797136401 9.36596093514602e-17
4038.29881320151 5.01982297138338e-17
4040.30965503901 4.41952939817528e-17
4042.32049687651 6.696177274616e-17
4044.33133871401 6.74012240271074e-17
4046.34218055151 4.31024725872845e-17
4048.35302238901 4.90896852702821e-17
4050.36386422651 6.14604261026413e-17
4052.37470606402 3.79193224730803e-17
4054.38554790152 1.43738281688278e-17
4056.39638973902 4.62118014964795e-17
4058.40723157652 1.03138635950175e-17
4060.41807341402 -1.74498051557246e-17
4062.42891525152 -8.87383561997188e-18
4064.43975708902 4.20859279986415e-18
4066.45059892652 3.4644140542346e-17
4068.46144076402 3.61532323082755e-17
4070.47228260152 6.17026907604458e-17
4072.48312443903 9.48798132515392e-17
4074.49396627653 7.98141411445394e-17
4076.50480811403 7.60348124827887e-17
4078.51564995153 7.29089432700651e-17
4080.52649178903 1.20373824132889e-16
4082.53733362653 1.40407926810686e-16
4084.54817546403 1.60231012405499e-16
4086.55901730153 1.56128805372167e-16
4088.56985913903 1.65440331205562e-16
4090.58070097653 1.93159881451153e-16
4092.59154281404 2.26289775237992e-16
4094.60238465154 2.41665831980602e-16
4096.61322648904 2.21006142531698e-16
4098.62406832654 2.14630644651723e-16
4100.63491016404 2.0175890699212e-16
4102.64575200154 1.94749524065133e-16
4104.65659383904 1.85323000274258e-16
4106.66743567654 2.08089115079196e-16
4108.67827751404 1.96971728237145e-16
4110.68911935154 1.62934953331372e-16
4112.69996118905 1.89293255456276e-16
4114.71080302655 1.72465622470089e-16
4116.72164486405 1.74493128178241e-16
4118.73248670155 1.36087622028326e-16
4120.74332853905 1.36576002696867e-16
4122.75417037655 1.34145441654721e-16
4124.76501221405 1.31056550724101e-16
4126.77585405155 1.3743908956545e-16
4128.78669588905 1.25084121413011e-16
4130.79753772655 1.21406701402727e-16
4132.80837956406 1.17952487808934e-16
4134.81922140156 1.16151814877079e-16
4136.83006323906 1.08118699989108e-16
4138.84090507656 9.87024398552734e-17
4140.85174691406 6.74265489887413e-17
4142.86258875156 4.65665594088688e-17
4144.87343058906 8.73503322426038e-17
4146.88427242656 9.54416277061403e-17
4148.89511426406 9.86047398987635e-17
4150.90595610156 1.36809691146081e-16
4152.91679793906 1.72679511524161e-16
4154.92763977657 9.60552898415363e-17
4156.93848161407 1.35653941159332e-16
4158.94932345157 1.73805271250621e-16
4160.96016528907 1.34874684082748e-16
4162.97100712657 1.21818041777737e-16
4164.98184896407 1.2900044441909e-16
4166.99269080157 1.37173597676045e-16
4169.00353263907 1.31146720028314e-16
4171.01437447657 9.59804730094921e-17
4173.02521631407 1.09557583973366e-16
4175.03605815158 1.27647071057835e-16
4177.04689998908 1.26801030727316e-16
4179.05774182658 1.1671928724707e-16
4181.06858366408 1.44601388409195e-16
4183.07942550158 1.82614083029821e-16
4185.09026733908 1.40015896139896e-16
4187.10110917658 1.5332147348717e-16
4189.11195101408 1.42710255005552e-16
4191.12279285158 8.03007549552921e-17
4193.13363468908 6.69962562515361e-17
4195.14447652659 4.15218991815406e-17
4197.15531836409 4.08714672135555e-17
4199.16616020159 3.19424296954049e-17
4201.17700203909 5.26443946910552e-17
4203.18784387659 4.20118878891925e-17
4205.19868571409 5.71710380228557e-17
4207.20952755159 4.77635162250126e-17
4209.22036938909 2.66065803857621e-17
4211.23121122659 2.03759962773004e-17
4213.24205306409 1.87308465354957e-17
4215.2528949016 4.65240158556039e-17
4217.2637367391 6.49545693589633e-17
4219.2745785766 6.68379074125138e-17
4221.2854204141 6.13838159430291e-17
4223.2962622516 8.83004980686312e-17
4225.3071040891 9.03856814265345e-17
4227.3179459266 1.14047030647381e-16
4229.3287877641 1.30927576722992e-16
4231.3396296016 1.11698856794245e-16
4233.35047143911 1.0250131644926e-16
4235.36131327661 7.89747050240308e-17
4237.37215511411 9.92753583824174e-17
4239.38299695161 1.1094759150959e-16
4241.39383878911 1.81731712926798e-16
4243.40468062661 1.2154536334317e-16
4245.41552246411 9.47475371454246e-17
4247.42636430161 1.07307255660528e-16
4249.43720613911 1.29688446930497e-16
4251.44804797661 1.37098595555544e-16
4253.45888981412 1.44442741785153e-16
4255.46973165162 1.26426337762164e-16
4257.48057348912 1.06049908042223e-16
4259.49141532662 9.40283002940873e-17
4261.50225716412 1.14281830827338e-16
4263.51309900162 1.44329715826253e-16
4265.52394083912 1.4185513554063e-16
4267.53478267662 1.41410866759795e-16
4269.54562451412 1.3325231158629e-16
4271.55646635162 1.36398628703756e-16
4273.56730818913 1.49812904200965e-16
4275.57815002663 1.57143683191876e-16
4277.58899186413 1.01397215619959e-16
4279.59983370163 9.64368450970498e-17
4281.61067553913 1.19990502019587e-16
4283.62151737663 1.15871460206428e-16
4285.63235921413 8.13092469406719e-17
4287.64320105163 6.71280691365076e-17
4289.65404288913 7.90911786717232e-17
4291.66488472663 8.57881586424056e-17
4293.67572656414 7.78478468017172e-17
4295.68656840164 8.08335055918906e-17
4297.69741023914 8.87412265164444e-17
4299.70825207664 9.38483653497999e-17
4301.71909391414 9.05550813985405e-17
4303.72993575164 8.39702472665855e-17
4305.74077758914 6.77021390990643e-17
4307.75161942664 6.88570751400905e-17
4309.76246126414 7.7724782178904e-17
4311.77330310164 5.96276254757953e-17
4313.78414493915 6.90759206603924e-17
4315.79498677665 8.13633445527328e-17
4317.80582861415 8.43838375728621e-17
4319.81667045165 1.08414010085234e-16
4321.82751228915 1.26830557766461e-16
4323.83835412665 1.14837193273161e-16
4325.84919596415 1.16594773403824e-16
4327.86003780165 1.30217326361829e-16
4329.87087963915 1.09232773307874e-16
4331.88172147665 1.04690618685226e-16
4333.89256331416 1.1438866285781e-16
4335.90340515166 1.12503763087263e-16
4337.91424698916 1.13571686345294e-16
4339.92508882666 1.28962354406243e-16
4341.93593066416 1.55021349498301e-16
4343.94677250166 1.76078760620611e-16
4345.95761433916 2.00100456186065e-16
4347.96845617666 2.12369013742994e-16
4349.97929801416 2.24549466638519e-16
4351.99013985166 2.13290241482472e-16
4354.00098168917 1.96519717045776e-16
4356.01182352667 2.14454064752e-16
4358.02266536417 2.01049728657031e-16
4360.03350720167 1.74166358749058e-16
4362.04434903917 1.32161928720268e-16
4364.05519087667 9.96045828836584e-17
4366.06603271417 9.4623704899003e-17
4368.07687455167 1.04160144449674e-16
4370.08771638917 9.42185981570888e-17
4372.09855822667 7.44104150481918e-17
4374.10940006418 8.02910206938436e-17
4376.12024190168 7.65062855796093e-17
4378.13108373918 5.49505246080163e-17
4380.14192557668 6.74174500020032e-17
4382.15276741418 8.67903375853503e-17
4384.16360925168 8.74827737848409e-17
4386.17445108918 9.05811739837828e-17
4388.18529292668 9.18523057398155e-17
4390.19613476418 8.28293732959728e-17
4392.20697660168 6.68556553997368e-17
4394.21781843919 5.4361413193201e-17
4396.22866027669 8.07122806187597e-17
4398.23950211419 9.86421019926713e-17
4400.25034395169 1.04339040455112e-16
4402.26118578919 1.07617236631998e-16
4404.27202762669 1.09212603335817e-16
4406.28286946419 1.0119646881146e-16
4408.29371130169 1.10313838811476e-16
4410.30455313919 1.25383825492551e-16
4412.31539497669 1.26396135743638e-16
4414.32623681419 1.22387896427892e-16
4416.3370786517 1.30549111814247e-16
4418.3479204892 1.53567907135262e-16
4420.3587623267 1.44390252212203e-16
4422.3696041642 1.25036819916863e-16
4424.3804460017 1.37139054613665e-16
4426.3912878392 1.38733911774226e-16
4428.4021296767 1.44683828537765e-16
4430.4129715142 1.46653127200572e-16
4432.4238133517 1.41051261569016e-16
4434.4346551892 1.43307651461383e-16
4436.44549702671 1.54829298012401e-16
4438.45633886421 1.49384226120316e-16
4440.46718070171 1.31596018067273e-16
4442.47802253921 1.33467444720003e-16
4444.48886437671 1.36235733680087e-16
4446.49970621421 1.36884931494599e-16
4448.51054805171 1.44052709582722e-16
4450.52138988921 1.42925520488163e-16
4452.53223172671 1.38577912128144e-16
4454.54307356421 1.54018118381618e-16
4456.55391540172 1.53615738027002e-16
4458.56475723922 1.15699631632144e-16
4460.57559907672 9.71952175175282e-17
4462.58644091422 9.85512444741885e-17
4464.59728275172 1.35670445066914e-16
4466.60812458922 1.81272806357844e-16
4468.61896642672 1.77617713606653e-16
4470.62980826422 1.94060515702101e-16
4472.64065010172 2.12726593995634e-16
4474.65149193922 2.10477893574241e-16
4476.66233377673 2.14916862378556e-16
4478.67317561423 2.29964918847231e-16
4480.68401745173 2.53580647402934e-16
4482.69485928923 2.71416964280402e-16
4484.70570112673 2.84340543003355e-16
4486.71654296423 2.80901827465519e-16
4488.72738480173 2.58815549244982e-16
4490.73822663923 2.46553741481851e-16
4492.74906847673 2.23501025138276e-16
4494.75991031423 1.8010605817767e-16
4496.77075215174 1.74652251258316e-16
4498.78159398924 1.66206922492607e-16
4500.79243582674 1.75815862769607e-16
4502.80327766424 1.78527003475531e-16
4504.81411950174 1.84087814478925e-16
4506.82496133924 2.23790604527118e-16
4508.83580317674 2.62847267255235e-16
4510.84664501424 2.694220958105e-16
4512.85748685174 2.52111998151513e-16
4514.86832868924 2.27146628473479e-16
4516.87917052675 2.10402931158409e-16
4518.89001236425 1.94562276844231e-16
4520.90085420175 1.70756693794334e-16
4522.91169603925 1.63857014868907e-16
4524.92253787675 1.77434238329344e-16
4526.93337971425 1.4751185979041e-16
4528.94422155175 1.26454011916738e-16
4530.95506338925 1.40439002331939e-16
4532.96590522675 1.23506019622937e-16
4534.97674706426 1.25610036229027e-16
4536.98758890176 9.96250837279599e-17
4538.99843073926 8.31708863923939e-17
4541.00927257676 7.50735624365531e-17
4543.02011441426 8.32781617916747e-17
4545.03095625176 9.28470400572473e-17
4547.04179808926 9.84917867317582e-17
4549.05263992676 1.21848826131414e-16
4551.06348176426 1.25863338784926e-16
4553.07432360176 1.17849493896504e-16
4555.08516543927 1.20753639000394e-16
4557.09600727677 1.27566708806964e-16
4559.10684911427 1.27385748158717e-16
4561.11769095177 1.17933178104714e-16
4563.12853278927 1.35739848829029e-16
4565.13937462677 1.72034125357912e-16
4567.15021646427 2.8155904562325e-16
4569.16105830177 2.94104212377017e-16
4571.17190013927 2.63062625382074e-16
4573.18274197677 2.29672983648004e-16
4575.19358381428 2.33822809814839e-16
4577.20442565178 2.40032990686312e-16
4579.21526748928 2.74393623345511e-16
4581.22610932678 3.0326635600923e-16
4583.23695116428 2.97264968759255e-16
4585.24779300178 2.63779347604349e-16
4587.25863483928 2.6725496201495e-16
4589.26947667678 2.96358961143049e-16
4591.28031851428 3.0577307060729e-16
4593.29116035178 3.08563329484444e-16
4595.30200218929 3.18982364131264e-16
4597.31284402679 3.57232863251831e-16
4599.32368586429 3.99024277729276e-16
4601.33452770179 4.21613508232025e-16
4603.34536953929 4.33576975109265e-16
4605.35621137679 4.90403753796066e-16
4607.36705321429 5.34644708147632e-16
4609.37789505179 6.20728719516646e-16
4611.38873688929 6.51135402378062e-16
4613.39957872679 6.44487040775063e-16
4615.4104205643 6.35398324311465e-16
4617.4212624018 6.43575315686462e-16
4619.4321042393 6.38129793808123e-16
4621.4429460768 5.8729887018736e-16
4623.4537879143 5.34814485313997e-16
4625.4646297518 4.87068402747575e-16
4627.4754715893 4.56880519084346e-16
4629.4863134268 4.21069501321651e-16
4631.4971552643 3.85950800644438e-16
4633.5079971018 3.48175884053975e-16
4635.51883893931 3.08677573053205e-16
4637.52968077681 2.95795181307312e-16
4639.54052261431 3.23929168892127e-16
4641.55136445181 3.49784664318607e-16
4643.56220628931 4.4244326601487e-16
4645.57304812681 4.23781118483608e-16
4647.58388996431 4.30699418898985e-16
4649.59473180181 5.33511695701561e-16
4651.60557363931 6.01838455424776e-16
4653.61641547681 5.85617192149705e-16
4655.62725731432 5.71980755792299e-16
4657.63809915182 5.70405539208202e-16
4659.64894098932 5.38028075376321e-16
4661.65978282682 4.79781643000142e-16
4663.67062466432 4.44020626651115e-16
4665.68146650182 3.48699959220309e-16
4667.69230833932 3.44476917643095e-16
4669.70315017682 3.54414308180283e-16
4671.71399201432 3.59567577222039e-16
4673.72483385182 3.63090519598568e-16
4675.73567568933 3.51212894216576e-16
4677.74651752683 3.86106522357835e-16
4679.75735936433 3.99531226948207e-16
4681.76820120183 4.22640112164097e-16
4683.77904303933 4.53789854678492e-16
4685.78988487683 4.95844669932754e-16
4687.80072671433 5.57357896628256e-16
4689.81156855183 6.15571135900814e-16
4691.82241038933 6.34812071632847e-16
4693.83325222683 6.47937429485703e-16
4695.84409406433 6.3490291591644e-16
4697.85493590184 6.3445499430602e-16
4699.86577773934 6.25359395699726e-16
4701.87661957684 6.38018303096441e-16
4703.88746141434 5.92852971101625e-16
4705.89830325184 5.44292201658621e-16
4707.90914508934 4.70532784369954e-16
4709.91998692684 4.46547881798146e-16
4711.93082876434 4.66682278470854e-16
4713.94167060184 4.71571035005051e-16
4715.95251243934 4.62214762009239e-16
4717.96335427685 4.79387984437905e-16
4719.97419611435 5.16446152336314e-16
4721.98503795185 5.23812215543433e-16
4723.99587978935 5.19950221759987e-16
4726.00672162685 5.73037376454439e-16
4728.01756346435 6.18025202107247e-16
4730.02840530185 6.37862290215469e-16
4732.03924713935 6.28771985565095e-16
4734.05008897685 6.34379502494596e-16
4736.06093081435 5.78304280260026e-16
4738.07177265186 5.32369471772188e-16
4740.08261448936 5.25052165899095e-16
4742.09345632686 4.92588781162627e-16
4744.10429816436 4.76018381494609e-16
4746.11514000186 4.9608152152063e-16
4748.12598183936 5.32497479626342e-16
4750.13682367686 5.91276907484581e-16
4752.14766551436 6.34902015943933e-16
4754.15850735186 6.6025334147834e-16
4756.16934918937 6.61560419195072e-16
4758.18019102687 6.59260618864158e-16
4760.19103286437 6.5315250546283e-16
4762.20187470187 6.14704991772687e-16
4764.21271653937 5.71728339974017e-16
4766.22355837687 5.29147781957307e-16
4768.23440021437 4.96264745335033e-16
4770.24524205187 4.70318220336502e-16
4772.25608388937 4.66202010789761e-16
4774.26692572687 4.30259491162005e-16
4776.27776756438 4.35902927582425e-16
4778.28860940188 4.70775459309342e-16
4780.29945123938 4.82276684425398e-16
4782.31029307688 4.64297827784774e-16
4784.32113491438 4.61854137731945e-16
4786.33197675188 4.42265918491539e-16
4788.34281858938 4.18210023970839e-16
4790.35366042688 4.14654073779147e-16
4792.36450226438 4.32292132007399e-16
4794.37534410188 4.55484608787271e-16
4796.38618593939 4.64567025443323e-16
4798.39702777689 4.69042853415734e-16
4800.40786961439 4.78808984478898e-16
4802.41871145189 4.67020297556368e-16
4804.42955328939 4.26171948386572e-16
4806.44039512689 3.98993863952513e-16
4808.45123696439 3.89728435240295e-16
4810.46207880189 3.69820143424944e-16
4812.47292063939 3.41583717793071e-16
4814.48376247689 3.4135382775723e-16
4816.4946043144 3.77023999822664e-16
4818.5054461519 4.23815185089955e-16
4820.5162879894 4.57360151490729e-16
4822.5271298269 4.92364105673368e-16
4824.5379716644 5.34884524350823e-16
4826.5488135019 5.53122890710662e-16
4828.5596553394 5.4572246972962e-16
4830.5704971769 5.29672518868131e-16
4832.5813390144 5.27435504854432e-16
4834.5921808519 5.51022460759708e-16
4836.60302268941 5.58641469180701e-16
4838.61386452691 5.95934000507703e-16
4840.62470636441 6.56372024755784e-16
4842.63554820191 6.81095434178479e-16
4844.64639003941 6.69844613177456e-16
4846.65723187691 6.51322808417642e-16
4848.66807371441 6.16989757268787e-16
4850.67891555191 5.55950127869919e-16
4852.68975738941 4.97133430562001e-16
4854.70059922691 4.54655151773672e-16
4856.71144106442 4.19083685516372e-16
4858.72228290192 3.7853881236971e-16
4860.73312473942 3.4145017775498e-16
4862.74396657692 3.20479759563332e-16
4864.75480841442 3.16310107531574e-16
4866.76565025192 3.32042765144978e-16
4868.77649208942 3.44027593134356e-16
4870.78733392692 3.42939526374049e-16
4872.79817576442 3.4335147555399e-16
4874.80901760192 3.52765240911097e-16
4876.81985943943 3.62382082417308e-16
4878.83070127693 3.60054859394727e-16
4880.84154311443 3.45167275964887e-16
4882.85238495193 3.16739870873187e-16
4884.86322678943 3.03707236658276e-16
4886.87406862693 3.00116875753101e-16
4888.88491046443 2.89194385898257e-16
4890.89575230193 2.82351047898712e-16
4892.90659413943 2.77740859325044e-16
4894.91743597693 2.81024832531328e-16
4896.92827781444 3.06927947091312e-16
4898.93911965194 3.27686792334604e-16
4900.94996148944 3.40247788016573e-16
4902.96080332694 3.39214010774229e-16
4904.97164516444 3.2981964776557e-16
4906.98248700194 3.27273572605242e-16
4908.99332883944 3.11764716978371e-16
4911.00417067694 2.83334797257609e-16
4913.01501251444 2.5627572095264e-16
4915.02585435194 2.37362825199211e-16
4917.03669618945 2.09588694268081e-16
4919.04753802695 1.77600203847447e-16
4921.05837986445 1.62949194072798e-16
4923.06922170195 1.49493215437826e-16
4925.08006353945 1.43882575074332e-16
4927.09090537695 1.42301230736257e-16
4929.10174721445 1.52740078013109e-16
4931.11258905195 1.80588827252936e-16
4933.12343088945 2.2184931089113e-16
4935.13427272695 2.52217559632565e-16
4937.14511456446 2.80351679566278e-16
4939.15595640196 3.30610061854256e-16
4941.16679823946 3.82726437381817e-16
4943.17764007696 4.50757635546e-16
4945.18848191446 5.37879050517163e-16
4947.19932375196 6.09712579581571e-16
4949.21016558946 6.9544999565648e-16
4951.22100742696 7.81978487564565e-16
4953.23184926446 8.37117897211097e-16
4955.24269110196 8.99467463062894e-16
4957.25353293947 9.55682286915083e-16
4959.26437477697 9.53944704702909e-16
4961.27521661447 9.21096131733677e-16
4963.28605845197 9.02455477663452e-16
4965.29690028947 8.83520479644055e-16
4967.30774212697 8.8191259935193e-16
4969.31858396447 8.53360018672494e-16
4971.32942580197 8.25402213940708e-16
4973.34026763947 8.27258063128142e-16
4975.35110947697 8.25185108808415e-16
4977.36195131447 8.19558692456278e-16
4979.37279315198 8.26598700918264e-16
4981.38363498948 8.32333590427208e-16
4983.39447682698 8.16006236275494e-16
4985.40531866448 7.91807193186708e-16
4987.41616050198 7.67238261397768e-16
4989.42700233948 7.18021041420643e-16
4991.43784417698 6.59063577824803e-16
4993.44868601448 6.16999604026799e-16
4995.45952785198 5.7484229778592e-16
4997.47036968948 5.46152868345943e-16
4999.48121152699 5.2186928078111e-16
5001.49205336449 5.07633674492639e-16
5003.50289520199 4.95152008740137e-16
5005.51373703949 4.61406798456677e-16
5007.52457887699 4.35585475515662e-16
5009.53542071449 4.124694169895e-16
5011.54626255199 3.73324398137074e-16
5013.55710438949 3.39129333949283e-16
5015.56794622699 3.05967199970889e-16
5017.57878806449 2.79800208178056e-16
5019.589629902 2.86275086845545e-16
5021.6004717395 2.90868070062473e-16
5023.611313577 2.84298747221364e-16
5025.6221554145 3.20393732779626e-16
5027.632997252 3.60704745423508e-16
5029.6438390895 3.7561940743788e-16
5031.654680927 3.87855830682372e-16
5033.6655227645 4.40764208485395e-16
5035.676364602 5.06400394521437e-16
5037.6872064395 5.24194650919119e-16
5039.69804827701 5.4193242080713e-16
5041.70889011451 5.84088509438148e-16
5043.71973195201 6.3210373672356e-16
5045.73057378951 7.05504594377743e-16
5047.74141562701 7.74805865506775e-16
5049.75225746451 8.35661212300056e-16
5051.76309930201 8.80125783349697e-16
5053.77394113951 8.99013559282284e-16
5055.78478297701 9.24422853634018e-16
5057.79562481451 9.42442209037433e-16
5059.80646665202 9.1026618022832e-16
5061.81730848952 8.87005226128619e-16
5063.82815032702 8.54104454754012e-16
5065.83899216452 8.45815707969537e-16
5067.84983400202 8.20222819226485e-16
5069.86067583952 7.59232688315472e-16
5071.87151767702 7.219394687742e-16
5073.88235951452 6.96306398905713e-16
5075.89320135202 6.31411234349621e-16
5077.90404318953 5.45446972263525e-16
5079.91488502703 5.01524237602331e-16
5081.92572686453 4.72078248921778e-16
5083.93656870203 4.38221124410162e-16
5085.94741053953 3.83602084160821e-16
5087.95825237703 3.67187088568845e-16
5089.96909421453 3.45638146874222e-16
5091.97993605203 3.39754603083034e-16
5093.99077788953 3.55012445789942e-16
5096.00161972703 3.61566310279763e-16
5098.01246156454 3.59707999402826e-16
5100.02330340204 4.17562599631561e-16
5102.03414523954 4.6282409633567e-16
5104.04498707704 5.20431230594909e-16
5106.05582891454 5.64814433542054e-16
5108.06667075204 5.89391094506637e-16
5110.07751258954 6.11037233231958e-16
5112.08835442704 5.97426896077239e-16
5114.09919626454 5.89057522344097e-16
5116.11003810204 5.49701142301551e-16
5118.12087993955 5.41845705809155e-16
5120.13172177705 5.49115895474557e-16
5122.14256361455 5.16130685503021e-16
5124.15340545205 4.82266414150912e-16
5126.16424728955 4.75892332404146e-16
5128.17508912705 4.60348060212168e-16
5130.18593096455 4.43816491710826e-16
5132.19677280205 4.22310166361362e-16
5134.20761463955 4.1725427963876e-16
5136.21845647705 4.14595549096447e-16
5138.22929831456 4.30307507342202e-16
5140.24014015206 4.57037273119147e-16
5142.25098198956 4.75211953189264e-16
5144.26182382706 4.97750599943195e-16
5146.27266566456 5.4127914664656e-16
5148.28350750206 5.64962081972672e-16
5150.29434933956 5.44638320496693e-16
5152.30519117706 4.92163411804428e-16
5154.31603301456 4.12073958482251e-16
5156.32687485206 3.69075627934087e-16
5158.33771668957 3.06101163525453e-16
5160.34855852707 2.60795859336103e-16
5162.35940036457 2.04846487668649e-16
5164.37024220207 1.91055057516785e-16
5166.38108403957 2.01629178602292e-16
5168.39192587707 2.08849075686451e-16
5170.40276771457 1.98548003612426e-16
5172.41360955207 2.05568199444379e-16
5174.42445138957 2.25159515649e-16
5176.43529322707 2.33025990039489e-16
5178.44613506458 2.36996165812168e-16
5180.45697690208 2.37257846053311e-16
5182.46781873958 2.62713171351772e-16
5184.47866057708 2.56535654188328e-16
5186.48950241458 2.65841555193558e-16
5188.50034425208 2.91733870083464e-16
5190.51118608958 3.12780706528823e-16
5192.52202792708 3.25185689329819e-16
5194.53286976458 3.2580367927418e-16
5196.54371160208 3.35855445729027e-16
5198.55455343959 3.52540856589413e-16
5200.56539527709 3.57307534500087e-16
5202.57623711459 3.55477599226883e-16
5204.58707895209 3.59169233508813e-16
5206.59792078959 3.56585465382332e-16
5208.60876262709 3.58914647168604e-16
5210.61960446459 3.67963738372138e-16
5212.63044630209 3.75947844463178e-16
5214.64128813959 3.90922089951433e-16
5216.65212997709 4.13155143099862e-16
5218.6629718146 4.17977884003732e-16
5220.6738136521 4.20640135026732e-16
5222.6846554896 4.22780984331137e-16
5224.6954973271 4.10965457052091e-16
5226.7063391646 3.98561824209854e-16
5228.7171810021 4.06193829292632e-16
5230.7280228396 3.98709181472897e-16
5232.7388646771 3.98128593327113e-16
5234.7497065146 4.02268625675496e-16
5236.7605483521 4.02584171918128e-16
5238.7713901896 4.07051873668201e-16
5240.78223202711 4.03278977162893e-16
5242.79307386461 4.02378422321284e-16
5244.80391570211 4.00606005879155e-16
5246.81475753961 3.93538812953518e-16
5248.82559937711 3.74110100604991e-16
5250.83644121461 3.66018315450532e-16
5252.84728305211 3.69054505049965e-16
5254.85812488961 3.54076553792565e-16
5256.86896672711 3.60798713141094e-16
5258.87980856461 3.40158346631299e-16
5260.89065040212 2.99766177643159e-16
5262.90149223962 2.88799562665718e-16
5264.91233407712 2.83151361684969e-16
5266.92317591462 2.80344744484022e-16
5268.93401775212 2.87503178739946e-16
5270.94485958962 2.86724199596047e-16
5272.95570142712 3.06537253144391e-16
5274.96654326462 3.48247855384712e-16
5276.97738510212 3.74518317546008e-16
5278.98822693963 3.88575861627098e-16
5280.99906877713 4.05363154669172e-16
5283.00991061463 4.36761977809619e-16
5285.02075245213 4.66637650422446e-16
5287.03159428963 4.99512269654806e-16
5289.04243612713 5.24416150034826e-16
5291.05327796463 5.43139760394323e-16
5293.06411980213 5.797467773692e-16
5295.07496163963 6.15136396240636e-16
5297.08580347713 6.39896122200945e-16
5299.09664531464 6.64413702617457e-16
5301.10748715214 6.80907392864189e-16
5303.11832898964 6.91374073114292e-16
5305.12917082714 6.96197925748905e-16
5307.14001266464 6.79187068948316e-16
5309.15085450214 6.33853442094792e-16
5311.16169633964 5.79717184155605e-16
5313.17253817714 5.08625867711229e-16
5315.18338001464 4.38906850520524e-16
5317.19422185214 3.77322737755249e-16
5319.20506368965 3.2134775657603e-16
5321.21590552715 2.88343382484063e-16
5323.22674736465 2.82101570225966e-16
5325.23758920215 2.82345171607641e-16
5327.24843103965 2.88526870996262e-16
5329.25927287715 3.01883098266804e-16
5331.27011471465 3.26203372946166e-16
5333.28095655215 3.64193885891485e-16
5335.29179838965 3.93680002757913e-16
5337.30264022715 4.13743725119085e-16
5339.31348206466 4.34688308805842e-16
5341.32432390216 4.46997179837105e-16
5343.33516573966 4.59396895151961e-16
5345.34600757716 5.05510533470787e-16
5347.35684941466 5.55395638926823e-16
5349.36769125216 5.67227418650545e-16
5351.37853308966 5.85054285816695e-16
5353.38937492716 6.1269122388015e-16
5355.40021676466 6.35517067742758e-16
5357.41105860216 6.47856908416155e-16
5359.42190043967 6.4020343634212e-16
5361.43274227717 6.37403886572327e-16
5363.44358411467 6.15726989963109e-16
5365.45442595217 5.55244814122652e-16
5367.46526778967 5.01477439031995e-16
5369.47610962717 4.75259545852988e-16
5371.48695146467 4.57260783938104e-16
5373.49779330217 4.42940924341161e-16
5375.50863513967 4.4425882819775e-16
5377.51947697717 4.60359759854752e-16
5379.53031881468 4.73386914825286e-16
5381.54116065218 4.90720914695254e-16
5383.55200248968 4.97199287373651e-16
5385.56284432718 4.94750779820934e-16
5387.57368616468 4.87721465149908e-16
5389.58452800218 4.74767896166666e-16
5391.59536983968 4.68618913425633e-16
5393.60621167718 4.70219011602555e-16
5395.61705351468 4.86627151521614e-16
5397.62789535218 5.10900892328436e-16
5399.63873718969 5.28063791543058e-16
5401.64957902719 5.53015105768124e-16
5403.66042086469 5.8813955038751e-16
5405.67126270219 6.15758277242598e-16
5407.68210453969 6.07722210974201e-16
5409.69294637719 5.75753864055843e-16
5411.70378821469 5.67065000082909e-16
5413.71463005219 5.59857384976485e-16
5415.72547188969 5.32569953882892e-16
5417.73631372719 5.01882056082987e-16
5419.7471555647 4.83492441402504e-16
5421.7579974022 4.69924085318233e-16
5423.7688392397 4.65413528994986e-16
5425.7796810772 4.58481358415097e-16
5427.7905229147 4.50203887756732e-16
5429.8013647522 4.43431224068724e-16
5431.8122065897 4.40800127976315e-16
5433.8230484272 4.52137346337959e-16
5435.8338902647 4.55180788657002e-16
5437.8447321022 4.53010266729663e-16
5439.85557393971 4.77314077206113e-16
5441.86641577721 5.00987377532449e-16
5443.87725761471 5.12911801484777e-16
5445.88809945221 5.52639976051609e-16
5447.89894128971 6.1789602958279e-16
5449.90978312721 6.76834276118639e-16
5451.92062496471 7.26487453365805e-16
5453.93146680221 7.75703032216595e-16
5455.94230863971 8.08796344768024e-16
5457.95315047721 8.3145558783782e-16
5459.96399231472 8.6574109926251e-16
5461.97483415222 8.82137168962071e-16
5463.98567598972 8.96206386215965e-16
5465.99651782722 9.20707343610887e-16
5468.00735966472 9.48604373728708e-16
5470.01820150222 9.53215409335323e-16
5472.02904333972 9.57722259889427e-16
5474.03988517722 9.43515505660722e-16
5476.05072701472 9.28220949369507e-16
5478.06156885222 9.07677118145919e-16
5480.07241068973 8.71126799438949e-16
5482.08325252723 8.37785306233974e-16
5484.09409436473 7.87363287768498e-16
5486.10493620223 7.36594091673765e-16
5488.11577803973 6.88177900166946e-16
5490.12661987723 6.44745597582212e-16
5492.13746171473 6.26295737683356e-16
5494.14830355223 6.43091553994462e-16
5496.15914538973 6.56955471637765e-16
5498.16998722723 6.47493901858697e-16
5500.18082906474 6.60411101364766e-16
5502.19167090224 6.73665419983842e-16
5504.20251273974 6.42987686579305e-16
5506.21335457724 6.30485850854745e-16
5508.22419641474 6.29504351427115e-16
5510.23503825224 6.36774911669431e-16
5512.24588008974 6.17859818924295e-16
5514.25672192724 6.07180903981346e-16
5516.26756376474 5.93066105766978e-16
5518.27840560224 5.83282557588835e-16
5520.28924743974 5.86417267707946e-16
5522.30008927725 5.94538725485339e-16
5524.31093111475 5.97549451156795e-16
5526.32177295225 5.73338337848511e-16
5528.33261478975 5.36132574459043e-16
5530.34345662725 5.26405512790571e-16
5532.35429846475 4.98687471322417e-16
5534.36514030225 4.48682510704345e-16
5536.37598213975 4.59388583641166e-16
5538.38682397725 4.70226370201285e-16
5540.39766581475 4.98019850541303e-16
5542.40850765226 5.12194999853163e-16
5544.41934948976 5.52267863889968e-16
5546.43019132726 6.02642130873043e-16
5548.44103316476 6.53190780764134e-16
5550.45187500226 7.08494567741992e-16
5552.46271683976 7.79485722540355e-16
5554.47355867726 8.38540224348214e-16
5556.48440051476 8.81609096859017e-16
5558.49524235226 9.18250101030903e-16
5560.50608418976 9.48413367799102e-16
5562.51692602727 9.59444489629431e-16
5564.52776786477 1.00009582422965e-15
5566.53860970227 1.00418212292544e-15
5568.54945153977 9.98306678886814e-16
5570.56029337727 1.03655985145512e-15
5572.57113521477 9.98956776673832e-16
5574.58197705227 9.64449924952112e-16
5576.59281888977 9.69487335768552e-16
5578.60366072727 9.54005691075112e-16
5580.61450256477 9.10495408519671e-16
5582.62534440228 8.90373611462053e-16
5584.63618623978 8.78338385012313e-16
5586.64702807728 8.1320996875837e-16
5588.65786991478 7.65823504617617e-16
5590.66871175228 7.5607277896618e-16
5592.67955358978 7.38537449952563e-16
5594.69039542728 7.18586224154698e-16
5596.70123726478 7.11560456434138e-16
5598.71207910228 7.14706495618918e-16
5600.72292093978 7.26940668932145e-16
5602.73376277729 7.40842067783364e-16
5604.74460461479 7.14572293836338e-16
5606.75544645229 7.05795814892921e-16
5608.76628828979 7.18643716515993e-16
5610.77713012729 7.31825666757638e-16
5612.78797196479 7.39643516162999e-16
5614.79881380229 7.56821397272876e-16
5616.80965563979 7.54706885399174e-16
5618.82049747729 7.52966550329921e-16
5620.8313393148 7.5079417551801e-16
5622.8421811523 7.51848678597782e-16
5624.8530229898 7.59117015378612e-16
5626.8638648273 7.35959293419357e-16
5628.8747066648 7.07538479302779e-16
5630.8855485023 6.93205834802289e-16
5632.8963903398 6.97769224805621e-16
5634.9072321773 7.07397713014857e-16
5636.9180740148 6.94765593035098e-16
5638.9289158523 6.84624967530129e-16
5640.93975768981 6.76974195373614e-16
5642.95059952731 6.43250531490749e-16
5644.96144136481 6.06542611716031e-16
5646.97228320231 5.73506315069863e-16
5648.98312503981 5.384481507786e-16
5650.99396687731 4.92857820002499e-16
5653.00480871481 4.581209988356e-16
5655.01565055231 4.33635896838658e-16
5657.02649238981 4.06078156355773e-16
5659.03733422731 3.6002338682678e-16
5661.04817606482 3.52038830749488e-16
5663.05901790232 3.35311359409314e-16
5665.06985973982 3.01473107850554e-16
5667.08070157732 2.96599306741832e-16
5669.09154341482 2.78864501469136e-16
5671.10238525232 3.06708353799736e-16
5673.11322708982 3.33551569052054e-16
5675.12406892732 3.63224139045997e-16
5677.13491076482 3.89561569749685e-16
5679.14575260232 4.31310923747343e-16
5681.15659443983 4.924244038313e-16
5683.16743627733 5.56417160661212e-16
5685.17827811483 6.19301204302726e-16
5687.18911995233 6.55141815279016e-16
5689.19996178983 6.83309843000398e-16
5691.21080362733 7.16950444714872e-16
5693.22164546483 7.29117225969233e-16
5695.23248730233 7.26242343206693e-16
5697.24332913983 7.21968003196611e-16
5699.25417097733 7.35752776198905e-16
5701.26501281484 7.83513628902345e-16
5703.27585465234 8.0778715795093e-16
5705.28669648984 8.29948504466418e-16
5707.29753832734 8.70094054518009e-16
5709.30838016484 8.83705344584794e-16
5711.31922200234 8.73146920078591e-16
5713.33006383984 8.81169698517629e-16
5715.34090567734 8.93996265498341e-16
5717.35174751484 8.65742210993253e-16
5719.36258935234 8.32737942780404e-16
5721.37343118985 8.16309897587084e-16
5723.38427302735 8.16898161968953e-16
5725.39511486485 8.10173090944668e-16
5727.40595670235 7.93428996582904e-16
5729.41679853985 7.82124071352374e-16
5731.42764037735 7.8196620558683e-16
5733.43848221485 7.59027759281795e-16
5735.44932405235 7.47816113554582e-16
5737.46016588985 7.43888898234197e-16
5739.47100772735 7.13606729216027e-16
5741.48184956486 6.99720735776536e-16
5743.49269140236 6.95460954145235e-16
5745.50353323986 7.03494373435672e-16
5747.51437507736 7.11540339401641e-16
5749.52521691486 7.14761129244016e-16
5751.53605875236 7.22367008654327e-16
5753.54690058986 7.28684550951864e-16
5755.55774242736 7.26139375764042e-16
5757.56858426486 7.34337437083602e-16
5759.57942610236 7.62319488133503e-16
5761.59026793987 7.75929560590426e-16
5763.60110977737 7.7521821173341e-16
5765.61195161487 7.80170125161736e-16
5767.62279345237 7.64510709428491e-16
5769.63363528987 7.34876150038056e-16
5771.64447712737 7.35342759312875e-16
5773.65531896487 7.44264663225423e-16
5775.66616080237 7.31110029796327e-16
5777.67700263987 7.18545990089703e-16
5779.68784447737 7.11586608576385e-16
5781.69868631488 7.11558656489125e-16
5783.70952815238 7.11020631748941e-16
5785.72036998988 7.07204007167732e-16
5787.73121182738 7.08781923669348e-16
5789.74205366488 7.10740687359874e-16
5791.75289550238 7.05632972808812e-16
5793.76373733988 6.96665329117112e-16
5795.77457917738 6.89157387891327e-16
5797.78542101488 6.84027385785841e-16
5799.79626285238 6.83843261998932e-16
5801.80710468989 6.78250621085567e-16
5803.81794652739 6.59800496488914e-16
5805.82878836489 6.44919345215518e-16
5807.83963020239 6.28583838371686e-16
5809.85047203989 6.09270640141341e-16
5811.86131387739 5.99683868304757e-16
5813.87215571489 6.00464409165652e-16
5815.88299755239 6.11060844275363e-16
5817.89383938989 6.33026102663561e-16
5819.90468122739 6.56068151685957e-16
5821.9155230649 6.63618073982189e-16
5823.9263649024 6.64122746800075e-16
5825.9372067399 6.52012134418029e-16
5827.9480485774 6.2861411979955e-16
5829.9588904149 6.11344176796219e-16
5831.9697322524 5.77037595426966e-16
5833.9805740899 5.29624237990137e-16
5835.9914159274 4.99082400434074e-16
5838.0022577649 4.47454154112149e-16
5840.0130996024 3.96609069159298e-16
5842.02394143991 3.46819281379609e-16
5844.03478327741 2.75982418926544e-16
5846.04562511491 2.20533868724044e-16
5848.05646695241 1.88451370881154e-16
5850.06730878991 1.64478062072812e-16
5852.07815062741 1.41722521944825e-16
5854.08899246491 1.28264663955502e-16
5856.09983430241 1.24636345386379e-16
5858.11067613991 1.32719541097357e-16
5860.12151797741 1.49950494115335e-16
5862.13235981492 1.68157930537709e-16
5864.14320165242 1.86046657578789e-16
5866.15404348992 1.91934992400085e-16
5868.16488532742 2.00551077714004e-16
5870.17572716492 2.26720067975197e-16
5872.18656900242 2.47693874298635e-16
5874.19741083992 2.60862616120259e-16
5876.20825267742 2.65465446095198e-16
5878.21909451492 2.5839698262014e-16
5880.22993635242 2.46322316198793e-16
5882.24077818993 2.406384868947e-16
5884.25162002743 2.41984051670973e-16
5886.26246186493 2.54636923957939e-16
5888.27330370243 2.71541160486294e-16
5890.28414553993 2.82799234206928e-16
5892.29498737743 3.08296117059365e-16
5894.30582921493 3.45071296544051e-16
5896.31667105243 3.72411481908391e-16
5898.32751288993 3.93705122578755e-16
5900.33835472743 4.22463717552831e-16
5902.34919656494 4.79580260916932e-16
5904.36003840244 5.12538842290189e-16
5906.37088023994 5.51091811582265e-16
5908.38172207744 6.3511620940047e-16
5910.39256391494 7.18929378377454e-16
5912.40340575244 8.05314509959217e-16
5914.41424758994 9.39101193456107e-16
5916.42508942744 1.07374925652079e-15
5918.43593126494 1.14300605842009e-15
5920.44677310244 1.17369363858264e-15
5922.45761493995 1.21373129781258e-15
5924.46845677745 1.25059660689681e-15
5926.47929861495 1.25930135273751e-15
5928.49014045245 1.27908910117655e-15
5930.50098228995 1.30918322888043e-15
5932.51182412745 1.30033724029578e-15
5934.52266596495 1.27527342950741e-15
5936.53350780245 1.23507578692956e-15
5938.54434963995 1.19338906043044e-15
5940.55519147745 1.17609105946073e-15
5942.56603331496 1.14486222524488e-15
5944.57687515246 1.11619238344181e-15
5946.58771698996 1.0667097774544e-15
5948.59855882746 1.02820503610076e-15
5950.60940066496 1.01906290362193e-15
5952.62024250246 1.01381458160162e-15
5954.63108433996 1.0167808909829e-15
5956.64192617746 9.89897441665592e-16
5958.65276801496 9.56932719303467e-16
5960.66360985246 9.29472334669956e-16
5962.67445168997 9.04791806290216e-16
5964.68529352747 8.82935550454417e-16
5966.69613536497 8.64634821293837e-16
5968.70697720247 8.42735578535965e-16
5970.71781903997 8.34753351799277e-16
5972.72866087747 8.04336504542494e-16
5974.73950271497 8.05895627500593e-16
5976.75034455247 7.80959612808137e-16
5978.76118638997 7.82730758700845e-16
5980.77202822747 7.98762657172646e-16
5982.78287006498 7.67092730549518e-16
5984.79371190248 7.6721422683789e-16
5986.80455373998 7.57731957691174e-16
5988.81539557748 7.54634199384387e-16
5990.82623741498 7.28965342373879e-16
5992.83707925248 7.22540968045869e-16
5994.84792108998 7.21326693376421e-16
5996.85876292748 7.05989044284014e-16
5998.86960476498 6.80807178278617e-16
6000.88044660248 6.54091282666184e-16
6002.89128843999 6.41595587930492e-16
6004.90213027749 6.29491751812024e-16
6006.91297211499 6.43738475407927e-16
6008.92381395249 6.90464095031145e-16
6010.93465578999 7.27794160505622e-16
6012.94549762749 7.69832511556971e-16
6014.95633946499 8.11564766077007e-16
6016.96718130249 8.27419740541949e-16
6018.97802313999 8.4156429078859e-16
6020.98886497749 8.74152295247423e-16
6022.999706815 8.5867610332858e-16
6025.0105486525 8.52762595746884e-16
6027.02139049 8.2505318342688e-16
6029.0322323275 7.96991775977733e-16
6031.043074165 7.73653583061154e-16
6033.0539160025 7.51012921776638e-16
6035.06475784 7.42977331964274e-16
6037.0755996775 7.30978474991706e-16
6039.086441515 7.12821900250837e-16
6041.0972833525 7.05631596380272e-16
6043.10812519001 7.06550785946721e-16
6045.11896702751 7.12542591136479e-16
6047.12980886501 7.15102377642641e-16
6049.14065070251 7.06200537823031e-16
6051.15149254001 7.19329442626355e-16
6053.16233437751 7.42690293674273e-16
6055.17317621501 7.19436698173301e-16
6057.18401805251 7.28072569647473e-16
6059.19485989001 7.25044479800598e-16
6061.20570172751 7.2728789950096e-16
6063.21654356501 7.22316398435728e-16
6065.22738540252 7.09701377933592e-16
6067.23822724002 6.97112827211058e-16
6069.24906907752 7.12063541065248e-16
6071.25991091502 7.15380627965814e-16
6073.27075275252 7.03462821458387e-16
6075.28159459002 6.86907403685624e-16
6077.29243642752 7.17039806690808e-16
6079.30327826502 7.48442017963044e-16
6081.31412010252 7.35974592951967e-16
6083.32496194002 7.49021970834117e-16
6085.33580377753 7.40973040252833e-16
6087.34664561503 7.35058209182156e-16
6089.35748745253 7.21392867825425e-16
6091.36832929003 7.13144831561977e-16
6093.37917112753 7.00397568040951e-16
6095.39001296503 6.63842167136297e-16
6097.40085480253 6.66593594846775e-16
6099.41169664003 6.65190273011412e-16
6101.42253847753 6.63849843372382e-16
6103.43338031503 6.94236197443064e-16
6105.44422215254 7.12443752979447e-16
6107.45506399004 7.32498316796876e-16
6109.46590582754 7.45212810730755e-16
6111.47674766504 7.18835463599428e-16
6113.48758950254 6.81911285725363e-16
6115.49843134004 6.2131724859631e-16
6117.50927317754 5.42054128853739e-16
6119.52011501504 4.76930477160125e-16
6121.53095685254 4.00660983611387e-16
6123.54179869004 3.20056190150145e-16
6125.55264052755 2.71038949357911e-16
6127.56348236505 2.19368814609765e-16
6129.57432420255 1.81379333985851e-16
6131.58516604005 1.71960420256611e-16
6133.59600787755 1.58459310647419e-16
6135.60684971505 1.61811337657059e-16
6137.61769155255 1.65927348680454e-16
6139.62853339005 1.69225006762792e-16
6141.63937522755 1.94037089947153e-16
6143.65021706505 2.17264692124557e-16
6145.66105890256 2.35016543935316e-16
6147.67190074006 2.5865620117178e-16
6149.68274257756 2.9709386810391e-16
6151.69358441506 3.48536667149946e-16
6153.70442625256 3.99043759487063e-16
6155.71526809006 4.4683206135195e-16
6157.72610992756 4.79738444319832e-16
6159.73695176506 5.3266905673772e-16
6161.74779360256 5.85274143806067e-16
6163.75863544007 6.59345851554476e-16
6165.76947727757 7.38209489383298e-16
6167.78031911507 8.22015088003316e-16
6169.79116095257 9.13174785490073e-16
6171.80200279007 9.88431968787723e-16
6173.81284462757 1.03959911154899e-15
6175.82368646507 1.06228085393144e-15
6177.83452830257 1.07747651912607e-15
6179.84537014007 1.09079346524368e-15
6181.85621197757 1.10894887531425e-15
6183.86705381508 1.11739262912807e-15
6185.87789565258 1.09687600883792e-15
6187.88873749008 1.0819495942414e-15
6189.89957932758 1.08975892037773e-15
6191.91042116508 1.07094981263012e-15
6193.92126300258 1.0363992328325e-15
6195.93210484008 1.01450745455247e-15
6197.94294667758 1.00032378197158e-15
6199.95378851508 9.84280977950585e-16
6201.96463035258 9.52532700779836e-16
6203.97547219009 9.03641006152252e-16
6205.98631402759 8.87674170398713e-16
6207.99715586509 8.68301732801619e-16
6210.00799770259 8.35109793851394e-16
6212.01883954009 8.19403685426931e-16
6214.02968137759 8.1420883236142e-16
6216.04052321509 7.91824927939041e-16
6218.05136505259 7.79923373876289e-16
6220.06220689009 7.73743315614004e-16
6222.07304872759 7.61991051108205e-16
6224.0838905651 7.36345063987273e-16
6226.0947324026 7.09760987877256e-16
6228.1055742401 7.12626076821343e-16
6230.1164160776 7.19032239940987e-16
6232.1272579151 7.05284736388372e-16
6234.1380997526 6.83341289098565e-16
6236.1489415901 6.74730352156778e-16
6238.1597834276 6.63860007767749e-16
6240.1706252651 6.39895222228438e-16
6242.1814671026 6.02691311723543e-16
6244.19230894011 5.55541434472869e-16
6246.20315077761 5.06083710078282e-16
6248.21399261511 4.6100117555406e-16
6250.22483445261 4.21386423992822e-16
6252.23567629011 3.84114009698317e-16
6254.24651812761 3.64487329868149e-16
6256.25735996511 3.59792649757992e-16
6258.26820180261 3.83655420766718e-16
6260.27904364011 4.24558165333595e-16
6262.28988547761 4.67881677124166e-16
6264.30072731512 5.36655193787499e-16
6266.31156915262 6.12070401669371e-16
6268.32241099012 6.77990423152082e-16
6270.33325282762 7.55013299567843e-16
6272.34409466512 8.25106493562998e-16
6274.35493650262 8.71828195658835e-16
6276.36577834012 9.03114257538179e-16
6278.37662017762 9.0506931545956e-16
6280.38746201512 8.81170016154984e-16
6282.39830385262 8.58765359425397e-16
6284.40914569013 8.28659320320697e-16
6286.41998752763 7.97249009295902e-16
6288.43082936513 7.82770833947162e-16
6290.44167120263 7.65417722896323e-16
6292.45251304013 7.3813420933011e-16
6294.46335487763 7.07788724599133e-16
6296.47419671513 6.9112033380703e-16
6298.48503855263 6.86041630134412e-16
6300.49588039013 6.90806402220954e-16
6302.50672222763 7.19271791446382e-16
6304.51756406514 7.4609970716609e-16
6306.52840590264 7.53745926520514e-16
6308.53924774014 7.43583384038034e-16
6310.55008957764 7.3579830421982e-16
6312.56093141514 7.28798582762388e-16
6314.57177325264 6.95059248769999e-16
6316.58261509014 6.72628651656403e-16
6318.59345692764 6.85038584306185e-16
6320.60429876514 6.96990748587535e-16
6322.61514060264 6.94246520657109e-16
6324.62598244015 6.77057945756273e-16
6326.63682427765 6.723125495484e-16
6328.64766611515 6.8450527118677e-16
6330.65850795265 6.9973508239708e-16
6332.66934979015 6.9811089672072e-16
6334.68019162765 6.98844480192601e-16
6336.69103346515 6.93236539746627e-16
6338.70187530265 6.99662449321853e-16
6340.71271714015 7.32958361566354e-16
6342.72355897765 7.65234340263242e-16
6344.73440081516 7.75683603398367e-16
6346.74524265266 7.70678485713042e-16
6348.75608449016 7.68250042253263e-16
6350.76692632766 7.59468004656131e-16
6352.77776816516 7.63966543699439e-16
6354.78861000266 7.73991390388431e-16
6356.79945184016 7.50000346827755e-16
6358.81029367766 7.27464188233107e-16
6360.82113551516 7.0042027911185e-16
6362.83197735266 6.72714890198345e-16
6364.84281919017 6.65424583500446e-16
6366.85366102767 6.39383720207415e-16
6368.86450286517 6.32487548527785e-16
6370.87534470267 6.65111498947317e-16
6372.88618654017 6.97036806004042e-16
6374.89702837767 6.99047079885673e-16
6376.90787021517 7.07918850035655e-16
6378.91871205267 7.11726157254445e-16
6380.92955389017 6.9006371314489e-16
6382.94039572767 6.62123801984114e-16
6384.95123756518 6.34842353060711e-16
6386.96207940268 5.97994725789255e-16
6388.97292124018 5.7105690754464e-16
6390.98376307768 5.64468367643541e-16
6392.99460491518 5.90868002329294e-16
6395.00544675268 6.44652371018455e-16
6397.01628859018 6.75082082588125e-16
6399.02713042768 7.0545562528548e-16
6401.03797226518 7.38235959162899e-16
6403.04881410268 7.31367157235377e-16
6405.05965594019 7.33402365649393e-16
6407.07049777769 7.34410970131336e-16
6409.08133961519 7.45275385289734e-16
6411.09218145269 7.61921541466971e-16
6413.10302329019 7.51791080357369e-16
6415.11386512769 7.28218629891315e-16
6417.12470696519 7.00140175904104e-16
6419.13554880269 6.80156815793803e-16
6421.14639064019 6.81495604306498e-16
6423.15723247769 6.74257654832651e-16
6425.1680743152 6.44137639684321e-16
6427.1789161527 6.10717584173488e-16
6429.1897579902 5.80886248441494e-16
6431.2005998277 5.54711765701033e-16
6433.2114416652 5.39089566477908e-16
6435.2222835027 5.54884295724477e-16
6437.2331253402 5.78957660299714e-16
6439.2439671777 5.88691762929561e-16
6441.2548090152 6.11700407090099e-16
6443.2656508527 6.14384283923033e-16
6445.27649269021 6.10418210966193e-16
6447.28733452771 6.29254476707675e-16
6449.29817636521 6.43915187656548e-16
6451.30901820271 6.67858373855704e-16
6453.31986004021 6.75296805440254e-16
6455.33070187771 6.91126633614575e-16
6457.34154371521 6.8408858391628e-16
6459.35238555271 6.50866469417309e-16
6461.36322739021 5.88287304697247e-16
6463.37406922771 5.30446018767651e-16
6465.38491106522 4.66293013892032e-16
6467.39575290272 3.86560929064257e-16
6469.40659474022 3.28641954331531e-16
6471.41743657772 3.03843476613886e-16
6473.42827841522 3.01370008059005e-16
6475.43912025272 3.09640887742249e-16
6477.44996209022 3.0629142830123e-16
6479.46080392772 3.0243229325398e-16
6481.47164576522 2.82054004032022e-16
6483.48248760272 2.52667228248438e-16
6485.49332944023 2.45518137824714e-16
6487.50417127773 2.26557199421308e-16
6489.51501311523 1.92106318048557e-16
6491.52585495273 1.74115470597773e-16
6493.53669679023 1.79164064896095e-16
6495.54753862773 2.03199299753815e-16
6497.55838046523 1.98941079839511e-16
6499.56922230273 2.072940423093e-16
6501.58006414023 2.39289666335537e-16
6503.59090597773 2.71013406020595e-16
6505.60174781524 3.08583605335619e-16
6507.61258965274 3.19772989978187e-16
6509.62343149024 3.66872151131144e-16
6511.63427332774 4.1983145679012e-16
6513.64511516524 4.60589464602136e-16
6515.65595700274 5.40960291681478e-16
6517.66679884024 6.14334150160468e-16
6519.67764067774 6.65773349316478e-16
6521.68848251524 7.14524330595699e-16
6523.69932435274 7.52198873781913e-16
6525.71016619025 7.85701620884221e-16
6527.72100802775 8.07240080546122e-16
6529.73184986525 8.28342212361069e-16
6531.74269170275 8.47661022184689e-16
6533.75353354025 8.93812141711432e-16
6535.76437537775 9.44786796235433e-16
6537.77521721525 1.0179071271654e-15
6539.78605905275 1.08127260315831e-15
6541.79690089025 1.13799215276794e-15
6543.80774272775 1.19776790313039e-15
6545.81858456526 1.24000308346286e-15
6547.82942640276 1.2416294926007e-15
6549.84026824026 1.23314465768894e-15
6551.85111007776 1.21393109170901e-15
6553.86195191526 1.1983650613582e-15
6555.87279375276 1.16819194783199e-15
6557.88363559026 1.13631153352147e-15
6559.89447742776 1.08547367481845e-15
6561.90531926526 1.00586517739164e-15
6563.91616110276 8.68235823050411e-16
6565.92700294027 7.2181855482098e-16
6567.93784477777 6.0647749605821e-16
6569.94868661527 5.27633498805853e-16
6571.95952845277 4.8707999651104e-16
6573.97037029027 4.91562336049232e-16
6575.98121212777 5.67658187843783e-16
6577.99205396527 7.13275962850124e-16
6580.00289580277 8.75222627255397e-16
6582.01373764027 1.0373972494026e-15
6584.02457947777 1.18399260630919e-15
6586.03542131528 1.33050601277814e-15
6588.04626315278 1.43669980392483e-15
6590.05710499028 1.4939349848411e-15
6592.06794682778 1.52955610840494e-15
6594.07878866528 1.602066681492e-15
6596.08963050278 1.65319655480358e-15
6598.10047234028 1.58945785491829e-15
6600.11131417778 1.5404384700739e-15
6602.12215601528 1.49561433353815e-15
6604.13299785278 1.39722139819832e-15
6606.14383969028 1.28933015302533e-15
6608.15468152779 1.19224503655605e-15
6610.16552336529 1.09500957173864e-15
6612.17636520279 9.89187945693148e-16
6614.18720704029 9.08587043289507e-16
6616.19804887779 8.56635336260849e-16
6618.20889071529 8.05064476421099e-16
6620.21973255279 7.66493878255809e-16
6622.23057439029 7.3019200490018e-16
6624.24141622779 7.22497981123796e-16
6626.25225806529 7.52977826456032e-16
6628.2630999028 7.58188720207981e-16
6630.2739417403 7.82374051950933e-16
6632.2847835778 8.5051663494768e-16
6634.2956254153 8.96832978838696e-16
6636.3064672528 9.2573660173521e-16
6638.3173090903 9.14638670181166e-16
6640.3281509278 9.15858079987856e-16
6642.3389927653 9.22497547744909e-16
6644.3498346028 9.14179260686398e-16
6646.3606764403 8.92726986626881e-16
6648.37151827781 8.59559082236534e-16
6650.38236011531 8.62417130219247e-16
6652.39320195281 8.60064231510453e-16
6654.40404379031 8.31353361548998e-16
6656.41488562781 7.99911763244715e-16
6658.42572746531 7.81768741031001e-16
6660.43656930281 7.6083506289344e-16
6662.44741114031 7.44451645748529e-16
6664.45825297781 7.45195340676218e-16
6666.46909481531 7.46153229060444e-16
6668.47993665282 7.46194786614419e-16
6670.49077849032 7.35460232194747e-16
6672.50162032782 7.17996001009139e-16
6674.51246216532 7.1639304409602e-16
6676.52330400282 7.15681748178563e-16
6678.53414584032 6.97754242910367e-16
6680.54498767782 6.74725058200857e-16
6682.55582951532 6.72395823475027e-16
6684.56667135282 6.78944605767164e-16
6686.57751319032 6.77010458971668e-16
6688.58835502783 6.69911899357203e-16
6690.59919686533 6.69983844218161e-16
6692.61003870283 6.67768853061091e-16
6694.62088054033 6.57862802742952e-16
6696.63172237783 6.47631544712626e-16
6698.64256421533 6.6458760906944e-16
6700.65340605283 6.83194223003098e-16
6702.66424789033 6.89287354509172e-16
6704.67508972783 7.01053171542126e-16
6706.68593156534 7.08362642360457e-16
6708.69677340284 7.20334235460035e-16
6710.70761524034 7.25002657548827e-16
6712.71845707784 7.22137145088266e-16
6714.72929891534 7.26839607313626e-16
6716.74014075284 7.3306228192107e-16
6718.75098259034 7.29929212928295e-16
6720.76182442784 7.18107438781263e-16
6722.77266626534 7.01288223184989e-16
6724.78350810284 6.85035090295278e-16
6726.79434994035 6.66994506128623e-16
6728.80519177785 6.51942360078999e-16
6730.81603361535 6.35913426222514e-16
6732.82687545285 6.28513322878827e-16
6734.83771729035 6.24955837439918e-16
6736.84855912785 6.15022735007026e-16
6738.85940096535 6.11809092005143e-16
6740.87024280285 6.10469085882587e-16
6742.88108464035 6.05939047801553e-16
6744.89192647785 6.15688767601364e-16
6746.90276831536 6.34323651259636e-16
6748.91361015286 6.5172038450726e-16
6750.92445199036 6.73687707538267e-16
6752.93529382786 6.77184894819243e-16
6754.94613566536 6.76906697435629e-16
6756.95697750286 6.75761244193146e-16
6758.96781934036 6.67455609689284e-16
6760.97866117786 6.59453107101422e-16
6762.98950301536 6.48368410437178e-16
6765.00034485286 6.44977261093286e-16
6767.01118669037 6.46082639089453e-16
6769.02202852787 6.44306940394653e-16
6771.03287036537 6.42049385831984e-16
6773.04371220287 6.4202238665679e-16
6775.05455404037 6.46713308058243e-16
6777.06539587787 6.40819811629926e-16
6779.07623771537 6.33197415077143e-16
6781.08707955287 6.3373194580642e-16
6783.09792139037 6.31183011909895e-16
6785.10876322787 6.22288107172541e-16
6787.11960506538 6.11189169766872e-16
6789.13044690288 6.05455762565585e-16
6791.14128874038 6.02870988587479e-16
6793.15213057788 6.00136872112861e-16
6795.16297241538 6.09527820519951e-16
6797.17381425288 6.12586297673808e-16
6799.18465609038 5.98314163089488e-16
6801.19549792788 5.87854523800759e-16
6803.20633976538 5.79719248798414e-16
6805.21718160288 5.70123424297207e-16
6807.22802344039 5.79425169547039e-16
6809.23886527789 5.8498223507662e-16
6811.24970711539 5.73948360389211e-16
6813.26054895289 5.70813438511864e-16
6815.27139079039 5.80453679303243e-16
6817.28223262789 5.86448449108317e-16
6819.29307446539 6.06901224290074e-16
6821.30391630289 6.37306160146037e-16
6823.31475814039 6.50030077321454e-16
6825.32559997789 6.51336519763476e-16
6827.3364418154 6.58951875354884e-16
6829.3472836529 6.65806807117895e-16
6831.3581254904 6.64573791844488e-16
6833.3689673279 6.64727634203533e-16
6835.3798091654 6.656230539079e-16
6837.3906510029 6.4778946341773e-16
6839.4014928404 6.26484361332798e-16
6841.4123346779 6.15889408530745e-16
6843.4231765154 6.0790898173907e-16
6845.4340183529 5.84742471812987e-16
6847.44486019041 5.73395618451569e-16
6849.45570202791 5.73333520348623e-16
6851.46654386541 5.95090514510916e-16
6853.47738570291 6.09177360638024e-16
6855.48822754041 6.07915281546615e-16
6857.49906937791 6.2462274173341e-16
6859.50991121541 6.45262711196511e-16
6861.52075305291 6.49327039975233e-16
6863.53159489041 6.49593167139349e-16
6865.54243672791 6.42498313294028e-16
6867.55327856542 6.32595651107678e-16
6869.56412040292 6.24364026107583e-16
6871.57496224042 5.97107617595683e-16
6873.58580407792 5.71025567325592e-16
6875.59664591542 5.7507687297275e-16
6877.60748775292 5.82344945055784e-16
6879.61832959042 6.06892330444128e-16
6881.62917142792 6.1468423946548e-16
6883.64001326542 6.18388367483382e-16
6885.65085510292 6.21273149943493e-16
6887.66169694043 6.2655334157844e-16
6889.67253877793 6.22906017707563e-16
6891.68338061543 6.17872365599826e-16
6893.69422245293 6.11933076452798e-16
6895.70506429043 6.02097912204432e-16
6897.71590612793 6.08809430701561e-16
6899.72674796543 6.0130853043715e-16
6901.73758980293 5.83787071588044e-16
6903.74843164043 5.77314310502922e-16
6905.75927347793 5.80462573149189e-16
6907.77011531544 5.86312712078519e-16
6909.78095715294 6.02223696597099e-16
6911.79179899044 6.04741766730609e-16
6913.80264082794 5.9044025069093e-16
6915.81348266544 5.93107769200071e-16
6917.82432450294 5.79923913134295e-16
6919.83516634044 5.79512996275758e-16
6921.84600817794 5.97263154020623e-16
6923.85685001544 5.93342767903375e-16
6925.86769185294 5.84168871689019e-16
6927.87853369045 5.82918809877549e-16
6929.88937552795 5.87422431118541e-16
6931.90021736545 5.84238063692897e-16
6933.91105920295 5.71093965236083e-16
6935.92190104045 5.70732546865401e-16
6937.93274287795 5.61135345935655e-16
6939.94358471545 5.59243074331489e-16
6941.95442655295 5.64364711986621e-16
6943.96526839045 5.65775921816306e-16
6945.97611022795 5.75181375662618e-16
6947.98695206546 5.85671614016566e-16
6949.99779390296 5.8538955204513e-16
6952.00863574046 5.57117868666828e-16
6954.01947757796 5.51136916086706e-16
6956.03031941546 5.47079151813325e-16
6958.04116125296 5.40267524609743e-16
6960.05200309046 5.43166124294806e-16
6962.06284492796 5.49097207810158e-16
6964.07368676546 5.52200736528898e-16
6966.08452860296 5.54750199821015e-16
6968.09537044047 5.73544008036016e-16
6970.10621227797 5.60819402646329e-16
6972.11705411547 5.52907214946467e-16
6974.12789595297 5.90410816296013e-16
6976.13873779047 5.93397666226269e-16
6978.14957962797 5.70276207865068e-16
6980.16042146547 5.48512384499638e-16
6982.17126330297 5.73065381481258e-16
6984.18210514047 5.87587602543255e-16
6986.19294697797 5.78768136677766e-16
6988.20378881548 5.65003480707969e-16
6990.21463065298 5.69912618972459e-16
6992.22547249048 5.72093411174284e-16
6994.23631432798 5.55803591170044e-16
6996.24715616548 5.86061196232744e-16
6998.25799800298 5.79963829561934e-16
7000.26883984048 5.54805256962587e-16
7002.27968167798 5.43986740402018e-16
7004.29052351548 5.29922287708452e-16
7006.30136535298 5.26096928099974e-16
7008.31220719049 4.9755948813447e-16
7010.32304902799 4.78325540424253e-16
7012.33389086549 4.68666400210238e-16
7014.34473270299 4.50583146758865e-16
7016.35557454049 4.42680144072525e-16
7018.36641637799 4.42403111359214e-16
7020.37725821549 4.45639068385301e-16
7022.38810005299 4.50195893883292e-16
7024.39894189049 4.60775494213176e-16
7026.40978372799 5.00882398386549e-16
7028.4206255655 5.50041226029873e-16
7030.431467403 5.79916554535565e-16
7032.4423092405 5.93499416059058e-16
7034.453151078 6.12762692285074e-16
7036.4639929155 6.24175561276819e-16
7038.474834753 6.50711197690165e-16
7040.4856765905 6.48924064050577e-16
7042.496518428 6.2444068258931e-16
7044.5073602655 6.1937934309211e-16
7046.51820210301 6.03968955045358e-16
7048.52904394051 5.86826066984115e-16
7050.53988577801 5.77813107029737e-16
7052.55072761551 5.63422864288833e-16
7054.56156945301 5.59905030579768e-16
7056.57241129051 5.41039330443369e-16
7058.58325312801 5.22187923987955e-16
7060.59409496551 5.47654710700984e-16
7062.60493680301 5.45113505980103e-16
7064.61577864051 5.32696691187625e-16
7066.62662047801 5.25661341406849e-16
7068.63746231552 5.2760972894377e-16
7070.64830415302 5.23454502941896e-16
7072.65914599052 5.15375926207458e-16
7074.66998782802 5.07839503498822e-16
7076.68082966552 4.98574233605281e-16
7078.69167150302 4.94899698800974e-16
7080.70251334052 4.96345054646345e-16
7082.71335517802 4.91681344178322e-16
7084.72419701552 5.02272855909026e-16
7086.73503885302 5.03945428342498e-16
7088.74588069053 5.12799781377503e-16
7090.75672252803 5.22034928661857e-16
7092.76756436553 5.18340753281085e-16
7094.77840620303 5.20312751861411e-16
7096.78924804053 5.21090857502583e-16
7098.80008987803 5.21795165398225e-16
7100.81093171553 5.27512690731751e-16
7102.82177355303 5.29231849977322e-16
7104.83261539053 5.32080368839379e-16
7106.84345722803 5.4692001549836e-16
7108.85429906554 5.57576642886884e-16
7110.86514090304 5.59959611265307e-16
7112.87598274054 5.53264874608445e-16
7114.88682457804 5.34649949163993e-16
7116.89766641554 5.24915264198995e-16
7118.90850825304 5.277286841333e-16
7120.91935009054 5.27404111695824e-16
7122.93019192804 5.14805820094397e-16
7124.94103376554 5.10474411239494e-16
7126.95187560304 5.13583604491068e-16
7128.96271744055 5.06807976187744e-16
7130.97355927805 4.82361387720123e-16
7132.98440111555 4.60617681387191e-16
7134.99524295305 4.40192620064676e-16
7137.00608479055 4.27900292645665e-16
7139.01692662805 4.29180635884999e-16
7141.02776846555 4.44097944877331e-16
7143.03861030305 4.69075781821558e-16
7145.04945214055 4.78874788350988e-16
7147.06029397805 4.8593697848828e-16
7149.07113581555 5.04800561042311e-16
7151.08197765306 5.19349304823469e-16
7153.09281949056 5.22593546890571e-16
7155.10366132806 5.13428068066128e-16
7157.11450316556 5.14913763855613e-16
7159.12534500306 5.12468591495126e-16
7161.13618684056 5.00972819153668e-16
7163.14702867806 5.06083445380486e-16
7165.15787051556 5.11052193588639e-16
7167.16871235306 4.93607814737733e-16
7169.17955419056 4.89699181202628e-16
7171.19039602807 5.03848178372242e-16
7173.20123786557 5.04477259154255e-16
7175.21207970307 4.96642892606423e-16
7177.22292154057 4.9127937410529e-16
7179.23376337807 4.97319248414805e-16
7181.24460521557 5.13756505091426e-16
7183.25544705307 5.24725687637488e-16
7185.26628889057 5.24269454516273e-16
7187.27713072807 5.16189660171974e-16
7189.28797256557 5.06070104611567e-16
7191.29881440308 4.94507416667276e-16
7193.30965624058 4.80727619983547e-16
7195.32049807808 4.72500018389952e-16
7197.33133991558 4.65338672458272e-16
7199.34218175308 4.6289852935591e-16
7201.35302359058 4.69241853218779e-16
7203.36386542808 4.72219332847056e-16
7205.37470726558 4.79786354620911e-16
7207.38554910308 4.88816572871589e-16
7209.39639094058 4.87544011747458e-16
7211.40723277809 4.86984175908882e-16
7213.41807461559 4.89811518947258e-16
7215.42891645309 4.93519776250778e-16
7217.43975829059 4.9622440539092e-16
7219.45060012809 4.87851272949074e-16
7221.46144196559 4.73626625149359e-16
7223.47228380309 4.61247556262593e-16
7225.48312564059 4.59444540755244e-16
7227.49396747809 4.57309964788604e-16
7229.5048093156 4.30569266992683e-16
7231.5156511531 4.17155812058642e-16
7233.5264929906 4.20508739040789e-16
7235.5373348281 4.16260074716921e-16
7237.5481766656 4.12345908997879e-16
7239.5590185031 4.15817050015727e-16
7241.5698603406 4.48161267804428e-16
7243.5807021781 4.9135581882878e-16
7245.5915440156 5.19679806491576e-16
7247.6023858531 5.62078199485067e-16
7249.61322769061 6.06451396855523e-16
7251.62406952811 6.22184716213417e-16
7253.63491136561 6.29758831888205e-16
7255.64575320311 6.44458718110889e-16
7257.65659504061 6.39910839398403e-16
7259.66743687811 6.30622752554845e-16
7261.67827871561 6.40631346799161e-16
7263.68912055311 6.44413348908652e-16
7265.69996239061 6.29449929560253e-16
7267.71080422811 6.01709124081642e-16
7269.72164606562 5.68384942112527e-16
7271.73248790312 5.42863098257926e-16
7273.74332974062 5.26531985397508e-16
7275.75417157812 5.04437501545294e-16
7277.76501341562 4.86571512044892e-16
7279.77585525312 4.84477170143246e-16
7281.78669709062 4.73875758714971e-16
7283.79753892812 4.50668167690946e-16
7285.80838076562 4.30321033399579e-16
7287.81922260312 4.3224350702227e-16
7289.83006444063 4.43262902740236e-16
7291.84090627813 4.39393788586077e-16
7293.85174811563 4.32295202501833e-16
7295.86258995313 4.26846451310382e-16
7297.87343179063 4.45417304571798e-16
7299.88427362813 4.67931016793344e-16
7301.89511546563 4.65793582090507e-16
7303.90595730313 4.59345649658652e-16
7305.91679914063 4.70009053310755e-16
7307.92764097813 4.89899504494654e-16
7309.93848281564 5.17874196945826e-16
7311.94932465314 5.42710314690065e-16
7313.96016649064 5.46655635339698e-16
7315.97100832814 5.35457118623167e-16
7317.98185016564 5.39767669291744e-16
7319.99269200314 5.41798748420142e-16
7322.00353384064 5.21323103348808e-16
7324.01437567814 5.06950542420679e-16
7326.02521751564 5.0091686203959e-16
7328.03605935314 4.97929800351098e-16
7330.04690119065 5.26861004757957e-16
7332.05774302815 5.57466793301537e-16
7334.06858486565 5.83856634168837e-16
7336.07942670315 5.9080177494073e-16
7338.09026854065 5.97725157553791e-16
7340.10111037815 6.09939690290553e-16
7342.11195221565 6.50441841212938e-16
7344.12279405315 6.92373201415138e-16
7346.13363589065 6.98134719522361e-16
7348.14447772815 6.91323886412167e-16
7350.15531956566 6.89323035772075e-16
7352.16616140316 6.9462922073059e-16
7354.17700324066 7.04981445653696e-16
7356.18784507816 6.97160366935223e-16
7358.19868691566 6.84234008885412e-16
7360.20952875316 6.72774553081568e-16
7362.22037059066 6.40349761283759e-16
7364.23121242816 6.25822563903196e-16
7366.24205426566 6.13440318642878e-16
7368.25289610316 5.67437112244549e-16
7370.26373794067 5.45612196627799e-16
7372.27457977817 5.41164532500885e-16
7374.28542161567 5.20541556636289e-16
7376.29626345317 5.08376734145618e-16
7378.30710529067 5.15453800299046e-16
7380.31794712817 5.25753244481626e-16
7382.32878896567 5.32847304233558e-16
7384.33963080317 5.35899005123838e-16
7386.35047264067 5.3471262960209e-16
7388.36131447817 5.38897501757118e-16
7390.37215631568 5.4628399963409e-16
7392.38299815318 5.54938717591338e-16
7394.39383999068 5.53546883640322e-16
7396.40468182818 5.51363444460537e-16
7398.41552366568 5.44836685025028e-16
7400.42636550318 5.39785404044077e-16
7402.43720734068 5.20855011766332e-16
7404.44804917818 4.90584965907219e-16
7406.45889101568 4.88298876922139e-16
7408.46973285318 4.98188621856044e-16
7410.48057469069 4.86407505290479e-16
7412.49141652819 4.67943510529316e-16
7414.50225836569 4.71891266398672e-16
7416.51310020319 4.9584959331176e-16
7418.52394204069 4.97285261217797e-16
7420.53478387819 4.73854741709967e-16
7422.54562571569 4.61400128072217e-16
7424.55646755319 4.51043615044816e-16
7426.56730939069 4.4809138758628e-16
7428.57815122819 4.40844226629131e-16
7430.5889930657 4.34330702083423e-16
7432.5998349032 4.24367344692447e-16
7434.6106767407 4.11125096292869e-16
7436.6215185782 4.15014009842171e-16
7438.6323604157 4.2813521193963e-16
7440.6432022532 4.33877195349508e-16
7442.6540440907 4.34928151478813e-16
7444.6648859282 4.51296348500453e-16
7446.6757277657 4.6821572574274e-16
7448.6865696032 4.73048736921095e-16
7450.69741144071 4.4866689353438e-16
7452.70825327821 4.31473554073216e-16
7454.71909511571 4.19289488052776e-16
7456.72993695321 4.33925370348383e-16
7458.74077879071 4.42784011487683e-16
7460.75162062821 4.42707699113091e-16
7462.76246246571 4.31508070665817e-16
7464.77330430321 3.91561308659034e-16
7466.78414614071 3.9001449414845e-16
7468.79498797821 3.9217895449626e-16
7470.80582981572 3.74395974224689e-16
7472.81667165322 3.78740909136969e-16
7474.82751349072 3.73412251335572e-16
7476.83835532822 3.69022794254002e-16
7478.84919716572 3.82530402194087e-16
7480.86003900322 4.03920763439116e-16
7482.87088084072 4.23334123315474e-16
7484.88172267822 4.59298109934487e-16
7486.89256451572 4.68495828950485e-16
7488.90340635322 4.86346677736955e-16
7490.91424819073 4.98763598408552e-16
7492.92509002823 5.38582670198535e-16
7494.93593186573 5.6165399479717e-16
7496.94677370323 5.63719696397287e-16
7498.95761554073 5.50936010459529e-16
7500.96845737823 5.63435410964365e-16
7502.97929921573 5.84001688561054e-16
7504.99014105323 5.6392287842551e-16
7507.00098289073 5.50403914949976e-16
7509.01182472823 5.58882502993754e-16
7511.02266656574 5.50610908626461e-16
7513.03350840324 5.36117010228637e-16
7515.04435024074 5.30142675093416e-16
7517.05519207824 5.18560981847371e-16
7519.06603391574 5.13588845507429e-16
7521.07687575324 5.19760433440242e-16
7523.08771759074 4.97224963059864e-16
7525.09855942824 4.75871421278261e-16
7527.10940126574 4.5911250383992e-16
7529.12024310324 4.4342950353305e-16
7531.13108494075 4.35088928920114e-16
7533.14192677825 4.42423678377965e-16
7535.15276861575 4.45152183259308e-16
7537.16361045325 4.30497428010844e-16
7539.17445229075 4.28767389685857e-16
7541.18529412825 4.26157257658893e-16
7543.19613596575 4.39355645633671e-16
7545.20697780325 4.57248607839487e-16
7547.21781964075 4.60856015282725e-16
7549.22866147825 4.58070176858764e-16
7551.23950331576 4.58557538440791e-16
7553.25034515326 4.55809922378576e-16
7555.26118699076 4.65249945757047e-16
7557.27202882826 4.91793152527359e-16
7559.28287066576 5.01777871030474e-16
7561.29371250326 5.0056004941056e-16
7563.30455434076 4.96830245706444e-16
7565.31539617826 5.0465105972712e-16
7567.32623801576 5.16070546163766e-16
