3345 1.02274248753669e-17
3349.09714317322 5.21653967322023e-18
3353.19428634644 1.50780235679064e-17
3357.29142951965 3.65087413006609e-18
3361.38857269287 1.08743562149997e-17
3365.48571586609 -9.56279000946908e-19
3369.58285903931 4.01084079877263e-18
3373.68000221252 9.23628424410639e-19
3377.77714538574 -6.24290579086634e-19
3381.87428855896 5.44264080826517e-18
3385.97143173218 -1.66228561537431e-19
3390.0685749054 1.21025564700603e-17
3394.16571807861 1.5895469919011e-17
3398.26286125183 6.25098320954792e-19
3402.36000442505 -8.28866406641411e-19
3406.45714759827 5.51235145438808e-18
3410.55429077148 5.34952798184222e-18
3414.6514339447 -6.46940542017137e-19
3418.74857711792 -6.37203282038893e-19
3422.84572029114 7.04913888158707e-18
3426.94286346436 1.00323516986892e-17
3431.04000663757 7.23344051232817e-18
3435.13714981079 9.32968575656312e-18
3439.23429298401 5.71947313707314e-19
3443.33143615723 2.05079353073153e-18
3447.42857933044 1.363398376689e-19
3451.52572250366 -2.41103275544991e-18
3455.62286567688 2.32805806140956e-18
3459.7200088501 -3.1195640285044e-18
3463.81715202332 -2.27721685262506e-18
3467.91429519653 -1.2210163982357e-18
3472.01143836975 2.31448547512364e-19
3476.10858154297 -1.45938813728241e-18
3480.20572471619 -1.51373059480469e-18
3484.30286788941 4.64151059474328e-18
3488.40001106262 7.20710225444387e-18
3492.49715423584 -1.78363197726008e-19
3496.59429740906 -1.04119974077586e-18
3500.69144058228 -2.95568590067754e-18
3504.78858375549 -5.15779123816519e-18
3508.88572692871 4.02300200813839e-18
3512.98287010193 5.18355625988499e-18
3517.08001327515 1.89046814363559e-18
3521.17715644837 3.86960518925076e-19
3525.27429962158 -1.96929183856699e-18
3529.3714427948 -3.75966451063876e-18
3533.46858596802 1.29434420177973e-18
3537.56572914124 7.7383552805433e-19
3541.66287231445 6.17051921546182e-18
3545.76001548767 6.74797234672386e-18
3549.85715866089 1.0583118329029e-18
3553.95430183411 5.0573682030788e-18
3558.05144500733 3.81249074609824e-18
3562.14858818054 6.42283659925071e-18
3566.24573135376 5.15658190010963e-18
3570.34287452698 -1.75981537947314e-19
3574.4400177002 1.15334619988881e-18
3578.53716087341 1.73493233908148e-18
3582.63430404663 1.23467263316107e-18
3586.73144721985 3.3155650950343e-18
3590.82859039307 4.98014427545207e-20
3594.92573356629 3.24487729011403e-19
3599.0228767395 -2.46856285686024e-19
3603.12001991272 2.97211122610101e-18
3607.21716308594 5.08560411668587e-19
3611.31430625916 7.83974694412699e-19
3615.41144943237 1.61214451158076e-18
3619.50859260559 -3.97482121899901e-18
3623.60573577881 5.16934653773225e-18
3627.70287895203 -1.55784020776423e-18
3631.80002212525 1.0781199134414e-18
3635.89716529846 1.50535663187351e-18
3639.99430847168 2.70632734193976e-18
3644.0914516449 -2.20692780045883e-18
3648.18859481812 -1.23327480132343e-18
3652.28573799133 -2.59563899545158e-19
3656.38288116455 7.14147209028269e-19
3660.48002433777 3.15325612882945e-18
3664.57716751099 1.61007035619479e-19
3668.67431068421 -1.22685650015548e-18
3672.77145385742 2.94484942106279e-18
3676.86859703064 1.47017622683132e-18
3680.96574020386 1.50063818686435e-18
3685.06288337708 1.35742737343728e-18
3689.1600265503 -9.19549907002869e-19
3693.25716972351 2.27426671297039e-18
3697.35431289673 -1.4362620285118e-18
3701.45145606995 -2.68624298307666e-18
3705.54859924317 5.2878735578977e-19
3709.64574241638 2.4138226288609e-18
3713.7428855896 1.33426124980455e-18
3717.84002876282 1.74845984402402e-18
3721.93717193604 1.75230147758387e-19
3726.03431510926 -1.04338267041239e-18
3730.13145828247 5.30201886336024e-19
3734.22860145569 -2.0221135245331e-18
3738.32574462891 -2.53384798330841e-18
3742.42288780213 -1.9585777816829e-18
3746.52003097534 5.98335874512616e-19
3750.61717414856 9.26863527786334e-19
3754.71431732178 -6.11798290680705e-20
3758.811460495 9.84955181435014e-19
3762.90860366822 1.15485983701221e-18
3767.00574684143 1.05375696285988e-18
3771.10289001465 3.88883196861379e-20
3775.20003318787 -8.29545056635222e-19
3779.29717636109 1.66298871889498e-18
3783.3943195343 1.42868050460745e-20
3787.49146270752 8.62851225505728e-20
3791.58860588074 -2.4303801997848e-19
3795.68574905396 3.14254186515021e-18
3799.78289222718 2.11930579894201e-18
3803.88003540039 1.41471552451844e-18
3807.97717857361 -3.72580707758878e-19
3812.07432174683 1.86800956961931e-19
3816.17146492005 -9.27660516306528e-19
3820.26860809326 1.50338173816104e-18
3824.36575126648 1.0335140955119e-18
3828.4628944397 8.67143775896996e-20
3832.56003761292 6.05782878169854e-19
3836.65718078614 3.45389388848609e-18
3840.75432395935 2.29248846788917e-18
3844.85146713257 7.72765104642898e-19
3848.94861030579 4.21325065389344e-18
3853.04575347901 3.00117463051336e-18
3857.14289665222 1.78902643562484e-18
3861.24003982544 5.76878240736319e-19
3865.33718299866 -1.02131411205494e-18
3869.43432617188 -2.39833305150538e-18
3873.5314693451 4.00826133942996e-20
3877.62861251831 2.10259571659267e-18
3881.72575569153 1.92289134890098e-18
3885.82289886475 1.41082508730245e-18
3889.92004203797 -7.50123206723367e-19
3894.01718521119 2.93583976983086e-19
3898.1143283844 -3.73869868743542e-19
3902.21147155762 -7.43530318747378e-19
3906.30861473084 -1.75629634635219e-18
3910.40575790406 7.45963987507085e-19
3914.50290107727 -6.93711505199993e-19
3918.60004425049 5.4101561848393e-19
3922.69718742371 2.2816705998382e-18
3926.79433059693 1.89820124838719e-18
3930.89147377015 -1.02126458461576e-18
3934.98861694336 1.71372311798289e-18
3939.08576011658 -1.14669876969118e-19
3943.1829032898 1.13605026687063e-18
3947.28004646302 2.50297284655941e-18
3951.37718963623 3.1618751440171e-19
3955.47433280945 3.09395327596884e-19
3959.57147598267 1.05576804572415e-18
3963.66861915589 3.41761302303647e-19
3967.76576232911 2.0114356568008e-18
3971.86290550232 6.50883195009295e-19
3975.96004867554 2.31249445138922e-18
3980.05719184876 1.50413757444576e-18
3984.15433502198 1.53078695563796e-18
3988.25147819519 9.7736910803729e-19
3992.34862136841 8.64254330619772e-19
3996.44576454163 1.05235995820285e-18
4000.54290771485 4.54517631342474e-18
4004.64005088807 5.10740518551274e-18
4008.73719406128 -1.72199750904783e-18
4012.8343372345 1.88479471860924e-18
4016.93148040772 1.17687607619592e-18
4021.02862358094 2.48319495811327e-18
4025.12576675415 9.22010872722791e-19
4029.22290992737 4.15224070704367e-18
4033.32005310059 1.74181944486159e-18
4037.41719627381 4.82336211651e-18
4041.51433944703 3.08952599853531e-18
4045.61148262024 7.18593149724377e-19
4049.70862579346 -1.50506081140695e-19
4053.80576896668 5.57704711125223e-19
4057.9029121399 1.37891421702896e-18
4062.00005531311 1.11948111541816e-18
4066.09719848633 2.65962658571139e-18
4070.19434165955 6.74863729653878e-19
4074.29148483277 2.08609325657708e-18
4078.38862800599 4.42336362846865e-18
4082.4857711792 2.41158365773787e-18
4086.58291435242 1.97138026281853e-18
4090.68005752564 2.25710767834359e-18
4094.77720069886 3.97222966213988e-18
4098.87434387207 2.28009606154221e-18
4102.97148704529 3.24251863629612e-18
4107.06863021851 3.27208165779846e-18
4111.16577339173 4.16559843316549e-18
4115.26291656495 4.15723398281135e-18
4119.36005973816 -7.74611992155576e-20
4123.45720291138 -3.401005045794e-19
4127.5543460846 2.5233003965226e-18
4131.65148925782 1.18608352699182e-18
4135.74863243104 1.00293974231314e-18
4139.84577560425 2.0687148122928e-18
4143.94291877747 1.21970159465205e-18
4148.04006195069 1.98097803946599e-18
4152.13720512391 3.74134783674469e-18
4156.23434829712 2.60427972413031e-18
4160.33149147034 3.12640729371205e-18
4164.42863464356 5.17285998738406e-18
4168.52577781678 7.6485818856508e-19
4172.62292099 5.27993210702931e-19
4176.72006416321 1.31766366401852e-18
4180.81720733643 1.20772846547807e-18
4184.91435050965 3.10759389786015e-18
4189.01149368287 4.81399346889222e-18
4193.10863685608 4.38360560591659e-18
4197.2057800293 3.77703323555084e-18
4201.30292320252 1.88126865445308e-18
4205.40006637574 -3.58717212391277e-21
4209.49720954896 3.27671883231243e-18
4213.59435272217 4.64758096306607e-19
4217.69149589539 1.56299954003988e-18
4221.78863906861 -6.23425348165903e-19
4225.88578224183 2.939103824528e-18
4229.98292541504 -3.89882896330438e-19
4234.08006858826 3.45453908936388e-18
4238.17721176148 3.25409999205248e-18
4242.2743549347 4.21715453279438e-18
4246.37149810792 2.7345563279092e-18
4250.46864128113 1.34071894544917e-18
4254.56578445435 1.32213302426572e-18
4258.66292762757 1.12855539013544e-18
4262.76007080079 3.83961317120324e-19
4266.85721397401 -5.09926086859912e-20
4270.95435714722 -2.48585910007115e-18
4275.05150032044 1.98599943937449e-18
4279.14864349366 8.84500713485349e-19
4283.24578666688 1.6548468835232e-18
4287.34292984009 5.11336326406739e-19
4291.44007301331 1.1604125970667e-18
4295.53721618653 5.65435386033779e-19
4299.63435935975 -4.76994062120221e-19
4303.73150253297 -1.4126253425081e-18
4307.82864570618 -1.40521938768876e-18
4311.9257888794 1.69447038582814e-18
4316.02293205262 2.76223420479553e-18
4320.12007522584 9.17432221237157e-19
4324.21721839905 4.26927327033618e-19
4328.31436157227 9.55012173838783e-19
4332.41150474549 2.81298690525449e-18
4336.50864791871 3.23269090343838e-18
4340.60579109193 3.04679632963265e-18
4344.70293426514 5.9759696441118e-18
4348.80007743836 2.78667532394494e-18
4352.89722061158 -1.60935820538617e-19
4356.9943637848 1.24319921091527e-18
4361.09150695801 1.57144422691343e-18
4365.18865013123 1.74399038037924e-18
4369.28579330445 2.73296090330274e-18
4373.38293647767 3.52284766434851e-18
4377.48007965089 1.35526124590695e-19
4381.5772228241 3.57176278307668e-19
4385.67436599732 2.29976021265412e-18
4389.77150917054 2.9274498319741e-19
4393.86865234376 1.11771911731585e-18
4397.96579551698 3.07346463258136e-18
4402.06293869019 2.06643386175369e-18
4406.16008186341 2.48106889714386e-18
4410.25722503663 3.86835480235731e-18
4414.35436820985 2.32779832669722e-18
4418.45151138306 2.25323337114955e-18
4422.54865455628 4.70990953920983e-20
4426.6457977295 1.42272252945038e-18
4430.74294090272 1.58437967733254e-18
4434.84008407594 1.45419902650471e-18
4438.93722724915 8.57251005963591e-19
4443.03437042237 2.26585118421343e-18
4447.13151359559 1.90104013224948e-18
4451.22865676881 2.06659288722645e-18
4455.32579994202 6.95759500999098e-19
4459.42294311524 6.808920668618e-19
4463.52008628846 8.60707483550721e-19
4467.61722946168 1.49990075534826e-18
4471.71437263489 5.79970138468466e-19
4475.81151580811 1.17818033322676e-18
4479.90865898133 2.032884036494e-18
4484.00580215455 1.94201266273591e-18
4488.10294532777 1.24780402198777e-18
4492.20008850098 3.51487074811135e-18
4496.2972316742 5.41686668755863e-18
4500.39437484742 4.00031906138096e-18
4504.49151802064 2.8311877738628e-18
4508.58866119385 2.10547368473889e-18
4512.68580436707 5.93187471360813e-18
4516.78294754029 3.32264183196985e-18
4520.88009071351 1.0654430603613e-18
4524.97723388673 3.05628739998109e-18
4529.07437705994 2.15077505816597e-18
4533.17152023316 1.42294710898669e-18
4537.26866340638 1.73582466016727e-18
4541.3658065796 2.62503658083141e-18
4545.46294975281 1.76485477055997e-18
4549.56009292603 1.2883970833682e-18
4553.65723609925 2.38275248428249e-18
4557.75437927247 1.7242919012719e-18
4561.85152244569 2.70048786040544e-18
4565.9486656189 3.83143773161907e-18
4570.04580879212 3.37791755601824e-18
4574.14295196534 4.41048359915058e-18
4578.24009513856 4.76975171382982e-18
4582.33723831178 2.5901276978253e-18
4586.43438148499 2.93890344002461e-18
4590.53152465821 4.94424753199941e-18
4594.62866783143 5.4709709170645e-18
4598.72581100465 7.10354172329407e-18
4602.82295417786 4.45241214362998e-18
4606.92009735108 4.90166923714886e-18
4611.0172405243 4.70072845479595e-18
4615.11438369752 2.67044921005088e-18
4619.21152687074 4.01971975546778e-18
4623.30867004395 5.30466790927194e-18
4627.40581321717 6.17500832464615e-18
4631.50295639039 5.23074939537298e-18
4635.60009956361 5.02081385103916e-18
4639.69724273682 2.51235017957362e-18
4643.79438591004 2.58523947399542e-18
4647.89152908326 1.37471100214385e-18
4651.98867225648 2.59022633911334e-18
4656.0858154297 3.21953149386843e-18
4660.18295860291 3.21117821045256e-18
4664.28010177613 3.21119289290843e-18
4668.37724494935 2.95451606049624e-18
4672.47438812257 3.61423333765245e-18
4676.57153129579 3.88897021117366e-18
4680.668674469 4.56015738149869e-18
4684.76581764222 5.39345995776522e-18
4688.86296081544 4.89171122334464e-18
4692.96010398866 6.22517186571381e-18
4697.05724716187 8.58450852121615e-18
4701.15439033509 8.9908791951063e-18
4705.25153350831 6.39240876041795e-18
4709.34867668153 6.66785411413382e-18
4713.44581985475 6.92955420761089e-18
4717.54296302796 7.13123407584112e-18
4721.64010620118 6.58113043076222e-18
4725.7372493744 7.75832217975941e-18
4729.83439254762 1.13489808699541e-17
4733.93153572083 1.30704429863505e-17
4738.02867889405 1.11336773370351e-17
4742.12582206727 7.67682090118517e-18
4746.22296524049 8.25163449911256e-18
4750.32010841371 8.11052079533346e-18
4754.41725158692 6.59037872360087e-18
4758.51439476014 7.80354827975075e-18
4762.61153793336 9.68364047657762e-18
4766.70868110658 1.16699525902237e-17
4770.80582427979 1.34011679932226e-17
4774.90296745301 1.45822181261871e-17
4779.00011062623 1.26241889720454e-17
4783.09725379945 8.88064000769074e-18
4787.19439697267 8.52562897803401e-18
4791.29154014588 1.08824741655313e-17
4795.3886833191 1.22200765012276e-17
4799.48582649232 1.45671866000958e-17
4803.58296966554 1.74114090860512e-17
4807.68011283875 1.87600724808984e-17
4811.77725601197 1.61119894074304e-17
4815.87439918519 1.4892010500478e-17
4819.97154235841 1.19163763121481e-17
4824.06868553163 7.17775719503294e-18
4828.16582870484 5.39158887521962e-18
4832.26297187806 6.01093746373656e-18
4836.36011505128 6.09166987793143e-18
4840.4572582245 5.52159850645581e-18
4844.55440139772 6.93436881236626e-18
4848.65154457093 6.72575592983191e-18
4852.74868774415 5.22481602883913e-18
4856.84583091737 5.36435395355132e-18
4860.94297409059 5.79181111561667e-18
4865.0401172638 6.02113866864087e-18
4869.13726043702 5.18097711073505e-18
4873.23440361024 3.3893475377225e-18
4877.33154678346 2.80404859835039e-18
4881.42868995668 5.05940099943415e-18
4885.52583312989 6.04157747439644e-18
4889.62297630311 6.19033101831308e-18
4893.72011947633 8.1203352933014e-18
4897.81726264955 9.24401631488223e-18
4901.91440582276 9.72341628351285e-18
4906.01154899598 1.06729782676931e-17
4910.1086921692 1.24273845063456e-17
4914.20583534242 1.17513256558029e-17
4918.30297851564 7.27929609676566e-18
4922.40012168885 4.75743251296707e-18
4926.49726486207 4.35972696958372e-18
4930.59440803529 4.68505751809113e-18
4934.69155120851 5.57118550263652e-18
4938.78869438172 8.10585384231744e-18
4942.88583755494 1.0528546742477e-17
4946.98298072816 1.05713285237583e-17
4951.08012390138 1.47770158517209e-17
4955.1772670746 1.54735945717191e-17
4959.27441024781 1.42819118591609e-17
4963.37155342103 1.41671438578916e-17
4967.46869659425 1.16675976070197e-17
4971.56583976747 9.80081474624882e-18
4975.66298294068 8.55922326425163e-18
4979.7601261139 7.03311639312192e-18
4983.85726928712 4.00231298024752e-18
4987.95441246034 3.35758897207929e-18
4992.05155563356 3.12609710098235e-18
4996.14869880677 3.37410818250228e-18
5000.24584197999 5.55521678091119e-18
5004.34298515321 3.62089296876411e-18
5008.44012832643 2.58784075022674e-18
5012.53727149964 4.91204125484966e-18
5016.63441467286 4.69073114991263e-18
5020.73155784608 3.95947867299738e-18
5024.8287010193 3.58244644107326e-18
5028.92584419252 3.64031351518563e-18
5033.02298736573 6.15838985254965e-18
5037.12013053895 6.72091775042909e-18
5041.21727371217 7.0233432541846e-18
5045.31441688539 5.57980761975147e-18
5049.4115600586 7.36416979069728e-18
5053.50870323182 7.08894033112128e-18
5057.60584640504 5.06310387344624e-18
5061.70298957826 5.29893968353001e-18
5065.80013275148 3.94673471489008e-18
5069.89727592469 6.22803142909141e-18
5073.99441909791 7.14204119054413e-18
5078.09156227113 5.43430117332941e-18
5082.18870544435 7.25391984993376e-18
5086.28584861756 9.84821633125117e-18
5090.38299179078 8.62996044151471e-18
5094.480134964 7.51507483138717e-18
5098.57727813722 6.02294978059205e-18
5102.67442131044 7.05408542165014e-18
5106.77156448365 6.29509344289292e-18
5110.86870765687 5.29513961579594e-18
5114.96585083009 3.78138337839226e-18
5119.06299400331 4.8544318474981e-18
5123.16013717653 5.81700951861687e-18
5127.25728034974 6.35530226531943e-18
5131.35442352296 7.16555214509472e-18
5135.45156669618 5.81698387601788e-18
5139.5487098694 5.05458225877572e-18
5143.64585304261 5.22435528923794e-18
5147.74299621583 5.48966685326942e-18
5151.84013938905 3.67358975045772e-18
5155.93728256227 2.39171767455649e-18
5160.03442573549 3.39160408643355e-18
5164.1315689087 3.31997127936222e-18
5168.22871208192 3.31290529577464e-18
5172.32585525514 4.87498583815397e-19
5176.42299842836 2.74105403841596e-18
5180.52014160157 1.68681793118626e-18
5184.61728477479 1.84069006873337e-18
5188.71442794801 4.78728132537105e-18
5192.81157112123 2.23552260705417e-18
5196.90871429445 3.27514946389527e-18
5201.00585746766 2.92877750855604e-18
5205.10300064088 9.65969421822967e-19
5209.2001438141 4.22526255715863e-18
5213.29728698732 4.54378871794718e-18
5217.39443016054 2.41128814746404e-18
5221.49157333375 5.47941064085438e-18
5225.58871650697 5.43570489882891e-18
5229.68585968019 5.60216962043123e-18
5233.78300285341 3.50101133694803e-18
5237.88014602662 5.34219543930224e-18
5241.97728919984 4.71170017844085e-18
5246.07443237306 4.63284174192372e-18
5250.17157554628 2.97748004186678e-18
5254.2687187195 2.91663222241708e-18
5258.36586189271 4.99814413917153e-18
5262.46300506593 4.86608020488407e-18
5266.56014823915 6.1234625647749e-18
5270.65729141237 7.79352119636538e-18
5274.75443458558 8.70198802053338e-18
5278.8515777588 1.04583894188234e-17
5282.94872093202 1.09044424282395e-17
5287.04586410524 1.00127748151319e-17
5291.14300727846 8.67480521124366e-18
5295.24015045167 8.60253030522184e-18
5299.33729362489 8.01237085257037e-18
5303.43443679811 6.4478430963488e-18
5307.53157997133 1.02635660506906e-17
5311.62872314454 1.15413433757645e-17
5315.72586631776 1.17124903532242e-17
5319.82300949098 9.24726465314772e-18
5323.9201526642 6.00870448967297e-18
5328.01729583742 6.9530329021176e-18
5332.11443901063 8.32626107961587e-18
5336.21158218385 6.29072179335558e-18
5340.30872535707 8.66345546605882e-18
5344.40586853029 8.7678448321824e-18
5348.5030117035 8.11376996077957e-18
5352.60015487672 8.85389146822262e-18
5356.69729804994 1.29101262846509e-17
5360.79444122316 1.1955315839484e-17
5364.89158439638 1.18916891067665e-17
5368.98872756959 1.30114716261203e-17
5373.08587074281 1.14966160656826e-17
5377.18301391603 1.09921425983242e-17
5381.28015708925 1.09966102008126e-17
5385.37730026246 9.93984560924551e-18
5389.47444343568 1.02110433905159e-17
5393.5715866089 9.54451035190743e-18
5397.66872978212 8.11582467742115e-18
5401.76587295533 8.84001799498888e-18
5405.86301612855 6.96487316540568e-18
5409.96015930177 7.00423455485402e-18
5414.05730247499 8.4421259223774e-18
5418.15444564821 7.31832082370469e-18
5422.25158882142 7.33357320701955e-18
5426.34873199464 9.26956296092031e-18
5430.44587516786 9.75831255201462e-18
5434.54301834108 7.43635205249049e-18
5438.6401615143 7.3401195143873e-18
5442.73730468751 9.14234258270966e-18
5446.83444786073 7.4742749748536e-18
5450.93159103395 9.86344886223134e-18
5455.02873420717 1.29216381572358e-17
5459.12587738038 1.36604990414254e-17
5463.2230205536 1.31227373446761e-17
5467.32016372682 1.62402983553272e-17
5471.41730690004 1.78826290656042e-17
5475.51445007326 2.04394079430587e-17
5479.61159324647 2.43655446199253e-17
5483.70873641969 2.24281221892036e-17
5487.80587959291 1.89208333785869e-17
5491.90302276613 1.75390314740395e-17
5496.00016593935 1.86628158931969e-17
5500.09730911256 1.75410762645137e-17
5504.19445228578 1.34396418178737e-17
5508.291595459 1.10190218323291e-17
5512.38873863222 1.03792910999286e-17
5516.48588180543 1.115785582634e-17
5520.58302497865 1.09365825309403e-17
5524.68016815187 1.58244581177845e-17
5528.77731132509 1.90786280065987e-17
5532.87445449831 2.64986912184668e-17
5536.97159767152 3.39127573708939e-17
5541.06874084474 3.28391795061961e-17
5545.16588401796 2.93525768283381e-17
5549.26302719118 3.05639034260832e-17
5553.36017036439 3.64781356179965e-17
5557.45731353761 3.74105997789153e-17
5561.55445671083 3.55063373645896e-17
5565.65159988405 3.63226752936733e-17
5569.74874305727 3.37004631210434e-17
5573.84588623048 3.3364856094196e-17
5577.9430294037 3.33519653115299e-17
5582.04017257692 2.56678313065492e-17
5586.13731575014 2.65601821708428e-17
5590.23445892335 2.34259303097916e-17
5594.33160209657 2.28226079320526e-17
5598.42874526979 2.43239407438363e-17
5602.52588844301 2.6502734477301e-17
5606.62303161623 2.58724013438397e-17
5610.72017478944 2.97157124259713e-17
5614.81731796266 3.41561469943315e-17
5618.91446113588 3.2842508080981e-17
5623.0116043091 2.74447244501539e-17
5627.10874748231 1.99683749063241e-17
5631.20589065553 1.9871416103643e-17
5635.30303382875 2.18709862681471e-17
5639.40017700197 2.5083079133562e-17
5643.49732017519 2.82163615389353e-17
5647.5944633484 2.97619716745477e-17
5651.69160652162 3.28298058954946e-17
5655.78874969484 3.5414467377037e-17
5659.88589286806 3.66961142530165e-17
5663.98303604127 3.43940639908365e-17
5668.08017921449 3.50217154047519e-17
5672.17732238771 3.29557855027864e-17
5676.27446556093 2.74081250167709e-17
5680.37160873415 2.4365049965919e-17
5684.46875190736 2.44349235666226e-17
5688.56589508058 2.43626213636405e-17
5692.6630382538 2.48754419105601e-17
5696.76018142702 2.29254628781399e-17
5700.85732460024 1.80330105009664e-17
5704.95446777345 1.64798796392246e-17
5709.05161094667 1.6318361044095e-17
5713.14875411989 2.20570555838572e-17
5717.24589729311 2.27663728852888e-17
5721.34304046632 2.12770540447217e-17
5725.44018363954 2.4485136738527e-17
5729.53732681276 2.49999061229698e-17
5733.63446998598 2.91967095311535e-17
5737.7316131592 3.33047597683328e-17
5741.82875633241 3.59612833927713e-17
5745.92589950563 4.23230434571329e-17
5750.02304267885 4.29804766818227e-17
5754.12018585207 4.6324109462607e-17
5758.21732902528 4.79849392401032e-17
5762.3144721985 4.86570598837495e-17
5766.41161537172 4.67002946615839e-17
5770.50875854494 4.48095185999653e-17
5774.60590171816 4.46491150443014e-17
5778.70304489137 5.09416334739475e-17
5782.80018806459 5.45429727202115e-17
5786.89733123781 5.07553788697802e-17
5790.99447441103 4.55586265975831e-17
5795.09161758424 4.31335514172593e-17
5799.18876075746 4.31773059629409e-17
5803.28590393068 4.256497393397e-17
5807.3830471039 4.14901222111288e-17
5811.48019027712 4.08625303542175e-17
5815.57733345033 3.83065290265388e-17
5819.67447662355 3.9846904763235e-17
5823.77161979677 4.292882090693e-17
5827.86876296999 3.97101354120331e-17
5831.9659061432 3.95170516047285e-17
5836.06304931642 3.4261413999085e-17
5840.16019248964 2.57832031496656e-17
5844.25733566286 1.88507893786771e-17
5848.35447883608 1.14739174024935e-17
5852.45162200929 8.52351718593016e-18
5856.54876518251 7.50144454925352e-18
5860.64590835573 7.70955326520451e-18
5864.74305152895 6.71493723460033e-18
5868.84019470216 5.65529736322398e-18
5872.93733787538 8.16062808811947e-18
5877.0344810486 9.35056875830763e-18
5881.13162422182 8.9569763705202e-18
5885.22876739504 1.0192983556202e-17
5889.32591056825 1.24598265299699e-17
5893.42305374147 1.55842680289563e-17
5897.52019691469 2.14837730972437e-17
5901.61734008791 2.5528282628489e-17
5905.71448326112 3.0370462276754e-17
5909.81162643434 3.30898979498609e-17
5913.90876960756 4.31342495576963e-17
5918.00591278078 5.51239446777993e-17
5922.103055954 5.97004504569245e-17
5926.20019912721 6.41274152161899e-17
5930.29734230043 6.88638911083379e-17
5934.39448547365 6.70089617457449e-17
5938.49162864687 6.34432706751595e-17
5942.58877182008 6.0997913026216e-17
5946.6859149933 5.82553063697902e-17
5950.78305816652 5.54841917607335e-17
5954.88020133974 5.03274154731799e-17
5958.97734451296 4.86170309595469e-17
5963.07448768617 4.40473411486691e-17
5967.17163085939 4.40678419929706e-17
5971.26877403261 4.08017623576969e-17
5975.36591720583 3.92007642082678e-17
5979.46306037905 4.51891283266781e-17
5983.56020355226 5.30237595723068e-17
5987.65734672548 5.23153654044388e-17
5991.7544898987 5.14064758909778e-17
5995.85163307192 5.18687242696071e-17
5999.94877624513 5.09763221201155e-17
6004.04591941835 5.00263151127657e-17
6008.14306259157 4.87359464444075e-17
6012.24020576479 4.84608327901173e-17
6016.33734893801 4.92475510358266e-17
6020.43449211122 4.96002310705172e-17
6024.53163528444 4.8096999052047e-17
6028.62877845766 4.49393065467973e-17
6032.72592163088 4.36206019793755e-17
6036.82306480409 4.36111125633883e-17
6040.92020797731 4.50174254838468e-17
6045.01735115053 4.34871082633992e-17
6049.11449432375 4.31019498091374e-17
6053.21163749697 4.51907628355685e-17
6057.30878067018 4.48057003342577e-17
6061.4059238434 4.40306321002956e-17
6065.50306701662 4.25571785838773e-17
6069.60021018984 3.93451866344971e-17
6073.69735336306 3.6452314347995e-17
6077.79449653627 3.28903687512233e-17
6081.89163970949 2.91905288376165e-17
6085.98878288271 2.79287078265587e-17
6090.08592605593 2.74213417085983e-17
6094.18306922914 2.62026101900096e-17
6098.28021240236 2.31188709402446e-17
6102.37735557558 2.23161186255415e-17
6106.4744987488 2.15663389572662e-17
6110.57164192202 1.94720930085718e-17
6114.66878509523 1.77230113315223e-17
6118.76592826845 1.65932265442015e-17
6122.86307144167 1.46371958584198e-17
6126.96021461489 1.3779363241088e-17
6131.0573577881 1.43640972161017e-17
6135.15450096132 1.56745564471776e-17
6139.25164413454 1.59747915766711e-17
6143.34878730776 1.58341195873391e-17
6147.44593048098 1.6145058433959e-17
6151.54307365419 1.75882487204864e-17
6155.64021682741 1.92435959448826e-17
6159.73736000063 1.75867945369696e-17
6163.83450317385 2.02837888000579e-17
6167.93164634706 2.26717632755474e-17
6172.02878952028 2.57960790430806e-17
6176.1259326935 3.05586591009996e-17
6180.22307586672 3.78377426123478e-17
6184.32021903994 4.66681107183107e-17
6188.41736221315 5.21745428682353e-17
6192.51450538637 5.45564590729185e-17
6196.61164855959 5.3971344594823e-17
6200.70879173281 4.74939645331612e-17
6204.80593490602 3.98522979808289e-17
6208.90307807924 3.37906191903668e-17
6213.00022125246 2.90158977754168e-17
6217.09736442568 2.79294622152774e-17
6221.1945075989 2.80734776686453e-17
6225.29165077211 2.63769699369684e-17
6229.38879394533 2.33352613884884e-17
6233.48593711855 1.92476028077698e-17
6237.58308029177 1.63358344073546e-17
6241.68022346498 1.61027183671249e-17
6245.7773666382 1.64219538352887e-17
6249.87450981142 1.5832480115365e-17
6253.97165298464 1.60229268708768e-17
6258.06879615786 1.45777331529058e-17
6262.16593933107 1.36501113072929e-17
6266.26308250429 1.45594607331745e-17
6270.36022567751 1.70095018787463e-17
6274.45736885073 1.8525591592658e-17
6278.55451202394 2.00846070172776e-17
6282.65165519716 2.47420342213676e-17
6286.74879837038 2.87463493922878e-17
6290.8459415436 2.92521306321946e-17
6294.94308471682 2.90471089542896e-17
6299.04022789003 2.66706240175084e-17
6303.13737106325 2.83414213213859e-17
6307.23451423647 3.26276958933458e-17
6311.33165740969 3.30710216882824e-17
6315.4288005829 3.33218096151187e-17
6319.52594375612 3.64143566840462e-17
6323.62308692934 4.04695136841364e-17
6327.72023010256 4.26778476916365e-17
6331.81737327578 4.19566785463883e-17
6335.91451644899 4.02686246005717e-17
6340.01165962221 3.77569766973382e-17
6344.10880279543 3.60445374670635e-17
6348.20594596865 3.674239666265e-17
6352.30308914187 3.76648883341039e-17
6356.40023231508 3.96330355614982e-17
6360.4973754883 4.09913091407022e-17
6364.59451866152 3.97338192473317e-17
6368.69166183474 3.58393602792034e-17
6372.78880500795 3.23284020953895e-17
6376.88594818117 3.65923328646431e-17
6380.98309135439 4.40413689046465e-17
6385.08023452761 5.43816725007636e-17
6389.17737770083 6.34242521385157e-17
6393.27452087404 6.86736528023405e-17
6397.37166404726 6.51993420283851e-17
6401.46880722048 5.67309249974183e-17
6405.5659503937 4.86528247190133e-17
6409.66309356691 3.94662362453381e-17
6413.76023674013 3.43259241606968e-17
6417.85737991335 3.73369740869531e-17
6421.95452308657 4.375055536233e-17
6426.05166625979 4.89593050621315e-17
6430.148809433 5.05688330980372e-17
6434.24595260622 4.51495361538389e-17
6438.34309577944 3.67728302917471e-17
6442.44023895266 2.9392526343202e-17
6446.53738212587 2.77222782872512e-17
6450.63452529909 3.24478668281768e-17
6454.73166847231 3.93095880896553e-17
6458.82881164553 4.79341503504925e-17
6462.92595481875 5.24191302491999e-17
6467.02309799196 5.20821004716989e-17
6471.12024116518 5.02467091151743e-17
6475.2173843384 4.54886934398754e-17
6479.31452751162 4.21893115131403e-17
6483.41167068483 4.2388665349488e-17
6487.50881385805 3.8712826908535e-17
6491.60595703127 3.37827311960455e-17
6495.70310020449 2.50871108118675e-17
6499.80024337771 1.96855155327779e-17
6503.89738655092 1.78675776871782e-17
6507.99452972414 2.06922803650386e-17
6512.09167289736 2.5938157239454e-17
6516.18881607058 3.51426690626419e-17
6520.28595924379 4.61564035564956e-17
6524.38310241701 5.41175669660652e-17
6528.48024559023 5.70299607150236e-17
6532.57738876345 5.68149930174333e-17
6536.67453193667 5.66435019328388e-17
6540.77167510988 5.71755445028329e-17
6544.8688182831 5.7985976362343e-17
6548.96596145632 5.71225586215152e-17
6553.06310462954 5.09503420314364e-17
6557.16024780276 4.30887116106141e-17
6561.25739097597 3.19229710986752e-17
6565.35453414919 2.35701773737311e-17
6569.45167732241 2.01077118261474e-17
6573.54882049563 1.93316609016175e-17
6577.64596366884 2.1051337962252e-17
6581.74310684206 2.66861849391918e-17
6585.84025001528 3.73442830548457e-17
6589.9373931885 5.90369589614284e-17
6594.03453636172 8.56490334808191e-17
6598.13167953493 1.03472750743197e-16
6602.22882270815 1.06381289830501e-16
6606.32596588137 9.3932294403472e-17
6610.42310905459 7.86201092390416e-17
6614.52025222781 7.01014062442765e-17
6618.61739540102 7.10957170452346e-17
6622.71453857424 7.14587169852474e-17
6626.81168174746 6.8517381841017e-17
6630.90882492068 6.81326369770614e-17
6635.00596809389 6.77883644061169e-17
6639.10311126711 6.58993618197316e-17
6643.20025444033 6.42259291184225e-17
6647.29739761355 6.27517741528448e-17
6651.39454078676 6.00059448007526e-17
6655.49168395998 5.41109528298873e-17
6659.5888271332 4.79582113801504e-17
6663.68597030642 4.65162370491235e-17
6667.78311347964 4.78285557822164e-17
6671.88025665285 5.09196966441026e-17
6675.97739982607 5.26722442079187e-17
6680.07454299929 4.95882898911944e-17
6684.17168617251 4.48231902411296e-17
6688.26882934572 4.46219272719281e-17
6692.36597251894 4.20032587410424e-17
6696.46311569216 4.25190621012508e-17
6700.56025886538 4.65058675129645e-17
6704.6574020386 5.24347937412792e-17
6708.75454521181 5.83372898946616e-17
6712.85168838503 6.19072161299833e-17
6716.94883155825 6.03565039443525e-17
6721.04597473147 5.46134220386214e-17
6725.14311790468 5.00853923521143e-17
6729.2402610779 4.69317067097517e-17
6733.33740425112 4.48209601621981e-17
6737.43454742434 4.33718290645114e-17
6741.53169059756 4.37329397240051e-17
6745.62883377077 4.32075278338012e-17
6749.72597694399 4.16917160525753e-17
6753.82312011721 3.85142042998488e-17
6757.92026329043 3.87839048842105e-17
6762.01740646364 4.12416570074526e-17
6766.11454963686 4.15797885895295e-17
6770.21169281008 4.39912516856931e-17
6774.3088359833 4.75493128423083e-17
6778.40597915652 4.79205713535568e-17
6782.50312232973 4.71997794026679e-17
6786.60026550295 4.50700209359154e-17
6790.69740867617 4.57162706787235e-17
6794.79455184939 4.80261195997186e-17
6798.8916950226 5.34677107157864e-17
6802.98883819582 5.53967554612642e-17
6807.08598136904 5.53375491817401e-17
6811.18312454226 5.30729735100312e-17
6815.28026771548 5.03195936533076e-17
6819.37741088869 5.01244054985247e-17
6823.47455406191 5.05029365817188e-17
6827.57169723513 4.8595160304151e-17
6831.66884040835 4.5419908408858e-17
6835.76598358157 4.49054715510214e-17
6839.86312675478 4.71961530428625e-17
6843.960269928 4.92818988835823e-17
6848.05741310122 5.03942152707272e-17
6852.15455627444 5.08921978518189e-17
6856.25169944765 5.32388629275175e-17
6860.34884262087 5.12028769637264e-17
6864.44598579409 4.93658279372544e-17
6868.54312896731 4.88886572203746e-17
6872.64027214053 4.95998240976558e-17
6876.73741531374 5.02593881396036e-17
6880.83455848696 5.07084843464933e-17
6884.93170166018 5.1122693383868e-17
6889.0288448334 4.93670256947813e-17
6893.12598800662 4.63889637313536e-17
6897.22313117983 4.83077282761786e-17
6901.32027435305 5.04384032590498e-17
6905.41741752627 4.92980520665842e-17
6909.51456069949 4.94353574308231e-17
6913.6117038727 4.4731717300271e-17
6917.70884704592 4.19909039714133e-17
6921.80599021914 3.88498675749779e-17
6925.90313339236 3.73999126054011e-17
6930.00027656558 3.65119176742132e-17
6934.09741973879 3.70759324292437e-17
6938.19456291201 3.89258027552103e-17
6942.29170608523 3.9558585997646e-17
6946.38884925845 3.85257385063103e-17
6950.48599243166 3.75148807843786e-17
6954.58313560488 3.71523142870068e-17
6958.6802787781 3.63381303362382e-17
6962.77742195132 3.60893011730925e-17
6966.87456512454 3.66405343332978e-17
6970.97170829775 3.69255609200489e-17
6975.06885147097 3.79165960857813e-17
6979.16599464419 3.85322103674229e-17
6983.26313781741 3.97842838821423e-17
6987.36028099062 3.94078174417572e-17
6991.45742416384 3.81825181091048e-17
6995.55456733706 3.7068166857653e-17
6999.65171051028 3.7149707013716e-17
7003.7488536835 3.97455023463034e-17
7007.84599685671 4.35599928015325e-17
7011.94314002993 4.65308814546881e-17
7016.04028320315 4.54266449677666e-17
7020.13742637637 4.36688034480302e-17
7024.23456954958 4.45785102159364e-17
7028.3317127228 4.32437848144106e-17
7032.42885589602 4.31791919347376e-17
7036.52599906924 4.33029910939347e-17
7040.62314224246 4.33179862240791e-17
7044.72028541567 4.56176012665357e-17
7048.81742858889 4.80949145569034e-17
7052.91457176211 4.94163852162936e-17
7057.01171493533 4.90307469972765e-17
7061.10885810854 4.77673245645528e-17
7065.20600128176 4.65061719154299e-17
7069.30314445498 4.40337886215131e-17
7073.4002876282 4.19223472422449e-17
7077.49743080142 4.14202254493681e-17
7081.59457397463 4.38476365877417e-17
7085.69171714785 4.64938237632458e-17
7089.78886032107 4.63016300022803e-17
7093.88600349429 4.57881857611788e-17
7097.98314666751 4.60336036314784e-17
7102.08028984072 4.45516764768652e-17
7106.17743301394 4.10292634959285e-17
7110.27457618716 4.0113829329461e-17
7114.37171936038 4.16122703178233e-17
7118.46886253359 4.23746462924664e-17
7122.56600570681 4.3692937269582e-17
7126.66314888003 4.14935963697015e-17
7130.76029205325 3.9482197522438e-17
7134.85743522646 3.55466210604209e-17
7138.95457839968 3.49191119215708e-17
7143.0517215729 3.65332854037966e-17
7147.14886474612 3.74404378379713e-17
7151.24600791934 3.72896758995274e-17
7155.34315109255 3.82496256178401e-17
7159.44029426577 3.84796910159706e-17
7163.53743743899 4.12687951489892e-17
7167.63458061221 4.30412744568454e-17
7171.73172378543 4.20877635124208e-17
7175.82886695864 4.49475816616453e-17
7179.92601013186 4.71071484089518e-17
7184.02315330508 5.03818241051512e-17
7188.1202964783 5.11884376989537e-17
7192.21743965151 4.93294716949714e-17
7196.31458282473 4.72843867444423e-17
7200.41172599795 4.25142578362531e-17
7204.50886917117 3.63801279502988e-17
7208.60601234439 3.15242038689756e-17
7212.7031555176 2.90886334210398e-17
7216.80029869082 2.64024934219494e-17
7220.89744186404 2.63176081474892e-17
7224.99458503726 3.23796839846453e-17
7229.09172821047 3.79637387632519e-17
7233.18887138369 4.14678346567042e-17
7237.28601455691 4.44214583961146e-17
7241.38315773013 4.51461149348254e-17
7245.48030090335 4.06275779730279e-17
7249.57744407656 3.7090097070053e-17
7253.67458724978 3.48311429177871e-17
7257.771730423 3.46600124839396e-17
7261.86887359622 3.52484290670405e-17
7265.96601676943 3.85107797721128e-17
7270.06315994265 4.29062686547094e-17
7274.16030311587 4.52615794221704e-17
7278.25744628909 4.72221993059906e-17
7282.35458946231 4.98038498501033e-17
7286.45173263552 5.08400821645056e-17
7290.54887580874 4.88589713625513e-17
7294.64601898196 4.63768604246308e-17
7298.74316215518 4.34992248050119e-17
7302.84030532839 4.32396886160172e-17
7306.93744850161 4.14544310220583e-17
7311.03459167483 4.58409201795903e-17
7315.13173484805 5.38154309755241e-17
7319.22887802127 5.9604120311509e-17
7323.32602119448 6.21707227859181e-17
7327.4231643677 6.17569670435191e-17
7331.52030754092 5.95903163214467e-17
7335.61745071414 5.50854576182584e-17
7339.71459388735 5.03506493222253e-17
7343.81173706057 4.74514242886188e-17
7347.90888023379 4.6106365746881e-17
7352.00602340701 4.82069809862921e-17
7356.10316658023 5.07502735110395e-17
7360.20030975344 5.11403950489766e-17
7364.29745292666 4.72416645201651e-17
7368.39459609988 4.41547389706806e-17
7372.4917392731 4.36789612259523e-17
7376.58888244632 4.55538653459773e-17
7380.68602561953 5.01585250444313e-17
7384.78316879275 5.41469848173701e-17
7388.88031196597 5.52573953803837e-17
7392.97745513919 5.72464570423859e-17
7397.0745983124 5.78858875082241e-17
7401.17174148562 5.62943390701128e-17
7405.26888465884 5.30053101359244e-17
7409.36602783206 5.1598418189037e-17
7413.46317100528 5.13128853677511e-17
7417.56031417849 5.12180242951035e-17
7421.65745735171 5.15797867729199e-17
7425.75460052493 5.1476038471771e-17
7429.85174369815 4.99585326246507e-17
7433.94888687136 4.73789533407918e-17
7438.04603004458 4.5878222716494e-17
7442.1431732178 4.76101503220004e-17
7446.24031639102 5.08484399974148e-17
7450.33745956424 5.39649521430492e-17
7454.43460273745 5.2634412275423e-17
7458.53174591067 5.07832515477007e-17
7462.62888908389 4.92811312599738e-17
7466.72603225711 4.6478289311342e-17
7470.82317543033 4.6586183441721e-17
7474.92031860354 4.82911284156459e-17
7479.01746177676 4.90663819380653e-17
7483.11460494998 4.90938112471775e-17
7487.2117481232 4.94228239901817e-17
7491.30889129641 5.17650156731277e-17
7495.40603446963 4.95443666006678e-17
7499.50317764285 5.04393594798379e-17
7503.60032081607 5.00715718184397e-17
7507.69746398929 4.94198064353071e-17
7511.7946071625 4.967730114255e-17
7515.89175033572 5.05233414730692e-17
7519.98889350894 5.12526103708756e-17
7524.08603668216 5.09588289045212e-17
7528.18317985537 5.05788254398368e-17
7532.28032302859 5.00353016029405e-17
7536.37746620181 4.90742897847213e-17
7540.47460937503 4.99685084228381e-17
7544.57175254825 5.19488913058533e-17
7548.66889572146 5.31649857726492e-17
7552.76603889468 5.36271415070499e-17
7556.8631820679 5.3039231158484e-17
7560.96032524112 5.29245144424127e-17
7565.05746841433 5.27741694029975e-17
7569.15461158755 5.17451666471489e-17
7573.25175476077 5.15887401758702e-17
7577.34889793399 5.08731363017832e-17
7581.44604110721 4.99338627900619e-17
7585.54318428042 4.99386604376147e-17
7589.64032745364 4.93129380088877e-17
7593.73747062686 4.69511454541467e-17
7597.83461380008 4.3603988883953e-17
7601.93175697329 4.15200363708012e-17
7606.02890014651 4.13093766298411e-17
7610.12604331973 4.54968659843274e-17
7614.22318649295 4.80311058444511e-17
7618.32032966617 4.62382414975791e-17
7622.41747283938 4.29174554453135e-17
7626.5146160126 3.75950081159554e-17
7630.61175918582 2.89596362588734e-17
7634.70890235904 2.09869899280402e-17
7638.80604553225 1.7055410402743e-17
7642.90318870547 1.51231992098804e-17
7647.00033187869 1.29901535273736e-17
7651.09747505191 1.1932418652948e-17
7655.19461822513 1.24183516940565e-17
7659.29176139834 1.2305529221588e-17
7663.38890457156 1.15908906672758e-17
7667.48604774478 1.29498425345821e-17
7671.583190918 1.61562352983958e-17
7675.68033409121 1.76228248700911e-17
7679.77747726443 1.74311191456871e-17
7683.87462043765 1.86912659431851e-17
7687.97176361087 1.992237539246e-17
7692.06890678409 2.066253329585e-17
7696.1660499573 2.31667266474032e-17
7700.26319313052 2.67654917076009e-17
7704.36033630374 3.07606599153075e-17
7708.45747947696 3.49365654324957e-17
7712.55462265017 4.02056893908462e-17
7716.65176582339 4.67504747462638e-17
7720.74890899661 5.46813468018018e-17
7724.84605216983 6.29944358573434e-17
7728.94319534305 6.9247802174236e-17
7733.04033851626 7.44148752060547e-17
7737.13748168948 8.06978281190972e-17
7741.2346248627 8.71613313988028e-17
7745.33176803592 9.28255598311005e-17
7749.42891120913 9.5945790980769e-17
7753.52605438235 9.45942903564206e-17
7757.62319755557 8.99121701566847e-17
7761.72034072879 8.10384544779016e-17
7765.81748390201 6.90611240535951e-17
7769.91462707522 6.10581119224751e-17
7774.01177024844 5.96034519495741e-17
7778.10891342166 6.02894956972909e-17
7782.20605659488 5.97053275138161e-17
7786.3031997681 5.74616894377722e-17
7790.40034294131 5.36593750811599e-17
7794.49748611453 4.73488803624418e-17
7798.59462928775 4.01824257632988e-17
7802.69177246097 3.675270002436e-17
7806.78891563418 3.74356534253083e-17
7810.8860588074 4.13055815251907e-17
7814.98320198062 4.76258799885287e-17
7819.08034515384 5.30449850268249e-17
7823.17748832706 5.47433555692412e-17
7827.27463150027 5.37427780479624e-17
7831.37177467349 5.44773309755217e-17
7835.46891784671 5.41747152202253e-17
7839.56606101993 5.1770809246138e-17
7843.66320419314 4.93021813522021e-17
7847.76034736636 4.65475474896699e-17
7851.85749053958 4.35693531773441e-17
7855.9546337128 4.11219011070896e-17
7860.05177688602 3.91660524010426e-17
7864.14892005923 3.90435601872133e-17
7868.24606323245 4.08481043243345e-17
7872.34320640567 4.3231764225749e-17
7876.44034957889 4.26408396310309e-17
7880.5374927521 3.95592146549116e-17
7884.63463592532 3.69191254548832e-17
7888.73177909854 3.39188586550921e-17
7892.82892227176 3.03506198682201e-17
7896.92606544498 2.7447546790404e-17
7901.02320861819 2.70128584154237e-17
7905.12035179141 2.73219956626694e-17
7909.21749496463 2.53692538470033e-17
7913.31463813785 2.47451741989728e-17
7917.41178131107 2.60997370459488e-17
7921.50892448428 2.64904260297862e-17
7925.6060676575 2.50603118143821e-17
7929.70321083072 2.42575594996789e-17
7933.80035400394 2.59848267696142e-17
7937.89749717715 3.06323939808026e-17
7941.99464035037 3.34190728202651e-17
7946.09178352359 3.48668142545228e-17
7950.18892669681 3.33509230639581e-17
7954.28606987003 3.22120111657584e-17
7958.38321304324 3.15283596243731e-17
7962.48035621646 3.11234414796386e-17
7966.57749938968 3.28478649026279e-17
7970.6746425629 3.28262688711953e-17
7974.77178573611 3.41487222211533e-17
7978.86892890933 3.61563755946032e-17
7982.96607208255 3.45053363268371e-17
7987.06321525577 3.15776794412159e-17
7991.16035842899 3.2873338756772e-17
7995.2575016022 3.45837729012418e-17
7999.35464477542 3.34986442864703e-17
8003.45178794864 3.36857657759196e-17
8007.54893112186 3.53362227085344e-17
8011.64607429507 3.58562546160342e-17
8015.74321746829 3.51030669636353e-17
8019.84036064151 3.56679618388375e-17
8023.93750381473 3.73400214203298e-17
8028.03464698795 3.81019374825524e-17
8032.13179016116 3.83432459195688e-17
8036.22893333438 3.75705037174891e-17
8040.3260765076 3.76400795331722e-17
8044.42321968082 3.75404274304167e-17
8048.52036285403 3.81573354225363e-17
8052.61750602725 3.56984285551591e-17
8056.71464920047 3.49631477086607e-17
8060.81179237369 3.65878528544455e-17
8064.90893554691 3.71873966711464e-17
8069.00607872012 3.89277681363457e-17
8073.10322189334 4.30428163215072e-17
8077.20036506656 4.78589000758073e-17
8081.29750823978 5.07644513867386e-17
8085.39465141299 5.07854386132403e-17
8089.49179458621 4.88633223325733e-17
8093.58893775943 4.70136240601741e-17
8097.68608093265 4.5060978197459e-17
8101.78322410587 4.36992966341313e-17
8105.88036727908 4.37102385792742e-17
8109.9775104523 4.25652419404885e-17
8114.07465362552 4.12064588180272e-17
8118.17179679874 3.97619533143259e-17
8122.26893997195 3.77719982972621e-17
8126.36608314517 3.71882271604814e-17
8130.46322631839 3.67227858646876e-17
8134.56036949161 3.52806130103137e-17
8138.65751266483 3.43666743863936e-17
8142.75465583804 3.40852046762765e-17
8146.85179901126 3.36034447613583e-17
8150.94894218448 3.2538168481288e-17
8155.0460853577 3.2520258366665e-17
8159.14322853091 3.45096178136877e-17
8163.24037170413 3.57360619643078e-17
8167.33751487735 3.29724482290457e-17
8171.43465805057 2.78248371026792e-17
8175.53180122379 2.32124780070835e-17
8179.628944397 1.97304479836518e-17
8183.72608757022 1.64306293055532e-17
8187.82323074344 1.33841479249387e-17
8191.92037391666 1.07537541088701e-17
8196.01751708988 9.88096606606337e-18
8200.11466026309 1.21760092812744e-17
8204.21180343631 1.5264015128639e-17
8208.30894660953 1.92030210814757e-17
8212.40608978275 2.43299775079467e-17
8216.50323295597 2.98183390702096e-17
8220.60037612918 3.67510820590818e-17
8224.6975193024 4.34959193912841e-17
8228.79466247562 4.91107717584573e-17
8232.89180564884 5.40676780489609e-17
8236.98894882205 5.84237401948407e-17
8241.08609199527 6.08966264145701e-17
8245.18323516849 5.93791271848946e-17
8249.28037834171 5.66033869818524e-17
8253.37752151493 5.43239386027299e-17
8257.47466468814 5.12264152152372e-17
8261.57180786136 4.93327572563645e-17
8265.66895103458 4.81206795786232e-17
8269.7660942078 4.63656670165817e-17
8273.86323738101 4.6607283164786e-17
8277.96038055423 4.5271277287672e-17
8282.05752372745 4.06739431007227e-17
8286.15466690067 3.99734567795108e-17
8290.25181007389 4.08542254608674e-17
8294.3489532471 3.86064183945362e-17
8298.44609642032 3.77469744293712e-17
8302.54323959354 3.71590806244175e-17
8306.64038276676 3.5406860624124e-17
8310.73752593997 3.36739470193274e-17
8314.83466911319 3.26874944341885e-17
8318.93181228641 3.30938320208542e-17
8323.02895545963 3.21756847019775e-17
8327.12609863285 3.04877895748385e-17
8331.22324180606 2.84564258963104e-17
8335.32038497928 2.54975644492613e-17
8339.4175281525 2.11954394424036e-17
8343.51467132572 1.95563777499073e-17
8347.61181449893 2.4027947396524e-17
8351.70895767215 2.80300109818169e-17
8355.80610084537 3.02879857522376e-17
8359.90324401859 3.2726471184652e-17
8364.00038719181 3.43706117661094e-17
8368.09753036502 3.22751978383901e-17
8372.19467353824 2.77771451772818e-17
8376.29181671146 2.42260703881203e-17
8380.38895988468 2.06587150301424e-17
8384.48610305789 1.78160691504346e-17
8388.58324623111 1.70546808294428e-17
8392.68038940433 1.76072027370425e-17
8396.77753257755 1.89505423974674e-17
8400.87467575077 2.04350801340938e-17
8404.97181892398 2.25611377947858e-17
8409.0689620972 2.36695184565762e-17
8413.16610527042 2.34779153025681e-17
8417.26324844364 2.28814055843541e-17
8421.36039161685 2.23868607658882e-17
8425.45753479007 1.98217604514715e-17
8429.55467796329 1.52230382554543e-17
8433.65182113651 1.23257868747894e-17
8437.74896430973 1.44562749148422e-17
8441.84610748294 1.89865826567563e-17
8445.94325065616 2.31115371569337e-17
8450.04039382938 2.66917948781061e-17
8454.1375370026 3.03525587795759e-17
8458.23468017581 3.77779275278929e-17
8462.33182334903 4.71198539031606e-17
8466.42896652225 5.14508028456433e-17
8470.52610969547 4.94949409047065e-17
8474.62325286869 4.54301422873965e-17
8478.7203960419 3.98882571764178e-17
8482.81753921512 3.22267018934373e-17
8486.91468238834 2.48010452862671e-17
8491.01182556156 1.94156974887692e-17
8495.10896873477 1.6453697718476e-17
8499.20611190799 1.57289187570346e-17
8503.30325508121 1.58896068628292e-17
8507.40039825443 1.60990026718133e-17
8511.49754142765 1.71747659476895e-17
8515.59468460086 1.86964490569033e-17
8519.69182777408 1.83042115909592e-17
8523.7889709473 1.68961384301572e-17
8527.88611412052 1.64950484772976e-17
8531.98325729373 1.6454299905962e-17
8536.08040046695 1.60831687805278e-17
8540.17754364017 1.74489250355529e-17
8544.27468681339 2.08651462238112e-17
8548.37182998661 2.6024878854874e-17
8552.46897315982 3.13198968751199e-17
8556.56611633304 3.60430253809038e-17
8560.66325950626 4.16123034050478e-17
8564.76040267948 5.19000479450433e-17
8568.85754585269 6.44627410016291e-17
8572.95468902591 7.8996357303745e-17
8577.05183219913 9.40173682751118e-17
8581.14897537235 1.05260513040051e-16
8585.24611854556 1.12846996719359e-16
8589.34326171878 1.15149020511759e-16
8593.440404892 1.10835300087075e-16
8597.53754806522 1.05257713860858e-16
8601.63469123844 1.00092341512379e-16
8605.73183441166 9.25344451950411e-17
8609.82897758487 8.52188598576221e-17
8613.92612075809 7.99340492461351e-17
8618.02326393131 7.44882494351106e-17
8622.12040710453 6.90360439374225e-17
8626.21755027774 6.01989955208326e-17
8630.31469345096 4.68606882910804e-17
8634.41183662418 3.50286173997831e-17
8638.5089797974 2.47680507059936e-17
8642.60612297062 1.80327391857255e-17
8646.70326614383 1.40085733344652e-17
8650.80040931705 1.1681030192987e-17
8654.89755249027 1.11351703980408e-17
8658.99469566349 1.15618648995814e-17
8663.0918388367 1.51990384371617e-17
8667.18898200992 2.07799631643305e-17
8671.28612518314 2.53306923412073e-17
8675.38326835636 2.71288903486689e-17
8679.48041152958 2.91052266641276e-17
8683.57755470279 3.32440380939265e-17
8687.67469787601 3.70047121785028e-17
8691.77184104923 3.91643715700379e-17
8695.86898422245 3.91447574633531e-17
8699.96612739566 3.91598419290036e-17
8704.06327056888 4.19376203050751e-17
8708.1604137421 4.63740116146011e-17
8712.25755691532 5.28156971784701e-17
8716.35470008854 6.29047363917181e-17
8720.45184326175 7.44160134065776e-17
8724.54898643497 8.39499118584065e-17
8728.64612960819 9.15030369979711e-17
8732.74327278141 9.60943327664488e-17
8736.84041595463 9.44996873641241e-17
8740.93755912784 8.75860257776222e-17
8745.03470230106 8.01063211892278e-17
8749.13184547428 7.78001482588749e-17
8753.2289886475 8.06971200524928e-17
8757.32613182072 8.30599581635281e-17
8761.42327499393 8.62633970653744e-17
8765.52041816715 8.63584434264792e-17
8769.61756134037 7.8216888468924e-17
8773.71470451359 6.86537475280801e-17
8777.8118476868 6.03456645696057e-17
8781.90899086002 5.46024106103071e-17
8786.00613403324 5.24210162209965e-17
8790.10327720646 5.12181401003893e-17
8794.20042037968 5.15030740429117e-17
8798.29756355289 5.24604297228235e-17
8802.39470672611 4.99717311185046e-17
8806.49184989933 4.77245659443287e-17
8810.58899307255 4.65780936153302e-17
8814.68613624576 4.31457606031006e-17
8818.78327941898 3.73271240202189e-17
8822.8804225922 3.07234831098569e-17
8826.97756576542 2.50199801420752e-17
8831.07470893864 2.27419131545756e-17
8835.17185211185 2.44897507519838e-17
8839.26899528507 2.54126444332153e-17
8843.36613845829 2.66849756011362e-17
8847.46328163151 3.31905625216861e-17
8851.56042480472 4.47450878476923e-17
8855.65756797794 5.66898703692561e-17
8859.75471115116 6.42639529568203e-17
8863.85185432438 6.91908259736434e-17
8867.94899749759 7.31581496275702e-17
8872.04614067081 7.25939595102498e-17
8876.14328384403 6.80817355908874e-17
8880.24042701725 6.32149291214255e-17
8884.33757019047 5.89232646405942e-17
8888.43471336368 5.7844224075131e-17
8892.5318565369 5.82701625335917e-17
8896.62899971012 5.50228665156678e-17
8900.72614288334 5.30560229249188e-17
8904.82328605655 5.47612226704724e-17
8908.92042922977 5.80033603900964e-17
8913.01757240299 6.0074832402166e-17
8917.11471557621 5.70719814901413e-17
8921.21185874943 5.65008827603449e-17
8925.30900192264 5.55148967050715e-17
8929.40614509586 5.09530618012905e-17
8933.50328826908 4.28089161140568e-17
8937.6004314423 3.58488298428559e-17
8941.69757461551 3.63839263636716e-17
8945.79471778873 3.87742301797661e-17
8949.89186096195 4.01304622772182e-17
8953.98900413517 4.19852659083581e-17
8958.08614730839 4.22382177396768e-17
8962.1832904816 4.13447898862257e-17
8966.28043365482 3.97128750342219e-17
8970.37757682804 3.92984476211654e-17
8974.47472000126 4.08462911444318e-17
8978.57186317447 4.0926355610282e-17
8982.66900634769 4.01000187219538e-17
8986.76614952091 4.06423845059926e-17
8990.86329269413 4.11741193647988e-17
8994.96043586735 3.78672266381017e-17
8999.05757904056 3.27902104139329e-17
9003.15472221378 3.02521953014936e-17
9007.251865387 2.93505949035904e-17
9011.34900856022 3.01531354600567e-17
9015.44615173343 3.02864869009676e-17
9019.54329490665 2.88904938858313e-17
9023.64043807987 2.92157247590749e-17
9027.73758125309 3.1618975606117e-17
9031.83472442631 3.5400511185742e-17
9035.93186759952 4.05419482360164e-17
9040.02901077274 4.53967738214861e-17
9044.12615394596 4.83179588459946e-17
9048.22329711918 5.04644892268473e-17
9052.32044029239 5.23056940087168e-17
9056.41758346561 5.34598359563549e-17
9060.51472663883 5.40170744478074e-17
9064.61186981205 5.26630658118418e-17
9068.70901298527 5.1558915351704e-17
9072.80615615848 5.1871126402106e-17
9076.9032993317 4.99463863045359e-17
9081.00044250492 4.53706282966845e-17
9085.09758567814 3.9079701362537e-17
9089.19472885135 3.48965695955175e-17
9093.29187202457 3.59700713595991e-17
9097.38901519779 3.56164450302877e-17
9101.48615837101 3.23180226330631e-17
9105.58330154423 3.18063253974154e-17
9109.68044471744 3.14418596933572e-17
9113.77758789066 3.06583045863102e-17
9117.87473106388 3.34566863770791e-17
9121.9718742371 3.76771967816187e-17
9126.06901741031 4.0349549334259e-17
9130.16616058353 4.210924704729e-17
9134.26330375675 4.42556053745753e-17
9138.36044692997 4.36413245080811e-17
9142.45759010319 3.93323884960597e-17
9146.5547332764 3.62593331110864e-17
9150.65187644962 3.3940633357537e-17
9154.74901962284 3.05943535987925e-17
9158.84616279606 2.71565512683527e-17
9162.94330596928 2.38415769870709e-17
9167.04044914249 2.14836771442926e-17
9171.13759231571 1.87950109356115e-17
9175.23473548893 1.77098343443644e-17
9179.33187866215 1.68434834210845e-17
9183.42902183537 1.54897957311966e-17
9187.52616500858 1.54095393594442e-17
9191.6233081818 1.68560168617259e-17
9195.72045135502 1.64471663003593e-17
9199.81759452824 1.33506719255487e-17
9203.91473770145 1.28469131422396e-17
9208.01188087467 1.65478887748275e-17
9212.10902404789 1.94123606421782e-17
9216.20616722111 1.81505115069795e-17
9220.30331039433 1.54886922722594e-17
9224.40045356754 1.43518814128155e-17
9228.49759674076 1.43464716516095e-17
9232.59473991398 1.65418602825232e-17
9236.6918830872 1.86990000819124e-17
9240.78902626041 1.69053317154851e-17
9244.88616943363 1.49315596599254e-17
9248.98331260685 1.62896165178088e-17
9253.08045578007 2.01845701399434e-17
9257.17759895329 2.10887232172169e-17
9261.2747421265 2.0075871990009e-17
9265.37188529972 2.10528004175749e-17
9269.46902847294 2.34483816459775e-17
9273.56617164616 2.38453075716335e-17
9277.66331481937 2.22235604237192e-17
9281.76045799259 2.32094951937947e-17
9285.85760116581 2.4089886680792e-17
9289.95474433903 2.36667821431099e-17
9294.05188751225 2.23186200197138e-17
9298.14903068546 1.81002553216833e-17
9302.24617385868 1.62262147782178e-17
9306.3433170319 1.72828817624727e-17
9310.44046020512 1.93232220050082e-17
9314.53760337834 2.12216478329317e-17
9318.63474655155 2.50223723484067e-17
9322.73188972477 2.45308847894848e-17
9326.82903289799 1.96638169309494e-17
9330.92617607121 2.26936670181678e-17
9335.02331924442 2.77769201841552e-17
9339.12046241764 2.48122386943162e-17
9343.21760559086 2.29374040574627e-17
9347.31474876408 2.75364703606146e-17
9351.4118919373 3.09610791602842e-17
9355.50903511051 2.8097955597332e-17
9359.60617828373 2.43811187764984e-17
9363.70332145695 2.43090217143083e-17
9367.80046463017 2.64510356890164e-17
9371.89760780338 3.01176163245537e-17
9375.9947509766 3.34273148478886e-17
9380.09189414982 3.35263978503827e-17
9384.18903732304 3.55469188454414e-17
9388.28618049626 3.58814670811048e-17
9392.38332366947 3.02841410167504e-17
9396.48046684269 2.80450888300225e-17
9400.57761001591 2.84279278698467e-17
9404.67475318913 2.79174317004484e-17
9408.77189636234 2.7812254031201e-17
9412.86903953556 2.84262040254502e-17
9416.96618270878 2.8680208030508e-17
9421.063325882 2.45028698364989e-17
9425.16046905522 2.07661393219335e-17
9429.25761222843 2.35232199847176e-17
9433.35475540165 2.11604000716558e-17
9437.45189857487 1.79626703703973e-17
9441.54904174809 2.18467382956707e-17
9445.6461849213 2.57257554561238e-17
9449.74332809452 2.66779032068989e-17
9453.84047126774 2.67200166262452e-17
9457.93761444096 2.58166113202454e-17
9462.03475761418 2.8156632481264e-17
9466.13190078739 3.24243748987803e-17
9470.22904396061 2.95292626071794e-17
9474.32618713383 2.54432434984349e-17
9478.42333030705 2.47136371109386e-17
9482.52047348026 2.49227649134043e-17
9486.61761665348 2.35265088548332e-17
9490.7147598267 2.5653021464862e-17
9494.81190299992 2.27857074049266e-17
9498.90904617314 1.88359696108226e-17
9503.00618934635 2.35256783654981e-17
9507.10333251957 2.65352310948458e-17
9511.20047569279 2.46059133797658e-17
9515.29761886601 2.09945007280022e-17
9519.39476203922 2.40065201099364e-17
9523.49190521244 3.30337059164889e-17
9527.58904838566 3.41553760620006e-17
9531.68619155888 3.06024831298527e-17
9535.7833347321 3.01740631295543e-17
9539.88047790531 3.17501002768189e-17
9543.97762107853 3.14225599153051e-17
9548.07476425175 2.91014679554241e-17
9552.17190742497 2.73711053756367e-17
9556.26905059818 2.31870041529393e-17
9560.3661937714 1.91252280535875e-17
9564.46333694462 1.99106889847658e-17
9568.56048011784 2.36884112617669e-17
9572.65762329106 2.7875824515637e-17
9576.75476646427 2.99555550989423e-17
9580.85190963749 3.01005366992657e-17
9584.94905281071 2.93351663308051e-17
9589.04619598393 2.80082428968169e-17
9593.14333915714 2.79062713796238e-17
9597.24048233036 2.72189388845127e-17
9601.33762550358 2.56303550617168e-17
9605.4347686768 2.01649064024218e-17
9609.53191185002 1.74209117369282e-17
9613.62905502323 1.88001311836032e-17
9617.72619819645 1.6513395343284e-17
9621.82334136967 1.71276034178842e-17
9625.92048454289 1.94516864628602e-17
9630.0176277161 1.92923350809355e-17
9634.11477088932 1.6744676696915e-17
9638.21191406254 1.39681324743175e-17
9642.30905723576 1.07476933565219e-17
9646.40620040898 1.23307698107994e-17
9650.50334358219 1.52463316615038e-17
9654.60048675541 1.37142980412852e-17
9658.69762992863 1.51631933924974e-17
9662.79477310185 1.93420833773357e-17
9666.89191627506 1.96841953525202e-17
9670.98905944828 1.76991355903216e-17
9675.0862026215 1.49617583697284e-17
9679.18334579472 1.28294521866893e-17
9683.28048896794 1.4710065507302e-17
9687.37763214115 1.75734984358034e-17
9691.47477531437 1.62180554686556e-17
9695.57191848759 1.37972080084426e-17
9699.66906166081 1.2116242173295e-17
9703.76620483402 1.1107152963513e-17
9707.86334800724 1.59427234386837e-17
9711.96049118046 1.83969914771856e-17
9716.05763435368 1.29867612596815e-17
9720.1547775269 1.50025598806232e-17
9724.25192070012 2.03047859527269e-17
9728.34906387333 1.90420682778851e-17
9732.44620704655 1.60393248993401e-17
9736.54335021977 1.67773999619476e-17
9740.64049339299 1.73505368647734e-17
9744.7376365662 1.56865687640331e-17
9748.83477973942 1.83844431472932e-17
9752.93192291264 1.91491848584883e-17
9757.02906608586 1.92485209782498e-17
9761.12620925908 2.70917019626898e-17
9765.22335243229 2.71853752039777e-17
9769.32049560551 2.32911197222802e-17
9773.41763877873 2.2133743498447e-17
9777.51478195195 1.57484269846011e-17
9781.61192512516 1.03263101816946e-17
9785.70906829838 1.34572748269915e-17
9789.8062114716 2.17108093599711e-17
9793.90335464482 2.73022872573948e-17
9798.00049781804 2.70834847504847e-17
9802.09764099125 2.65865344907975e-17
9806.19478416447 2.82047512318575e-17
9810.29192733769 3.29815240547266e-17
9814.38907051091 3.9422448612432e-17
9818.48621368412 3.98723289865425e-17
9822.58335685734 3.83949811038003e-17
9826.68050003056 4.17506940302503e-17
9830.77764320378 4.35864725073015e-17
9834.87478637699 4.16989224500719e-17
9838.97192955021 3.89028600737405e-17
9843.06907272343 3.27269840366318e-17
9847.16621589665 2.75793993800449e-17
9851.26335906987 3.03390459570892e-17
9855.36050224309 3.4641979946586e-17
9859.4576454163 3.45608864680537e-17
9863.55478858952 3.64347020183926e-17
9867.65193176274 4.07600261327099e-17
9871.74907493596 3.82288501495752e-17
9875.84621810917 3.83442947845855e-17
9879.94336128239 3.60600851538571e-17
9884.04050445561 2.76680284739575e-17
9888.13764762883 2.84860952105214e-17
9892.23479080205 3.32188190114109e-17
9896.33193397526 3.33420325267344e-17
9900.42907714848 3.03615982093099e-17
9904.5262203217 2.8025117381313e-17
9908.62336349492 2.70298321615933e-17
9912.72050666813 2.91554960843137e-17
9916.81764984135 3.19941681883588e-17
9920.91479301457 3.14564974814769e-17
9925.01193618779 3.16280944451898e-17
9929.10907936101 2.85784482715518e-17
9933.20622253422 2.61901081822315e-17
9937.30336570744 3.7059627045009e-17
9941.40050888066 3.72540707372406e-17
9945.49765205388 2.37582484665236e-17
9949.59479522709 3.51335965456834e-17
9953.69193840031 5.10052701328324e-17
9957.78908157353 4.24014535617581e-17
9961.88622474675 3.12356435666477e-17
9965.98336791997 2.9630605467107e-17
9970.08051109318 3.26335589495276e-17
9974.1776542664 3.55349114916696e-17
9978.27479743962 3.19118240127404e-17
9982.37194061284 2.68283607428774e-17
9986.46908378605 2.65577022833664e-17
9990.56622695927 2.61820018122285e-17
9994.66337013249 2.30322882911674e-17
9998.76051330571 2.72601738380485e-17
10002.8576564789 3.4982897472966e-17
10006.9547996521 2.84757786139217e-17
10011.0519428254 2.23634697525264e-17
10015.1490859986 2.8707157574865e-17
10019.2462291718 3.29004603546964e-17
10023.343372345 3.08142512928336e-17
10027.4405155182 3.08648284242075e-17
10031.5376586914 3.44609431977226e-17
10035.6348018647 3.42025220481937e-17
10039.7319450379 3.15546937463543e-17
10043.8290882111 3.26264617398719e-17
10047.9262313843 3.07353845845103e-17
10052.0233745575 2.56256649476437e-17
10056.1205177308 2.29735319978966e-17
10060.217660904 2.21808200014686e-17
10064.3148040772 2.62178683635888e-17
10068.4119472504 2.42356971160892e-17
10072.5090904236 1.22288917650155e-17
10076.6062335968 1.6162917263384e-17
10080.7033767701 3.16934549484713e-17
10084.8005199433 2.64654170511463e-17
10088.8976631165 1.55768829604474e-17
10092.9948062897 2.91866807934069e-17
10097.0919494629 4.65021054955386e-17
10101.1890926362 4.00864926645774e-17
10105.2862358094 2.64366245483845e-17
10109.3833789826 1.83281121475784e-17
10113.4805221558 2.59722023391054e-17
10117.577665329 2.99595024048254e-17
10121.6748085022 1.84822622178113e-17
10125.7719516755 3.30277435986336e-17
10129.8690948487 5.86227135281067e-17
10133.9662380219 5.69695302081929e-17
10138.0633811951 3.34127763214424e-17
10142.1605243683 1.40970948948982e-17
10146.2576675415 2.116710354334e-17
10150.3548107148 3.49457769157971e-17
10154.451953888 3.72741315214563e-17
10158.5490970612 4.38589325661867e-17
10162.6462402344 5.46019804763885e-17
10166.7433834076 3.4955388754515e-17
10170.8405265809 2.01584361956704e-17
10174.9376697541 3.45226508714191e-17
10179.0348129273 3.49575195717729e-17
10183.1319561005 3.38021964102201e-17
10187.2290992737 3.76909511408442e-17
10191.3262424469 3.54677675869875e-17
10195.4233856202 2.18026214448808e-17
10199.5205287934 3.0722248956383e-17
10203.6176719666 5.5624580854296e-17
10207.7148151398 5.47305408871915e-17
10211.811958313 5.37290402323491e-17
10215.9091014862 4.63491035519959e-17
10220.0062446595 4.03341141440288e-17
10224.1033878327 4.144784335566e-17
10228.2005310059 4.47970149378259e-17
10232.2976741791 4.45644249844658e-17
10236.3948173523 4.66719719974101e-17
10240.4919605256 4.82953966676067e-17
10244.5891036988 4.97397301177406e-17
10248.686246872 4.96285173387441e-17
10252.7833900452 4.8205194276169e-17
10256.8805332184 4.8720193616822e-17
10260.9776763916 4.71434847989e-17
10265.0748195649 4.41734861920835e-17
10269.1719627381 4.35493122454632e-17
10273.2691059113 4.42329803304607e-17
10277.3662490845 4.39104195962344e-17
10281.4633922577 4.58536885395257e-17
10285.560535431 4.75671931784293e-17
10289.6576786042 4.54214138775728e-17
10293.7548217774 4.5857357912723e-17
10297.8519649506 4.66706021863157e-17
10301.9491081238 4.28541099540042e-17
10306.046251297 4.05723620127788e-17
10310.1433944703 3.92887001248271e-17
10314.2405376435 3.37112164690066e-17
10318.3376808167 2.57547729520122e-17
10322.4348239899 2.37810108226198e-17
10326.5319671631 2.61821060369856e-17
