4300.00000000001  1.411423E-14
4303.60163903237  1.647040E-14
4307.20327806473  1.786290E-14
4310.8049170971  1.889788E-14
4314.40655612946  2.073679E-14
4318.00819516183  2.280328E-14
4321.60983419419  2.452512E-14
4325.21147322655  2.613240E-14
4328.81311225892  2.591615E-14
4332.41475129128  2.307500E-14
4336.01639032365  1.978658E-14
4339.61802935601  1.796602E-14
4343.21966838837  1.695557E-14
4346.82130742074  1.646110E-14
4350.4229464531  1.648912E-14
4354.02458548546  1.722677E-14
4357.62622451783  1.714459E-14
4361.22786355019  1.555758E-14
4364.82950258256  1.367401E-14
4368.43114161492  1.273793E-14
4372.03278064728  1.394432E-14
4375.63441967965  1.766699E-14
4379.23605871201  2.156345E-14
4382.83769774438  2.409365E-14
4386.43933677674  2.412270E-14
4390.0409758091  2.330948E-14
4393.64261484147  2.274012E-14
4397.24425387383  2.294845E-14
4400.8458929062  2.208478E-14
4404.44753193856  2.008644E-14
4408.04917097092  1.911606E-14
4411.65081000329  1.923298E-14
4415.25244903565  1.986438E-14
4418.85408806802  1.968560E-14
4422.45572710038  1.977833E-14
4426.05736613274  2.099146E-14
4429.65900516511  2.166427E-14
4433.26064419747  2.250976E-14
4436.86228322983  2.434654E-14
4440.4639222622  2.634609E-14
4444.06556129456  2.747235E-14
4447.66720032693  2.659889E-14
4451.26883935929  2.524281E-14
4454.87047839165  2.455928E-14
4458.47211742402  2.389007E-14
4462.07375645638  2.291586E-14
4465.67539548875  2.119051E-14
4469.27703452111  2.099365E-14
4472.87867355347  2.105058E-14
4476.48031258584  1.972808E-14
4480.0819516182  1.749978E-14
4483.68359065057  1.681977E-14
4487.28522968293  1.722664E-14
4490.88686871529  1.622879E-14
4494.48850774766  1.394479E-14
4498.09014678002  1.286951E-14
4501.69178581239  1.336612E-14
4505.29342484475  1.438066E-14
4508.89506387711  1.522852E-14
4512.49670290948  1.560117E-14
4516.09834194184  1.526261E-14
4519.6999809742  1.501150E-14
4523.30162000657  1.483341E-14
4526.90325903893  1.505865E-14
4530.5048980713  1.667422E-14
4534.10653710366  1.878872E-14
4537.70817613602  2.090909E-14
4541.30981516839  2.120011E-14
4544.91145420075  2.199272E-14
4548.51309323312  2.433173E-14
4552.11473226548  2.807600E-14
4555.71637129784  3.130648E-14
4559.31801033021  3.463812E-14
4562.91964936257  3.830431E-14
4566.52128839493  4.178935E-14
4570.1229274273  4.402676E-14
4573.72456645966  4.550914E-14
4577.32620549203  4.686263E-14
4580.92784452439  4.596977E-14
4584.52948355675  4.249284E-14
4588.13112258912  3.908511E-14
4591.73276162148  3.689769E-14
4595.33440065385  3.709010E-14
4598.93603968621  3.768410E-14
4602.53767871857  3.868388E-14
4606.13931775094  4.054310E-14
4609.7409567833  4.233413E-14
4613.34259581566  4.319422E-14
4616.94423484803  4.198905E-14
4620.54587388039  4.115201E-14
4624.14751291276  4.057911E-14
4627.74915194512  4.105266E-14
4631.35079097748  4.180337E-14
4634.95243000985  4.278966E-14
4638.55406904221  4.332418E-14
4642.15570807458  4.377000E-14
4645.75734710694  4.531723E-14
4649.3589861393  4.724218E-14
4652.96062517167  4.809927E-14
4656.56226420403  4.759241E-14
4660.1639032364  4.638644E-14
4663.76554226876  4.559015E-14
4667.36718130112  4.538128E-14
4670.96882033349  4.563605E-14
4674.57045936585  4.528892E-14
4678.17209839822  4.515717E-14
4681.77373743058  4.487015E-14
4685.37537646294  4.448494E-14
4688.97701549531  4.326292E-14
4692.57865452767  4.207785E-14
4696.18029356004  4.191764E-14
4699.7819325924  4.259714E-14
4703.38357162476  4.243563E-14
4706.98521065713  4.283709E-14
4710.58684968949  4.344016E-14
4714.18848872185  4.376727E-14
4717.79012775422  4.256833E-14
4721.39176678658  3.970904E-14
4724.99340581895  3.714152E-14
4728.59504485131  3.529549E-14
4732.19668388367  3.418984E-14
4735.79832291604  3.396838E-14
4739.3999619484  3.414447E-14
4743.00160098077  3.538646E-14
4746.60324001313  3.614007E-14
4750.20487904549  3.599694E-14
4753.80651807786  3.497502E-14
4757.40815711022  3.455414E-14
4761.00979614259  3.347417E-14
4764.61143517495  3.314745E-14
4768.21307420731  3.184585E-14
4771.81471323968  3.176260E-14
4775.41635227204  3.264808E-14
4779.0179913044  3.310932E-14
4782.61963033677  3.229186E-14
4786.22126936913  2.998443E-14
4789.8229084015  2.794653E-14
4793.42454743386  2.754889E-14
4797.02618646622  2.857554E-14
4800.62782549859  2.874393E-14
4804.22946453095  2.683924E-14
4807.83110356331  2.410081E-14
4811.43274259568  2.296567E-14
4815.03438162804  2.343032E-14
4818.63602066041  2.554308E-14
4822.23765969277  2.939325E-14
4825.83929872513  3.410460E-14
4829.4409377575  3.841086E-14
4833.04257678986  4.236387E-14
4836.64421582223  4.590626E-14
4840.24585485459  4.888366E-14
4843.84749388696  5.103661E-14
4847.44913291932  5.280434E-14
4851.05077195168  5.356287E-14
4854.65241098405  5.333306E-14
4858.25405001641  5.252769E-14
4861.85568904877  5.048803E-14
4865.45732808114  4.722967E-14
4869.0589671135  4.309466E-14
4872.66060614587  3.892763E-14
4876.26224517823  3.563673E-14
4879.86388421059  3.326907E-14
4883.46552324296  3.306306E-14
4887.06716227532  3.399175E-14
4890.66880130769  3.589745E-14
4894.27044034005  3.898928E-14
4897.87207937241  4.382586E-14
4901.47371840478  4.902536E-14
4905.07535743714  5.269604E-14
4908.6769964695  5.553064E-14
4912.27863550187  5.829428E-14
4915.88027453423  6.104020E-14
4919.4819135666  6.357549E-14
4923.08355259896  6.538514E-14
4926.68519163132  6.606280E-14
4930.28683066369  6.514895E-14
4933.88846969605  6.359376E-14
4937.49010872842  6.184188E-14
4941.09174776078  6.027696E-14
4944.69338679314  5.760706E-14
4948.29502582551  5.406006E-14
4951.89666485787  4.917428E-14
4955.49830389024  4.395009E-14
4959.0999429226  3.946905E-14
4962.70158195496  3.511903E-14
4966.30322098733  3.134716E-14
4969.90486001969  2.821225E-14
4973.50649905205  2.721433E-14
4977.10813808442  2.790456E-14
4980.70977711678  2.996075E-14
4984.31141614915  3.343477E-14
4987.91305518151  3.823038E-14
4991.51469421387  4.345518E-14
4995.11633324624  4.836256E-14
4998.7179722786  5.220412E-14
5002.31961131097  5.526279E-14
5005.92125034333  5.791807E-14
5009.52288937569  5.968784E-14
5013.12452840806  6.090332E-14
5016.72616744042  6.196756E-14
5020.32780647279  6.314744E-14
5023.92944550515  6.409594E-14
5027.53108453751  6.254031E-14
5031.13272356988  6.024504E-14
5034.73436260224  5.790548E-14
5038.33600163461  5.592730E-14
5041.93764066697  5.415965E-14
5045.53927969933  5.259937E-14
5049.1409187317  5.139451E-14
5052.74255776406  5.051477E-14
5056.34419679643  4.977528E-14
5059.94583582879  4.930976E-14
5063.54747486115  4.903109E-14
5067.14911389352  4.822464E-14
5070.75075292588  4.738153E-14
5074.35239195825  4.621579E-14
5077.95403099061  4.470775E-14
5081.55567002297  4.275718E-14
5085.15730905534  4.098038E-14
5088.7589480877  3.994753E-14
5092.36058712006  3.968511E-14
5095.96222615243  4.564340E-14
5099.56386518479  5.498397E-14
5103.16550421716  5.374762E-14
5106.76714324952  4.397752E-14
5110.36878228188  3.028820E-14
5113.97042131425  2.597953E-14
5117.57206034661  2.337148E-14
5121.17369937898  2.158586E-14
5124.77533841134  2.163915E-14
5128.3769774437  2.303851E-14
5131.97861647607  2.492600E-14
5135.58025550843  2.709832E-14
5139.18189454079  2.895378E-14
5142.78353357316  3.071869E-14
5146.38517260552  3.261936E-14
5149.98681163789  3.419238E-14
5153.58845067025  3.629644E-14
5157.19008970262  3.898656E-14
5160.79172873498  4.239632E-14
5164.39336776734  4.565492E-14
5167.99500679971  4.802266E-14
5171.59664583207  4.947993E-14
5175.19828486443  4.960036E-14
5178.7999238968  4.851285E-14
5182.40156292916  4.647392E-14
5186.00320196152  4.465804E-14
5189.60484099389  4.375747E-14
5193.20648002625  4.392024E-14
5196.80811905862  4.457595E-14
5200.40975809098  4.574543E-14
5204.01139712334  4.734532E-14
5207.61303615571  4.892419E-14
5211.21467518807  4.953581E-14
5214.81631422044  4.964354E-14
5218.4179532528  4.937242E-14
5222.01959228516  4.818324E-14
5225.62123131753  4.591567E-14
5229.22287034989  4.358673E-14
5232.82450938226  4.285774E-14
5236.42614841462  4.312420E-14
5240.02778744698  4.413224E-14
5243.62942647935  4.539358E-14
5247.23106551171  4.706201E-14
5250.83270454408  4.828169E-14
5254.43434357644  4.843517E-14
5258.0359826088  4.841713E-14
5261.63762164117  4.752054E-14
5265.23926067353  4.627080E-14
5268.84089970589  4.416346E-14
5272.44253873826  4.209976E-14
5276.04417777062  4.065086E-14
5279.64581680299  4.080571E-14
5283.24745583535  4.207829E-14
5286.84909486771  4.397471E-14
5290.45073390008  4.551076E-14
5294.05237293244  4.709450E-14
5297.65401196481  4.922678E-14
5301.25565099717  5.101135E-14
5304.85729002953  5.276519E-14
5308.4589290619  5.406281E-14
5312.06056809426  5.480825E-14
5315.66220712663  5.501125E-14
5319.26384615899  5.470078E-14
5322.86548519135  5.509980E-14
5326.46712422372  5.515123E-14
5330.06876325608  5.502323E-14
5333.67040228844  5.488611E-14
5337.27204132081  5.511171E-14
5340.87368035317  5.557201E-14
5344.47531938554  5.545197E-14
5348.0769584179  5.527547E-14
5351.67859745027  5.477426E-14
5355.28023648263  5.499942E-14
5358.88187551499  5.523586E-14
5362.48351454736  5.522205E-14
5366.08515357972  5.457435E-14
5369.68679261208  5.346931E-14
5373.28843164445  5.258158E-14
5376.89007067681  5.186224E-14
5380.49170970917  5.130133E-14
5384.09334874154  5.079133E-14
5387.6949877739  5.081930E-14
5391.29662680627  5.153168E-14
5394.89826583863  5.251009E-14
5398.49990487099  5.308156E-14
5402.10154390336  5.399754E-14
5405.70318293572  5.524403E-14
5409.30482196809  5.623850E-14
5412.90646100045  5.625001E-14
5416.50810003281  5.573475E-14
5420.10973906518  5.571144E-14
5423.71137809754  5.624566E-14
5427.31301712991  5.612048E-14
5430.91465616227  5.515753E-14
5434.51629519463  5.393298E-14
5438.117934227  5.278338E-14
5441.71957325936  5.146746E-14
5445.32121229173  5.044735E-14
5448.92285132409  5.004409E-14
5452.52449035645  5.019137E-14
5456.12612938882  4.999294E-14
5459.72776842118  4.908515E-14
5463.32940745354  4.814073E-14
5466.93104648591  4.691255E-14
5470.53268551827  4.620655E-14
5474.13432455064  4.504105E-14
5477.735963583  4.375063E-14
5481.33760261536  4.249650E-14
5484.93924164773  4.181029E-14
5488.54088068009  4.124234E-14
5492.14251971246  4.121101E-14
5495.74415874482  4.249114E-14
5499.34579777718  4.485123E-14
5502.94743680955  4.732123E-14
5506.54907584191  4.906642E-14
5510.15071487428  5.086047E-14
5513.75235390664  5.266749E-14
5517.353992939  5.405786E-14
5520.95563197137  5.478455E-14
5524.55727100373  5.511224E-14
5528.15891003609  5.506620E-14
5531.76054906846  5.510626E-14
5535.36218810082  5.524182E-14
5538.96382713319  5.472814E-14
5542.56546616555  5.371981E-14
5546.16710519792  5.242669E-14
5549.76874423028  5.193910E-14
5553.37038326264  5.145146E-14
5556.97202229501  5.073014E-14
5560.57366132737  4.955244E-14
5564.17530035973  4.818918E-14
5567.7769393921  4.704909E-14
5571.37857842446  4.666903E-14
5574.98021745683  4.667979E-14
5578.58185648919  4.618900E-14
5582.18349552155  4.512118E-14
5585.78513455392  4.450856E-14
5589.38677358628  4.453999E-14
5592.98841261865  4.437844E-14
5596.59005165101  4.333213E-14
5600.19169068337  4.186141E-14
5603.79332971574  4.028382E-14
5607.3949687481  3.873208E-14
5610.99660778046  3.713156E-14
5614.59824681283  3.629068E-14
5618.19988584519  3.618942E-14
5621.80152487756  3.664914E-14
5625.40316390992  3.743085E-14
5629.00480294228  3.833206E-14
5632.60644197465  3.963541E-14
5636.20808100701  4.123121E-14
5639.80972003938  4.316906E-14
5643.41135907174  4.503120E-14
5647.0129981041  4.674896E-14
5650.61463713647  4.813455E-14
5654.21627616883  4.902815E-14
5657.81791520119  4.994787E-14
5661.41955423356  5.006194E-14
5665.02119326592  4.996621E-14
5668.62283229829  4.955941E-14
5672.22447133065  4.965860E-14
5675.82611036301  4.975040E-14
5679.42774939538  4.932948E-14
5683.02938842774  4.827836E-14
5686.63102746011  4.699846E-14
5690.23266649247  4.580357E-14
5693.83430552483  4.484562E-14
5697.4359445572  4.487508E-14
5701.03758358956  4.535492E-14
5704.63922262193  4.563487E-14
5708.24086165429  4.495016E-14
5711.84250068665  4.426205E-14
5715.44413971902  4.419629E-14
5719.04577875138  4.409146E-14
5722.64741778374  4.341670E-14
5726.24905681611  4.201815E-14
5729.85069584847  4.126817E-14
5733.45233488084  4.128434E-14
5737.0539739132  4.185773E-14
5740.65561294557  4.213159E-14
5744.25725197793  4.201306E-14
5747.85889101029  4.221049E-14
5751.46053004266  4.265506E-14
5755.06216907502  4.324148E-14
5758.66380810738  4.375985E-14
5762.26544713975  4.367042E-14
5765.86708617211  4.332534E-14
5769.46872520448  4.265252E-14
5773.07036423684  4.226964E-14
5776.6720032692  4.185583E-14
5780.27364230157  4.149740E-14
5783.87528133393  4.120652E-14
5787.4769203663  4.082133E-14
5791.07855939866  4.026635E-14
5794.68019843102  3.930928E-14
5798.28183746339  3.807912E-14
5801.88347649575  3.676293E-14
5805.48511552812  3.594011E-14
5809.08675456048  3.547096E-14
5812.68839359284  3.453122E-14
5816.29003262521  3.315754E-14
5819.89167165757  3.163576E-14
5823.49331068994  3.033468E-14
5827.0949497223  2.868645E-14
5830.69658875466  2.649943E-14
5834.29822778703  2.491385E-14
5837.89986681939  2.454290E-14
5841.50150585175  2.496127E-14
5845.10314488412  2.641175E-14
5848.70478391648  2.841872E-14
5852.30642294885  3.167868E-14
5855.90806198121  3.605369E-14
5859.50970101357  4.063311E-14
5863.11134004594  4.431974E-14
5866.7129790783  4.684861E-14
5870.31461811067  4.913194E-14
5873.91625714303  5.120763E-14
5877.51789617539  5.262204E-14
5881.11953520776  5.311482E-14
5884.72117424012  5.346676E-14
5888.32281327248  5.370942E-14
5891.92445230485  5.376821E-14
5895.52609133721  5.393406E-14
5899.12773036958  5.430124E-14
5902.72936940194  5.503191E-14
5906.3310084343  5.569193E-14
5909.93264746667  5.564475E-14
5913.53428649903  5.464959E-14
5917.1359255314  5.308037E-14
5920.73756456376  5.197752E-14
5924.33920359612  5.179537E-14
5927.94084262849  5.216823E-14
5931.54248166085  5.175828E-14
5935.14412069322  5.030134E-14
5938.74575972558  4.820125E-14
5942.34739875794  4.659768E-14
5945.94903779031  4.608975E-14
5949.55067682267  4.638112E-14
5953.15231585503  4.641022E-14
5956.7539548874  4.576100E-14
5960.35559391976  4.494663E-14
5963.95723295213  4.454698E-14
5967.55887198449  4.530339E-14
5971.16051101685  4.744482E-14
5974.76215004922  4.970301E-14
5978.36378908158  5.022681E-14
5981.96542811395  4.906407E-14
5985.56706714631  4.713716E-14
5989.16870617867  4.649661E-14
5992.77034521104  4.611846E-14
5996.3719842434  4.595280E-14
5999.97362327577  4.566251E-14
6003.57526230813  4.568987E-14
6007.17690134049  4.589700E-14
6010.77854037286  4.553435E-14
6014.38017940522  4.496961E-14
6017.98181843759  4.467521E-14
6021.58345746995  4.465543E-14
6025.18509650231  4.434901E-14
6028.78673553468  4.381450E-14
6032.38837456704  4.369988E-14
6035.9900135994  4.357708E-14
6039.59165263177  4.374806E-14
6043.19329166413  4.401923E-14
6046.7949306965  4.475920E-14
6050.39656972886  4.532933E-14
6053.99820876122  4.523053E-14
6057.59984779359  4.460195E-14
6061.20148682595  4.387489E-14
6064.80312585832  4.392064E-14
6068.40476489068  4.399626E-14
6072.00640392304  4.374934E-14
6075.60804295541  4.282522E-14
6079.20968198777  4.195200E-14
6082.81132102013  4.129014E-14
6086.4129600525  4.006256E-14
6090.01459908486  3.893705E-14
6093.61623811723  3.817703E-14
6097.21787714959  3.823027E-14
6100.81951618195  3.785696E-14
6104.42115521432  3.783871E-14
6108.02279424668  3.875110E-14
6111.62443327905  4.068377E-14
6115.22607231141  4.259936E-14
6118.82771134377  4.412754E-14
6122.42935037614  4.600905E-14
6126.0309894085  4.756465E-14
6129.63262844087  4.864401E-14
6133.23426747323  4.936099E-14
6136.83590650559  5.015262E-14
6140.43754553796  5.051024E-14
6144.03918457032  5.028478E-14
6147.64082360269  5.026965E-14
6151.24246263505  5.061995E-14
6154.84410166741  5.057175E-14
6158.44574069978  4.961867E-14
6162.04737973214  4.846415E-14
6165.64901876451  4.744140E-14
6169.25065779687  4.624885E-14
6172.85229682923  4.528519E-14
6176.4539358616  4.443829E-14
6180.05557489396  4.396731E-14
6183.65721392632  4.290870E-14
6187.25885295869  4.181029E-14
6190.86049199105  4.055444E-14
6194.46213102342  3.957761E-14
6198.06377005578  3.868639E-14
6201.66540908814  3.849559E-14
6205.26704812051  3.929389E-14
6208.86868715287  4.099895E-14
6212.47032618524  4.258586E-14
6216.0719652176  4.387946E-14
6219.67360424996  4.508960E-14
6223.27524328233  4.619310E-14
6226.87688231469  4.688644E-14
6230.47852134705  4.722621E-14
6234.08016037942  4.746697E-14
6237.68179941178  4.782729E-14
6241.28343844415  4.839105E-14
6244.88507747651  4.869015E-14
6248.48671650887  4.845468E-14
6252.08835554124  4.746323E-14
6255.6899945736  4.682476E-14
6259.29163360597  4.688093E-14
6262.89327263833  4.704092E-14
6266.49491167069  4.666463E-14
6270.09655070306  4.547729E-14
6273.69818973542  4.397540E-14
6277.29982876778  4.275933E-14
6280.90146780015  4.231843E-14
6284.50310683251  4.206321E-14
6288.10474586488  4.195082E-14
6291.70638489724  4.156741E-14
6295.3080239296  4.103433E-14
6298.90966296197  4.075063E-14
6302.51130199433  4.068860E-14
6306.1129410267  4.089379E-14
6309.71458005906  4.097529E-14
6313.31621909142  4.076309E-14
6316.91785812379  4.077547E-14
6320.51949715615  4.084243E-14
6324.12113618852  4.087401E-14
6327.72277522088  4.083470E-14
6331.32441425324  4.074899E-14
6334.92605328561  4.091244E-14
6338.52769231797  4.079023E-14
6342.12933135033  4.094311E-14
6345.7309703827  4.107982E-14
6349.33260941506  4.106198E-14
6352.93424844743  4.060551E-14
6356.53588747979  3.977997E-14
6360.13752651216  3.906537E-14
6363.73916554452  3.800612E-14
6367.34080457688  3.696883E-14
6370.94244360925  3.573259E-14
6374.54408264161  3.413948E-14
6378.14572167398  3.201410E-14
6381.74736070634  2.997346E-14
6385.3489997387  2.816658E-14
6388.95063877107  2.719372E-14
6392.55227780343  2.745127E-14
6396.1539168358  2.856984E-14
6399.75555586816  2.944202E-14
6403.35719490052  2.931653E-14
6406.95883393289  2.885245E-14
6410.56047296525  2.871501E-14
6414.16211199762  2.854098E-14
6417.76375102998  2.819087E-14
6421.36539006234  2.749537E-14
6424.96702909471  2.662704E-14
6428.56866812707  2.551330E-14
6432.17030715943  2.377811E-14
6435.7719461918  2.196642E-14
6439.37358522416  2.014282E-14
6442.97522425652  1.872406E-14
6446.57686328889  1.759571E-14
6450.17850232125  1.652658E-14
6453.78014135362  1.587324E-14
6457.38178038598  1.549556E-14
6460.98341941834  1.557797E-14
6464.58505845071  1.556718E-14
6468.18669748307  1.536024E-14
6471.78833651544  1.544170E-14
6475.3899755478  1.630288E-14
6478.99161458016  1.775000E-14
6482.59325361253  1.939844E-14
6486.19489264489  2.098984E-14
6489.79653167725  2.302575E-14
6493.39817070962  2.622675E-14
6496.99980974198  3.048985E-14
6500.60144877435  3.572674E-14
6504.20308780671  4.115961E-14
6507.80472683908  4.730356E-14
6511.40636587144  5.448087E-14
6515.0080049038  6.285751E-14
6518.60964393617  7.143784E-14
6522.21128296853  7.989769E-14
6525.81292200089  8.766246E-14
6529.41456103326  9.446334E-14
6533.01620006562  9.927777E-14
6536.61783909799  1.026247E-13
6540.21947813035  1.051909E-13
6543.82111716271  1.071307E-13
6547.42275619508  1.084285E-13
6551.02439522744  1.088976E-13
6554.62603425981  1.089792E-13
6558.22767329217  1.086762E-13
6561.82931232453  1.080882E-13
6565.4309513569  1.070866E-13
6569.03259038926  1.056332E-13
6572.63422942163  1.036266E-13
6576.23586845399  1.008493E-13
6579.83750748635  9.827837E-14
6583.43914651872  9.534424E-14
6587.04078555108  9.275427E-14
6590.64242458345  8.966208E-14
6594.24406361581  8.710498E-14
6597.84570264817  8.451819E-14
6601.44734168054  8.217199E-14
6605.0489807129  7.988603E-14
6608.65061974527  7.778091E-14
6612.25225877763  7.532132E-14
6615.85389780999  7.258705E-14
6619.45553684236  7.021552E-14
6623.05717587472  6.818146E-14
6626.65881490708  6.641696E-14
6630.26045393945  6.482628E-14
6633.86209297181  6.345232E-14
6637.46373200417  6.205975E-14
6641.06537103654  6.077428E-14
6644.6670100689  5.971377E-14
6648.26864910127  5.859002E-14
6651.87028813363  5.705026E-14
6655.47192716599  5.562869E-14
6659.07356619836  5.473609E-14
6662.67520523072  5.398020E-14
6666.27684426309  5.291973E-14
6669.87848329545  5.171596E-14
6673.48012232781  5.081154E-14
6677.08176136018  5.021571E-14
6680.68340039254  4.990092E-14
6684.28503942491  4.936411E-14
6687.88667845727  4.846781E-14
6691.48831748963  4.755708E-14
6695.089956522  4.668321E-14
6698.69159555436  4.617319E-14
6702.29323458673  4.577685E-14
6705.89487361909  4.534441E-14
6709.49651265145  4.512536E-14
6713.09815168382  4.460036E-14
6716.69979071618  4.424122E-14
6720.30142974855  4.391506E-14
6723.90306878091  4.363278E-14
6727.50470781327  4.357574E-14
6731.10634684564  4.350856E-14
6734.707985878  4.345661E-14
6738.30962491036  4.332397E-14
6741.91126394273  4.301604E-14
6745.51290297509  4.284898E-14
6749.11454200746  4.246007E-14
6752.71618103982  4.200638E-14
6756.31782007218  4.159463E-14
6759.91945910455  4.130214E-14
6763.52109813691  4.115331E-14
6767.12273716928  4.120243E-14
6770.72437620164  4.146951E-14
6774.326015234  4.149001E-14
6777.92765426637  4.143998E-14
6781.52929329873  4.135143E-14
6785.13093233109  4.140393E-14
6788.73257136346  4.144461E-14
6792.33421039582  4.142931E-14
6795.93584942819  4.145978E-14
6799.53748846055  4.129367E-14
6803.13912749292  4.107680E-14
6806.74076652528  4.067306E-14
6810.34240555764  4.058387E-14
6813.94404459001  4.069331E-14
6817.54568362237  4.126851E-14
6821.14732265473  4.154513E-14
6824.7489616871  4.182613E-14
6828.35060071946  4.172663E-14
6831.95223975182  4.167421E-14
6835.55387878419  4.148809E-14
6839.15551781655  4.136863E-14
6842.75715684892  4.123305E-14
6846.35879588128  4.122354E-14
6849.96043491364  4.133243E-14
6853.56207394601  4.127964E-14
6857.16371297837  4.046875E-14
6860.76535201074  3.865627E-14
6864.3669910431  3.595300E-14
6867.96863007546  3.313165E-14
6871.57026910783  3.111315E-14
6875.17190814019  3.118086E-14
6878.77354717256  3.269385E-14
6882.37518620492  3.455078E-14
6885.97682523728  3.511466E-14
6889.57846426965  3.510896E-14
6893.18010330201  3.478363E-14
6896.78174233438  3.497187E-14
6900.38338136674  3.538903E-14
6903.9850203991  3.596197E-14
6907.58665943147  3.646499E-14
6911.18829846383  3.678719E-14
6914.7899374962  3.728754E-14
6918.39157652856  3.759892E-14
6921.99321556092  3.757061E-14
6925.59485459329  3.693195E-14
6929.19649362565  3.595130E-14
6932.79813265801  3.498912E-14
6936.39977169038  3.442660E-14
6940.00141072274  3.453714E-14
6943.60304975511  3.489192E-14
6947.20468878747  3.507782E-14
6950.80632781983  3.553283E-14
6954.4079668522  3.608215E-14
6958.00960588456  3.708591E-14
6961.61124491693  3.781357E-14
6965.21288394929  3.888058E-14
6968.81452298165  3.990895E-14
6972.41616201402  4.074646E-14
6976.01780104638  4.092568E-14
6979.61944007874  4.056711E-14
6983.22107911111  4.009829E-14
6986.82271814347  3.981386E-14
6990.42435717584  3.976822E-14
6994.0259962082  3.974387E-14
6997.62763524056  3.958426E-14
7001.22927427293  3.930903E-14
7004.83091330529  3.923801E-14
7008.43255233766  3.936433E-14
7012.03419137002  3.944811E-14
7015.63583040238  3.927915E-14
7019.23746943475  3.932313E-14
7022.83910846711  3.926336E-14
7026.44074749948  3.922159E-14
7030.04238653184  3.904986E-14
7033.6440255642  3.954613E-14
7037.24566459657  4.000727E-14
7040.84730362893  4.005911E-14
7044.4489426613  3.967375E-14
7048.05058169366  3.941903E-14
7051.65222072602  3.932970E-14
7055.25385975839  3.919361E-14
7058.85549879075  3.912957E-14
7062.45713782311  3.949361E-14
7066.05877685548  4.035882E-14
7069.66041588784  4.108998E-14
7073.26205492021  4.125926E-14
7076.86369395257  4.108617E-14
7080.46533298493  4.094755E-14
7084.0669720173  4.067770E-14
7087.66861104966  4.023790E-14
7091.27025008203  3.972257E-14
7094.87188911439  3.983767E-14
7098.47352814675  4.000999E-14
7102.07516717912  4.029127E-14
7105.67680621148  4.031764E-14
7109.27844524385  4.055103E-14
7112.88008427621  4.085495E-14
7116.48172330857  4.141444E-14
7120.08336234094  4.188795E-14
7123.6850013733  4.169227E-14
7127.28664040566  4.113594E-14
7130.88827943803  4.044635E-14
7134.48991847039  4.057638E-14
7138.09155750276  4.097992E-14
7141.69319653512  4.098410E-14
7145.29483556748  4.053457E-14
7148.89647459985  3.988923E-14
7152.49811363221  3.926491E-14
7156.09975266458  3.859200E-14
7159.70139169694  3.764003E-14
7163.3030307293  3.582496E-14
7166.90466976167  3.314833E-14
7170.50630879403  3.064722E-14
7174.10794782639  2.944703E-14
7177.70958685876  2.908212E-14
7181.31122589112  2.887082E-14
7184.91286492349  2.868449E-14
7188.51450395585  2.851894E-14
7192.11614298821  2.857691E-14
7195.71778202058  2.898821E-14
7199.31942105294  3.006405E-14
7202.92106008531  3.196338E-14
7206.52269911767  3.437226E-14
7210.12433815003  3.685332E-14
7213.7259771824  3.857591E-14
7217.32761621476  3.928165E-14
7220.92925524713  3.902659E-14
7224.53089427949  3.764072E-14
7228.13253331185  3.562339E-14
7231.73417234422  3.349704E-14
7235.33581137658  3.219494E-14
7238.93745040895  3.184304E-14
7242.53908944131  3.176643E-14
7246.14072847367  3.173148E-14
7249.74236750604  3.175741E-14
7253.3440065384  3.186116E-14
7256.94564557076  3.190763E-14
7260.54728460313  3.225468E-14
7264.14892363549  3.300087E-14
7267.75056266786  3.353090E-14
7271.35220170022  3.344632E-14
7274.95384073258  3.355253E-14
7278.55547976495  3.430557E-14
7282.15711879731  3.534771E-14
7285.75875782968  3.609038E-14
7289.36039686204  3.622177E-14
7292.9620358944  3.612190E-14
7296.56367492677  3.580001E-14
7300.16531395913  3.580688E-14
7303.7669529915  3.618893E-14
7307.36859202386  3.671758E-14
7310.97023105622  3.732266E-14
7314.57187008859  3.781558E-14
7318.17350912095  3.834726E-14
7321.77514815331  3.887902E-14
7325.37678718568  3.959599E-14
7328.97842621804  4.047216E-14
7332.58006525041  4.098383E-14
7336.18170428277  4.082649E-14
7339.78334331513  4.039146E-14
7343.3849823475  4.004988E-14
7346.98662137986  3.986517E-14
7350.58826041223  3.953244E-14
7354.18989944459  3.922743E-14
7357.79153847695  3.881644E-14
7361.39317750932  3.834078E-14
7364.99481654168  3.817675E-14
7368.59645557405  3.813165E-14
7372.19809460641  3.825054E-14
7375.79973363877  3.809918E-14
7379.40137267114  3.798560E-14
7383.0030117035  3.793413E-14
7386.60465073586  3.785630E-14
7390.20628976823  3.772312E-14
7393.80792880059  3.743320E-14
7397.40956783296  3.715154E-14
7401.01120686532  3.695529E-14
7404.61284589768  3.714663E-14
7408.21448493005  3.741234E-14
7411.81612396241  3.765012E-14
7415.41776299478  3.783080E-14
7419.01940202714  3.835711E-14
7422.6210410595  3.902259E-14
7426.22268009187  3.948390E-14
7429.82431912423  3.974920E-14
7433.4259581566  4.010916E-14
7437.02759718896  4.022685E-14
7440.62923622132  4.023358E-14
7444.23087525369  3.995335E-14
7447.83251428605  3.987677E-14
7451.43415331841  4.007974E-14
7455.03579235078  4.023813E-14
7458.63743138314  4.007476E-14
7462.23907041551  3.959496E-14
7465.84070944787  3.925459E-14
7469.44234848023  3.893875E-14
7473.0439875126  3.851822E-14
7476.64562654496  3.788029E-14
7480.24726557733  3.724995E-14
7483.84890460969  3.681941E-14
7487.45054364205  3.662281E-14
7491.05218267442  3.671146E-14
7494.65382170678  3.672075E-14
7498.25546073915  3.670046E-14
7501.85709977151  3.645989E-14
7505.45873880387  3.618919E-14
7509.06037783624  3.627204E-14
7512.6620168686  3.641442E-14
7516.26365590096  3.615750E-14
7519.86529493333  3.562983E-14
7523.46693396569  3.539143E-14
7527.06857299806  3.554305E-14
7530.67021203042  3.565957E-14
7534.27185106278  3.558834E-14
7537.87349009515  3.523144E-14
7541.47512912751  3.500730E-14
7545.07676815988  3.467154E-14
7548.67840719224  3.452398E-14
7552.2800462246  3.451940E-14
7555.88168525697  3.477461E-14
7559.48332428933  3.477534E-14
7563.0849633217  3.464950E-14
7566.68660235406  3.495912E-14
7570.28824138642  3.525272E-14
7573.88988041879  3.496749E-14
7577.49151945115  3.410760E-14
7581.09315848351  3.346672E-14
7584.69479751588  3.210003E-14
7588.29643654824  2.923436E-14
7591.89807558061  2.426689E-14
7595.49971461297  1.812113E-14
7599.10135364533  1.219888E-14
7602.7029926777  8.107887E-15
7606.30463171006  7.058893E-15
7609.90627074243  8.889225E-15
7613.50790977479  1.210501E-14
7617.10954880715  1.505044E-14
7620.71118783952  1.643247E-14
7624.31282687188  1.622140E-14
7627.91446590424  1.505814E-14
7631.51610493661  1.400671E-14
7635.11774396897  1.379188E-14
7638.71938300134  1.495667E-14
7642.3210220337  1.678948E-14
7645.92266106606  1.878318E-14
7649.52430009843  2.055576E-14
7653.12593913079  2.218088E-14
7656.72757816316  2.366440E-14
7660.32921719552  2.532904E-14
7663.93085622788  2.692268E-14
7667.53249526025  2.876858E-14
7671.13413429261  3.008811E-14
7674.73577332498  3.168245E-14
7678.33741235734  3.322217E-14
