5257 6.33721040257224e-15
5258 6.85155718374878e-15
5259 7.40854995623721e-15
5260 5.94868782461148e-15
5261 6.85695701878753e-15
5262 4.8133058038705e-15
5263 4.51198315024721e-15
5264 6.46106059550445e-15
5265 5.78322120891477e-15
5266 5.6368928791448e-15
5267 5.54296793672262e-15
5268 5.57580147485704e-15
5269 5.50850851884594e-15
5270 6.04700124473339e-15
5271 5.84364176310832e-15
5272 5.99868394432317e-15
5273 5.77687057939274e-15
5274 4.88990214625776e-15
5275 5.73365961710503e-15
5276 5.89499694718387e-15
5277 5.46863656043632e-15
5278 6.01036961086349e-15
5279 5.78071356787443e-15
5280 4.53717645119739e-15
5281 4.91604962982303e-15
5282 5.72529050806968e-15
5283 5.81817317645028e-15
5284 5.68763735246539e-15
5285 5.53057584470429e-15
5286 5.52018571505679e-15
5287 6.05534790739564e-15
5288 5.81762768723224e-15
5289 5.4261307530772e-15
5290 6.56499534978081e-15
5291 6.05587391485588e-15
5292 5.81260605240445e-15
5293 7.06198134367043e-15
5294 6.48488551472834e-15
5295 6.18726651266692e-15
5296 6.30815124325079e-15
5297 5.14153403554686e-15
5298 5.69770688014235e-15
5299 5.51207368052094e-15
5300 5.79639765344226e-15
5301 5.81966607201981e-15
5302 5.30553274314598e-15
5303 5.53890937835585e-15
5304 6.11208683288394e-15
5305 6.06219955690598e-15
5306 4.97025762086494e-15
5307 5.75786866577051e-15
5308 7.60114068448737e-15
5309 6.58944241470447e-15
5310 5.22373434791315e-15
5311 6.29655705626877e-15
5312 4.61953642927424e-15
5313 5.25461801620299e-15
5314 5.57009459037491e-15
5315 5.30993689095522e-15
5316 5.44792660487595e-15
5317 5.52549872921844e-15
5318 5.57304014744899e-15
5319 6.61697691472086e-15
5320 6.39204308041275e-15
5321 6.26051707491252e-15
5322 5.7888734597718e-15
5323 5.64565585850062e-15
5324 5.21358138749089e-15
5325 5.14705541981354e-15
5326 5.1204530795556e-15
5327 4.72527748131063e-15
5328 5.11667615964379e-15
5329 5.40611748211595e-15
5330 5.02820441533602e-15
5331 5.28816052091426e-15
5332 5.13800063760739e-15
5333 5.03642741118797e-15
5334 5.77844055496047e-15
5335 6.02347363407398e-15
5336 5.50091148034202e-15
5337 4.73962198427238e-15
5338 4.70410885740932e-15
5339 4.57498884899577e-15
5340 4.41950239900009e-15
5341 4.86319011523315e-15
5342 5.25621509682504e-15
5343 4.17810309123029e-15
5344 4.56487019340787e-15
5345 5.16118265882432e-15
5346 5.25130865847807e-15
5347 5.25442955137223e-15
5348 5.50431062355935e-15
5349 4.69908214038384e-15
5350 4.77629851088849e-15
5351 5.2804516740613e-15
5352 4.17470945372712e-15
5353 4.50452841327842e-15
5354 3.68251046653891e-15
5355 4.43302485648653e-15
5356 4.74106998709571e-15
5357 5.45858778506656e-15
5358 4.21890805643132e-15
5359 5.1788716713783e-15
5360 5.75352592784993e-15
5361 5.07689483375952e-15
5362 5.71663467838169e-15
5363 4.82682444970868e-15
5364 3.80032851433725e-15
5365 4.44853106513544e-15
5366 4.71095542472198e-15
5367 3.6791960266163e-15
5368 4.56239219852068e-15
5369 4.50306601089499e-15
5370 4.53416440203695e-15
5371 4.13118212463362e-15
5372 4.24038330625954e-15
5373 4.35317082538413e-15
5374 3.93697271642126e-15
5375 4.5446002714636e-15
5376 4.25922131900647e-15
5377 3.69946001932994e-15
5378 4.18506570205673e-15
5379 4.18958758744564e-15
5380 4.6426938865357e-15
5381 5.20977312736003e-15
5382 4.52904832303554e-15
5383 3.87296751879493e-15
5384 4.04697053253407e-15
5385 4.5583209346597e-15
5386 4.39429003980859e-15
5387 4.21303515349154e-15
5388 3.85682476488616e-15
5389 3.51612270251206e-15
5390 4.15979997978955e-15
5391 4.48624224249662e-15
5392 5.19722814589473e-15
5393 4.2366004571171e-15
5394 3.95322177296491e-15
5395 3.99671267964168e-15
5396 4.06794857402224e-15
5397 4.60546340037209e-15
5398 3.93395050286545e-15
5399 3.92752745202642e-15
5400 4.07715031644474e-15
5401 5.18252788909513e-15
5402 4.57378775627656e-15
5403 4.36078649861289e-15
5404 4.08309733476741e-15
5405 3.7289270250155e-15
5406 3.60379950639883e-15
5407 3.88608636508201e-15
5408 4.21658422154053e-15
5409 3.92397203123032e-15
5410 3.77784233068649e-15
5411 3.36838766277494e-15
5412 3.49066046860112e-15
5413 3.6465276599066e-15
5414 3.75874766695653e-15
5415 3.44975576527056e-15
5416 4.00476796297007e-15
5417 3.81238560482494e-15
5418 3.93902084208772e-15
5419 4.19571290620371e-15
5420 3.5875500263387e-15
5421 3.9921323489794e-15
5422 4.55564431054638e-15
5423 4.02329087946063e-15
5424 3.79013277875115e-15
5425 3.85116489073261e-15
5426 3.39661482398395e-15
5427 3.20374605716886e-15
5428 3.65505135245482e-15
5429 3.84590396909721e-15
5430 3.3020590537743e-15
5431 3.34286719534888e-15
5432 4.00344616805588e-15
5433 3.10539007364135e-15
5434 3.04748351323525e-15
5435 3.30181108487899e-15
5436 4.01572772227459e-15
5437 4.08253236379159e-15
5438 3.86222248234254e-15
5439 3.06053692622715e-15
5440 3.53520317844015e-15
5441 3.12349794398775e-15
5442 3.85847520858388e-15
5443 3.97484144191063e-15
5444 2.51266246341592e-15
5445 3.12734601466713e-15
5446 3.48363073041362e-15
5447 2.67661691354354e-15
5448 3.26754330820663e-15
5449 3.33831714611447e-15
5450 3.74753633886667e-15
5451 2.9463806018598e-15
5452 2.98893447833867e-15
5453 3.2885575603533e-15
5454 3.12450188978848e-15
5455 3.55377966976462e-15
5456 3.70745219870376e-15
5457 3.31298874340919e-15
5458 3.55182916464533e-15
5459 3.911941198764e-15
5460 2.50706611673341e-15
5461 2.21042014377014e-15
5462 2.73481040636051e-15
5463 3.00017587609815e-15
5464 3.20206639083445e-15
5465 3.62464075206602e-15
5466 3.59731673973702e-15
5467 3.0956640178245e-15
5468 2.99660944387374e-15
5469 2.5224658109892e-15
5470 2.7908606940627e-15
5471 3.20660818149763e-15
5472 3.36593571415088e-15
5473 3.57880906983951e-15
5474 2.45078204793778e-15
5475 2.71674933458445e-15
5476 3.36777589322879e-15
5477 2.97034909316825e-15
5478 2.93159606528195e-15
5479 3.07271747176691e-15
5480 3.41403511533542e-15
5481 2.76191313133205e-15
5482 2.79741672907445e-15
5483 3.15840438350234e-15
5484 2.84433155468226e-15
5485 2.13673399483141e-15
5486 2.80955704054921e-15
5487 2.91274746462317e-15
5488 2.90968226414529e-15
5489 2.87871473959368e-15
5490 3.26388497290744e-15
5491 3.03288278280696e-15
5492 3.5709066759581e-15
5493 3.5551899796218e-15
5494 3.40363397425961e-15
5495 3.13719721960193e-15
5496 3.13463896834299e-15
5497 3.20710941324417e-15
5498 3.08108615728578e-15
5499 3.34762159128182e-15
5500 3.27948922562e-15
5501 3.27840629399693e-15
5502 3.21676135367813e-15
5503 3.66575996649048e-15
5504 3.4564371611585e-15
5505 3.58245681722686e-15
5506 3.54724311651066e-15
5507 2.86571384264451e-15
5508 3.70081400149613e-15
5509 3.66040417716499e-15
5510 3.16695348703897e-15
5511 4.09737111047807e-15
5512 4.1011332073133e-15
5513 4.2301511482567e-15
5514 4.58032727414584e-15
5515 4.91630204564131e-15
5516 4.23564796856791e-15
5517 4.07580776922334e-15
5518 4.70504440529956e-15
5519 4.88049838647735e-15
5520 3.79680443376019e-15
5521 3.90278350205476e-15
5522 4.67311168670455e-15
5523 4.0208069553428e-15
5524 4.28750120801645e-15
5525 4.04751813933447e-15
5526 4.58142672291138e-15
5527 4.8096589035161e-15
5528 4.27024968797972e-15
5529 4.44002516027911e-15
5530 4.0148861950415e-15
5531 4.8719975638187e-15
5532 4.10189511344935e-15
5533 4.21544369167705e-15
5534 4.83587414971715e-15
5535 4.75311776022098e-15
5536 4.63339685290664e-15
5537 4.62098866726231e-15
5538 5.04702506390754e-15
5539 4.98826384725767e-15
5540 4.55163488009055e-15
5541 4.76863286271584e-15
5542 4.92796653635795e-15
5543 4.97577011128567e-15
5544 5.17635767759085e-15
5545 5.27583534449877e-15
5546 5.27105977274215e-15
5547 5.28116572283584e-15
5548 5.21982740844394e-15
5549 5.4524302790565e-15
5550 5.44939578352296e-15
5551 4.84446348731878e-15
5552 4.54597500593699e-15
5553 4.51559066356956e-15
5554 5.06035185678317e-15
5555 5.37197654862744e-15
5556 4.81188575313443e-15
5557 4.75146096377615e-15
5558 4.20237820846566e-15
5559 4.25182799192636e-15
5560 4.32358438805301e-15
5561 4.42628925048996e-15
5562 4.73786650848919e-15
5563 4.40846471266442e-15
5564 4.66911115009467e-15
5565 4.40579740591351e-15
5566 4.46490505903881e-15
5567 5.14926194064113e-15
5568 4.61950763015403e-15
5569 4.65263720630352e-15
5570 4.47362399268137e-15
5571 4.36863298831978e-15
5572 3.38724642782908e-15
5573 3.73682603076512e-15
5574 3.89696099757533e-15
5575 3.71978457489931e-15
5576 3.68141355887221e-15
5577 4.01821842265599e-15
5578 4.55815576323499e-15
5579 4.31004287232526e-15
5580 4.29476155092384e-15
5581 4.28623574079325e-15
5582 4.11421605470011e-15
5583 3.86905676767746e-15
5584 3.79444841161741e-15
5585 3.68895130506983e-15
5586 3.08098726618919e-15
5587 3.05620392918547e-15
5588 3.08831452469941e-15
5589 3.43107614768476e-15
5590 3.84468000648843e-15
5591 3.21699788762865e-15
5592 2.92267596131441e-15
5593 2.77795170018831e-15
5594 2.82019365678435e-15
5595 2.77306643766502e-15
5596 2.60681377539326e-15
5597 2.72810296420944e-15
5598 3.16674045825274e-15
5599 3.27629061745293e-15
5600 2.38725605920137e-15
5601 2.54147492439148e-15
5602 2.42891779822854e-15
5603 2.27381314833383e-15
5604 2.62399541521184e-15
5605 2.65295144827196e-15
5606 2.33394401725942e-15
5607 2.59338978548693e-15
5608 3.19270688852553e-15
5609 2.39964370429672e-15
5610 2.55176002195352e-15
5611 3.03750440632542e-15
5612 2.48242063434186e-15
5613 2.58114592423437e-15
5614 2.9450058673864e-15
5615 2.23316742532689e-15
5616 2.66788590968148e-15
5617 2.2086655150199e-15
5618 2.0913544164405e-15
5619 3.01221666120161e-15
5620 2.85781589568607e-15
5621 2.76718485263752e-15
5622 2.96217289588664e-15
5623 2.91178629398627e-15
5624 2.8546638743311e-15
5625 3.15509248467857e-15
5626 2.90847587747017e-15
5627 2.76842236777346e-15
5628 3.52167161534953e-15
5629 3.01524967442749e-15
5630 2.06834857807659e-15
5631 2.28484554071358e-15
5632 2.70371582686681e-15
5633 3.03223607315173e-15
5634 2.7461657300514e-15
5635 3.19770565346375e-15
5636 2.8869059717101e-15
5637 2.62702165217414e-15
5638 3.2162054883065e-15
5639 2.60801359756304e-15
5640 3.17921788884051e-15
5641 3.68891022397189e-15
5642 2.44388550568124e-15
5643 2.53967900278507e-15
5644 2.91754294165405e-15
5645 3.00320168954398e-15
5646 2.3853195301257e-15
5647 3.05802102661557e-15
5648 3.43130759943759e-15
5649 2.57980316525474e-15
5650 2.65851603121895e-15
5651 2.56250887005417e-15
5652 3.01123579704869e-15
5653 2.58344561868617e-15
5654 2.6620015717969e-15
5655 2.33935973416592e-15
5656 2.40054854724263e-15
5657 2.3189767333232e-15
5658 3.10601497219818e-15
5659 2.89928705230012e-15
5660 2.51738742495394e-15
5661 2.39679788535218e-15
5662 2.07410501398613e-15
5663 2.23715440940961e-15
5664 2.33315521782729e-15
5665 2.38286927556754e-15
5666 2.42729043617863e-15
5667 2.28262504384236e-15
5668 2.3468667754192e-15
5669 2.317899942689e-15
5670 2.57528678557998e-15
5671 2.60570882091356e-15
5672 2.26339824297263e-15
5673 2.75467269369892e-15
5674 2.43791837032607e-15
5675 2.39330874488421e-15
5676 2.1065844923486e-15
5677 2.49370014858397e-15
5678 2.38738057304461e-15
5679 2.00181964578393e-15
5680 2.34944599074359e-15
5681 2.37363746347541e-15
5682 2.0358896402631e-15
5683 2.15699777578681e-15
5684 2.34906969635677e-15
5685 1.8560495107262e-15
5686 1.45938842844998e-15
5687 2.52148897024278e-15
5688 1.67884947700677e-15
5689 1.77394173670939e-15
5690 2.35924277381153e-15
5691 2.33024269503815e-15
5692 1.8611890948919e-15
5693 2.18118437807918e-15
5694 2.06534775210271e-15
5695 2.32232928972843e-15
5696 2.31218649370153e-15
5697 2.08912523748156e-15
5698 1.95709058869651e-15
5699 1.78187652960103e-15
5700 1.71736385336019e-15
5701 1.68061077614147e-15
5702 1.46055818095014e-15
5703 1.73698314812184e-15
5704 2.07218309622881e-15
5705 1.88777978844682e-15
5706 1.73879029291481e-15
5707 1.84094648976018e-15
5708 1.69870541159807e-15
5709 1.48866146359062e-15
5710 1.95276394440193e-15
5711 2.05450742444375e-15
5712 2.21563532562638e-15
5713 2.03652300914941e-15
5714 1.43265204522814e-15
5715 1.72848031375995e-15
5716 1.40064859938203e-15
5717 1.59519237385032e-15
5718 1.36980675334396e-15
5719 1.93318011914494e-15
5720 1.88637858419382e-15
5721 1.54469608118328e-15
5722 1.57712960800836e-15
5723 1.78887640987714e-15
5724 1.59308357944901e-15
5725 1.56114577865631e-15
5726 1.42891525350221e-15
5727 1.26656349558991e-15
5728 1.3077271792441e-15
5729 1.19124945520567e-15
5730 1.11285136786049e-15
5731 1.16054493438418e-15
5732 9.59114146780002e-16
5733 9.60421859771445e-16
5734 9.40788694845274e-16
5735 1.33183585450532e-15
5736 1.36249336499825e-15
5737 1.25356079869573e-15
5738 1.09011181547938e-15
5739 1.05682490295994e-15
5740 9.55331721154038e-16
5741 6.74781121194054e-16
5742 8.30049566084937e-16
5743 9.42228650855606e-16
5744 7.97001728614863e-16
5745 8.85070549937531e-16
5746 9.98381006027936e-16
5747 1.04186291297964e-15
5748 1.11153613745164e-15
5749 1.23649403772062e-15
5750 8.81606449881057e-16
5751 5.78997470848235e-16
5752 7.98118118039345e-16
5753 1.07252095286816e-15
5754 6.25327896662e-16
5755 8.84940000984535e-16
5756 1.0635069341226e-15
5757 7.95033329924563e-16
5758 3.30030029573844e-16
5759 1.10913659899118e-15
5760 1.28316851772965e-15
5761 8.61429913319222e-16
5762 1.07547963895292e-15
5763 8.83737849474145e-16
5764 9.55293392913175e-16
5765 9.06100578072842e-16
5766 7.80354513646442e-16
5767 1.26605072301946e-15
5768 9.16817980075332e-16
5769 7.85323314794154e-16
5770 7.33867863193468e-16
5771 9.39648164981796e-16
5772 6.84744028598777e-16
5773 6.55896256937223e-16
5774 9.32231756253874e-16
5775 8.82049765749826e-16
5776 9.11345088444886e-16
5777 1.19117322224042e-15
5778 1.2950522841005e-15
5779 8.27781317731309e-16
5780 6.27691277403517e-16
5781 9.07205956069009e-16
5782 9.86025018788982e-16
5783 9.36025299187271e-16
5784 8.13601986194272e-16
5785 1.27082862411669e-15
5786 1.43486290709959e-15
5787 1.53675853543456e-15
5788 1.0002324082924e-15
5789 8.82577043759492e-16
5790 1.0966642506011e-15
5791 9.72129337410157e-16
5792 1.02059296276202e-15
5793 4.70777418073033e-16
5794 8.87228101672865e-16
5795 1.17195436230458e-15
5796 8.99688856299482e-16
5797 1.24675224198658e-15
5798 1.10628463905778e-15
5799 1.18299098984906e-15
5800 1.57379515693237e-15
5801 1.15462311529169e-15
5802 1.60088337646468e-15
5803 1.58276036540435e-15
5804 1.46369146170115e-15
5805 1.59704144677417e-15
5806 1.59507082462239e-15
5807 1.80166258397418e-15
5808 1.39209420188947e-15
5809 1.37388140533673e-15
5810 1.68205888484392e-15
5811 1.36989198603428e-15
5812 1.70288191930274e-15
5813 1.39902049617829e-15
5814 1.07647744376478e-15
5815 1.63428601486054e-15
5816 1.54771818885996e-15
5817 1.50883641196568e-15
5818 1.67815819224269e-15
5819 1.81945684037186e-15
5820 1.93259185476307e-15
5821 1.68383405414312e-15
5822 1.96841393689364e-15
5823 1.82844343642576e-15
5824 2.18485732469671e-15
5825 2.1567987230442e-15
5826 1.87996125082719e-15
5827 1.92380007628704e-15
5828 1.84189008446342e-15
5829 1.05266184190331e-15
5830 2.10152241169757e-15
5831 1.70137970637079e-15
5832 2.45950839311863e-15
5833 2.57720552696375e-15
5834 2.24211145797518e-15
5835 1.80759859086854e-15
5836 2.19376345262062e-15
5837 2.40032450702808e-15
5838 2.1585749511346e-15
5839 1.25413731049545e-15
5840 1.9975853280806e-15
