4927.012320328542 7.87554029000307e-17
4931.391170431212 6.40643972884031e-17
4935.770020533881 4.93733916767756e-17
4940.148870636551 4.28042739764591e-17
4944.52772073922 3.62734249600019e-17
4948.906570841889 5.18048692350405e-17
4953.285420944559 6.7440260334575e-17
4957.664271047229 7.44709779039205e-17
4962.043121149897 8.142023472654181e-17
4966.421971252567 6.62452755170115e-17
4970.800821355237 5.08078717514528e-17
4975.179671457906 5.13380581281523e-17
4979.558521560575 5.20960831327734e-17
4983.937371663244 6.088623702607641e-17
4988.316221765914 6.98299388021264e-17
4992.695071868584 6.09814488233037e-17
4997.073921971252 5.1792842028934e-17
5001.452772073922 4.45301135326571e-17
5005.831622176592 3.7313624432622e-17
5010.210472279261 4.40737943846586e-17
5014.58932238193 5.12039853857473e-17
5018.9681724846 5.93865122534035e-17
5023.347022587269 6.759950914610369e-17
5027.725872689939 5.86161887274349e-17
5032.104722792608 4.90492394470507e-17
5036.483572895278 5.05478855762049e-17
5040.862422997947 5.24220882470704e-17
5045.241273100616 5.89408074870252e-17
5049.620123203285 6.5640553549676e-17
5053.998973305956 6.190231922075691e-17
5058.377823408624 5.773075474742341e-17
5062.756673511294 4.99290485988968e-17
5067.135523613963 4.19673822635147e-17
5071.514373716633 4.62817247280198e-17
5075.893223819302 5.11684463979095e-17
5080.272073921972 4.24549324427208e-17
5084.650924024641 3.30722823115359e-17
5089.029774127311 4.36721220966477e-17
5093.408624229979 5.53587713275358e-17
5097.787474332649 4.82281932059204e-17
5102.166324435319 4.00250099840075e-17
5106.545174537988 4.69014848388915e-17
5110.924024640657 5.46771182545104e-17
5115.302874743327 4.82157226310055e-17
5119.681724845996 4.08678375450276e-17
5124.060574948666 4.53010359373892e-17
5128.439425051335 5.04990455241173e-17
5132.818275154004 5.75668803419093e-17
5137.197125256674 6.47660846758645e-17
5141.575975359344 5.21150123339111e-17
5145.954825462012 3.80157419540019e-17
5150.333675564682 4.50916136586255e-17
5154.712525667351 5.37696415655356e-17
5159.091375770021 4.20402833452603e-17
5163.47022587269 2.87113596523768e-17
5167.849075975359 3.01941106788801e-17
5172.227926078029 3.28783183840596e-17
5176.606776180699 4.03404503475209e-17
5180.985626283367 4.82164670935568e-17
5185.364476386037 4.75639737914852e-17
5189.743326488707 4.61490317228765e-17
5194.122176591376 4.26881742144036e-17
5198.501026694045 3.9038699673934e-17
5202.879876796715 4.34667927075549e-17
5207.258726899384 4.86622016384372e-17
5211.637577002054 4.98196754695826e-17
5216.016427104722 5.05821871018462e-17
5220.395277207393 5.10260786883218e-17
5224.774127310062 5.1436998855581e-17
5229.152977412731 4.661432412616e-17
5233.5318275154 4.12350296363848e-17
5237.910677618071 4.695873897217e-17
5242.289527720739 5.38952572133579e-17
5246.668377823409 5.16070274848525e-17
5251.047227926078 4.8284471266076e-17
5255.426078028748 4.34075301797492e-17
5259.804928131417 3.83517857322128e-17
5264.183778234086 4.36238743058787e-17
5268.562628336756 5.01445291484669e-17
5272.941478439426 4.67648544540324e-17
5277.320328542094 4.21590565550555e-17
5281.699178644764 4.34197923051496e-17
5286.078028747434 4.54070838006409e-17
5290.456878850103 4.45586413376228e-17
5294.835728952772 4.33421167369085e-17
5299.214579055442 4.65107181000765e-17
5303.593429158111 5.02616744668167e-17
5307.972279260781 4.54103958318136e-17
5312.351129363449 3.93646849358962e-17
5316.729979466119 4.17028101989509e-17
5321.108829568789 4.52306097800364e-17
5325.487679671458 4.71571895272888e-17
5329.866529774127 4.88565559951626e-17
5334.245379876797 5.07748573188445e-17
5338.624229979466 5.27255675789263e-17
5343.003080082136 5.16232865469728e-17
5347.381930184805 5.00595545385005e-17
5351.760780287475 4.87785958767907e-17
5356.139630390144 4.75421461494812e-17
5360.518480492814 4.76469631679814e-17
5364.897330595482 4.79671118435415e-17
5369.276180698153 4.71018908489784e-17
5373.655030800821 4.60463653739689e-17
5378.033880903491 4.62286296588613e-17
5382.41273100616 4.66174740299326e-17
5386.79158110883 4.45333395370461e-17
5391.170431211499 4.20285638503416e-17
5395.549281314169 4.46737584091106e-17
5399.928131416837 4.82281932059204e-17
5404.306981519508 4.74076002597657e-17
5408.685831622177 4.58003486249058e-17
5413.064681724846 4.26250107028291e-17
5417.443531827515 3.91677166884351e-17
5421.822381930185 4.3521545446661e-17
5426.201232032854 4.93311359823639e-17
5430.580082135524 5.27417406142629e-17
5434.958932238193 5.56973131911966e-17
5439.337782340863 5.09864435020907e-17
5443.716632443532 4.47702440644813e-17
5448.095482546201 4.70581462294641e-17
5452.474332648871 5.10158547359506e-17
5456.853182751541 5.20014702143096e-17
5461.232032854209 5.23935008851006e-17
5465.610882956879 4.95176519756048e-17
5469.989733059549 4.59669626526087e-17
5474.368583162218 4.62822011840526e-17
5478.747433264887 4.74090097755295e-17
5483.126283367556 4.54382618922893e-17
5487.505133470226 4.27958598952682e-17
5491.883983572896 3.78885480455709e-17
5496.262833675564 3.24901258313109e-17
5500.641683778234 3.22366148258981e-17
5505.020533880904 3.31166026487565e-17
5509.399383983573 3.2418948593962e-17
5513.778234086242 3.13626356430093e-17
5518.157084188912 3.39264488643929e-17
5522.535934291581 3.73260784639246e-17
5526.914784394251 3.69516932099606e-17
5531.293634496919 3.56789931194866e-17
5535.67248459959 3.51451042823652e-17
5540.051334702259 3.47870740434727e-17
5544.430184804928 3.8138379751619e-17
5548.809034907597 4.23859687406911e-17
5553.187885010268 4.59607025497329e-17
5557.566735112936 4.93679554457899e-17
5561.945585215606 4.7951425190405e-17
5566.324435318275 4.53165538456807e-17
5570.703285420945 4.51794172262867e-17
5575.082135523614 4.56916173877469e-17
5579.460985626284 4.71583939022607e-17
5583.839835728952 4.88733345267076e-17
5588.218685831623 4.65861867504434e-17
5592.597535934291 4.32436723178473e-17
5596.976386036961 4.02046669956091e-17
5601.355236139631 3.72479826879322e-17
5605.7340862423 3.7036403122131e-17
5610.112936344969 3.75798310060763e-17
5614.491786447639 3.84274363623144e-17
5618.870636550308 3.93610354150336e-17
5623.249486652978 4.23267459175547e-17
5627.628336755647 4.58669432816612e-17
5632.007186858316 5.02025509053538e-17
5636.386036960986 5.4766099727364e-17
5640.764887063655 5.03782076715131e-17
5645.143737166324 4.33551398684725e-17
5649.522587268994 3.95002532208488e-17
5653.901437371663 3.65905130672955e-17
5658.280287474333 3.7681491503359e-17
5662.659137577002 3.9981844390922e-17
5667.037987679671 4.08308030146424e-17
5671.416837782341 4.12352281597318e-17
5675.795687885011 4.13619522295749e-17
5680.174537987679 4.14025072406472e-17
5684.553388090349 4.16322351490878e-17
5688.932238193019 4.19221950410122e-17
5693.311088295688 4.52185792652075e-17
5697.689938398357 4.9484478724319e-17
5702.068788501027 5.21139667776168e-17
5706.447638603696 5.42090101284218e-17
5710.826488706366 4.68780127618297e-17
5715.205338809034 3.64295106328682e-17
5719.584188911705 3.35839894733511e-17
5723.963039014374 3.32846923666722e-17
5728.341889117043 3.88664277308412e-17
5732.720739219712 4.64671686951868e-17
5737.099589322383 5.04237489273178e-17
5741.478439425051 5.31137932188995e-17
5745.857289527721 4.94753698114135e-17
5750.23613963039 4.36104442014533e-17
5754.61498973306 4.26489592359237e-17
5758.993839835729 4.34336889394405e-17
5763.372689938398 4.3497755732244e-17
5767.751540041068 4.33020646516486e-17
5772.130390143738 4.25550279142847e-17
5776.509240246406 4.16044418805061e-17
5780.888090349076 4.15502350806042e-17
5785.266940451746 4.18309040798884e-17
5789.645790554415 4.45938461444931e-17
5794.024640657084 4.82951551308678e-17
5798.403490759754 5.1429752753415e-17
5802.782340862423 5.43475827333591e-17
5807.161190965093 5.31414442124159e-17
5811.540041067761 5.03393632699476e-17
5815.918891170431 4.69285104838648e-17
5820.297741273101 4.32765444753902e-17
5824.67659137577 4.3925298921093e-17
5829.055441478439 4.6297166535695e-17
5833.434291581109 4.40752039004224e-17
5837.813141683778 3.99914926255869e-17
5842.191991786448 3.92944341408333e-17
5846.570841889117 3.99856229519602e-17
5850.949691991786 3.97201509148899e-17
5855.328542094456 3.90580557002677e-17
5859.707392197125 3.76780140360639e-17
5864.086242299794 3.59935401279384e-17
5868.465092402465 3.60763309810876e-17
5872.843942505133 3.69169450067885e-17
5877.222792607803 3.77766503610271e-17
5881.601642710472 3.86446341388362e-17
5885.980492813142 3.77576351331058e-17
5890.359342915811 3.61011695605214e-17
5894.738193018481 4.06450381013977e-17
5899.117043121149 4.79680018898806e-17
5903.49589322382 4.49336056180156e-17
5907.874743326489 3.72057567720226e-17
5912.253593429158 3.92210896902795e-17
5916.632443531827 4.56515619937647e-17
5921.011293634497 4.4255492878012e-17
5925.390143737166 3.9234777875056e-17
5929.768993839836 3.52100644302302e-17
5934.147843942505 3.16516360054231e-17
5938.526694045175 3.11401505280121e-17
5942.905544147844 3.20705698984567e-17
5947.284394250513 3.64035537052463e-17
5951.663244353183 4.23816012270568e-17
5956.042094455853 3.91640804024623e-17
5960.420944558521 3.15006987046893e-17
5964.799794661191 2.98528523540877e-17
5969.17864476386 3.11759012740867e-17
5973.55749486653 2.89614328951638e-17
5977.936344969199 2.4981314411522e-17
5982.315195071868 2.62934627454088e-17
5986.694045174538 3.03032621237902e-17
5991.072895277208 3.25611607935945e-17
5995.451745379876 3.39166616633852e-17
5999.830595482546 3.45706637428941e-17
6004.209445585216 3.48633301697827e-17
6008.588295687885 3.67353920972229e-17
6012.967145790554 3.94381220306787e-17
6017.345995893224 3.8775163239497e-17
6021.724845995893 3.63236116621267e-17
6026.103696098563 3.74822799420767e-17
6030.482546201231 4.05994803019807e-17
6034.861396303902 4.20513013910195e-17
6039.240246406571 4.25996559626931e-17
6043.61909650924 4.07671828993697e-17
6047.997946611909 3.7629789406352e-17
6052.37679671458 3.7708308698818e-17
6056.755646817248 3.95858564880807e-17
6061.134496919918 4.13500342113093e-17
6065.513347022588 4.30501418330119e-17
6069.892197125257 4.4539755149877e-17
6074.271047227926 4.59092022847953e-17
6078.649897330595 4.62282888604489e-17
6083.028747433264 4.5941624456085e-17
6087.407597535935 4.53370348376475e-17
6091.786447638603 4.45472394800594e-17
6096.165297741273 4.38525202620782e-17
6100.544147843943 4.32143206409915e-17
6104.922997946612 4.32938590199721e-17
6109.301848049282 4.38043121759786e-17
6113.680698151951 4.37301967930938e-17
6118.05954825462 4.32980445538716e-17
6122.43839835729 4.31425114376545e-17
6126.81724845996 4.31563948370556e-17
6131.196098562628 4.18318404483418e-17
6135.574948665299 3.96793378234665e-17
6139.953798767967 3.84503988961189e-17
6144.332648870637 3.78042087103149e-17
6148.711498973306 3.96221366297472e-17
6153.090349075976 4.30102915798216e-17
6157.469199178645 4.47311945221239e-17
6161.848049281315 4.53685438015409e-17
6166.226899383983 4.3700977465136e-17
6170.605749486654 4.05354399789568e-17
6174.984599589323 3.79365576083234e-17
6179.363449691992 3.57095789498163e-17
6183.742299794661 3.71321476236728e-17
6188.121149897331 4.09972648411125e-17
6192.5 4.47957179186254e-17
6196.87885010267 4.85491194312563e-17
6201.257700205339 4.84534477216084e-17
6205.636550308009 4.57053485859153e-17
6210.015400410678 4.34451106493387e-17
6214.394250513347 4.15210686922056e-17
6218.773100616017 3.91436490413323e-17
6223.151950718687 3.64507625571659e-17
6227.530800821355 3.60590594498975e-17
6231.909650924025 3.72998535297842e-17
6236.288501026695 3.79484392306421e-17
6240.667351129364 3.81728268610482e-17
6245.046201232033 3.80593211373937e-17
6249.425051334702 3.77014397910114e-17
6253.803901437372 3.7639791674319e-17
6258.182751540042 3.77944612139766e-17
6262.56160164271 3.73469035630262e-17
6266.94045174538 3.64553451377594e-17
6271.31930184805 3.63560172898041e-17
6275.698151950719 3.68520874293195e-17
6280.077002053388 3.69687298218568e-17
6284.455852156058 3.67974802740012e-17
6288.834702258727 3.62997259947586e-17
6293.213552361397 3.55518521506147e-17
6297.592402464065 3.39320968536154e-17
6301.971252566736 3.16380371561527e-17
6306.350102669405 3.35781330346142e-17
6310.728952772074 3.88242349021561e-17
6315.107802874743 4.25382626176294e-17
6319.486652977414 4.50330889759261e-17
6323.865503080082 4.15950583436373e-17
6328.244353182752 3.33906773641974e-17
6332.623203285421 3.22246041634039e-17
6337.002053388091 3.67668779000591e-17
6341.38090349076 3.95726712291166e-17
6345.75975359343 4.09566999038729e-17
6350.138603696098 3.94226206659994e-17
6354.517453798769 3.54765720974275e-17
6358.896303901437 3.29685207754973e-17
6363.275154004107 3.16717398030306e-17
6367.654004106776 3.24273825274876e-17
6372.032854209446 3.49282506129783e-17
6376.411704312115 3.66256550084392e-17
6380.790554414785 3.76333727527656e-17
6385.169404517454 3.82552372111156e-17
6389.548254620124 3.85427486484268e-17
6393.927104722793 3.84134007616806e-17
6398.305954825462 3.7919408499864e-17
6402.684804928132 3.78533597823128e-17
6407.063655030801 3.81687604411569e-17
6411.44250513347 3.77149062913837e-17
6415.82135523614 3.65753789708082e-17
6420.200205338809 3.66727480550731e-17
6424.579055441479 3.78935673775278e-17
6428.957905544148 3.86081091517083e-17
6433.336755646817 3.88584636359036e-17
6437.715605749487 3.89405894358403e-17
6442.094455852157 3.88670100659925e-17
6446.473305954825 3.8734131772392e-17
6450.852156057495 3.85453327606604e-17
6455.231006160165 3.82377936263581e-17
6459.609856262834 3.78182773981732e-17
6463.988706365503 3.65484029566716e-17
6468.367556468173 3.44613998014208e-17
6472.746406570842 3.48743614504317e-17
6477.125256673512 3.77122361523664e-17
6481.50410677618 3.91104029981525e-17
6485.882956878851 3.90989283486952e-17
6490.26180698152 3.95548901546691e-17
6494.640657084189 4.04771899202209e-17
6499.019507186858 4.07201560271848e-17
6503.398357289529 4.02853733536147e-17
6507.777207392197 4.04091063383628e-17
6512.156057494867 4.11005962432327e-17
6516.534907597535 4.12644541051345e-17
6520.913757700206 4.08868990950633e-17
6525.292607802875 4.13411370566406e-17
6529.671457905544 4.26569531093634e-17
6534.050308008214 4.16427271079775e-17
6538.429158110884 3.81693262326959e-17
6542.808008213552 3.65512650015911e-17
6547.186858316222 3.68913685822484e-17
6551.565708418892 3.68167403473838e-17
6555.944558521561 3.62960996349532e-17
6560.32340862423 3.24777677529594e-17
6564.7022587269 2.50795404549015e-17
6569.081108829569 2.19805496490022e-17
6573.459958932239 2.35927594044537e-17
6577.838809034907 2.40796230237514e-17
6582.217659137577 2.33216625392181e-17
6586.596509240247 2.23090280333307e-17
6590.975359342916 2.10120187590149e-17
6595.354209445585 1.98798566546135e-17
6599.733059548255 1.89352643715535e-17
6604.111909650924 1.89281076048937e-17
6608.490759753594 1.99977034221227e-17
6612.869609856263 2.12917183026211e-17
6617.248459958932 2.28459460058551e-17
6621.627310061602 2.36496313802892e-17
6626.006160164271 2.35748195113287e-17
6630.38501026694 2.45077071887211e-17
6634.76386036961 2.66312783444917e-17
6639.142710472279 2.95534493682905e-17
6643.521560574949 3.34372476326841e-17
6647.900410677618 3.67338733936183e-17
6652.279260780288 3.93167481650376e-17
6656.658110882957 4.17127363663015e-17
6661.036960985627 4.38793970145413e-17
6665.415811088295 4.85797515837003e-17
6669.794661190966 5.64189654099225e-17
6674.173511293635 6.0868455951629e-17
6678.552361396304 6.10785598272174e-17
6682.931211498973 6.27134062073121e-17
6687.310061601643 6.61643044612099e-17
6691.688911704312 6.840265519877841e-17
6696.067761806982 6.908061242882681e-17
6700.446611909651 7.00977666495812e-17
6704.825462012321 7.155560961347941e-17
6709.20431211499 7.32347002301783e-17
6713.583162217659 7.52039856580956e-17
6717.962012320329 7.84915984590753e-17
6722.340862422999 8.35249991039054e-17
6726.719712525667 8.543953179271649e-17
6731.098562628337 8.31440195660982e-17
6735.477412731006 7.96432654823207e-17
6739.856262833676 7.44998895206904e-17
6744.235112936345 7.193915671990799e-17
6748.613963039014 7.29322432935595e-17
6752.992813141684 7.34544788102112e-17
6757.371663244354 7.33225335763417e-17
6761.750513347022 7.09591726871592e-17
6766.129363449692 6.546555521928429e-17
6770.508213552362 6.12525126013149e-17
6774.887063655031 5.88709603561012e-17
6779.2659137577 5.67180739194217e-17
6783.64476386037 5.4895424453053e-17
6788.023613963039 5.35649540685982e-17
6792.402464065709 5.2945256823453e-17
6796.781314168377 5.24294336109099e-17
6801.160164271048 5.20665594023502e-17
6805.539014373717 5.18679136326068e-17
6809.917864476386 5.1913458197134e-17
6814.296714579055 5.15996953559028e-17
6818.675564681726 5.07411546719667e-17
6823.054414784394 5.00990110537193e-17
6827.433264887064 4.97882095190811e-17
6831.812114989733 4.93238601016959e-17
6836.190965092403 4.86243994844435e-17
6840.569815195072 4.70642408962174e-17
6844.948665297741 4.41600461614907e-17
6849.32751540041 4.15544305406711e-17
6853.706365503081 3.94196858291861e-17
6858.085215605749 3.66534714380781e-17
6862.464065708419 3.28715057245346e-17
6866.842915811088 2.83921308016579e-17
6871.221765913758 2.27797301978203e-17
6875.600616016427 2.21485566488566e-17
6879.979466119097 2.96099623477401e-17
6884.358316221766 3.44462888659906e-17
6888.737166324436 3.49320192478491e-17
6893.116016427105 3.45113714365863e-17
6897.494866529774 3.25734659323869e-17
6901.873716632444 3.14412905930957e-17
6906.252566735113 3.16852559342397e-17
6910.631416837782 3.223948017954e-17
6915.010266940452 3.33289829253908e-17
6919.389117043121 3.23839621627734e-17
6923.767967145791 2.79289063499057e-17
6928.14681724846 2.61745919283012e-17
6932.525667351129 2.91749745333781e-17
6936.904517453799 3.15679584146572e-17
6941.283367556469 3.28806775031666e-17
6945.662217659137 3.36976871029077e-17
6950.041067761807 3.36148830148687e-17
6954.419917864476 3.31961641887943e-17
6958.798767967146 3.21614141820497e-17
6963.177618069815 3.11062195792852e-17
6967.556468172485 3.00135338424374e-17
6971.935318275154 2.93359041759115e-17
6976.314168377824 2.94352882721485e-17
6980.693018480492 2.9472766171342e-17
6985.071868583163 2.9393151691745e-17
6989.450718685832 2.92776111037836e-17
6993.829568788501 2.90926766798739e-17
6998.20841889117 2.91267763734458e-17
7002.587268993841 2.95883266116382e-17
7006.966119096509 3.06288271780013e-17
7011.344969199179 3.27991902866628e-17
7015.723819301847 3.45689796031669e-17
7020.102669404518 3.55404403668839e-17
7024.481519507187 3.64108031161347e-17
7028.860369609856 3.70775404683545e-17
7033.239219712525 3.66248973109981e-17
7037.618069815196 3.38692973015104e-17
7041.996919917864 3.21181228575111e-17
7046.375770020534 3.24334010936245e-17
7050.754620123203 3.23906325472331e-17
7055.133470225873 3.160332865765e-17
7059.512320328542 3.20225073961449e-17
7063.891170431211 3.50049137121497e-17
7068.270020533881 3.70430801240355e-17
7072.648870636551 3.70534066468026e-17
7077.027720739219 3.60187294319519e-17
7081.406570841889 3.26905318413978e-17
7085.785420944559 3.12803841116195e-17
7090.164271047228 3.40799041029113e-17
7094.543121149897 3.57928495677208e-17
7098.921971252567 3.50948348621792e-17
7103.300821355236 3.44251163510317e-17
7107.679671457906 3.38195771292511e-17
7112.058521560575 3.3268294338209e-17
7116.437371663244 3.28414459810745e-17
7120.816221765914 3.28767500496182e-17
7125.195071868583 3.39958493177861e-17
7129.573921971252 3.42764620687886e-17
7133.952772073922 3.2590737463577e-17
7138.331622176591 3.06742592459651e-17
7142.710472279261 2.82105348787004e-17
7147.08932238193 2.72220242681975e-17
7151.4681724846 2.98119366922684e-17
7155.847022587269 3.16565130623147e-17
7160.225872689939 3.16724445609125e-17
7164.604722792607 3.16320450597954e-17
7168.983572895278 3.14518586526017e-17
7173.362422997946 3.03582133862433e-17
7177.741273100616 2.69715341263818e-17
7182.120123203285 2.43478578440677e-17
7186.498973305955 2.36617661198754e-17
7190.877823408624 2.38489934884431e-17
7195.256673511294 2.63061119913359e-17
7199.635523613963 2.76639190406744e-17
7204.014373716633 2.61307662450869e-17
7208.393223819302 2.51109087980907e-17
7212.772073921971 2.54569035590706e-17
7217.150924024641 2.61148297834055e-17
7221.529774127311 2.76126735473655e-17
7225.908624229979 2.82847362883689e-17
7230.287474332649 2.67066361526565e-17
7234.666324435318 2.45720171726247e-17
7239.045174537988 2.08840903141999e-17
7243.424024640657 1.78045316352507e-17
7247.802874743326 1.64436772525356e-17
7252.181724845996 1.53294550412593e-17
7256.560574948666 1.492053334236e-17
7260.939425051334 1.40666000544358e-17
7265.318275154004 1.19243610866011e-17
7269.697125256674 1.06199741884019e-17
7274.075975359343 1.17712243126185e-17
7278.454825462012 1.25430781227203e-17
7282.833675564681 1.21749595890771e-17
7287.212525667351 1.08772050250294e-17
7291.591375770021 6.7508873312025e-18
7295.970225872689 3.74572610372694e-18
7300.349075975359 4.19522928347805e-18
7304.72792607803 4.31467871342408e-18
7309.106776180698 3.40410630100683e-18
7313.485626283368 2.4211502083172e-18
7317.864476386037 1.20939130530446e-18
7322.243326488706 3.54471346005831e-19
7326.622176591376 6.57058615269886e-19
7331.001026694046 9.25964072267759e-19
7335.379876796715 1.08417663328409e-18
7339.758726899385 3.97912669408735e-18
7344.137577002053 1.59872737321145e-17
7348.516427104723 2.51404589982935e-17
7352.895277207393 2.46599712871574e-17
7357.274127310062 2.56354868902371e-17
7361.652977412731 3.15900739155144e-17
7366.031827515401 3.61250850063915e-17
7370.41067761807 3.56727826474475e-17
7374.78952772074 3.53932154527393e-17
7379.168377823409 3.5720497733902e-17
7383.547227926078 3.60168533863226e-17
7387.926078028748 3.62015363473261e-17
7392.304928131417 3.61988496646965e-17
7396.683778234086 3.55101589390196e-17
7401.062628336756 3.3977446203518e-17
7405.441478439425 2.93111350796492e-17
7409.820328542095 2.52227767041324e-17
7414.199178644764 2.33417266321562e-17
7418.578028747434 2.16666610763179e-17
7422.956878850103 2.07782939138543e-17
7427.335728952773 1.96160356700459e-17
7431.714579055441 1.73772101308058e-17
7436.093429158112 1.60535060837617e-17
7440.472279260781 1.83795776709302e-17
7444.85112936345 2.02021047145683e-17
7449.229979466119 1.99866109301084e-17
7453.608829568789 1.97623043634024e-17
7457.987679671458 1.95012544338868e-17
7462.366529774128 1.96064188682443e-17
7466.745379876797 2.12385918005993e-17
7471.124229979467 2.20062319526607e-17
7475.503080082136 1.90579881959543e-17
7479.881930184805 1.7686431750474e-17
7484.260780287475 2.31967731559736e-17
7488.639630390145 2.8296128219765e-17
7493.018480492813 3.15735435381532e-17
7497.397330595483 3.42588398130188e-17
7501.776180698152 3.42350898032711e-17
7506.155030800822 3.4187282072588e-17
7510.533880903491 3.40294030721537e-17
7514.91273100616 3.37352708812197e-17
7519.29158110883 3.27973704893152e-17
7523.6704312115 3.16802729982297e-17
7528.049281314168 2.9702540401897e-17
7532.428131416838 2.82146079160366e-17
7536.806981519508 2.91182365608018e-17
7541.185831622177 2.98568724518647e-17
7545.564681724846 2.97623223991275e-17
7549.943531827516 2.98323581272311e-17
7554.322381930185 3.07334953039913e-17
7558.701232032855 3.19918024518069e-17
7563.080082135523 3.51167882356363e-17
7567.458932238193 3.80776878557148e-17
7571.837782340863 4.01658920772151e-17
7576.216632443532 4.15611571734124e-17
7580.595482546201 3.92051780440164e-17
7584.974332648871 3.56526920847298e-17
7589.35318275154 2.5384890869303e-17
7593.73203285421 1.63056820196658e-17
7598.110882956879 1.38973291226054e-17
7602.489733059549 1.16038104012633e-17
7606.868583162218 9.97908457596319e-18
7611.247433264887 9.550975595575139e-18
7615.626283367556 1.62247308161989e-17
7620.005133470227 2.18297165730256e-17
7624.383983572895 2.09690748503336e-17
7628.762833675565 2.00475327822229e-17
7633.141683778234 1.87503547630622e-17
7637.520533880904 1.79122288966438e-17
7641.899383983573 1.99618219815114e-17
7646.278234086243 2.19572264644506e-17
7650.657084188912 2.35977539209923e-17
7655.035934291582 2.51664026910257e-17
7659.414784394251 2.62545769848126e-17
7663.79363449692 2.72334906458487e-17
7668.17248459959 2.74666166122458e-17
7672.551334702259 2.76624053001534e-17
7676.930184804928 2.75978819036518e-17
7681.309034907598 2.75187041754182e-17
7685.687885010267 2.73351345995192e-17
7690.066735112937 2.71494275889174e-17
7694.445585215606 2.69478138951362e-17
7698.824435318275 2.64138903164291e-17
7703.203285420945 2.33490322913262e-17
7707.582135523615 2.06577505375482e-17
7711.960985626283 2.08780419695609e-17
7716.339835728953 2.10586882891751e-17
7720.718685831622 2.09229975814919e-17
7725.097535934292 2.0819351850739e-17
7729.476386036961 2.09775799213918e-17
7733.855236139631 2.10701050359896e-17
7738.2340862423 2.05986071237507e-17
7742.61293634497 2.01677982258432e-17
7746.991786447638 2.00952346337876e-17
7751.370636550309 1.99336879145173e-17
7755.749486652978 1.89681696163209e-17
7760.128336755647 1.82148744304423e-17
7764.507186858316 1.94303997969767e-17
7768.886036960987 2.05075411557535e-17
7773.264887063655 2.02657579170654e-17
7777.643737166325 1.97566216325942e-17
7782.022587268993 1.65531264824661e-17
7786.401437371664 1.34150778624033e-17
7790.780287474333 1.0955912914675e-17
7795.159137577002 8.50436878193017e-18
7799.537987679671 6.13188160904947e-18
7803.916837782342 4.14682391480237e-18
7808.29568788501 6.42894863679686e-18
7812.67453798768 8.341134614210181e-18
7817.053388090349 6.0499564004113e-18
7821.432238193019 4.44499109276446e-18
7825.811088295688 1.11590353858935e-17
7830.189938398357 1.74788491213926e-17
7834.568788501027 1.88551486205053e-17
7838.947638603697 2.04448507914893e-17
7843.326488706365 2.47105500728926e-17
7847.705338809035 2.91206353845782e-17
7852.084188911705 3.54738390926836e-17
7856.463039014374 4.15698359523993e-17
7860.841889117043 4.40740160690627e-17
7865.220739219713 4.59925225335366e-17
7869.599589322382 3.90706850938602e-17
7873.978439425052 3.27176997614365e-17
7878.357289527721 3.53101499756267e-17
7882.73613963039 3.77277739129926e-17
7887.11498973306 3.73961505879752e-17
7891.493839835729 3.68339159256229e-17
7895.872689938398 3.23169638418791e-17
7900.251540041068 2.80305072901844e-17
7904.630390143737 2.78828026112845e-17
7909.009240246407 2.76680565980984e-17
7913.388090349076 2.61255153025584e-17
7917.766940451746 2.46797028534893e-17
7922.145790554415 2.5252803360368e-17
7926.524640657085 2.57665437321288e-17
7930.903490759753 2.5041342908575e-17
7935.282340862424 2.43682858964753e-17
7939.661190965092 2.49138462520397e-17
7944.040041067762 2.54344059007704e-17
7948.418891170431 2.53337413289451e-17
7952.797741273101 2.52427729682602e-17
7957.17659137577 2.54273070367535e-17
7961.55544147844 2.5566763070585e-17
7965.934291581108 2.43271634395028e-17
7970.313141683779 2.31587493175758e-17
7974.691991786448 2.41681330036558e-17
7979.070841889117 2.52913069635212e-17
7983.449691991786 3.05208271685039e-17
7987.828542094457 3.54543970395662e-17
7992.207392197125 2.86627214323587e-17
7996.586242299795 2.19629273932323e-17
8000.965092402464 1.97816273025116e-17
8005.343942505134 1.76864135525005e-17
8009.722792607803 1.98246076071399e-17
8014.101642710472 2.19255090510429e-17
8018.480492813142 2.19430667867249e-17
8022.859342915812 2.19574266421589e-17
8027.23819301848 2.17268980228852e-17
8031.61704312115 2.15596470661107e-17
8035.99589322382 2.73266262197385e-17
8040.374743326489 3.30632991300836e-17
8044.753593429158 3.36599974454773e-17
8049.132443531827 3.42480434516637e-17
8053.511293634497 3.33683236353238e-17
8057.890143737167 3.24904004552743e-17
8062.268993839835 3.21204654330059e-17
8066.647843942505 3.17505337194599e-17
8071.026694045175 3.10027028887079e-17
8075.405544147844 3.025443199787e-17
8079.784394250513 3.039813974005e-17
8084.163244353183 3.05449940772802e-17
8088.542094455852 2.86652129003637e-17
8092.920944558522 2.67686631180694e-17
8097.299794661191 2.65663165422655e-17
8101.678644763861 2.63779873691219e-17
8106.05749486653 2.63634637319267e-17
8110.436344969199 2.63507929793036e-17
8114.815195071868 2.73289439798149e-17
8119.194045174539 2.83224292545217e-17
8123.572895277207 2.69618114454618e-17
8127.951745379877 2.55590570559985e-17
8132.330595482546 2.55336444132196e-17
8136.709445585216 2.5536241760343e-17
8141.088295687885 2.55621308591547e-17
8145.467145790555 2.55885493535584e-17
8149.845995893224 2.43571586628752e-17
8154.224845995894 2.30940207802823e-17
8158.603696098562 2.39657632667947e-17
8162.982546201232 2.49019662840823e-17
8167.361396303902 2.34127367790214e-17
8171.740246406571 2.18442253209698e-17
8176.11909650924 2.48643527272682e-17
8180.49794661191 2.80459722589167e-17
8184.876796714579 2.7725863288026e-17
8189.255646817249 2.727369327798e-17
8193.634496919918 2.80442153272956e-17
8198.013347022586 2.88639446968908e-17
8202.392197125257 2.58146575196386e-17
8206.771047227927 2.25899369149924e-17
8211.149897330595 2.50676505607766e-17
8215.528747433265 2.7818573691081e-17
8219.907597535934 2.8180422195681e-17
8224.286447638604 2.84216412971913e-17
8228.665297741274 3.04952209654617e-17
8233.044147843942 3.26660770737683e-17
8237.422997946613 3.17400285256805e-17
8241.801848049281 3.0641502893708e-17
8246.180698151951 2.63231783817341e-17
8250.55954825462 2.1808620158683e-17
8254.93839835729 2.31724705895768e-17
8259.317248459958 2.49101322110894e-17
8263.696098562628 2.35916360931819e-17
8268.074948665297 2.20706693223786e-17
8272.453798767967 2.23704329589229e-17
8276.832648870637 2.27956865118364e-17
8281.211498973305 1.65897126809594e-17
8285.590349075976 9.890990667906901e-18
8289.969199178646 1.55673157894826e-17
8294.348049281314 2.21967680436786e-17
8298.726899383984 1.67906034188852e-17
8303.105749486653 1.04246371411087e-17
8307.484599589323 1.50449131823472e-17
8311.863449691991 2.05714143882936e-17
8316.242299794661 2.22181390819846e-17
8320.62114989733 2.35341470406095e-17
8325 1.90283883649147e-17
8329.378850102668 1.40102541654699e-17
8333.757700205339 1.45930194506258e-17
8338.136550308009 1.56999707443177e-17
8342.515400410677 1.89635953075334e-17
8346.894250513347 2.24351267546307e-17
8351.273100616017 1.6923233558302e-17
8355.651950718686 1.05199457184677e-17
8360.030800821356 1.55336015620762e-17
8364.409650924024 2.17125530567023e-17
8368.788501026695 2.10971918923282e-17
8373.167351129363 1.97689565498885e-17
8377.546201232033 2.06633158087095e-17
8381.925051334701 2.18036653468138e-17
8386.303901437372 1.88953330546631e-17
8390.68275154004 1.55389021354414e-17
8395.06160164271 1.90294554279049e-17
8399.44045174538 2.331762755219e-17
8403.819301848049 2.6646280092081e-17
8408.198151950719 2.9860343301715e-17
8412.577002053389 2.39989282462744e-17
8416.955852156058 1.70000819459306e-17
8421.334702258726 1.82046752934895e-17
8425.713552361396 2.04618245376589e-17
8430.092402464066 2.10749688579914e-17
8434.471252566735 2.14771771590392e-17
8438.850102669405 2.01197307604478e-17
8443.228952772073 1.85259489346827e-17
8447.607802874743 1.84805582257494e-17
8451.986652977414 1.86478124912464e-17
8456.365503080082 2.12408632385613e-17
8460.74435318275 2.41744361199235e-17
8465.123203285422 2.48554473007935e-17
8469.502053388091 2.52064481588406e-17
8473.880903490759 2.41786348887128e-17
8478.259753593431 2.29488174955547e-17
8482.638603696099 2.52621703536246e-17
8487.017453798768 2.81165737785593e-17
8491.396303901438 2.58124969238786e-17
8495.775154004106 2.2704589110976e-17
8500.154004106776 2.43285547572931e-17
8504.532854209447 2.67047336372477e-17
8508.911704312115 2.59205879232433e-17
8513.290554414783 2.46140362933811e-17
8517.669404517454 2.24399293652672e-17
8522.048254620124 2.01224124799937e-17
8526.427104722792 2.27793215705977e-17
8530.805954825461 2.6290355855028e-17
8535.184804928133 2.69132973025356e-17
8539.563655030801 2.70310199929529e-17
8543.942505133469 2.77552712131635e-17
8548.321355236141 2.85895721964294e-17
8552.70020533881 2.4256560265499e-17
8557.079055441478 1.89859887410765e-17
8561.457905544148 1.95797786894364e-17
8565.836755646818 2.12568460223571e-17
8570.215605749487 2.08250825580228e-17
8574.594455852157 1.99898104647178e-17
8578.973305954825 2.01189234321699e-17
8583.352156057495 2.04357815832533e-17
8587.731006160166 2.29230839066982e-17
8592.109856262834 2.58475346402651e-17
8596.488706365502 1.77792364521188e-17
8600.867556468174 7.49690580923244e-18
8605.246406570843 7.019152757201409e-18
8609.625256673511 8.54940049447756e-18
8614.004106776181 8.321096991051701e-18
8618.382956878851 7.720601089465771e-18
8622.76180698152 5.98162797309197e-18
8627.140657084188 3.99776886355246e-18
8631.519507186858 1.06065490470602e-17
8635.898357289529 1.90934345395634e-17
8640.277207392197 2.03759334115738e-17
8644.656057494867 2.00586054219026e-17
8649.034907597535 2.22216198580022e-17
8653.413757700206 2.49441376060714e-17
8657.792607802876 2.62766097676086e-17
8662.171457905544 2.72856774706947e-17
8666.550308008213 2.64583496199926e-17
8670.929158110885 2.51972068970371e-17
8675.308008213553 1.81301810618842e-17
8679.686858316221 9.64977156639664e-18
8684.065708418892 6.95918712587499e-18
8688.444558521562 5.6780787444743e-18
8692.82340862423 1.10071559264421e-17
8697.2022587269 1.7969451597059e-17
8701.581108829569 1.92947090892935e-17
8705.959958932239 1.91858355770693e-17
8710.338809034909 1.95627668929587e-17
8714.717659137577 2.00650888635438e-17
8719.096509240246 2.12043746473804e-17
8723.475359342918 2.2512825483929e-17
8727.854209445586 2.28643491201232e-17
8732.233059548254 2.29617347480003e-17
8736.611909650923 2.29898274559638e-17
8740.990759753595 2.29992556605857e-17
8745.369609856263 1.91667922250071e-17
8749.748459958932 1.42703329849464e-17
8754.127310061602 1.44138703279203e-17
8758.506160164272 1.59725432997662e-17
8762.88501026694 1.92978920802906e-17
8767.26386036961 2.31261038075207e-17
8771.642710472279 2.37276080422734e-17
8776.021560574949 2.33981453130159e-17
8780.400410677619 2.38470843555893e-17
8784.779260780288 2.45236486134862e-17
8789.158110882956 2.18200005095505e-17
8793.536960985628 1.81012611733081e-17
8797.915811088296 1.56162369052702e-17
8802.294661190965 1.3506610360266e-17
8806.673511293635 1.45363939746129e-17
8811.052361396305 1.65340020667039e-17
8815.431211498973 2.21305853228683e-17
8819.810061601644 2.88511564846207e-17
8824.188911704312 5.51453984341665e-17
8828.567761806982 8.76319309928965e-17
8832.946611909652 9.01282562024631e-17
8837.325462012321 8.28917427141593e-17
8841.704312114989 6.51178151072119e-17
8846.083162217659 4.38806642552397e-17
8850.462012320329 3.7754630813121e-17
8854.840862422998 3.66577661598185e-17
8859.219712525666 3.43441452952301e-17
8863.598562628338 3.16204876922768e-17
8867.977412731007 2.73903985362439e-17
8872.356262833675 2.26463225086277e-17
8876.735112936345 2.82282597048662e-17
8881.113963039015 3.74210321808008e-17
8885.492813141684 4.13328685592376e-17
8889.871663244354 4.33754256458147e-17
8894.250513347022 4.1841432434725e-17
8898.629363449692 3.90260338843946e-17
8903.008213552363 3.21570996079746e-17
8907.387063655031 2.38182753092153e-17
8911.765913757699 4.32427260232265e-17
8916.144763860371 7.28559441538576e-17
8920.52361396304 7.231001818446239e-17
8924.902464065708 6.04300965490902e-17
8929.281314168378 5.79526310574897e-17
8933.660164271048 5.90505313409191e-17
8938.039014373717 4.85464195137369e-17
8942.417864476387 3.36305431982255e-17
8946.796714579055 4.10716085258464e-17
8951.175564681726 5.72151366756722e-17
8955.554414784394 6.5001440721193e-17
8959.933264887064 6.949675045139e-17
8964.312114989732 5.79726752980931e-17
8968.690965092403 3.99934282282202e-17
8973.069815195073 2.91558004867791e-17
8977.448665297741 2.11959638749119e-17
8981.82751540041 2.00630374556246e-17
8986.206365503082 2.17445153155714e-17
8990.58521560575 2.78573552269199e-17
8994.964065708418 3.5817823804775e-17
8999.342915811088 3.59368650210887e-17
9003.721765913759 3.2749437027179e-17
9008.100616016427 2.55406373981181e-17
9012.479466119097 1.65977876180991e-17
9016.858316221766 1.12259410625593e-17
9021.237166324436 7.39394084812367e-18
9025.616016427106 1.31291719826611e-17
9029.994866529774 2.30823889665085e-17
9034.373716632443 2.10811032294141e-17
9038.752566735115 1.3750947105505e-17
9043.131416837783 9.328095088245179e-18
9047.510266940451 6.21550791461735e-18
9051.889117043122 4.97053078237298e-18
9056.267967145792 4.58580577075212e-18
9060.64681724846 6.36446784009682e-18
9065.025667351129 9.139621158494359e-18
9069.404517453799 1.61345747468755e-17
9073.783367556469 2.51157461503129e-17
9078.162217659137 2.26888280115844e-17
9082.541067761807 1.48341872669381e-17
9086.919917864476 1.67801395841364e-17
9091.298767967146 2.34392264109578e-17
9095.677618069816 2.68383580477607e-17
9100.056468172485 2.86360068072957e-17
9104.435318275153 2.70230228107907e-17
9108.814168377825 2.37345331983617e-17
9113.193018480493 2.01394606724184e-17
9117.571868583162 1.63905557135974e-17
9121.950718685832 1.89014508824736e-17
9126.329568788502 2.45864862158994e-17
9130.70841889117 2.77057065508593e-17
9135.087268993841 2.95101778960866e-17
9139.466119096509 2.99705336854744e-17
9143.844969199179 2.97276337529594e-17
9148.223819301849 2.68429555176053e-17
9152.602669404518 2.25760601330362e-17
9156.981519507186 2.32617299951162e-17
9161.360369609858 2.65929252882101e-17
9165.739219712526 2.55864102644944e-17
9170.118069815195 2.22387838557127e-17
9174.496919917863 1.81759952872911e-17
9178.875770020535 1.37232357278038e-17
9183.254620123203 1.48147253614859e-17
9187.633470225872 1.89919758743501e-17
9192.012320328542 2.10079308324276e-17
9196.391170431212 2.18209749283121e-17
9200.770020533881 1.90366452817892e-17
9205.148870636551 1.42089545291337e-17
9209.527720739219 1.59962982725975e-17
9213.906570841889 2.15793521626629e-17
9218.28542094456 1.72539899980374e-17
9222.664271047228 7.185412751602119e-18
9227.043121149896 5.83546681321507e-18
9231.421971252568 9.59029479881224e-18
9235.800821355237 1.25840458969182e-17
9240.179671457905 1.51276825288005e-17
9244.558521560575 1.60155649634251e-17
9248.937371663245 1.59043951978204e-17
9253.316221765914 1.8340361038089e-17
9257.695071868584 2.23286355225706e-17
9262.073921971252 2.12806919850558e-17
9266.452772073922 1.71328047295759e-17
9270.831622176593 2.00222607601482e-17
9275.210472279261 2.72866452720114e-17
9279.589322381929 2.8615416627488e-17
9283.9681724846 2.62174382296702e-17
9288.34702258727 2.73823980453593e-17
9292.725872689938 3.08290081949615e-17
9297.104722792606 4.08162479445839e-17
9301.483572895278 5.50334279577289e-17
