4557.957 1.19771997297697e-17
4562.264 2.68690844987946e-18
4566.571 -6.60338283001082e-18
4570.878 -6.76599661227139e-18
4575.185 -6.92648991703169e-18
4579.492 5.63458993056448e-19
4583.799 8.07299740120622e-18
4588.106 -1.41210763084222e-18
4592.413 -1.09446946912076e-17
4596.72 -1.02109441288424e-17
4601.027 -9.422076040721e-18
4605.334 -7.57982818409904e-18
4609.641 -5.73167880739682e-18
4613.948 -9.65153180674015e-18
4618.255 -1.36186412208883e-17
4622.562 -1.41048786644623e-17
4626.869 -1.45617751845284e-17
4631.176 -1.37778991314038e-17
4635.483 -1.29832713846772e-17
4639.79 -1.87342776806766e-17
4644.097 -2.45575018072356e-17
4648.404 -1.90449121248311e-17
4652.711 -1.34045652239984e-17
4657.018 2.77694755586423e-17
4661.325 6.94370346286086e-17
4665.632 4.94550211683447e-17
4669.939 2.86020394626218e-17
4674.246 2.75787012396079e-17
4678.553 2.68402440195573e-17
4682.86 2.80107509084342e-17
4687.167 2.92137097471027e-17
4691.474 4.90228953989021e-17
4695.781 6.91528749271395e-17
4700.088 6.89897946150134e-17
4704.395 6.84279603080776e-17
4708.702 5.15546206299636e-17
4713.009 3.43568342458267e-17
4717.316 2.80702847514808e-17
4721.623 2.20298380329818e-17
4725.93 1.88343433737384e-17
4730.237 1.5703706291964e-17
4734.544 3.19098652490499e-17
4738.851 4.85615503015017e-17
4743.158 4.56545530788597e-17
4747.465 4.22445010036098e-17
4751.772 4.29909851843246e-17
4756.079 4.38453932739204e-17
4760.386 2.5832005151445e-17
4764.693 7.28249894009747e-18
4769 7.73762281211088e-18
4773.307 8.73742195643331e-18
4777.614 1.45730726105395e-18
4781.921 -6.06214532032757e-18
4786.228 -6.40128068607788e-18
4790.535 -6.51339798707424e-18
4794.842 2.07125065853768e-17
4799.149 4.88095059619206e-17
4803.456 4.34761299223094e-17
4807.763 3.69863851648511e-17
4812.07 4.03826233238713e-17
4816.377 4.41232829463464e-17
4820.684 4.80730174317279e-17
4824.991 5.20305571933694e-17
4829.298 5.34056589349552e-17
4833.605 5.46837125383537e-17
4837.912 5.8598103250522e-17
4842.219 6.26122254747847e-17
4846.526 6.57402321222111e-17
4850.833 6.88322729566037e-17
4855.14 5.64258012305047e-17
4859.447 4.33863510473453e-17
4863.754 4.56884310880274e-17
4868.061 4.86596373785383e-17
4872.368 4.36522135136648e-17
4876.675 3.82947830618405e-17
4880.982 3.5831214204531e-17
4885.289 3.35019364653082e-17
4889.596 3.49501940602681e-17
4893.903 3.65747039914284e-17
4898.21 4.29785278442996e-17
4902.517 4.96065639652869e-17
4906.824 5.98341360788029e-17
4911.131 7.02406836070957e-17
4915.438 5.91474835261552e-17
4919.745 4.69798188429003e-17
4924.052 4.58703214872829e-17
4928.359 4.53446846039524e-17
4932.666 4.79689845804483e-17
4936.973 5.07604114366269e-17
4941.28 5.58236269794559e-17
4945.587 6.10079583075748e-17
4949.894 4.89629214957696e-17
4954.201 3.59548313839934e-17
4958.508 3.26972055345799e-17
4962.815 2.99871136936724e-17
4967.122 4.08280468488413e-17
4971.429 5.24686452806673e-17
4975.736 5.42282139535228e-17
4980.043 5.54021155916335e-17
4984.35 6.57448974208659e-17
4988.657 7.66574743432492e-17
4992.964 7.62970684416374e-17
4997.271 7.52331421203268e-17
5001.578 6.85056491112086e-17
5005.885 6.14232228274111e-17
5010.192 5.07304377199505e-17
5014.499 3.98019094466346e-17
5018.806 3.93616177501849e-17
5023.113 3.96089513707831e-17
5027.42 3.94425987321538e-17
5031.727 3.92479201206282e-17
5036.034 3.66058192173502e-17
5040.341 3.37954962472584e-17
5044.648 3.72884086588289e-17
5048.955 4.12162427103125e-17
5053.262 3.63537839021502e-17
5057.569 3.08590712471442e-17
5061.876 3.21897566985582e-17
5066.183 3.40131903321477e-17
5070.49 3.00673402869227e-17
5074.797 2.56895481063511e-17
5079.104 3.07158300348296e-17
5083.411 3.64487078405243e-17
5087.718 3.28746126149154e-17
5092.025 2.85736605501663e-17
5096.332 3.14618642292912e-17
5100.639 3.49134639323483e-17
5104.946 3.23221287576239e-17
5109.253 2.92555948645999e-17
5113.56 3.19173098745629e-17
5117.867 3.50465473667408e-17
5122.174 3.25502486269537e-17
5126.481 2.95932797691461e-17
5130.788 3.57110380964169e-17
5135.095 4.25966384078185e-17
5139.402 3.85097176722063e-17
5143.709 3.34913750232472e-17
5148.016 3.23364257473312e-17
5152.323 3.15210705088153e-17
5156.63 3.29882606136353e-17
5160.937 3.46567169963792e-17
5165.244 5.07840390236439e-17
5169.551 6.81902616872543e-17
5173.858 6.77681745817257e-17
5178.165 6.57150593618099e-17
5182.472 6.72949677143412e-17
5186.779 6.92082497060662e-17
5191.086 7.39400669170043e-17
5195.393 7.89383355468581e-17
5199.7 7.7720196289588e-17
5204.007 7.59126610673718e-17
5208.314 7.11026322751555e-17
5212.621 6.60070872052656e-17
5216.928 6.75344993674019e-17
5221.235 6.97120424037804e-17
5225.542 5.87225972414337e-17
5229.849 4.64369368981593e-17
5234.156 4.25236115946199e-17
5238.463 3.94603665717115e-17
5242.77 4.03568450672617e-17
5247.077 4.16564847759255e-17
5251.384 4.03006497251673e-17
5255.691 3.86669415455955e-17
5259.998 3.91320850563688e-17
5264.305 3.98174571334282e-17
5268.612 5.16564730331485e-17
5272.919 6.4668960437061e-17
5277.226 6.68722784213266e-17
5281.533 6.79045601211234e-17
5285.84 5.95138318932876e-17
5290.147 5.00995536842012e-17
5294.454 5.0740569028093e-17
5298.761 5.25054680528157e-17
5303.068 4.68875054865393e-17
5307.375 4.04443508499025e-17
5311.682 4.28020306626379e-17
5315.989 4.61459082888835e-17
5320.296 5.63384906624885e-17
5324.603 6.73202132666364e-17
5328.91 5.83234528173748e-17
5333.217 4.70188849288699e-17
5337.524 5.3837500154267e-17
5341.831 6.28073606900084e-17
5346.138 5.61594556907075e-17
5350.445 4.7653170331298e-17
5354.752 5.10549638353122e-17
5359.059 5.59119169293173e-17
5363.366 5.3392275152644e-17
5367.673 4.99712215752472e-17
5371.98 5.32113542090664e-17
5376.287 5.72674211078304e-17
5380.594 5.65419109187275e-17
5384.901 5.52152654174252e-17
5389.208 5.80290559286447e-17
5393.515 6.13645988830383e-17
5397.822 5.89719425652817e-17
5402.129 5.58388537201717e-17
5406.436 6.08538181635092e-17
5410.743 6.69244172696971e-17
5415.05 7.1425047425594e-17
5419.357 7.57171486577888e-17
5423.664 7.44890435284986e-17
5427.971 7.25277255042415e-17
5432.278 7.29034772605774e-17
5436.585 7.35903481889067e-17
5440.892 7.19932344796342e-17
5445.199 7.008455822956e-17
5449.506 5.98572706661747e-17
5453.813 4.84927288745373e-17
5458.12 4.69270976593786e-17
5462.427 4.67335208524289e-17
5466.734 4.61409352790408e-17
5471.041 4.54923628130727e-17
5475.348 4.68794090427037e-17
5479.655 4.85527160125596e-17
5483.962 6.04340471636957e-17
5488.269 7.37817974873209e-17
5492.576 7.87503868767962e-17
5496.883 8.25127285574875e-17
5501.19 7.6133015365111e-17
5505.497 6.82592816375658e-17
5509.804 7.0710310436789e-17
5514.111 7.46854360582534e-17
5518.418 7.28017671324579e-17
5522.725 7.00334914072634e-17
5527.032 6.98441795435521e-17
5531.339 7.00450520835044e-17
5535.646 7.58272563234869e-17
5539.953 8.24556133905519e-17
5544.26 7.68675120443887e-17
5548.567 6.93896338707868e-17
5552.874 7.02212878760925e-17
5557.181 7.23409282695923e-17
5561.488 7.38797290544023e-17
5565.795 7.53265076504269e-17
5570.102 7.20583302851197e-17
5574.409 6.80417463713541e-17
5578.716 7.09966075729609e-17
5583.023 7.50602216676338e-17
5587.33 7.2237014532321e-17
5591.637 6.82948239341259e-17
5595.944 6.7667007084088e-17
5600.251 6.75787568388959e-17
5604.558 6.10949446207909e-17
5608.865 5.35498232808333e-17
5613.172 5.596557117257e-17
5617.479 6.00374239861439e-17
5621.786 6.47509836666018e-17
5626.093 6.95734731075655e-17
5630.4 6.91403216341633e-17
5634.707 6.78133717303956e-17
5639.014 6.83169460524281e-17
5643.321 6.91324071700624e-17
5647.628 6.80568473806169e-17
5651.935 6.66524601366244e-17
5656.242 7.17456030740155e-17
5660.549 7.79706731965139e-17
5664.856 7.87979596881854e-17
5669.163 7.86675761713123e-17
5673.47 7.90272938586545e-17
5677.777 7.94741235906658e-17
5682.084 7.95871363146753e-17
5686.391 7.96396325050703e-17
5690.698 7.98952577841288e-17
5695.005 8.01877687010623e-17
5699.312 8.16006593617518e-17
5703.619 8.3217400412599e-17
5707.926 8.20615643990664e-17
5712.233 8.03913543934238e-17
5716.54 7.14857426302207e-17
5720.847 6.12354395934718e-17
5725.154 5.90045731860857e-17
5729.461 5.82903589754278e-17
5733.768 5.63170501410111e-17
5738.075 5.41052055789912e-17
5742.382 5.22205407277382e-17
5746.689 5.03979706707082e-17
5750.996 4.18218811937667e-17
5755.303 3.1939630516212e-17
5759.61 2.69171304574941e-17
5763.917 2.28361422612352e-17
5768.224 2.00310454182535e-17
5772.531 1.74777919845698e-17
5776.838 1.85818481461178e-17
5781.145 2.04090272535209e-17
5785.452 2.36847650496268e-17
5789.759 2.72517514850514e-17
5794.066 3.08772030461713e-17
5798.373 3.45144320048528e-17
5802.68 3.51502658893876e-17
5806.987 3.51806267265907e-17
5811.294 3.5473878797353e-17
5815.601 3.58211391446701e-17
5819.908 4.01343731871544e-17
5824.215 4.52636738434814e-17
5828.522 4.88872278522761e-17
5832.829 5.21953448062798e-17
5837.136 5.51902316233669e-17
5841.443 5.81193906689804e-17
5845.75 6.17524605635419e-17
5850.057 6.55334700562973e-17
5854.364 6.86239624085832e-17
5858.671 7.15669717663734e-17
5862.978 8.06703591053155e-17
5867.285 9.10916039787322e-17
5871.592 1.00221785352076e-16
5875.899 1.09070910605609e-16
5880.206 1.09704689773502e-16
5884.513 1.0854716631152e-16
5888.82 1.09789962168489e-16
5893.127 1.11565250581706e-16
5897.434 1.08503080893594e-16
5901.741 1.0436605948264e-16
5906.048 1.02539022650303e-16
5910.355 1.01226048790164e-16
5914.662 1.0187295696874e-16
5918.969 1.02962830291505e-16
5923.276 9.85067024525637e-17
5927.583 9.27951460543382e-17
5931.89 9.15109977841864e-17
5936.197 9.1246127934602e-17
5940.504 8.9934874610138e-17
5944.811 8.83823624794944e-17
5949.118 8.79355062777034e-17
5953.425 8.77478752449968e-17
5957.732 8.46647878135545e-17
5962.039 8.09018240930425e-17
5966.346 8.13234479774282e-17
5970.653 8.27291123882865e-17
5974.96 8.13028280191184e-17
5979.267 7.92005253312578e-17
5983.574 7.91661940271144e-17
5987.881 7.96262586489266e-17
5992.188 7.48598917581633e-17
5996.495 6.88234916072208e-17
6000.802 6.7786630635553e-17
6005.109 6.7966459700722e-17
6009.416 6.56046208238667e-17
6013.723 6.26233295473276e-17
6018.03 6.21197353729604e-17
6022.337 6.22298231863238e-17
6026.644 6.2300722490987e-17
6030.951 6.23619007690914e-17
6035.258 6.21981388601406e-17
6039.565 6.19777647100667e-17
6043.872 5.96458499190511e-17
6048.179 5.67817602091434e-17
6052.486 5.9082440660229e-17
6056.793 6.270557115255e-17
6061.1 6.12406144353839e-17
6065.407 5.84709887514298e-17
6069.714 5.57237432661289e-17
6074.021 5.29822417230015e-17
6078.328 5.78236041168213e-17
6082.635 6.46428082948145e-17
6086.942 6.6333161802734e-17
6091.249 6.6683853295232e-17
6095.556 6.32558580181346e-17
6099.863 5.88268749381746e-17
6104.17 5.78180520805498e-17
6108.477 5.77165140059977e-17
6112.784 6.08417016218966e-17
6117.091 6.4824066728082e-17
6121.398 6.78132195291629e-17
6125.705 7.05344584560051e-17
6130.012 7.09489752045677e-17
6134.319 7.07403933413063e-17
6138.626 7.1953576132346e-17
6142.933 7.35566852466983e-17
6147.24 6.92720021702369e-17
6151.547 6.33703001102425e-17
6155.854 6.24618241870878e-17
6160.161 6.29435741758387e-17
6164.468 5.84281275608097e-17
6168.775 5.25194606400577e-17
6173.082 5.51641158770673e-17
6177.389 6.01966926500073e-17
6181.696 6.32999169662816e-17
6186.003 6.58564212197727e-17
6190.31 6.49779355569067e-17
6194.617 6.31247531997674e-17
6198.924 6.37637204444626e-17
6203.231 6.51203694409434e-17
6207.538 6.47923890193437e-17
6211.845 6.3979277094649e-17
6216.152 6.349939322536e-17
6220.459 6.31168916752257e-17
6224.766 6.67022696443899e-17
6229.073 7.14487180260028e-17
6233.38 7.18419199845411e-17
6237.687 7.09595962036329e-17
6241.994 6.95187666905737e-17
6246.301 6.79119054849629e-17
6250.608 6.68563369965615e-17
6254.915 6.59648745242458e-17
6259.222 7.05483220030715e-17
6263.529 7.67851777949376e-17
6267.836 7.61283103617868e-17
6272.143 7.33895815280728e-17
6276.45 7.38510093435344e-17
6280.757 7.52801325965647e-17
6285.064 7.75144665450787e-17
6289.371 7.99957767721663e-17
6293.678 8.05740620471245e-17
6297.985 8.05678681186977e-17
6302.292 8.19746508777442e-17
6306.599 8.38215863668975e-17
6310.906 7.78544907163972e-17
6315.213 6.94501239346216e-17
6319.52 7.14930747591704e-17
6323.827 7.68407246274318e-17
6328.134 7.82055196985851e-17
6332.441 7.8310459139816e-17
6336.748 7.30867010749803e-17
6341.055 6.61752298627405e-17
6345.362 7.10786374199466e-17
6349.669 7.97765739098397e-17
6353.976 7.80033964615465e-17
6358.283 7.28630115850113e-17
6362.59 6.97739618357137e-17
6366.897 6.73537438599468e-17
6371.204 6.60518608374619e-17
6375.511 6.51150688675782e-17
6379.818 6.17414689875623e-17
6384.125 5.75713603521069e-17
6388.432 5.91447968435257e-17
6392.739 6.26191473221505e-17
6397.046 5.78113022867514e-17
6401.353 5.02589480795177e-17
6405.66 4.69063883655627e-17
6409.967 4.49646116560965e-17
6414.274 4.68367430667082e-17
6418.581 4.99916132317079e-17
6422.888 4.93646500320621e-17
6427.195 4.7448419968634e-17
6431.502 4.68342615248705e-17
6435.809 4.66645306806196e-17
6440.116 5.13728361098265e-17
6444.423 5.77481850972911e-17
6448.73 6.46614297847643e-17
6453.037 7.17607570228374e-17
6457.344 8.01724426986729e-17
6461.651 8.90386674298287e-17
6465.958 8.99458463337829e-17
6470.265 8.80593649939047e-17
6474.572 9.20601993888073e-17
6478.879 9.81299977841622e-17
6483.186 1.05874281054565e-16
6487.493 1.14214862284946e-16
6491.8 1.22027285385489e-16
6496.107 1.29651402473945e-16
6500.414 1.34384569643643e-16
6504.721 1.38085772750899e-16
6509.028 1.49953776368006e-16
6513.335 1.64772061914848e-16
6517.642 1.75104778610387e-16
6521.949 1.83815149279248e-16
6526.256 1.94102165900304e-16
6530.563 2.04966898696058e-16
6534.87 2.10783090133049e-16
6539.177 2.1474712491686e-16
6543.484 2.24631999411318e-16
6547.791 2.36691604528071e-16
6552.098 2.46880193273679e-16
6556.405 2.56372573876202e-16
6560.712 2.55294671511262e-16
6565.019 2.50278992383875e-16
6569.326 2.41797095617646e-16
6573.633 2.32008756409396e-16
6577.94 2.24281010133799e-16
6582.247 2.17330893043341e-16
6586.554 2.10030964580556e-16
6590.861 2.02597324026114e-16
6595.168 1.97570712879751e-16
6599.475 1.93465197123969e-16
6603.782 1.8731057631988e-16
6608.089 1.80370941262144e-16
6612.396 1.72442911399191e-16
6616.703 1.64131374134479e-16
6621.01 1.5902808003661e-16
6625.317 1.55171062571729e-16
6629.624 1.51627698760237e-16
6633.931 1.48207604712351e-16
6638.238 1.43155714926469e-16
6642.545 1.37461866810797e-16
6646.852 1.32416925342061e-16
6651.159 1.27627536360489e-16
6655.466 1.22479283341967e-16
6659.773 1.17187894990249e-16
6664.08 1.14879319927397e-16
6668.387 1.13761752597724e-16
6672.694 1.10226323102668e-16
6677.001 1.05713351412032e-16
6681.308 1.02930126878807e-16
6685.615 1.00847047868382e-16
6689.922 9.88524507137211e-17
6694.229 9.68940774524446e-17
6698.536 9.39305143107938e-17
6702.843 9.05550086066466e-17
6707.15 8.91740471176015e-17
6711.457 8.86114187172777e-17
6715.764 8.81323951158258e-17
6720.071 8.76880932477664e-17
6724.378 8.77477759833233e-17
6728.685 8.80170265814318e-17
6732.992 8.46669649529267e-17
6737.299 7.9793236636099e-17
6741.606 6.97752059153549e-17
6745.913 5.75891017218849e-17
6750.22 5.48660396889726e-17
6754.527 5.61757346051625e-17
6758.834 5.93234347686126e-17
6763.141 6.32552756829834e-17
6767.448 6.59281212352688e-17
6771.755 6.80632464498356e-17
6776.062 6.88552751950776e-17
6780.369 6.90666496200869e-17
6784.676 6.90740743932652e-17
6788.983 6.89932290689167e-17
6793.29 6.84402091985883e-17
6797.597 6.76803478530073e-17
6801.904 6.98883509882624e-17
6806.211 7.33978930388677e-17
6810.518 7.353065221846e-17
6814.825 7.21809184519001e-17
6819.132 7.10782999302567e-17
6823.439 7.00853655578378e-17
6827.746 7.10246655393387e-17
6832.053 7.28225194396656e-17
6836.36 7.35642886908889e-17
6840.667 7.38311570088332e-17
6844.974 7.41543530177699e-17
6849.281 7.4502907075565e-17
6853.588 7.15561059218469e-17
6857.895 6.71080712180186e-17
6862.202 6.55178859735568e-17
6866.509 6.52310131196785e-17
6870.816 6.42062025151743e-17
6875.123 6.28444845558997e-17
6879.43 6.31721010180299e-17
6883.737 6.42793186638791e-17
6888.044 6.57033861890055e-17
6892.351 6.72738315953293e-17
6896.658 6.70714039558253e-17
6900.965 6.6040220751882e-17
6905.272 6.5319369243989e-17
6909.579 6.47437375644358e-17
6913.886 6.51225201105361e-17
6918.193 6.59484169387784e-17
6922.5 6.63980061453132e-17
6926.807 6.66692221245571e-17
6931.114 6.59826555986932e-17
6935.421 6.48416360442927e-17
6939.728 6.39438340597623e-17
6944.035 6.31626711590468e-17
6948.342 6.2900223294296e-17
6952.649 6.28867898811482e-17
6956.956 6.15233513861994e-17
6961.263 5.9504236598182e-17
6965.57 6.02859024247099e-17
6969.877 6.24293060628471e-17
6974.184 6.25187143608968e-17
6978.491 6.16084318752842e-17
6982.798 6.21486403722854e-17
6987.105 6.34030432276098e-17
6991.412 6.39722890728341e-17
6995.719 6.42038202350102e-17
7000.026 6.54317665456227e-17
7004.333 6.71560146063221e-17
7008.64 6.73538298867305e-17
7012.947 6.67905529768064e-17
7017.254 6.70421680842552e-17
7021.561 6.77047926944694e-17
7025.868 6.76301346811028e-17
7030.175 6.71832387746425e-17
7034.482 6.73241771161317e-17
7038.789 6.77622188813153e-17
7043.096 6.74451704786911e-17
7047.403 6.67421000452455e-17
7051.71 6.7003303830355e-17
7056.017 6.77579770991341e-17
7060.324 6.78415289584469e-17
7064.631 6.75780620071814e-17
7068.938 6.86514975968139e-17
7073.245 7.04169458694634e-17
7077.552 6.9394206525213e-17
7081.859 6.69267532277469e-17
7086.166 6.76134918071783e-17
7090.473 6.99532218006213e-17
7094.78 6.92284130606778e-17
7099.087 6.68959424042906e-17
7103.394 6.51964832921881e-17
7107.701 6.38328859785618e-17
7112.008 6.37614705131964e-17
7116.315 6.43756355744048e-17
7120.622 6.48432308485137e-17
7124.929 6.52321844074259e-17
7129.236 6.56893770581513e-17
7133.543 6.61832237361802e-17
7137.85 6.63311567169292e-17
7142.157 6.62930997913068e-17
7146.464 6.52900010235209e-17
7150.771 6.37621785798008e-17
7155.078 6.4100429275886e-17
7159.385 6.54543518850679e-17
7163.692 6.53305064037564e-17
7167.999 6.43933107697338e-17
7172.306 6.37263384982201e-17
7176.613 6.32080999182883e-17
7180.92 6.32423915177622e-17
7185.227 6.35811120524354e-17
7189.534 6.41074239151457e-17
7193.841 6.47382517026133e-17
7198.148 6.48156691905034e-17
7202.455 6.45844689005724e-17
7206.762 6.39120637067954e-17
7211.069 6.29908756719869e-17
7215.376 6.56924806398096e-17
7219.683 7.04390679877655e-17
7223.99 7.17828659062498e-17
7228.297 7.11845165383534e-17
7232.604 7.11347070305879e-17
7236.911 7.13979754585064e-17
7241.218 7.14212093075518e-17
7245.525 7.13073032284808e-17
7249.832 7.14201438989228e-17
7254.139 7.16639702737238e-17
7258.446 7.3715331870741e-17
7262.753 7.68118791851108e-17
7267.06 7.7634070244209e-17
7271.367 7.71266313343546e-17
7275.674 8.05298972198591e-17
7279.981 8.62217270148365e-17
7284.288 8.86098900875057e-17
7288.595 8.90434386076019e-17
7292.902 8.8733411314017e-17
7297.209 8.7983449666007e-17
7301.516 8.82159866798079e-17
7305.823 8.90303956237031e-17
7310.13 8.90635953447686e-17
7314.437 8.86290409730475e-17
7318.744 8.81862809696499e-17
7323.051 8.77386042046913e-17
7327.358 8.69775120143588e-17
7331.665 8.60265190077189e-17
7335.972 8.55317855920733e-17
7340.279 8.53137606349391e-17
7344.586 8.49189903419594e-17
7348.893 8.44169247973642e-17
7353.2 8.38642953562848e-17
7357.507 8.3280663185847e-17
7361.814 8.36306532291856e-17
7366.121 8.45536279741171e-17
7370.428 8.36219380542517e-17
7374.735 8.15396266674352e-17
7379.042 8.07505890072882e-17
7383.349 8.07646709300363e-17
7387.656 8.14908296287395e-17
7391.963 8.26639967304663e-17
7396.27 8.2182736432638e-17
7400.577 8.06619152456226e-17
7404.884 7.88075152786216e-17
7409.191 7.67433158384975e-17
7413.498 7.5095962487541e-17
7417.805 7.37133731070505e-17
7422.112 7.32776871522515e-17
7426.419 7.34440232472685e-17
7430.726 7.2592417645588e-17
7435.033 7.10866445282761e-17
7439.34 7.00434308095038e-17
7443.647 6.92977705006791e-17
7447.954 6.74081260221385e-17
7452.261 6.47818738993969e-17
7456.568 5.60823690750624e-17
7460.875 4.3430237941925e-17
7465.182 3.32145309071155e-17
7469.489 2.45860461558136e-17
7473.796 2.04549738278257e-17
7478.103 1.92823609371093e-17
7482.41 1.96424806342292e-17
7486.717 2.10118318161964e-17
7491.024 2.03685400712588e-17
7495.331 1.83858195758325e-17
7499.638 2.1537212273537e-17
7503.945 2.81086990191278e-17
7508.252 3.21361653210321e-17
7512.559 3.44672893273821e-17
7516.866 3.66603138761052e-17
7521.173 3.87602706797486e-17
7525.48 3.96826366197494e-17
7529.787 3.98106411651807e-17
7534.094 4.1624585382783e-17
7538.401 4.4586841579066e-17
7542.708 4.46284950859917e-17
7547.015 4.26789858921594e-17
7551.322 4.16852938222994e-17
7555.629 4.13501831038195e-17
7559.936 4.22872066842747e-17
7564.243 4.41015942706852e-17
7568.55 4.41689234638246e-17
7572.857 4.30301770017474e-17
7577.164 4.22996077760181e-17
7581.471 4.18538070566888e-17
7585.778 4.30596544100563e-17
7590.085 4.54189157921229e-17
7594.392 4.59658873178124e-17
7598.699 4.52350699378993e-17
7603.006 4.52045138860716e-17
7607.313 4.56681618542974e-17
7611.62 4.69337581176709e-17
7615.927 4.87658672215248e-17
7620.234 4.86830697509307e-17
7624.541 4.72332372040845e-17
7628.848 4.65863323342312e-17
7633.155 4.6513176480857e-17
7637.462 4.60880288070619e-17
7641.769 4.5408708383364e-17
7646.076 4.58700766418216e-17
7650.383 4.71559322127577e-17
7654.69 4.66995369641428e-17
7658.997 4.4971788275091e-17
7663.304 4.61960817561185e-17
7667.611 4.95765902486104e-17
7671.918 5.12523787603041e-17
7676.225 5.16818310820069e-17
7680.532 5.31107657378575e-17
7684.839 5.52781112916445e-17
7689.146 5.51738766082955e-17
7693.453 5.33898035369737e-17
7697.76 5.41890055924878e-17
7702.067 5.69185891173495e-17
7706.374 5.8434222227563e-17
7710.681 5.90418492532098e-17
7714.988 5.75125577367217e-17
7719.295 5.43833864189928e-17
7723.602 5.65616309045308e-17
7727.909 6.27512646095875e-17
7732.216 6.45461208073744e-17
7736.523 6.30162271034005e-17
7740.83 6.38879828248027e-17
7745.137 6.65956692244889e-17
7749.444 6.72710456510262e-17
7753.751 6.63913688480781e-17
7758.058 6.69058685716412e-17
7762.365 6.84982838950344e-17
7766.672 6.95404719098471e-17
7770.979 7.01568538150971e-17
7775.286 6.95735260471247e-17
7779.593 6.80608774045612e-17
7783.9 6.80716175176346e-17
7788.207 6.92735771221232e-17
7792.514 7.13226689355395e-17
7796.821 7.40348022581988e-17
7801.128 7.5033765122922e-17
7805.435 7.46778524663975e-17
7809.742 7.39397956017634e-17
7814.049 7.28992222435064e-17
7818.356 7.19564216336532e-17
7822.663 7.10918193701882e-17
7826.97 6.7416133130468e-17
7831.277 6.14899200545625e-17
7835.584 6.01877524819468e-17
7839.891 6.25910099464339e-17
7844.198 6.40225353319631e-17
7848.505 6.46680075249953e-17
7852.812 6.33622665321334e-17
7857.119 6.04767032135239e-17
7861.426 5.99041817330738e-17
7865.733 6.12238789172308e-17
7870.04 6.07331755255296e-17
7874.347 5.87600519795701e-17
7878.654 6.00702928349643e-17
7882.961 6.4071583833565e-17
7887.268 6.60752865924094e-17
7891.575 6.64247935622702e-17
7895.882 6.667866521843e-17
7900.189 6.68532665021277e-17
7904.496 6.63889998028038e-17
7908.803 6.53902156090929e-17
7913.11 6.60945499745145e-17
7917.417 6.82251819439939e-17
7921.724 6.92559416314636e-17
7926.031 6.93560834251417e-17
7930.338 6.93137516301137e-17
7934.645 6.91507705796611e-17
7938.952 6.66289748246728e-17
7943.259 6.2107598979013e-17
7947.566 6.09976615633097e-17
7951.873 6.28095047421561e-17
7956.18 6.23371978472781e-17
7960.487 5.99067691540299e-17
7964.794 6.0530390544001e-17
7969.101 6.37967084072912e-17
7973.408 6.55841927714591e-17
7977.715 6.60908375879254e-17
7982.022 6.6689762673528e-17
7986.329 6.73686992854218e-17
7990.636 6.70675261331137e-17
7994.943 6.59079115585429e-17
7999.25 6.35516445702938e-17
8003.557 6.01462941896457e-17
8007.864 6.00393033404956e-17
8012.171 6.28537489787603e-17
8016.478 6.43788384177366e-17
8020.785 6.47618958332426e-17
8025.092 6.45524470846992e-17
8029.399 6.38127821809543e-17
8033.706 6.24115316058446e-17
8038.013 6.04177153096815e-17
8042.32 5.94085814321464e-17
8046.627 5.92822477915524e-17
8050.934 5.91642786013125e-17
8055.241 5.90538863854836e-17
8059.548 5.84773878206485e-17
8063.855 5.74783190768069e-17
8068.162 5.75250448552488e-17
8072.469 5.85296391655822e-17
8076.776 6.06608071480986e-17
8081.083 6.38238134616033e-17
8085.39 6.36187984011433e-17
8089.697 6.02971851682651e-17
8094.004 5.90655198536186e-17
8098.311 5.97695895212441e-17
8102.618 6.16858890678437e-17
8106.925 6.47260028121027e-17
8111.232 6.53572210288194e-17
8115.539 6.3732261111406e-17
8119.846 6.02151023817203e-17
8124.153 5.49240548284146e-17
8128.46 5.24488028721334e-17
8132.767 5.26404010630578e-17
8137.074 4.98287049731492e-17
8141.381 4.41725597497974e-17
8145.688 4.34324580946891e-17
8149.995 4.73527019368718e-17
8154.302 4.83744122684402e-17
8158.609 4.66201143904479e-17
8162.916 4.72975356074594e-17
8167.223 5.0306044434874e-17
8171.53 5.19522496591403e-17
8175.837 5.22791117325518e-17
8180.144 5.2480695647831e-17
8184.451 5.25608461404649e-17
8188.758 5.26827494016981e-17
8193.065 5.28455517811383e-17
8197.372 5.26395705737228e-17
8201.679 5.20724356934218e-17
8205.986 5.20949647845853e-17
8210.293 5.26954979092988e-17
8214.6 5.19946145413928e-17
8218.907 5.00049473831822e-17
8223.214 4.98850657513662e-17
8227.521 5.16185517651466e-17
8231.828 5.19494372450576e-17
8236.135 5.08757601186862e-17
8240.442 5.01860436890497e-17
8244.749 4.98811813112096e-17
8249.056 4.95660288065494e-17
8253.363 4.92405563965669e-17
8257.67 4.70832594328612e-17
8261.977 4.30710231803952e-17
8266.284 4.18144696554782e-17
8270.591 4.33509576432954e-17
8274.898 4.27424207189749e-17
8279.205 3.99374446443627e-17
8283.512 3.65841404678564e-17
8287.819 3.26688398570142e-17
8292.126 3.0770460351205e-17
8296.433 3.09604868989656e-17
8300.74 3.01766836377349e-17
8305.047 2.83835909890139e-17
8309.354 2.78388826294804e-17
8313.661 2.85892115456823e-17
8317.968 2.90272433846985e-17
8322.275 2.91382808014052e-17
8326.582 2.85097294149833e-17
8330.889 2.71060717442911e-17
8335.196 2.67181918658139e-17
8339.503 2.74058122197782e-17
8343.81 2.66405460760748e-17
8348.117 2.43355394703855e-17
8352.424 2.42434560702349e-17
8356.731 2.65206925683995e-17
8361.038 2.66910553786385e-17
8365.345 2.46035476432139e-17
8369.652 2.34895140291173e-17
8373.959 2.34196950223342e-17
8378.266 2.27785787624076e-17
8382.573 2.15189249645547e-17
8386.88 2.10880432747534e-17
8391.187 2.15552960960887e-17
8395.494 2.17726278758696e-17
8399.801 2.17163349264629e-17
8404.108 2.49276452790183e-17
8408.415 3.17198056140648e-17
8412.722 3.51512750497349e-17
8417.029 3.48964504815093e-17
8421.336 3.58951023263222e-17
8425.643 3.82828253389055e-17
8429.95 4.07418215417888e-17
8434.257 4.32798763588975e-17
8438.564 4.38185959307962e-17
8442.871 4.21188952819548e-17
8447.178 4.23107283921732e-17
8451.485 4.46222779965078e-17
8455.792 4.59534564475669e-17
8460.099 4.61746809393105e-17
8464.406 4.34351811732656e-17
8468.713 3.73404879501953e-17
8473.02 3.48442355325225e-17
8477.327 3.64296595253784e-17
8481.634 3.65880017469558e-17
8485.941 3.51109251794545e-17
8490.248 3.44768085218714e-17
8494.555 3.48096229869709e-17
8498.862 3.9341937469051e-17
8503.169 4.87364956923342e-17
8507.476 5.33060730066487e-17
8511.783 5.22839920981659e-17
8516.09 5.32376618612681e-17
8520.397 5.64831678603464e-17
8524.704 5.74410363922379e-17
8529.011 5.5717886827392e-17
8533.318 5.53239768022493e-17
8537.625 5.64893419364385e-17
8541.932 5.92383873667524e-17
8546.239 6.38644048686225e-17
8550.546 6.58175834356521e-17
8554.853 6.45999934263088e-17
8559.16 6.54397538016175e-17
8563.467 6.8743069799346e-17
8567.774 7.01385499625025e-17
8572.081 6.92473521879828e-17
8576.388 6.93870861545002e-17
8580.695 7.07636271903517e-17
8585.002 7.18980359172967e-17
8589.309 7.27389344931283e-17
8593.616 7.32138685136318e-17
8597.923 7.32447785987617e-17
8602.23 7.39676748971289e-17
8606.537 7.55388416049468e-17
8610.844 7.79476643405952e-17
8615.151 8.13842755309529e-17
8619.458 8.66838430445678e-17
8623.765 9.42908077158423e-17
8628.072 9.91287687429832e-17
8632.379 1.00533903758249e-16
8636.686 1.0315355167098e-16
8640.993 1.07280282955114e-16
8645.3 1.08737735489763e-16
8649.607 1.06848454970691e-16
8653.914 1.04095008939519e-16
8658.221 1.00257056333395e-16
8662.528 9.80042597136092e-17
8666.835 9.77614855125473e-17
8671.142 9.65600023640916e-17
8675.449 9.41416835950112e-17
8679.756 9.25287608098716e-17
8684.063 9.19390472075703e-17
8688.37 9.14811001681262e-17
8692.677 9.11921295842145e-17
8696.984 9.04209127031844e-17
8701.291 8.90306338517195e-17
8705.598 8.78977603719914e-17
8709.905 8.70987568398244e-17
8714.212 8.59850143933034e-17
8718.519 8.4462657959071e-17
8722.826 8.29511938391447e-17
8727.133 8.14540167827584e-17
8731.44 8.03757107536792e-17
8735.747 7.98474202749436e-17
8740.054 7.71425793765646e-17
8744.361 7.15769905779527e-17
8748.668 6.77908724177341e-17
8752.975 6.63658321282074e-17
8757.282 6.40579055749558e-17
8761.589 6.05774008725736e-17
8765.896 5.71313929104573e-17
8770.203 5.37316905190317e-17
8774.51 5.16038444938554e-17
8778.817 5.11844903930706e-17
8783.124 5.0613404898164e-17
8787.431 4.983829365081e-17
8791.738 4.6977112307936e-17
8796.045 4.12815734350919e-17
8800.352 3.9885620124625e-17
8804.659 4.43371025172464e-17
8808.966 4.81157826693969e-17
8813.273 5.09707006006726e-17
8817.58 5.2077802441236e-17
8821.887 5.07828545010067e-17
8826.194 4.99861141349956e-17
8830.501 4.98812739554382e-17
8834.808 5.07396028811375e-17
8839.115 5.29368460509846e-17
8843.422 5.21621384677695e-17
8847.729 4.72521101569405e-17
8852.036 4.60668364397683e-17
8856.343 5.01191181600493e-17
8860.65 5.25720891793508e-17
8864.957 5.27740569064342e-17
8869.264 5.14539328970812e-17
8873.571 4.79708870958572e-17
8877.878 4.41847226135244e-17
8882.185 3.99674084348718e-17
8886.492 4.01966201826102e-17
8890.799 4.68175491677745e-17
8895.106 4.90808377464503e-17
8899.413 4.50741535302557e-17
8903.72 4.35666069377105e-17
8908.027 4.5658384579457e-17
8912.334 4.60947256613012e-17
8916.641 4.41215260147253e-17
8920.948 4.30698485839254e-17
8925.255 4.33594809123272e-17
8929.562 4.21372983962229e-17
8933.869 3.8691197789878e-17
8938.176 3.58307443659431e-17
8942.483 3.38326267305947e-17
8946.79 3.40894199886781e-17
8951.097 3.76696495857097e-17
8955.404 3.92630806868951e-17
8959.711 3.78969885965413e-17
8964.018 3.63167559892098e-17
8968.325 3.44172316654329e-17
8972.632 3.26080850953834e-17
8976.939 3.09351354675521e-17
8981.246 3.25721722219088e-17
8985.553 3.91973132107523e-17
8989.86 4.14957635829064e-17
8994.167 3.72040627061281e-17
8998.474 3.58004000723522e-17
9002.781 3.87999025572573e-17
9007.088 4.02084323217575e-17
9011.395 3.91889851563451e-17
9015.702 3.85911651840407e-17
9020.009 3.86437110052726e-17
9024.316 3.8412315500717e-17
9028.623 3.77425208889532e-17
9032.93 3.62194828578961e-17
9037.237 3.33648329331388e-17
9041.544 3.17818375425614e-17
9045.851 3.21834403474008e-17
9050.158 3.38082215938019e-17
9054.465 3.73438065988128e-17
9058.772 3.79115403578774e-17
9063.079 3.37929187524697e-17
9067.386 3.10595897537944e-17
9071.693 3.05158343063265e-17
9076 3.12695612804848e-17
9080.307 3.40962822790398e-17
9084.614 3.50215995994662e-17
9088.921 3.29060520956373e-17
9093.228 3.23371569749927e-17
9097.535 3.4268660101251e-17
9101.842 3.53637181920956e-17
9106.149 3.51065477396529e-17
9110.456 3.47474520921314e-17
9114.763 3.42234232479117e-17
9119.07 3.37930477926453e-17
9123.377 3.35158794217134e-17
9127.684 3.31199312235415e-17
9131.991 3.25294863935787e-17
9136.298 3.08050199571975e-17
9140.605 2.72033382581599e-17
9144.912 2.60747595001722e-17
9149.219 2.90441178691946e-17
9153.526 2.72036211539294e-17
9157.833 1.73058707660567e-17
9162.14 1.10234356680777e-17
9166.447 1.07972116967118e-17
9170.754 1.47052744771941e-17
9175.061 2.5545780807167e-17
9179.368 3.14672971515544e-17
9183.675 2.90499279858172e-17
9187.982 2.52871743691808e-17
9192.289 1.92413956444532e-17
9196.596 1.56260456129739e-17
9200.903 1.61804319856742e-17
9205.21 1.85625616029555e-17
9209.517 2.40835719839958e-17
9213.824 2.75603973870134e-17
9218.131 2.7523141172224e-17
9222.438 2.87857761290045e-17
9226.745 3.2305469340087e-17
9231.052 3.27404075236123e-17
9235.359 2.78137992045853e-17
9239.666 2.49202668279544e-17
9243.973 2.55995872516523e-17
9248.28 2.67275026107888e-17
9252.587 2.8644556546107e-17
9256.894 2.61597556168345e-17
9261.201 1.58453378108066e-17
9265.508 1.16654560364138e-17
9269.815 1.84081385631204e-17
9274.122 2.35505831193809e-17
9278.429 2.58409238128096e-17
9282.736 2.55901077618325e-17
9287.043 2.07642186085511e-17
9291.35 1.83662732979579e-17
9295.657 2.03439976224844e-17
9299.964 2.12980859389765e-17
9304.271 2.03866917226207e-17
9308.578 1.99526419310733e-17
9312.885 2.03893916401401e-17
9317.192 1.91004391049905e-17
9321.499 1.46601600465855e-17
9325.806 1.59312206650855e-17
9330.113 2.77491997074674e-17
9334.42 3.27915636814151e-17
9338.727 2.53088994407889e-17
9343.034 1.80448408380871e-17
9347.341 1.11890264733629e-17
9351.648 9.97654678584387e-18
9355.955 1.93138335050557e-17
9360.262 2.31526414159327e-17
9364.569 1.65960025623372e-17
9368.876 1.19446956675995e-17
9373.183 1.08993172171641e-17
9377.49 1.28239051135015e-17
9381.797 2.03750615632082e-17
9386.104 2.45416910770072e-17
9390.411 2.2223411531209e-17
9394.718 1.95526537827896e-17
9399.025 1.62058396653694e-17
9403.332 1.24252545162683e-17
9407.639 7.80405616864685e-18
9411.946 6.10174369702141e-18
9416.253 1.00618712932093e-17
9420.56 1.46448522421696e-17
9424.867 2.04499776569259e-17
9429.174 2.32015443337468e-17
9433.481 1.995527071106e-17
9437.788 1.77330648846873e-17
9442.095 1.75244300818667e-17
9446.402 1.83669184988357e-17
9450.709 2.1299978528218e-17
9455.016 2.28748675487925e-17
9459.323 2.17456783315126e-17
9463.63 2.0088483185628e-17
9467.937 1.73689995360456e-17
9472.244 1.50204567603564e-17
9476.551 1.34189937354231e-17
9480.858 1.1919613069885e-17
9485.165 1.06260448669174e-17
9489.472 1.1063597768359e-17
9493.779 1.50318073327219e-17
9498.086 1.85250688145109e-17
9502.393 2.10486463165387e-17
9506.7 2.13642223376726e-17
9511.007 1.71192158064729e-17
9515.314 1.33980371146041e-17
9519.621 1.07599596178255e-17
9523.928 9.30932222424329e-18
9528.235 1.03400422070436e-17
9532.542 1.21254114703852e-17
9536.849 1.54894201911985e-17
9541.156 1.88962611513104e-17
9545.463 2.23927966139639e-17
9549.77 2.21221679329549e-17
9554.077 1.38698468739339e-17
9558.384 9.98686586398547e-18
9562.691 1.53713203064218e-17
9566.998 1.90787835165539e-17
9571.305 1.91872699082515e-17
9575.612 1.82533780335954e-17
9579.919 1.50800468516848e-17
9584.226 1.38684539017824e-17
9588.533 1.68759618406558e-17
9592.84 1.84956278021489e-17
9597.147 1.70982401604998e-17
9601.454 1.47555174276006e-17
9605.761 1.03555055214146e-17
9610.068 8.88522176110368e-18
9614.375 1.38668731596318e-17
9618.682 1.71509977399684e-17
9622.989 1.66927330631692e-17
9627.296 1.6055095924899e-17
9631.603 1.50172654975532e-17
