4079.639 1.67573871542075e-17
4081.86245 -7.2924037661883e-17
4084.0859 -1.6260545751489e-16
4086.30935 -8.54986520454569e-17
4088.5328 -8.39183830421785e-18
4090.75625 -1.13734951945877e-17
4092.9797 -1.43587536293446e-17
4095.20315 1.34753512049176e-17
4097.4266 4.13122287485931e-17
4099.65005 1.03884794221728e-17
4101.8735 -2.05431992575994e-17
4104.09695 -2.58152315829837e-17
4106.3204 -3.10837996759626e-17
4108.54385 -5.81055957779049e-18
4110.7673 1.9468177135552e-17
4112.99075 1.3822235185056e-17
4115.2142 8.16933664560843e-18
4117.43765 3.93703891734004e-18
4119.6611 -2.94875412714435e-19
4121.88455 9.89364509049258e-18
4124.108 2.0086057892072e-17
4126.33145 4.44648249940889e-18
4128.5549 -1.12012282145786e-17
4130.77835 -6.57092384918393e-18
4133.0018 -1.93332106244951e-18
4135.22525 3.64337863294545e-18
4137.4487 9.22045903821733e-18
4139.67215 1.64320140058986e-17
4141.8956 2.36442298908892e-17
4144.11905 1.49157902887276e-17
4146.3425 6.18017903065521e-18
4148.56595 1.27780164418395e-17
4150.7894 1.93834424079633e-17
4153.01285 1.27771379760289e-17
4155.2363 6.1636978705404e-18
4157.45975 1.42125031339616e-17
4159.6832 2.22692257566158e-17
4161.90665 1.64596401839966e-17
4164.1301 1.06419441054713e-17
4166.35355 1.22480724290594e-17
4168.577 1.38588784590115e-17
4170.80045 1.28503120273766e-17
4173.0239 1.18399779107727e-17
4175.24735 5.32542848828579e-18
4177.4708 -1.1930846802989e-18
4179.69425 4.50698662531408e-18
4181.9177 1.02158567545004e-17
4184.14115 1.16894773614024e-17
4186.3646 1.31598562474838e-17
4188.58805 1.42171634695327e-17
4190.8115 1.52741365106142e-17
4193.03495 8.1770046098868e-18
4195.2584 1.07289874941497e-18
4197.48185 9.63416432259899e-18
4199.7053 1.82088277401645e-17
4201.92875 1.68169094167256e-17
4204.1522 1.54160178380017e-17
4206.37565 1.39798073014831e-17
4208.5991 1.25435645049205e-17
4210.82255 1.21271617845613e-17
4213.046 1.17117698789107e-17
4215.26945 1.11975183095313e-17
4217.4929 1.06831683056591e-17
4219.71635 8.55380853996185e-18
4221.9398 6.42277621506599e-18
4224.16325 9.86213116351554e-18
4226.3867 1.33075055052826e-17
4228.61015 1.5161558883607e-17
4230.8336 1.70138197615439e-17
4233.05705 1.78938390172656e-17
4235.2805 1.87727647402175e-17
4237.50395 1.86638018924871e-17
4239.7274 1.85536826462603e-17
4241.95085 1.62137011899111e-17
4244.1743 1.38710074083334e-17
4246.39775 1.11164934869899e-17
4248.6212 8.36146092340245e-18
4250.84465 1.11062381017555e-17
4253.0681 1.3857948708003e-17
4255.29155 1.20072164598381e-17
4257.515 1.01504730901617e-17
4259.73845 7.77618349072627e-18
4261.9619 5.40119368290228e-18
4264.18535 1.06506352921674e-17
4266.4088 1.59107214751452e-17
4268.63225 1.12848495570629e-17
4270.8557 6.64472862574867e-18
4273.07915 6.91221898351362e-18
4275.3026 7.18678256269651e-18
4277.52605 3.54195181418572e-18
4279.7495 -1.08705310216546e-19
4281.97295 3.93875366274986e-18
4284.1964 7.99800189814971e-18
4286.41985 1.04575423858761e-17
4288.6433 1.29145599727342e-17
4290.86675 1.07720778137994e-17
4293.0902 8.62234376243432e-18
4295.31365 7.7426189830107e-18
4297.5371 6.86495305613173e-18
4299.76055 8.1859729020881e-18
4301.984 9.5106579853387e-18
4304.20745 7.80972070148162e-18
4306.4309 6.10360402621904e-18
4308.65435 9.14924871364386e-18
4310.8778 1.22030283088028e-17
4313.10125 1.57288955959775e-17
4315.3247 1.92555917181259e-17
4317.54815 1.81136407583556e-17
4319.7716 1.69632773717557e-17
4321.99505 1.5648035382378e-17
4324.2185 1.43324873361736e-17
4326.44195 1.72666822573564e-17
4328.6654 2.02087271225524e-17
4330.88885 1.89376598866075e-17
4333.1123 1.76586186295575e-17
4335.33575 1.82199467019585e-17
4337.5592 1.87848415771607e-17
4339.78265 1.47855540100036e-17
4342.0061 1.07772162597646e-17
4344.22955 1.16954562228699e-17
4346.453 1.26234651890095e-17
4348.67645 1.47617791848376e-17
4350.8999 1.69025490799045e-17
4353.12335 1.43851357278014e-17
4355.3468 1.18580658692274e-17
4357.57025 1.18470213536886e-17
4359.7937 1.18413063628365e-17
4362.01715 1.58069136169923e-17
4364.2406 1.97811111418094e-17
4366.46405 1.37106658912155e-17
4368.6875 7.61848895156854e-18
4370.91095 7.05198024699119e-18
4373.1344 6.49767659235206e-18
4375.35785 1.31453317831079e-17
4377.5813 1.98092203933852e-17
4379.80475 1.64112319201888e-17
4382.0282 1.29901129955236e-17
4384.25165 1.16321305838953e-17
4386.4751 1.02788912258994e-17
4388.69855 1.12112925210916e-17
4390.922 1.21490514651113e-17
4393.14545 1.10886150188051e-17
4395.3689 1.00234040860032e-17
4397.59235 1.4170541915848e-17
4399.8158 1.83303686962894e-17
4402.03925 1.62495677412714e-17
4404.2627 1.41535731327621e-17
4406.48615 1.3524204491895e-17
4408.7096 1.28984737913619e-17
4410.93305 1.46126153593372e-17
4413.1565 1.63326663056085e-17
4415.37995 1.40731364356362e-17
4417.6034 1.18033776502091e-17
4419.82685 1.46792331771497e-17
4422.0503 1.75683120133627e-17
4424.27375 1.39591509472264e-17
4426.4972 1.03329954554052e-17
4428.72065 1.19322970573979e-17
4430.9441 1.35455019111264e-17
4433.16755 1.75864338862225e-17
4435.391 2.16339345025629e-17
4437.61445 1.97262674128359e-17
4439.8379 1.78024868447764e-17
4442.06135 1.7990903699065e-17
4444.2848 1.81851306699761e-17
4446.50825 1.79611566298764e-17
4448.7317 1.77360113020292e-17
4450.95515 1.84075909695549e-17
4453.1786 1.90817200077285e-17
4455.40205 1.91204122080612e-17
4457.6255 1.91572697217954e-17
4459.84895 1.96210698912539e-17
4462.0724 2.00861025598251e-17
4464.29585 1.62296211079803e-17
4466.5193 1.23604689035125e-17
4468.74275 1.23735549008031e-17
4470.9662 1.23981990927929e-17
4473.18965 1.32210576866453e-17
4475.4131 1.40463291663446e-17
4477.63655 1.48776440275992e-17
4479.86 1.5708975432466e-17
4482.08345 1.67968023103957e-17
4484.3069 1.78854166642685e-17
4486.53035 1.54451114345065e-17
4488.7538 1.29938212462097e-17
4490.97725 1.29742360908462e-17
4493.2007 1.29623313074704e-17
4495.42415 1.17984385547715e-17
4497.6476 1.0630907034558e-17
4499.87105 1.23889603125313e-17
4502.0945 1.41563838924835e-17
4504.31795 1.3678134532085e-17
4506.5414 1.31925894386837e-17
4508.76485 1.30470428740019e-17
4510.9883 1.29026163118696e-17
4513.21175 1.16058386481253e-17
4515.4352 1.03052642253694e-17
4517.65865 1.11602612675613e-17
4519.8821 1.20224564354437e-17
4522.10555 1.54053736778794e-17
4524.329 1.87968241155142e-17
4526.55245 1.60151662623698e-17
4528.7759 1.3212335067086e-17
4530.99935 1.49335978329547e-17
4533.2228 1.66703776799343e-17
4535.44625 1.99857423904652e-17
4537.6697 2.33065929628186e-17
4539.89315 2.31523535570795e-17
4542.1166 2.29858801500807e-17
4544.34005 2.12690552081984e-17
4546.5635 1.95467046998241e-17
4548.78695 2.00080663408368e-17
4551.0104 2.04773143218096e-17
4553.23385 1.97079569427964e-17
4555.4573 1.89341261710306e-17
4557.68075 2.24314937773804e-17
4559.9042 2.59444785536951e-17
4562.12765 2.23980310128801e-17
4564.3511 1.88254511821534e-17
4566.57455 1.95623599200973e-17
4568.798 2.03154152235982e-17
4571.02145 2.07919820986309e-17
4573.2449 2.12675133435366e-17
4575.46835 2.0526432306583e-17
4577.6918 1.97807372561725e-17
4579.91525 2.07651003830841e-17
4582.1387 2.17561008072308e-17
4584.36215 2.04762489131806e-17
4586.5856 1.91875792738005e-17
4588.80905 1.95096205386021e-17
4591.0325 1.98379169431959e-17
4593.25595 1.76077536393304e-17
4595.4794 1.53675400910225e-17
4597.70285 1.43790526415767e-17
4599.9263 1.33955390291542e-17
4602.14975 1.4734354838809e-17
4604.3732 1.60825020729541e-17
4606.59665 1.48209192899127e-17
4608.8201 1.35488486838848e-17
4611.04355 1.40447823385991e-17
4613.267 1.45479017112947e-17
4615.49045 1.37460485419174e-17
4617.7139 1.29388319334484e-17
4619.93735 1.42709864576303e-17
4622.1608 1.56120282103135e-17
4624.38425 1.57871406916298e-17
4626.6077 1.59574092032789e-17
4628.83115 1.35476831864017e-17
4631.0546 1.11271211035e-17
4633.27805 1.35415934827321e-17
4635.5015 1.59765931760453e-17
4637.72495 1.67177916726458e-17
4639.9484 1.74517225603845e-17
4642.17185 1.53425757801356e-17
4644.3953 1.32211015272178e-17
4646.61875 1.23505394274394e-17
4648.8422 1.14854019781182e-17
4651.06565 1.0867688312082e-17
4653.2891 1.02510590798288e-17
4655.51255 1.05481790471354e-17
4657.736 1.0849344754818e-17
4659.95945 1.15338458106923e-17
4662.1829 1.22200607847959e-17
4664.40635 1.47352415764257e-17
4666.6298 1.72586040114942e-17
4668.85325 1.57873359062543e-17
4671.0767 1.42980203744098e-17
4673.30015 1.47143006720383e-17
4675.5236 1.51392779466272e-17
4677.74705 1.66230215898656e-17
4679.9705 1.81116439443569e-17
4682.19395 1.68033767419043e-17
4684.4174 1.54822187567856e-17
4686.64085 1.39533325587977e-17
4688.8643 1.24234818682156e-17
4691.08775 1.16277010317151e-17
4693.3112 1.08353695383689e-17
4695.53465 1.11328013527664e-17
4697.7581 1.14354030459924e-17
4699.98155 1.19816449983816e-17
4702.205 1.25290433492671e-17
4704.42845 1.32036720045307e-17
4706.6519 1.38789094647251e-17
4708.87535 1.56945676005565e-17
4711.0988 1.75157397223512e-17
4713.32225 1.59225733189619e-17
4715.5457 1.43127408805908e-17
4717.76915 1.3817598010542e-17
4719.9926 1.33278963345627e-17
4722.21605 1.15031292858258e-17
4724.4395 9.6717844968579e-18
4726.66295 1.2114280100882e-17
4728.8864 1.45780243204814e-17
4731.10985 1.27905746978993e-17
4733.3333 1.09817953960418e-17
4735.55675 1.00716527039528e-17
4737.7802 9.16605950523278e-18
4740.00365 1.43290379930193e-17
4742.2271 1.95227396231172e-17
4744.45055 1.89915424317092e-17
4746.674 1.84311027512861e-17
4748.89745 1.90848848007521e-17
4751.1209 1.97449269530939e-17
4753.34435 1.66492713394244e-17
4755.5678 1.3534089300215e-17
4757.79125 1.36041556340013e-17
4760.0147 1.36907829508315e-17
4762.23815 1.14936572406315e-17
4764.4616 9.28455395516161e-18
4766.68505 1.01048466347539e-17
4768.9085 1.09411642843532e-17
4771.13195 1.04044497982594e-17
4773.3554 9.86040980066082e-18
4775.57885 1.09987286103614e-17
4777.8023 1.21460223297081e-17
4780.02575 1.07892335397037e-17
4782.2492 9.41896997752087e-18
4784.47265 8.342559019225e-18
4786.6961 7.26774286515013e-18
4788.91955 9.5284299607994e-18
4791.143 1.1807367969484e-17
4793.36645 1.14732283610432e-17
4795.5899 1.11247909357145e-17
4797.81335 9.01417177397518e-18
4800.0368 6.89383075849656e-18
4802.26025 6.14880779233383e-18
4804.4837 5.4114350060663e-18
4806.70715 6.62572332399465e-18
4808.9306 7.850956482198e-18
4811.15405 5.8540051715133e-18
4813.3775 3.83898285957647e-18
4815.60095 5.79390760487918e-18
4817.8244 7.7712766553326e-18
4820.04785 6.60854609139438e-18
4822.2713 5.42791906131326e-18
4824.49475 7.00375561727935e-18
4826.7182 8.59542730530185e-18
4828.94165 1.04694206994724e-17
4831.1651 1.23450494297139e-17
4833.38855 1.30804402912338e-17
4835.612 1.38092294242848e-17
4837.83545 1.43020470896317e-17
4840.0589 1.47934883264392e-17
4842.28235 1.60476231752452e-17
4844.5058 1.73062429973324e-17
4846.72925 1.8581217834491e-17
4848.9527 1.98562886246007e-17
4851.17615 1.97979922437504e-17
4853.3996 1.97317913249665e-17
4855.62305 2.12330993213319e-17
4857.8465 2.27437693478701e-17
4860.06995 2.28878228515463e-17
4862.2934 2.30236541799336e-17
4864.51685 2.25111396898406e-17
4866.7403 2.19946927831156e-17
4868.96375 2.19041495932655e-17
4871.1872 2.18161888612879e-17
4873.41065 2.03549362589048e-17
4875.6341 1.88852960451104e-17
4877.85755 1.78945388120638e-17
4880.081 1.69067279963591e-17
4882.30445 1.93545655327791e-17
4884.5279 2.18237046243335e-17
4886.75135 2.31323324775333e-17
4888.9748 2.44337671681262e-17
4891.19825 2.34124307221947e-17
4893.4217 2.23765888370415e-17
4895.64515 2.3427131376041e-17
4897.8686 2.44907979626393e-17
4900.09205 2.54905234878872e-17
4902.3155 2.64898453489962e-17
4904.53895 2.54172253594477e-17
4906.7624 2.43314763592167e-17
4908.98585 2.55322249712885e-17
4911.2093 2.67475650493657e-17
4913.43275 2.71314843870699e-17
4915.6562 2.7510060138017e-17
4917.87965 2.52514666364982e-17
4920.1031 2.29758034358586e-17
4922.32655 2.11336358157561e-17
4924.55 1.9294293844626e-17
4926.77345 2.06680654797867e-17
4928.9969 2.20627813280573e-17
4931.22035 2.00563488731915e-17
4933.4438 1.80275891592317e-17
4935.66725 1.79335618846416e-17
4937.8907 1.78523211679603e-17
4940.11415 1.9010906729849e-17
4942.3376 2.01777425911673e-17
4944.56105 1.70427049085342e-17
4946.7845 1.38790368505394e-17
4949.00795 1.29561861826997e-17
4951.2314 1.20483513245197e-17
4953.45485 1.34819976011395e-17
4955.6783 1.49314388915559e-17
4957.90175 1.44123598961218e-17
4960.1252 1.38799103532663e-17
4962.34865 1.52848716606039e-17
4964.5721 1.6702991757126e-17
4966.79555 1.48704210864903e-17
4969.019 1.30156224184341e-17
4971.24245 1.2619294544361e-17
4973.4659 1.22330061613824e-17
4975.68935 1.54641382429564e-17
4977.9128 1.87203363786326e-17
4980.13625 1.78124957301883e-17
4982.3597 1.68758030219782e-17
4984.58315 1.59529887500854e-17
4986.8066 1.50302704311438e-17
4989.03005 1.66737591942784e-17
4991.2535 1.83352622967933e-17
4993.47695 1.93598528712545e-17
4995.7004 2.03799452375447e-17
4997.92385 1.99688348187446e-17
5000.1473 1.95476112897755e-17
5002.37075 2.07608304767621e-17
5004.5942 2.19856732057163e-17
5006.81765 2.30313436509079e-17
5009.0411 2.407573196615e-17
5011.26455 2.30043941065509e-17
5013.488 2.19178179257074e-17
5015.71145 2.11226591290275e-17
5017.9349 2.03296112972709e-17
5020.15835 2.11418431017938e-17
5022.3818 2.19657083744517e-17
5024.60525 2.23714090320457e-17
5026.8287 2.27740607019018e-17
5029.05215 2.2387608537162e-17
5031.2756 2.19953661081342e-17
5033.49905 2.04532648726802e-17
5035.7225 1.89026701466965e-17
5037.94595 1.80340626747056e-17
5040.1694 1.71704927326451e-17
5042.39285 1.8599179234312e-17
5044.6163 2.00448990391526e-17
5046.83975 1.83384916099047e-17
5049.0632 1.66085178050051e-17
5051.28665 1.537202010122e-17
5053.5101 1.41392364383853e-17
5055.73355 1.46605918348652e-17
5057.957 1.51951440708378e-17
5060.18045 1.48314575709166e-17
5062.4039 1.44609733007215e-17
5064.62735 1.42314439156278e-17
5066.8508 1.40029882109693e-17
5069.07425 1.41845543554246e-17
5071.2977 1.43692604774853e-17
5073.52115 1.4719971822318e-17
5075.7446 1.50719537165715e-17
5077.96805 1.46946667130187e-17
5080.1915 1.43117614987455e-17
5082.41495 1.59002427511454e-17
5084.6384 1.75040036838203e-17
5086.86185 1.80959407476082e-17
5089.0853 1.86799881627135e-17
5091.30875 1.63040657087489e-17
5093.5322 1.39050682244165e-17
5095.75565 1.2416631985563e-17
5097.9791 1.09353367969378e-17
5100.20255 1.31191002315227e-17
5102.426 1.53317711469744e-17
5104.64945 1.45822214349095e-17
5106.8729 1.38091698672807e-17
5109.09635 1.60483064264312e-17
5111.3198 1.83114758910987e-17
5113.54325 1.94122150583903e-17
5115.7667 2.05036798766541e-17
5117.99015 1.89768682476425e-17
5120.2136 1.7429046231072e-17
5122.43705 1.82112249095797e-17
5124.6605 1.90122087121332e-17
5126.88395 1.98822538240287e-17
5129.1074 2.07528597643795e-17
5131.33085 2.02882638471718e-17
5133.5543 1.98128302095784e-17
5135.77775 2.22463575214012e-17
5138.0012 2.47036249168043e-17
5140.22465 2.54225656374823e-17
5142.4481 2.61272374925938e-17
5144.67155 2.66148191046632e-17
5146.895 2.71006090435258e-17
5149.11845 2.84767613044894e-17
5151.3419 2.98602605836537e-17
5153.56535 2.90980831323576e-17
5155.7888 2.83180981368344e-17
5158.01225 2.87118394171321e-17
5160.2357 2.91153712071599e-17
5162.45915 2.84973150883501e-17
5164.6826 2.78706893783942e-17
5166.90605 2.72735443854698e-17
5169.1295 2.66766458923678e-17
5171.35295 2.74615509581745e-17
5173.5764 2.8258110998812e-17
5175.79985 2.85669868569842e-17
5178.0233 2.88717235033712e-17
5180.24675 2.82444095791457e-17
5182.4702 2.76091447948723e-17
5184.69365 2.7273259835339e-17
5186.9171 2.69399292095373e-17
5189.14055 2.88779902236919e-17
5191.364 3.08355263781885e-17
5193.58745 3.08087025652846e-17
5195.8109 3.07647759660356e-17
5198.03435 3.01384579672676e-17
5200.2578 2.9507094166763e-17
5202.48125 2.93626022573622e-17
5204.7047 2.92223554388651e-17
5206.92815 2.73709217415407e-17
5209.1516 2.55045839039394e-17
5211.37505 2.61639808554034e-17
5213.5985 2.68454949620858e-17
5215.82195 2.7855585060409e-17
5218.0454 2.88685702908762e-17
5220.26885 2.8627447142317e-17
5222.4923 2.83752265386597e-17
5224.71575 2.78616003178235e-17
5226.9392 2.73456629543558e-17
5229.16265 2.8142279243275e-17
5231.3861 2.89505670506373e-17
5233.60955 2.88839459241023e-17
5235.833 2.8809502977695e-17
5238.05645 2.83181411502262e-17
5240.2799 2.78230305402214e-17
5242.50335 2.91937780030626e-17
5244.7268 3.05812874538366e-17
5246.95025 2.98517439320669e-17
5249.1737 2.91030793032574e-17
5251.39715 2.83082745398797e-17
5253.6206 2.75130462600284e-17
5255.84405 2.84995881806734e-17
5258.0675 2.95023825459939e-17
5260.29095 2.73958248410623e-17
5262.5144 2.52609014585649e-17
5264.73785 2.62557350376702e-17
5266.9613 2.7279263512225e-17
5269.18475 2.7238953346614e-17
5271.4082 2.71888394363831e-17
5273.63165 2.7947193658888e-17
5275.8551 2.87130305572141e-17
5278.07855 2.81693115056932e-17
5280.302 2.76134659863923e-17
5282.52545 2.82103926036351e-17
5284.7489 2.88180494077839e-17
5286.97235 2.7546732363294e-17
5289.1958 2.62578460025934e-17
5291.41925 2.55501599013298e-17
5293.6427 2.48479365008315e-17
5295.86615 2.55277515785358e-17
5298.0896 2.62206162575837e-17
5300.31305 2.72493675505261e-17
5302.5365 2.82812885995758e-17
5304.75995 2.80407411687229e-17
5306.9834 2.77881202096492e-17
5309.20685 2.61147553371504e-17
5311.4303 2.44278429005791e-17
5313.65375 2.39149710684615e-17
5315.8772 2.34133488926747e-17
5318.10065 2.40676073981735e-17
5320.3241 2.47329418520744e-17
5322.54755 2.48162786444279e-17
5324.771 2.48940121153119e-17
5326.99445 2.48770201711689e-17
5329.2179 2.48591100565459e-17
5331.44135 2.46213882746655e-17
5333.6648 2.43815323668047e-17
5335.88825 2.37427471018443e-17
5338.1117 2.31000856685335e-17
5340.33515 2.3351492326468e-17
5342.5586 2.36116273942261e-17
5344.78205 2.25919271115462e-17
5347.0055 2.15596718815291e-17
5349.22895 2.17519185820537e-17
5351.4524 2.19562321933543e-17
5353.67585 2.16873902224685e-17
5355.8993 2.1413884607289e-17
5358.12275 2.18485150796265e-17
5360.3462 2.22901567348359e-17
5362.56965 2.32630981518493e-17
5364.7931 2.4241325252977e-17
5367.01655 2.33197534063643e-17
5369.24 2.23791961103323e-17
5371.46345 2.1308319817515e-17
5373.6869 2.02361431967748e-17
5375.91035 2.00607924874422e-17
5378.1338 1.98944464662577e-17
5380.35725 1.90365079698075e-17
5382.5807 1.81715963407935e-17
5384.80415 1.95491796242169e-17
5387.0276 2.09494839047058e-17
5389.25105 2.21171072419673e-17
5391.4745 2.32823615339545e-17
5393.69795 2.24600976829624e-17
5395.9214 2.16176059572711e-17
5398.14485 2.09004486379937e-17
5400.3683 2.01845717943046e-17
5402.59175 2.00898860839469e-17
5404.8152 2.00015795904732e-17
5407.03865 1.91392040972172e-17
5409.2621 1.82688446566889e-17
5411.48555 1.86100550050058e-17
5413.709 1.89637623980172e-17
5415.93245 1.88297061992244e-17
5418.1559 1.86905959268889e-17
5420.37935 1.79916216918367e-17
5422.6028 1.72868224509109e-17
5424.82625 1.67914454887488e-17
5427.0497 1.62982555921263e-17
5429.27315 1.54272774204998e-17
5431.4966 1.4552350288629e-17
5433.72005 1.44248767931509e-17
5435.9435 1.43052515873247e-17
5438.16695 1.41059804690382e-17
5440.3904 1.39058672808882e-17
5442.61385 1.56246195535978e-17
5444.8373 1.73636923452354e-17
5447.06075 1.75277818177088e-17
5449.2842 1.76751920203106e-17
5451.50765 1.74513900337783e-17
5453.7311 1.72236390870016e-17
5455.95455 1.7878893517958e-17
5458.178 1.85435794622586e-17
5460.40145 1.73370124617581e-17
5462.6249 1.61103714421522e-17
5464.84835 1.59008019252395e-17
5467.0718 1.57021445749675e-17
5469.29525 1.46325140161527e-17
5471.5187 1.35534990932886e-17
5473.74215 1.5515367192653e-17
5475.9656 1.7510138055243e-17
5478.18905 1.6247087853795e-17
5480.4125 1.49486392852134e-17
5482.63595 1.6294152776288e-17
5484.8594 1.76685150184061e-17
5487.08285 1.8704891262235e-17
5489.3063 1.9737578280532e-17
5491.52975 2.00481812918232e-17
5493.7532 2.03508698390135e-17
5495.97665 2.09957845123129e-17
5498.2001 2.16444661661219e-17
5500.42355 2.2745723148477e-17
5502.647 2.38519812648156e-17
5504.87045 2.36297856630328e-17
5507.0939 2.33929109140997e-17
5509.31735 2.21920911644953e-17
5511.5408 2.09805759695705e-17
5513.76425 2.20386375803381e-17
5515.9877 2.31219861024314e-17
5518.21115 2.43307170074144e-17
5520.4346 2.55408491563549e-17
5522.65805 2.16975182218886e-17
5524.8815 1.77976494925542e-17
5527.10495 1.93522047593109e-17
5529.3284 2.09680309484005e-17
5531.55185 1.97224210229875e-17
5533.7753 1.84445345100727e-17
5535.99875 1.80519843698571e-17
5538.2222 1.76694613130269e-17
5540.44565 1.83540790013676e-17
5542.6691 1.90507817984578e-17
5544.89255 1.88600438753704e-17
5547.116 1.86592143488099e-17
5549.33945 2.01312467689357e-17
5551.5629 2.16223771350443e-17
5553.78635 2.32953350346817e-17
5556.0098 2.49703757751016e-17
5558.23325 2.04147761587781e-17
5560.4567 1.57877511509218e-17
5562.68015 1.42003683943754e-17
5564.9036 1.26479704146563e-17
5567.12705 1.29965219909096e-17
5569.3505 1.33670410026905e-17
5571.57395 1.33511028866479e-17
5573.7974 1.33306814516851e-17
5576.02085 1.30693031314664e-17
5578.2443 1.28051190146098e-17
5580.46775 1.34473081277908e-17
5582.6912 1.41000545471299e-17
5584.91465 1.3497240058287e-17
5587.1381 1.28797422863906e-17
5589.36155 1.25260919688416e-17
5591.585 1.21755394426865e-17
5593.80845 1.27859706106098e-17
5596.0319 1.34077283626608e-17
5598.25535 1.30139192535529e-17
5600.4788 1.26081408409813e-17
5602.70225 1.07350887783479e-17
5604.9257 8.84467584901816e-18
5607.14915 8.38314050007685e-18
5609.3726 7.9385772429439e-18
5611.59605 1.01219179882358e-17
5613.8195 1.23365939894924e-17
5616.04295 1.21266001289254e-17
5618.2664 1.18876946515884e-17
5620.48985 1.35418226117618e-17
5622.7133 1.5218611184816e-17
5624.93675 1.41792703256717e-17
5627.1602 1.31072914010979e-17
5629.38365 1.25930497578859e-17
5631.6071 1.20855355745958e-17
5633.83055 1.29497540262565e-17
5636.054 1.38305177445295e-17
5638.27745 1.25373110194896e-17
5640.5009 1.12177800986358e-17
5642.72435 1.1347443968376e-17
5644.9478 1.14947218220798e-17
5647.17125 1.25090280599852e-17
5649.3947 1.35339131107445e-17
5651.61815 1.37558737932333e-17
5653.8416 1.39680398300889e-17
5656.06505 1.36468108566488e-17
5658.2885 1.3319050465092e-17
5660.51195 1.52794238490896e-17
5662.7354 1.72679246826365e-17
5664.95885 1.73489635672483e-17
5667.1823 1.7406469163433e-17
5669.40575 1.59780986447601e-17
5671.6292 1.45313250118191e-17
5673.85265 1.46188688447681e-17
5676.0761 1.47254130163873e-17
5678.29955 1.5105800292876e-17
5680.523 1.54895889360434e-17
5682.74645 1.59616013546233e-17
5684.9699 1.64347122690567e-17
5687.19335 1.58044585449342e-17
5689.4168 1.51603875958596e-17
5691.64025 1.28042893524554e-17
5693.8637 1.04267505875738e-17
5696.08715 1.18551459216651e-17
5698.3106 1.33313779377609e-17
5700.53405 1.49337682321609e-17
5702.7575 1.653775084924e-17
5704.98095 1.51394268391375e-17
5707.2044 1.37030905711657e-17
5709.42785 1.45444804922812e-17
5711.6513 1.54147108926339e-17
5713.87475 1.51019721010011e-17
5716.0982 1.47742017832769e-17
5718.32165 1.26638481465143e-17
5720.5451 1.05307602777962e-17
5722.76855 1.06200544249213e-17
5724.992 1.07377953133121e-17
5727.21545 1.26878884966569e-17
5729.4389 1.466143555909e-17
5731.66235 1.39467597816504e-17
5733.8858 1.31975508679978e-17
5736.10925 1.1934395614612e-17
5738.3327 1.0664613817339e-17
5740.55615 1.029874273342e-17
5742.7796 9.94456632900135e-18
5745.00305 8.46468396486233e-18
5747.2265 6.97023743167809e-18
5749.44995 8.34625486220189e-18
5751.6734 9.7595433967661e-18
5753.89685 9.5525869434084e-18
5756.1203 9.3245183592765e-18
5758.34375 7.50811410653253e-18
5760.5672 5.67094058937828e-18
5762.79065 5.8038060616793e-18
5765.0141 5.96243324697767e-18
5767.23755 6.06657694045933e-18
5769.461 6.17000594989173e-18
5771.68445 5.84907972455586e-18
5773.9079 5.52256548059188e-18
5776.13135 6.56540448654667e-18
5778.3548 7.62633972276229e-18
5780.57825 7.47274220917854e-18
5782.8017 7.30303783470716e-18
5785.02515 6.42331760477691e-18
5787.2486 5.53418199152427e-18
5789.47205 5.57848164922955e-18
5791.6955 5.63520349178384e-18
5793.91895 5.32346765664374e-18
5796.1424 5.00681216481048e-18
5798.36585 5.29642050497448e-18
5800.5893 5.59415299952467e-18
5802.81275 6.20335787218987e-18
5805.0362 6.8167362846357e-18
5807.25965 6.03014583833096e-18
5809.4831 5.22473165641665e-18
5811.70655 7.21010574724805e-18
5813.93 9.23313309956287e-18
5816.15345 1.00848627783352e-17
5818.3769 1.09207337504038e-17
5820.60035 9.86057606396394e-18
5822.8238 8.77474848157477e-18
5825.04725 8.24292759598483e-18
5827.2707 7.71863239960789e-18
5829.49415 7.80590739885775e-18
5831.7176 7.90151872432091e-18
5833.94105 9.56338992220834e-18
5836.1645 1.12466817892384e-17
5838.38795 1.2525209367128e-17
5840.6114 1.37982006251777e-17
5842.83485 1.33792617690604e-17
5845.0583 1.29371047803294e-17
5847.28175 1.42360116069703e-17
5849.5052 1.55588917821244e-17
5851.72865 1.71588476839816e-17
5853.9521 1.87626334320749e-17
5856.17555 2.05150718080501e-17
5858.399 2.22695632463057e-17
5860.62245 2.10920137416936e-17
5862.8459 1.98738231992256e-17
5865.06935 2.00818144555296e-17
5867.2928 2.03096431572838e-17
5869.51625 2.23180095604218e-17
5871.7397 2.43512228147995e-17
5873.96315 2.6359850607011e-17
5876.1866 2.83681326377265e-17
5878.41005 2.8017444453951e-17
5880.6335 2.76337302570386e-17
5882.85695 2.77459604681886e-17
5885.0804 2.7865153885735e-17
5887.30385 2.71926295779498e-17
5889.5273 2.65089466037013e-17
5891.75075 2.61532026920218e-17
5893.9742 2.58020976092176e-17
5896.19765 2.51090906551043e-17
5898.4211 2.44112496574913e-17
5900.64455 2.4253370657057e-17
5902.868 2.41031513490949e-17
5905.09145 2.33258447643951e-17
5907.3149 2.25396112465247e-17
5909.53835 2.17870472883076e-17
5911.7618 2.10349647492071e-17
5913.98525 2.21420880964664e-17
5916.2087 2.32757573239438e-17
5918.43215 2.19316334962982e-17
5920.6556 2.05520170029292e-17
5922.87905 2.02865879792508e-17
5925.1025 2.00371715178701e-17
5927.32595 2.01281464959999e-17
5929.5494 2.02240299638846e-17
5931.77285 1.89811315365196e-17
5933.9963 1.77189316767412e-17
5936.21975 1.71794014678423e-17
5938.4432 1.66503218588023e-17
5940.66665 1.52779431957932e-17
5942.8901 1.38933288771631e-17
5945.11355 1.40615823768401e-17
5947.337 1.42524377595744e-17
5949.56045 1.31288096775528e-17
5951.7839 1.19860489079628e-17
5954.00735 1.21779333033792e-17
5956.2308 1.23893060740273e-17
5958.45425 1.37102341029357e-17
5960.6777 1.50474162308808e-17
5962.90115 1.48006169689582e-17
5965.1246 1.45305408445984e-17
5967.34805 1.45208595227091e-17
5969.5715 1.45150146645008e-17
5971.79495 1.39312881954732e-17
5974.0184 1.33390417661362e-17
5976.24185 1.35701221148784e-17
5978.4653 1.38133760806956e-17
5980.68875 1.33750117150731e-17
5982.9122 1.29265367208234e-17
5985.13565 1.24400891733738e-17
5987.3591 1.19530774887465e-17
5989.58255 1.20278554433019e-17
5991.806 1.21109937123084e-17
5994.02945 1.23762812881021e-17
5996.2529 1.26442878065693e-17
5998.47635 1.26488306824934e-17
6000.6998 1.26494287340763e-17
6002.92325 1.26308419857122e-17
6005.1467 1.26119665513144e-17
6007.37015 1.19649094802284e-17
6009.5936 1.13084175870757e-17
6011.81705 1.09131939991203e-17
6014.0405 1.05219069637001e-17
6016.26395 1.01843420003427e-17
6018.4874 9.84758850116624e-18
6020.71085 9.2620562968614e-18
6022.9343 8.67275297614392e-18
6025.15775 9.98064463859846e-18
6027.3812 1.1317294062229e-17
6029.60465 1.05446263064045e-17
6031.8281 9.73988627668939e-18
6034.05155 8.99213568245677e-18
6036.275 8.24525445504794e-18
6038.49845 9.32290039399835e-18
6040.7219 1.04284570611775e-17
6042.94535 1.13619229378181e-17
6045.1688 1.22927567257495e-17
6047.39225 1.10977694266442e-17
6049.6157 9.87016556880527e-18
6051.83915 8.70538856003158e-18
6054.0626 7.54157935257459e-18
6056.28605 9.17774343138509e-18
6058.5095 1.08571285243821e-17
6060.73295 1.1519864803979e-17
6062.9564 1.21668614908802e-17
6065.17985 1.13520720439032e-17
6067.4033 1.05146501081862e-17
6069.62675 1.04476948006837e-17
6071.8502 1.03927030063805e-17
6074.07365 1.04974067011369e-17
6076.2971 1.06045969008146e-17
6078.52055 1.08346738794737e-17
6080.744 1.10666707443346e-17
6082.96745 1.16855308826999e-17
6085.1909 1.2310435229801e-17
6087.41435 1.27920445978478e-17
6089.6378 1.32714098248927e-17
6091.86125 1.38822645092896e-17
6094.0847 1.44951854908567e-17
6096.30815 1.47491100865758e-17
6098.5316 1.49973784212662e-17
6100.75505 1.54780679644718e-17
6102.9785 1.5962421917791e-17
6105.20195 1.69615717253326e-17
6107.4254 1.79688609901017e-17
6109.64885 1.73912043724089e-17
6111.8723 1.67884196620681e-17
6114.09575 1.62894312293516e-17
6116.3192 1.57920938491378e-17
6118.54265 1.54141252487602e-17
6120.7661 1.50380558550691e-17
6122.98955 1.68001871334623e-17
6125.213 1.85964164510661e-17
6127.43645 1.82472304272829e-17
6129.6599 1.78637346060523e-17
6131.88335 1.77539594669604e-17
6134.1068 1.76485750025599e-17
6136.33025 1.68832724629095e-17
6138.5537 1.61073869745021e-17
6140.77715 1.69024597443983e-17
6143.0006 1.77228045363692e-17
6145.22405 1.71548524016229e-17
6147.4475 1.65645035246112e-17
6149.67095 1.6372040102766e-17
6151.8944 1.61860138004478e-17
6154.11785 1.65175659879325e-17
6156.3413 1.68575157129959e-17
6158.56475 1.66878560062776e-17
6160.7882 1.65099261477949e-17
6163.01165 1.51970151533834e-17
6165.2351 1.38656348702548e-17
6167.45855 1.47895195138602e-17
6169.682 1.57502070772793e-17
6171.90545 1.71551716933394e-17
6174.1289 1.85674072269838e-17
6176.35235 1.66199626759604e-17
6178.5758 1.46175370839819e-17
6180.79925 1.54167077066326e-17
6183.0227 1.62618546820903e-17
6185.24615 1.61499123297935e-17
6187.4696 1.60222188042725e-17
6189.69305 1.56363390485165e-17
6191.9165 1.52461976582446e-17
6194.13995 1.41657905904095e-17
6196.3634 1.30739915911783e-17
6198.58685 1.33271171304257e-17
6200.8103 1.36025012727762e-17
6203.03375 1.36788434258699e-17
6205.2572 1.37518826467778e-17
6207.48065 1.60084379752673e-17
6209.7041 1.83013346567888e-17
6211.92755 1.79506117314275e-17
6214.151 1.75558894149233e-17
6216.37445 1.72417311813594e-17
6218.5979 1.69289195978327e-17
6220.82135 1.96178587761159e-17
6223.0448 2.2357035941722e-17
6225.26825 2.35285536453074e-17
6227.4917 2.46737603879687e-17
6229.71515 2.47610047815359e-17
6231.9386 2.48304945704352e-17
6234.16205 2.71066954384729e-17
6236.3855 2.9420035061653e-17
6238.60895 3.17761895533389e-17
6240.8324 3.41330686552413e-17
6243.05585 3.61976155112226e-17
6245.2793 3.82572125184184e-17
6247.50275 4.26418388652109e-17
6249.7262 4.70659151097772e-17
6251.94965 5.04151859536167e-17
6254.1731 5.37462191193106e-17
6256.39655 5.35954240936422e-17
6258.62 5.33853830837803e-17
6260.84345 5.73436540730833e-17
6263.0669 6.13730427427312e-17
6265.29035 6.33449354439392e-17
6267.5138 6.52816167208321e-17
6269.73725 6.60335702197571e-17
6271.9607 6.67652544849521e-17
6274.18415 6.60921081373462e-17
6276.4076 6.5394861055413e-17
6278.63105 6.74319025016657e-17
6280.8545 6.95159807462706e-17
6283.07795 6.87097906689417e-17
6285.3014 6.7853751379178e-17
6287.52485 6.58464156430833e-17
6289.7483 6.38192209548424e-17
6291.97175 6.32914334019193e-17
6294.1952 6.27895796155609e-17
6296.41865 6.26005655368701e-17
6298.6421 6.24169777629976e-17
6300.86555 6.14016631919255e-17
6303.089 6.03718828863011e-17
6305.31245 5.77337259801837e-17
6307.5359 5.50676037519171e-17
6309.75935 5.40971653834372e-17
6311.9828 5.31562871413276e-17
6314.20625 5.23476684617202e-17
6316.4297 5.15413592703831e-17
6318.65315 5.21685375369882e-17
6320.8766 5.28208389331577e-17
6323.10005 5.26281389376574e-17
6325.3235 5.24206291004699e-17
6327.54695 5.13118199591221e-17
6329.7704 5.01871686546828e-17
6331.99385 4.78175079579552e-17
6334.2173 4.54259071226602e-17
6336.44075 4.36955875562646e-17
6338.6642 4.19769477801183e-17
6340.88765 4.24627046317564e-17
6343.1111 4.29875077170294e-17
6345.33455 4.26617904615856e-17
6347.558 4.23210119015485e-17
6349.78145 4.02965237482719e-17
6352.0049 3.82421313614903e-17
6354.22835 3.81087335984651e-17
6356.4518 3.80095447168527e-17
6358.67525 3.74326424878786e-17
6360.8987 3.68472136811503e-17
6363.12215 3.50648644542251e-17
6365.3456 3.32611441889941e-17
6367.56905 3.27251311520597e-17
6369.7925 3.22118126424113e-17
6372.01595 3.20578478606356e-17
6374.2394 3.19103317789154e-17
6376.46285 3.19601313605135e-17
6378.6863 3.20134845100232e-17
6380.90975 3.08133149243802e-17
6383.1332 2.95905930865166e-17
6385.35665 2.85193114751991e-17
6387.5801 2.74507645229868e-17
6389.80355 2.65812421892384e-17
6392.027 2.57153213998771e-17
6394.25045 2.56726322628244e-17
6396.4739 2.56448704271059e-17
6398.69735 2.37858117788951e-17
6400.9208 2.18935451378126e-17
6403.14425 2.22317445486998e-17
6405.3677 2.26104940075756e-17
6407.59115 2.27677790923301e-17
6409.8146 2.29210291900566e-17
6412.03805 2.27153656199963e-17
6414.2615 2.25031441620397e-17
6416.48495 2.21150210924625e-17
6418.7084 2.17236819446636e-17
6420.93185 2.08708670049276e-17
6423.1553 2.000959662497e-17
6425.37875 1.86247523501297e-17
6427.6022 1.72302896191265e-17
6429.82565 1.76679591530345e-17
6432.0491 1.81393611123223e-17
6434.27255 1.63061634387823e-17
6436.496 1.44304255206999e-17
6438.71945 1.36624379527812e-17
6440.9429 1.2914899943966e-17
6443.16635 1.25810242061406e-17
6445.3898 1.22548040248844e-17
6447.61325 1.22549644979232e-17
6449.8367 1.22611807602265e-17
6452.06015 1.21260244112191e-17
6454.2836 1.19882392822249e-17
6456.50705 1.21884368427974e-17
6458.7305 1.23949209760253e-17
6460.95395 1.303649383965e-17
6463.1774 1.36861780363614e-17
6465.40085 1.38172663111164e-17
6467.6243 1.39386600290922e-17
6469.84775 1.51952615304848e-17
6472.0712 1.6473136462871e-17
6474.29465 1.90031279233686e-17
6476.5181 2.15565831891218e-17
6478.74155 2.07055152548395e-17
6480.965 1.97904897155945e-17
6483.18845 2.268745820049e-17
6485.4119 2.56562193451102e-17
6487.63535 2.95074184215631e-17
6489.8588 3.33752785699141e-17
6492.08225 3.69458069927217e-17
6494.3057 4.05107172048089e-17
6496.52915 4.49821379589153e-17
6498.7526 4.94707144389261e-17
6500.97605 5.44612770541933e-17
6503.1995 5.94613621726722e-17
6505.42295 6.71426275152886e-17
6507.6464 7.48748802708628e-17
6509.86985 8.35816510496979e-17
6512.0933 9.23069506742543e-17
6514.31675 1.02383592104481e-16
6516.5402 1.12486001865151e-16
6518.76365 1.21100909273878e-16
6520.9871 1.29687388139313e-16
6523.21055 1.38697687880841e-16
6525.434 1.47716100609817e-16
6527.65745 1.56359370387388e-16
6529.8809 1.64995440384907e-16
6532.10435 1.74270186459545e-16
6534.3278 1.83557201277029e-16
6536.55125 1.9196322242003e-16
6538.7747 2.00352263199416e-16
6540.99815 2.0525915153264e-16
6543.2216 2.10098833095455e-16
6545.44505 2.1456367610933e-16
6547.6685 2.19021279638485e-16
6549.89195 2.26655587592088e-16
6552.1154 2.34351331904146e-16
6554.33885 2.39750822835758e-16
6556.5623 2.45105791598079e-16
6558.78575 2.35588026476917e-16
6561.0092 2.25781158422946e-16
6563.23265 2.13348382353367e-16
6565.4561 2.00864440199819e-16
6567.67955 1.83817610968751e-16
6569.903 1.66681869748e-16
6572.12645 1.54525477882133e-16
6574.3499 1.42466362456302e-16
6576.57335 1.35764346610051e-16
6578.7968 1.2916723050036e-16
6581.02025 1.23206725824981e-16
6583.2437 1.17258714885573e-16
6585.46715 1.09763287248096e-16
6587.6906 1.02237485538525e-16
6589.91405 9.22336492370923e-17
6592.1375 8.21810556016333e-17
6594.36095 7.49372563064942e-17
6596.5844 6.77488450251715e-17
6598.80785 6.41990159700125e-17
6601.0313 6.07211119234761e-17
6603.25475 5.69339812941878e-17
6605.4782 5.31407361458116e-17
6607.70165 4.90380493477241e-17
6609.9251 4.4929228178214e-17
6612.14855 4.26766003032728e-17
6614.372 4.04608382138719e-17
6616.59545 3.85689173342855e-17
6618.8189 3.66834418460321e-17
6621.04235 3.51954233333881e-17
6623.2658 3.37153325197347e-17
6625.48925 3.19845497321961e-17
6627.7127 3.02487641563127e-17
6629.93615 2.96442837257161e-17
6632.1596 2.90624316479565e-17
6634.38305 2.74043547275389e-17
6636.6065 2.57247032823846e-17
6638.82995 2.47337078213216e-17
6641.0534 2.37565527462678e-17
6643.27685 2.35537115164576e-17
6645.5003 2.33664312083307e-17
6647.72375 2.26569947928909e-17
6649.9472 2.19370399487819e-17
6652.17065 2.11139555346222e-17
6654.3941 2.02887866253189e-17
6656.61755 2.03825061887212e-17
6658.841 2.04948191179324e-17
6661.06445 2.21283370459633e-17
6663.2879 2.37926360189486e-17
6665.51135 2.30380735923716e-17
6667.7348 2.22344510836641e-17
6669.95825 2.10455973288008e-17
6672.1817 1.98489101735367e-17
6674.40515 2.01515557073351e-17
6676.6286 2.04847506755164e-17
6678.85205 2.04167994425564e-17
6681.0755 2.03406740107831e-17
6683.29895 1.94378278788774e-17
6685.5224 1.85180989906695e-17
6687.74585 1.78733712601885e-17
6689.9693 1.72342733209566e-17
6692.19275 1.76584945524656e-17
6694.4162 1.81045318454502e-17
6696.63965 1.76174349612197e-17
6698.8631 1.71111938088924e-17
6701.08655 1.80288431650403e-17
6703.31 1.89757730605114e-17
6705.53345 2.03333121033314e-17
6707.7569 2.16993132038178e-17
6709.98035 2.08811256988845e-17
6712.2038 2.001782045462e-17
6714.42725 2.01900063709291e-17
6716.6507 2.0383629499993e-17
6718.87415 2.10722308901638e-17
6721.0976 2.17710810481241e-17
6723.32105 2.06671803965313e-17
6725.5445 1.95258729832776e-17
6727.76795 1.81066610083469e-17
6729.9914 1.66816686952957e-17
6732.21485 1.59777826617661e-17
6734.4383 1.52889281543279e-17
6736.66175 1.5851073481174e-17
6738.8852 1.64392965040115e-17
6741.10865 1.62795133338071e-17
6743.3321 1.61041030674703e-17
6745.55555 1.54823742667407e-17
6747.779 1.48513016338118e-17
6750.00245 1.46317943690198e-17
6752.2259 1.44209228698229e-17
6754.44935 1.25172477537321e-17
6756.6728 1.05780485390547e-17
6758.89625 1.01505930313505e-17
6761.1197 9.7549310376705e-18
6763.34315 1.02812610983543e-17
6765.5666 1.08270249403495e-17
6767.79005 1.11380001829163e-17
6770.0135 1.14440156505303e-17
6772.23695 1.22729176259381e-17
6774.4604 1.31128657712458e-17
6776.68385 1.39508708692947e-17
6778.9073 1.47888329539518e-17
6781.13075 1.35515593547521e-17
6783.3542 1.22702499684626e-17
6785.57765 1.21285663372414e-17
6787.8011 1.20111174436069e-17
6790.02455 1.21970709540312e-17
6792.248 1.23894756460529e-17
6794.47145 1.37764482566094e-17
6796.6949 1.51888806592396e-17
6798.91835 1.48033896783715e-17
6801.1418 1.43794943560238e-17
6803.36525 1.34270910064394e-17
6805.5887 1.24633743076172e-17
6807.81215 1.27104316498908e-17
6810.0356 1.29834657721211e-17
6812.25905 1.23024239855684e-17
6814.4825 1.16009144419388e-17
6816.70595 1.25009125909954e-17
6818.9294 1.34353437874109e-17
6821.15285 1.37775153195996e-17
6823.3763 1.41069251092978e-17
6825.59975 1.33707517349184e-17
6827.8232 1.26115670230785e-17
6830.04665 1.23703603292774e-17
6832.2701 1.21403395988999e-17
6834.49355 1.14379681330719e-17
6836.717 1.0725374369234e-17
6838.94045 1.15522894568104e-17
6841.1639 1.24125945169932e-17
6843.38735 1.24861432811583e-17
6845.6108 1.25425909133395e-17
6847.83425 1.1920398891467e-17
6850.0577 1.12834565849113e-17
6852.28115 1.09533825691812e-17
6854.5046 1.06299938271618e-17
6856.72805 1.22225638333295e-17
6858.9515 1.38569585728098e-17
6861.17495 1.23225823770964e-17
6863.3984 1.0718884310148e-17
6865.62185 1.14163017912873e-17
6867.8453 1.21640590029649e-17
6870.06875 1.2292606178878e-17
6872.2922 1.2407577666578e-17
6874.51565 1.01337466709953e-17
6876.7391 7.80743271990729e-18
6878.96255 8.50886947164307e-18
6881.186 9.27696953612511e-18
6883.40945 1.17040837166588e-17
6885.6329 1.41677245386816e-17
6887.85635 1.4522277310279e-17
6890.0798 1.48302929006142e-17
6892.30325 1.20200460311388e-17
6894.5267 9.14085117606523e-18
6896.75015 9.60584000406395e-18
6898.9736 1.01449309800576e-17
6901.19705 1.11339660230689e-17
6903.4205 1.2132990926338e-17
6905.64395 1.20051121123597e-17
6907.8674 1.18522094304905e-17
6910.09085 1.1119539993186e-17
6912.3143 1.03739690198674e-17
6914.53775 1.04606410044507e-17
6916.7612 1.05658707860767e-17
6918.98465 1.09888165050812e-17
6921.2081 1.14188610881026e-17
6923.43155 1.14579346186977e-17
6925.655 1.14882706404825e-17
6927.87845 1.18933351961854e-17
6930.1019 1.23067906720221e-17
6932.32535 1.22081882614639e-17
6934.5488 1.20980954850168e-17
6936.77225 1.30014776299595e-17
6938.9957 1.39276502551392e-17
6941.21915 1.35018896405101e-17
6943.4426 1.3045727656828e-17
6945.66605 1.26786083573647e-17
6947.8895 1.23134949708869e-17
6950.11295 1.2186027265673e-17
6952.3364 1.20639254810929e-17
6954.55985 1.24819378949241e-17
6956.7833 1.29121719023058e-17
6959.00675 1.31286516860558e-17
6961.2302 1.33402941175836e-17
6963.45365 1.38329587545171e-17
6965.6771 1.43319959908898e-17
6967.90055 1.35050552607144e-17
6970.124 1.26479853039074e-17
6972.34745 1.24185378096943e-17
6974.5709 1.22033806877438e-17
6976.79435 1.29184047082214e-17
6979.0178 1.36546086882834e-17
6981.24125 1.34176859628747e-17
6983.4647 1.31585592282833e-17
6985.68815 1.32972294405329e-17
6987.9116 1.34449953307981e-17
6990.13505 1.35452959431539e-17
6992.3585 1.36445096401847e-17
6994.58195 1.36510253418698e-17
6996.8054 1.36554127078388e-17
6999.02885 1.4032442458221e-17
7001.2523 1.44180260833177e-17
7003.47575 1.41303574816902e-17
7005.6992 1.38272015774538e-17
7007.92265 1.39846016403134e-17
7010.1461 1.4152616911974e-17
7012.36955 1.4298969977753e-17
7014.593 1.44448217720808e-17
7016.81645 1.58261819621811e-17
7019.0399 1.72360831921369e-17
7021.26335 1.80218915391724e-17
7023.4868 1.87932540039904e-17
7025.71025 1.90120862894025e-17
7027.9337 1.9218103892765e-17
7030.15715 1.82790619916152e-17
7032.3806 1.73134096901596e-17
7034.60405 1.76168939850991e-17
7036.8275 1.79498738863211e-17
7039.05095 1.84442168727175e-17
7041.2744 1.89423169134561e-17
7043.49785 1.93290966417186e-17
7045.7213 1.97132790228576e-17
7047.94475 1.89218938241322e-17
7050.1682 1.81030214136516e-17
7052.39165 1.7786249289352e-17
7054.6151 1.7481218166667e-17
7056.83855 1.71900952588014e-17
7059.062 1.68992999144584e-17
7061.28545 1.77529039844988e-17
7063.5089 1.86333765351961e-17
7065.73235 1.99680622320525e-17
7067.9558 2.13134334480618e-17
7070.17925 1.99669240315296e-17
7072.4027 1.85570939391065e-17
7074.62615 1.82775151638697e-17
7076.8496 1.80245765674408e-17
7079.07305 1.81181753624736e-17
7081.2965 1.8219958282487e-17
7083.51995 1.86532569940382e-17
7085.7434 1.90944023408801e-17
7087.96685 1.9944849889703e-17
7090.1903 2.08050035758337e-17
7092.41375 2.2533513271049e-17
7094.6372 2.42826114917107e-17
7096.86065 2.59622712086711e-17
7099.0841 2.764028152749e-17
7101.30755 2.86551643102824e-17
7103.531 2.96542595239035e-17
7105.75445 3.1878359593879e-17
7107.9779 3.41316789918122e-17
7110.20135 3.59246922311944e-17
7112.4248 3.77067238207643e-17
7114.64825 3.86913069777189e-17
7116.8717 3.96568318933602e-17
7119.09515 4.24671747157866e-17
7121.3186 4.53216956003683e-17
7123.54205 4.55783598182762e-17
7125.7655 4.57726910139445e-17
7127.98895 4.51691701128584e-17
7130.2124 4.45465049436755e-17
7132.43585 4.62249305071619e-17
7134.6593 4.79586779100159e-17
7136.88275 4.55906815006808e-17
7139.1062 4.31238800215374e-17
7141.32965 4.15513037979557e-17
7143.5531 4.00003136796391e-17
7145.77655 4.02010108573016e-17
7148 4.04439835817105e-17
7150.22345 3.92785919777417e-17
7152.4469 3.80791403848704e-17
7154.67035 3.6552734074359e-17
7156.8938 3.50184000648568e-17
7159.11725 3.58172249260115e-17
7161.3407 3.6672688498069e-17
7163.56415 3.63625520166432e-17
7165.7876 3.60241160321008e-17
7168.01105 3.37774934884068e-17
7170.2345 3.14844528774588e-17
7172.45795 3.15350498611674e-17
7174.6814 3.16427653205341e-17
7176.90485 3.16121000808655e-17
7179.1283 3.15780566355753e-17
7181.35175 3.08595344682872e-17
7183.5752 3.01242668566786e-17
7185.79865 2.95812856502641e-17
7188.0221 2.90430094471738e-17
7190.24555 2.69353284309703e-17
7192.469 2.47891785531994e-17
7194.69245 2.37168646204775e-17
7196.9159 2.26709245144063e-17
7199.13935 2.21973321808564e-17
7201.3628 2.17378234244158e-17
7203.58625 2.214184986845e-17
7205.8097 2.25671249280594e-17
7208.03315 2.46361881901853e-17
7210.2566 2.67457799936038e-17
7212.48005 2.65012389347535e-17
7214.7035 2.61985470788407e-17
7216.92695 2.62946489224072e-17
7219.1504 2.64006223394038e-17
7221.37385 2.86216601867515e-17
7223.5973 3.08950436776229e-17
7225.82075 3.47428298068684e-17
7228.0442 3.86296555523041e-17
7230.26765 4.31242605246191e-17
7232.4911 4.76339631974745e-17
7234.71455 5.19117178091252e-17
7236.938 5.61837020088226e-17
7239.16145 6.48605884064875e-17
7241.3849 7.36471258661524e-17
7243.60835 8.26239876585983e-17
7245.8318 9.16055941590379e-17
7248.05525 9.89689905358625e-17
7250.2787 1.0629196094179e-16
7252.50215 1.10493509057968e-16
7254.7256 1.14616925002206e-16
7256.94905 1.1728353030395e-16
7259.1725 1.19913660249403e-16
7261.39595 1.21395994376878e-16
7263.6194 1.22849555853925e-16
7265.84285 1.24400301126781e-16
7268.0663 1.25953494854249e-16
7270.28975 1.29102723647471e-16
7272.5132 1.32292133566129e-16
7274.73665 1.33023771509209e-16
7276.9601 1.33693430463353e-16
7279.18355 1.35200341781187e-16
7281.407 1.36728375983144e-16
7283.63045 1.39879801768073e-16
7285.8539 1.43072255711385e-16
7288.07735 1.43997149515338e-16
7290.3008 1.44864656837114e-16
7292.52425 1.44084102741329e-16
7294.7477 1.43261766098443e-16
7296.97115 1.39412385164977e-16
7299.1946 1.35486228635776e-16
7301.41805 1.30727160786737e-16
7303.6415 1.25946930348908e-16
7305.86495 1.19809250203764e-16
7308.0884 1.13637026996241e-16
7310.31185 1.07266717193068e-16
7312.5353 1.00891364896881e-16
7314.75875 9.817898672876e-17
7316.9822 9.55600336477436e-17
7319.20565 9.52332774534505e-17
7321.4291 9.49650988814159e-17
7323.65255 9.19251968953937e-17
7325.876 8.88143360477043e-17
7328.09945 8.54642810366441e-17
7330.3229 8.21080850367164e-17
7332.54635 8.0174163234347e-17
7334.7698 7.82767167882687e-17
7336.99325 7.64377288504409e-17
7339.2167 7.46002430726054e-17
7341.44015 7.21205475020735e-17
7343.6636 6.96243149367355e-17
7345.88705 6.72923869108301e-17
7348.1105 6.4964694049661e-17
7350.33395 6.17759392580486e-17
7352.5574 5.85649763213505e-17
7354.78085 5.57977593873401e-17
7357.0043 5.30420071766197e-17
7359.22775 5.10293841020496e-17
7361.4512 4.9035997939805e-17
7363.67465 4.87170668741066e-17
7365.8981 4.84415561731223e-17
7368.12155 4.92232583955972e-17
7370.345 5.00324230144088e-17
7372.56845 5.02600598102609e-17
7374.7919 5.04725889794054e-17
7377.01535 5.02681761064313e-17
7379.2388 5.0052913932543e-17
7381.46225 4.91270473641899e-17
7383.6857 4.81826552588381e-17
7385.90915 4.84223126433519e-17
7388.1326 4.86928999653302e-17
7390.35605 4.78699379739012e-17
7392.5795 4.70184117815595e-17
7394.80295 4.50865844005011e-17
7397.0264 4.31264872948281e-17
7399.24985 4.35764040648855e-17
7401.4733 4.40895008901297e-17
7403.69675 4.22229182070671e-17
7405.9202 4.02938436830872e-17
7408.14365 3.864936561194e-17
7410.3671 3.70123619448077e-17
7412.59055 3.70582837036942e-17
7414.814 3.71484827864095e-17
7417.03745 3.70429940972518e-17
7419.2609 3.69323504185167e-17
7421.48435 3.66228028896871e-17
7423.7078 3.63080011096066e-17
7425.93125 3.4425831035081e-17
7428.1547 3.25022721514257e-17
7430.37815 3.17391186270067e-17
7432.6016 3.10066601207583e-17
7434.82505 2.98783129733421e-17
7437.0485 2.87394738670362e-17
7439.27195 2.84261444684461e-17
7441.4954 2.81347287386436e-17
7443.71885 2.63510245898751e-17
7445.9423 2.45277017984877e-17
7448.16575 2.44533134460008e-17
7450.3892 2.44254374593578e-17
7452.61265 2.54278083082047e-17
7454.8361 2.64576266641373e-17
7457.05955 2.52643938151111e-17
7459.283 2.40118273007466e-17
7461.50645 2.36382245596421e-17
7463.7299 2.32881220197403e-17
7465.95335 2.30547478991595e-17
7468.1768 2.28244939038492e-17
7470.40025 2.19204599405839e-17
7472.6237 2.09983818594363e-17
7474.84715 1.95889190352052e-17
7477.0706 1.81663784854895e-17
7479.29405 1.6886561333025e-17
7481.5175 1.56105822986028e-17
7483.74095 1.54059742110041e-17
7485.9644 1.52301652436121e-17
7488.18785 1.54038351219401e-17
7490.4113 1.55869166612776e-17
7492.63475 1.58792786857008e-17
7494.8582 1.61745871274659e-17
7497.08165 1.67954837844993e-17
7499.3051 1.74251783345277e-17
7501.52855 1.68657097641438e-17
7503.752 1.62741068813234e-17
7505.97545 1.44872809529231e-17
7508.1989 1.26681031635853e-17
7510.42235 1.2689425398235e-17
7512.6458 1.27606555751432e-17
7514.86925 1.20636417581428e-17
7517.0927 1.13457598286488e-17
7519.31615 1.09387795226472e-17
7521.5396 1.05402455578804e-17
7523.76305 1.0156379986916e-17
7525.9865 9.7729131170068e-18
7528.20995 9.61442448446102e-18
7530.4334 9.46206856897672e-18
7532.65685 9.34716904599004e-18
7534.8803 9.23329191824048e-18
7537.10375 1.03727927690364e-17
7539.3272 1.15465182176767e-17
7541.55065 1.2339876242163e-17
7543.7741 1.31228308160853e-17
7545.99755 1.17163201994603e-17
7548.221 1.02498158273681e-17
7550.44445 1.09183920020896e-17
7552.6679 1.16455730960299e-17
7554.89135 1.27915805495241e-17
7557.1148 1.39491040115063e-17
7559.33825 1.27921066363937e-17
7561.5617 1.15714701208543e-17
7563.78515 1.10624157272637e-17
7566.0086 1.05729605511069e-17
7568.23205 9.76606654307669e-18
7570.4555 8.9504135195402e-18
7572.67895 1.04209503971186e-17
7574.9024 1.19546739473287e-17
7577.12585 1.18099338837442e-17
7579.3493 1.16188030498658e-17
7581.57275 1.20450880970032e-17
7583.7962 1.24884660043184e-17
7586.01965 1.24937930474632e-17
7588.2431 1.24869704617709e-17
7590.46655 1.03787947915611e-17
7592.69 8.21224084962033e-18
7594.91345 6.43914405143688e-18
7597.1369 4.67697761786771e-18
7599.36035 5.72656104094695e-18
7601.5838 6.85439078689004e-18
7603.80725 7.75711780478753e-18
7606.0307 8.6535698305582e-18
7608.25415 8.76511513616098e-18
7610.4776 8.85474346425355e-18
7612.70105 9.67402946504037e-18
7614.9245 1.0513689751495e-17
7617.14795 1.14893641732523e-17
7619.3714 1.24688436258274e-17
7621.59485 1.23201943066679e-17
7623.8183 1.2139935934761e-17
7626.04175 1.21685621742196e-17
7628.2652 1.220305146986e-17
7630.48865 1.33182232844795e-17
7632.7121 1.44637261578001e-17
7634.93555 1.41840944430041e-17
7637.159 1.38643974080584e-17
7639.38245 1.32609807317296e-17
7641.6059 1.26495751450447e-17
7643.82935 1.28847922240303e-17
7646.0528 1.31438908344809e-17
7648.27625 1.4362121908799e-17
7650.4997 1.56074555558873e-17
7652.72315 1.63020143008297e-17
7654.9466 1.69810121240888e-17
7657.17005 1.6249931700741e-17
7659.3935 1.54789414671987e-17
7661.61695 1.52940235869012e-17
7663.8404 1.51257221107487e-17
7666.06385 1.64201869775003e-17
7668.2873 1.77561928546143e-17
7670.51075 1.87541333241003e-17
7672.7342 1.9742473535397e-17
7674.95765 1.97470346092947e-17
7677.1811 1.97236088543472e-17
7679.40455 1.9273958436447e-17
7681.628 1.88121633527934e-17
7683.85145 1.76023289888733e-17
7686.0749 1.6371143438982e-17
7688.29835 1.70144682711441e-17
7690.5218 1.77112934909649e-17
7692.74525 1.92307878802779e-17
7694.9687 2.07738023231282e-17
7697.19215 2.12411709497492e-17
7699.4156 2.16777353703588e-17
7701.63905 2.0705827929111e-17
7703.8625 1.96935176780237e-17
7706.08595 1.88312166310229e-17
7708.3094 1.79732202319298e-17
7710.53285 1.73928074484361e-17
7712.7563 1.68203719947698e-17
7714.97975 1.77224819359303e-17
7717.2032 1.8667027896876e-17
7719.42665 1.84366233546943e-17
7721.6501 1.81723490751509e-17
7723.87355 1.74713945697123e-17
7726.097 1.67578520297118e-17
7728.32045 1.80322693471375e-17
7730.5439 1.93640913447132e-17
7732.76735 1.82744976089951e-17
7734.9908 1.71148697995346e-17
7737.21425 1.5546174707387e-17
7739.4377 1.39656277714227e-17
7741.66115 1.45101855840847e-17
7743.8846 1.51164080570514e-17
7746.10805 1.47027581937707e-17
7748.3315 1.42595134625342e-17
7750.55495 1.51133756129257e-17
7752.7784 1.60049406556374e-17
7755.00185 1.59852008174995e-17
7757.2253 1.59389299883945e-17
7759.44875 1.58519635275131e-17
7761.6722 1.57638092352721e-17
7763.89565 1.53185792705654e-17
7766.1191 1.4862936756308e-17
7768.34255 1.44178341774156e-17
7770.566 1.39730409640724e-17
7772.78945 1.36872459265323e-17
7775.0129 1.34061021255765e-17
7777.23635 1.35409309110614e-17
7779.4598 1.36879482028723e-17
7781.68325 1.2628348863346e-17
7783.9067 1.15333908613554e-17
7786.13015 1.15356308664542e-17
7788.3536 1.15700746671609e-17
7790.57705 1.14038047465929e-17
7792.8005 1.12316345467155e-17
7795.02395 1.13561980207986e-17
7797.2474 1.14894990036922e-17
7799.47085 1.21517538641725e-17
7801.6943 1.28295837084066e-17
7803.91775 1.22537253813656e-17
7806.1412 1.16408904265822e-17
7808.36465 1.28456144686779e-17
7810.5881 1.41040316315151e-17
7812.81155 1.59063109481191e-17
7815.035 1.77246805819985e-17
7817.25845 1.64570461455957e-17
7819.4819 1.50980975870119e-17
7821.70535 1.40135165658058e-17
7823.9288 1.29370667300212e-17
7826.15225 1.39245781063441e-17
7828.3757 1.49733587506389e-17
7830.59915 1.38895668597372e-17
7832.8226 1.27423699205221e-17
7835.04605 1.154563148006e-17
7837.2695 1.03474173493851e-17
7839.49295 1.06941598816387e-17
7841.7164 1.10869126811044e-17
7843.93985 9.84176266811203e-18
7846.1633 8.54775771378103e-18
7848.38675 9.17717019522059e-18
7850.6102 9.86404691381421e-18
7852.83365 1.13521646881318e-17
7855.0571 1.28642582925043e-17
7857.28055 1.27454007102865e-17
7859.504 1.25777386447475e-17
7861.72745 1.1693590103408e-17
7863.9509 1.07879671261859e-17
7866.17435 1.15608838633749e-17
7868.3978 1.23841883075775e-17
7870.62125 1.19476470480251e-17
7872.8447 1.1473226706682e-17
7875.06815 1.10233943090471e-17
7877.2916 1.05743005836992e-17
7879.51505 1.19048148087265e-17
7881.7385 1.32889212384604e-17
7883.96195 1.33552594692259e-17
7886.1854 1.33818508443777e-17
7888.40885 1.4073811415016e-17
7890.6323 1.47858699929976e-17
7892.85575 1.38310984253195e-17
7895.0792 1.28259714106716e-17
7897.30265 1.18014130962543e-17
7899.5261 1.0776267483602e-17
7901.74955 1.12396474453093e-17
7903.973 1.17481377017222e-17
7906.19645 1.30959002968824e-17
7908.4199 1.44691375733674e-17
7910.64335 1.41186214431593e-17
7912.8668 1.37157853120266e-17
7915.09025 1.37618774701192e-17
7917.3137 1.38216164539578e-17
7919.53715 1.31779880465109e-17
7921.7606 1.25129422786438e-17
7923.98405 1.18044910353136e-17
7926.2075 1.10947154758226e-17
7928.43095 1.25610676466821e-17
7930.6544 1.40938870884827e-17
7932.87785 1.40240498837261e-17
7935.1013 1.39052617846798e-17
7937.32475 1.30688820965346e-17
7939.5482 1.22105506892934e-17
7941.77165 1.24220458826722e-17
7943.9951 1.26663197621846e-17
7946.21855 1.35034149615597e-17
7948.442 1.43587023441467e-17
7950.66545 1.64268672881273e-17
7952.8889 1.85322520509503e-17
7955.11235 1.76045044738843e-17
7957.3358 1.65835336417836e-17
7959.55925 1.72546500881662e-17
7961.7827 1.79778557520826e-17
7964.00615 1.80259248718393e-17
7966.2296 1.80531804730229e-17
7968.45305 1.86338331388943e-17
7970.6765 1.9231545577719e-17
7972.89995 1.83491374243882e-17
7975.1234 1.74210242334915e-17
7977.34685 1.88589189097373e-17
7979.5703 2.03699843286083e-17
7981.79375 2.01973997112441e-17
7984.0172 1.9972666319342e-17
7986.24065 1.80934873299114e-17
7988.4641 1.61630628471719e-17
7990.68755 1.63421954262651e-17
7992.911 1.65867712267011e-17
7995.13445 1.79124108763786e-17
7997.3579 1.92716390220094e-17
7999.58135 1.96984344395847e-17
8001.8048 2.00962140156329e-17
8004.02825 1.96014111168159e-17
8006.2517 1.90788331473907e-17
8008.47515 1.9164138629602e-17
8010.6986 1.92683898565633e-17
8012.92205 1.92230917918587e-17
8015.1455 1.91731251197768e-17
8017.36895 1.78836845480659e-17
8019.5924 1.65554955277405e-17
8021.81585 1.5612876897622e-17
8024.0393 1.46823119433897e-17
8026.26275 1.55420503848528e-17
8028.4862 1.64578402389837e-17
8030.70965 1.68384574716826e-17
8032.9331 1.72022945184753e-17
8035.15655 1.63036951318344e-17
8037.38 1.53654522871564e-17
8039.60345 1.72020827602385e-17
8041.8269 1.91259890597511e-17
8044.05035 1.80985827624847e-17
8046.2738 1.69783502568776e-17
8048.49725 1.70715917098858e-17
8050.7207 1.72030571790001e-17
8052.94415 1.90577201894358e-17
8055.1676 2.09667455097286e-17
8057.39105 2.00332688797401e-17
8059.6145 1.9009980287563e-17
8061.83795 1.82417048607911e-17
8064.0614 1.74814878275467e-17
8066.28485 1.75003971763496e-17
8068.5083 1.75439614704903e-17
8070.73175 1.79230153318315e-17
8072.9552 1.83127017727665e-17
8075.17865 2.01876290538486e-17
8077.4021 2.21096990124013e-17
8079.62555 2.10539369637366e-17
8081.849 1.99036612582816e-17
8084.07245 1.83589775649552e-17
8086.2959 1.68017571222649e-17
8088.51935 1.73596805192645e-17
8090.7428 1.79849397268485e-17
8092.96625 1.8133236667067e-17
8095.1897 1.82663283732655e-17
8097.41315 1.78990138591777e-17
8099.6366 1.75157446854349e-17
8101.86005 1.73416777604129e-17
8104.0835 1.71742894916567e-17
8106.30695 1.59891332341316e-17
8108.5304 1.47714290738637e-17
8110.75385 1.27332841686738e-17
8112.9773 1.06688638713263e-17
8115.20075 1.14285159402123e-17
8117.4242 1.22786135916361e-17
8119.64765 1.34784688486463e-17
8121.8711 1.46895415019434e-17
8124.09455 1.40266521939332e-17
8126.318 1.33035648168444e-17
8128.54145 1.38217512843977e-17
8130.7649 1.43798698960219e-17
8132.98835 1.50956110820906e-17
8135.2118 1.58164311571203e-17
8137.43525 1.37377237962327e-17
8139.6587 1.15688198341717e-17
8141.88215 1.09895055465314e-17
8144.1056 1.04614805927725e-17
8146.32905 1.0271635197566e-17
8148.5525 1.0092717685432e-17
8150.77595 1.04125478964563e-17
8152.9994 1.07485180555927e-17
8155.22285 1.22449779463879e-17
8157.4463 1.37789943185348e-17
8159.66975 1.3759175071058e-17
8161.8932 1.36889962407084e-17
8164.11665 1.42067509199819e-17
8166.3401 1.47435894831676e-17
8168.56355 1.54335309059307e-17
8170.787 1.61284503016202e-17
8173.01045 1.51772968219414e-17
8175.2339 1.4172636337159e-17
8177.45735 1.41281092047853e-17
8179.6808 1.41148379190375e-17
8181.90425 1.50649292988097e-17
8184.1277 1.60464270720794e-17
8186.35115 1.61159482938421e-17
8188.5746 1.61556959766365e-17
8190.79805 1.5740327232043e-17
8193.0215 1.53101006692868e-17
8195.24495 1.54390779791185e-17
8197.4684 1.55863409435713e-17
8199.69185 1.56714909158275e-17
8201.9153 1.57546076781381e-17
8204.13875 1.51287313938172e-17
8206.3622 1.44796047168386e-17
8208.58565 1.62509458241719e-17
8210.8091 1.81016631830858e-17
8213.03255 1.8623152582825e-17
8215.256 1.91009883529173e-17
8217.47945 1.93179578275899e-17
8219.7029 1.95263494393104e-17
8221.92635 1.75714619171353e-17
8224.1498 1.55453210569948e-17
8226.37325 1.42585522786624e-17
8228.5967 1.29961729206912e-17
8230.82015 1.45380599163665e-17
8233.0436 1.61724480384019e-17
8235.26705 1.71499190964497e-17
8237.4905 1.81056898983077e-17
8239.71395 1.81654255734239e-17
8241.9374 1.81955200584698e-17
8244.16085 1.72799469256593e-17
8246.3843 1.63330451543291e-17
8248.60775 1.56081570050468e-17
8250.8312 1.48906241457713e-17
8253.05465 1.46755836562872e-17
8255.2781 1.44772158192296e-17
8257.50155 1.64727890470138e-17
8259.725 1.85412550847373e-17
8261.94845 1.80701624909986e-17
8264.1719 1.75145667802426e-17
8266.39535 1.544196980254e-17
8268.6188 1.33188974366787e-17
8270.84225 1.34806699762563e-17
8273.0657 1.37185787009552e-17
8275.28915 1.35357411798983e-17
8277.5126 1.33388647494851e-17
8279.73605 1.39570747238889e-17
8281.9595 1.4602523755864e-17
8284.18295 1.4238412085108e-17
8286.4064 1.38405613715271e-17
8288.62985 1.40173149791787e-17
8290.8533 1.42132988817109e-17
8293.07675 1.55215528492737e-17
8295.3002 1.68670845383219e-17
8297.52365 1.66448872821779e-17
8299.7471 1.63700763759918e-17
8301.97055 1.7674753614586e-17
8304.194 1.90324432042775e-17
8306.41745 1.95475616589387e-17
8308.6409 2.00343624125099e-17
8310.86435 1.80043950148557e-17
8313.0878 1.58897210137537e-17
8315.31125 1.44455017145443e-17
8317.5347 1.30238809896698e-17
8319.75815 1.40559823640931e-17
8321.9816 1.51709060245288e-17
8324.20505 1.83784030744604e-17
8326.4285 2.1656534731259e-17
8328.65195 2.01054139184057e-17
8330.8754 1.83910539747487e-17
8333.09885 1.81467527982761e-17
8335.3223 1.79522148074547e-17
8337.54575 1.87009307214621e-17
8339.7692 1.94816237835897e-17
8341.99265 1.95045069080553e-17
8344.2161 1.95017027657788e-17
8346.43955 1.64492640303928e-17
8348.663 1.32933028141651e-17
8350.88645 1.40982463303109e-17
8353.1099 1.50378374793874e-17
8355.33335 1.88526753504738e-17
8357.5568 2.2765396812166e-17
8359.78025 2.25405294170046e-17
8362.0037 2.21748080527766e-17
8364.22715 1.93563605147083e-17
8366.4506 1.64542965972395e-17
8368.67405 1.53724485807773e-17
8370.8975 1.43527383719302e-17
8373.12095 1.53995288196711e-17
8375.3444 1.6516967109169e-17
8377.56785 1.72484793207966e-17
8379.7913 1.7966798001654e-17
8382.01475 1.83235461105971e-17
8384.2382 1.86679146344927e-17
8386.46165 1.96382769023562e-17
8388.6851 2.06300995440318e-17
8390.90855 1.86977890894957e-17
8393.132 1.66650903414589e-17
8395.35545 1.72000776744337e-17
8397.5789 1.78232143365658e-17
8399.80235 2.02682030629561e-17
8402.0258 2.2775825905329e-17
8404.24925 2.21506080567757e-17
8406.4727 2.14175374368741e-17
8408.69615 1.98388863988738e-17
8410.9196 1.82310822073647e-17
8413.14305 1.97087758516029e-17
8415.3665 2.12929921607644e-17
8417.58995 2.16645765811743e-17
8419.8134 2.19942973907828e-17
8422.03685 2.22238433194887e-17
8424.2603 2.24499250157893e-17
8426.48375 2.32070748633223e-17
8428.7072 2.398260962715e-17
8430.93065 2.15135499449343e-17
8433.1541 1.89320069343013e-17
8435.37755 1.75612511996539e-17
8437.601 1.623246991801e-17
8439.82445 1.73129332341267e-17
8442.0479 1.84770344363399e-17
8444.27135 1.92623795622325e-17
8446.4948 2.00345576271344e-17
8448.71825 1.94693169904361e-17
8450.9417 1.88575193201409e-17
8453.16515 2.00454085824099e-17
8455.3886 2.12959518129961e-17
8457.61205 2.31199297314286e-17
8459.8355 2.49638956421829e-17
8462.05895 2.41066900277554e-17
8464.2824 2.31551874778581e-17
8466.50585 2.392022201099e-17
8468.7293 2.47452602257565e-17
8470.95275 2.83570351826285e-17
8473.1762 3.20662255458796e-17
8475.39965 3.04290365902901e-17
8477.6231 2.86046930580268e-17
8479.84655 2.65770516922552e-17
8482.07 2.4542284992687e-17
8484.29345 2.8383849069365e-17
8486.5169 3.24316805579504e-17
8488.74035 3.57880055980537e-17
8490.9638 3.91200545415398e-17
8493.18725 4.14443162575281e-17
8495.4107 4.37331547909643e-17
8497.63415 4.79053115256164e-17
8499.8576 5.21437585145586e-17
8502.08105 5.47433522605188e-17
8504.3045 5.72851823299432e-17
8506.52795 5.73114072640835e-17
8508.7514 5.72488525574398e-17
8510.97485 5.68919075795109e-17
8513.1983 5.65245732130884e-17
8515.42175 5.70457102338866e-17
8517.6452 5.75982470307373e-17
8519.86865 5.76715418504544e-17
8522.0921 5.77278761588917e-17
8524.31555 5.60432467408111e-17
8526.539 5.42969195752014e-17
8528.76245 5.29629187838923e-17
8530.9859 5.16435293109232e-17
8533.20935 5.2603442633289e-17
8535.4328 5.36442409846726e-17
8537.65625 5.15845414070809e-17
8539.8797 4.9414667989342e-17
8542.10315 4.69591062403619e-17
8544.3266 4.44933800960149e-17
8546.55005 4.42823001473036e-17
8548.7735 4.41514467918426e-17
8550.99695 4.30023142499941e-17
8553.2204 4.18169015664791e-17
8555.44385 3.95901015789843e-17
8557.6673 3.73261413296511e-17
8559.89075 3.64477549284586e-17
8562.1142 3.56188736325662e-17
8564.33765 3.53947374650664e-17
8566.5611 3.51922072551665e-17
8568.78455 3.32381651115773e-17
8571.008 3.12214623822261e-17
8573.23145 2.95374020644069e-17
8575.4549 2.7865256456131e-17
8577.67835 2.82885347017417e-17
8579.9018 2.87869838126988e-17
8582.12525 2.77562605211761e-17
8584.3487 2.66706835745125e-17
8586.57215 2.72930443412301e-17
8588.7956 2.79767570939807e-17
8591.01905 2.98597245706168e-17
8593.2425 3.17858311705588e-17
8595.46595 3.33505591044886e-17
8597.6894 3.49022672155768e-17
8599.91285 3.32787002703149e-17
8602.1363 3.15406118236062e-17
8604.35975 3.19332082859361e-17
8606.5832 3.24026531358947e-17
8608.80665 3.56050497901692e-17
8611.0301 3.89061456351336e-17
8613.25355 4.09950513057934e-17
8615.477 4.30401197127103e-17
8617.70045 4.41829359034013e-17
8619.9239 4.52930784598964e-17
8622.14735 4.42720530338753e-17
8624.3708 4.31738549654254e-17
8626.59425 4.20679310300542e-17
8628.8177 4.09617291619973e-17
8631.04115 4.29887253268911e-17
8633.2646 4.51294819870681e-17
8635.48805 4.87084377259564e-17
8637.7115 5.23396845144479e-17
8639.93495 4.89706572888582e-17
8642.1584 4.53471330585655e-17
8644.38185 4.26942424113773e-17
8646.6053 4.00766856112349e-17
8648.82875 4.15907305346724e-17
8651.0522 4.32553818865986e-17
8653.27565 4.23383297548529e-17
8655.4991 4.13270452077252e-17
8657.72255 4.31995273429166e-17
8659.946 4.5177273174139e-17
8662.16945 4.60563213198216e-17
8664.3929 4.68952148098483e-17
8666.61635 4.6354116266508e-17
8668.8398 4.57625166924101e-17
8671.06325 4.59704798245733e-17
8673.2867 4.62077416940331e-17
8675.51015 4.62876374150383e-17
8677.7336 4.63617660328129e-17
8679.95705 4.59137219996623e-17
8682.1805 4.5446520463525e-17
8684.40395 4.57824087317808e-17
8686.6274 4.61478041868475e-17
8688.85085 4.4554541830507e-17
8691.0743 4.28892188079234e-17
8693.29775 4.08599892553757e-17
8695.5212 3.88173527594597e-17
8697.74465 3.90164485154563e-17
8699.9681 3.92981266750878e-17
8702.19155 3.93868302152555e-17
8704.415 3.94684166934328e-17
8706.63845 3.70887868159627e-17
8708.8619 3.46182497891731e-17
8711.08535 3.63608844205283e-17
8713.3088 3.82593367182314e-17
8715.53225 4.00944071286783e-17
8717.7557 4.19271316549079e-17
8719.97915 3.92586734685914e-17
8722.2026 3.64235284626782e-17
8724.42605 3.57774474647151e-17
8726.6495 3.5212539354623e-17
8728.87295 3.52643175522464e-17
8731.0964 3.53389921092252e-17
8733.31985 3.31669580957263e-17
8735.5433 3.09115045718127e-17
8737.76675 3.13027643102727e-17
8739.9902 3.17924254544021e-17
8742.21365 3.28833972730207e-17
8744.4371 3.3996752599015e-17
8746.66055 3.09184131842887e-17
8748.884 2.76838276236573e-17
8751.10745 2.45304116421745e-17
8753.3309 2.13800214873723e-17
8755.55435 2.20035320351413e-17
8757.7778 2.27678948976159e-17
8760.00125 2.44360038645026e-17
8762.2247 2.61378849614386e-17
8764.44815 2.56152854853174e-17
8766.6716 2.50094468241549e-17
8768.89505 2.233964033344e-17
8771.1185 1.9592599988931e-17
8773.34195 1.8653923701612e-17
8775.5654 1.77830050869896e-17
8777.78885 1.74507895006536e-17
8780.0123 1.71387852454047e-17
8782.23575 2.04928520824358e-17
8784.4592 2.39846345652895e-17
8786.68265 2.61011548335188e-17
8788.9061 2.81659465349614e-17
8791.12955 2.60406482260717e-17
8793.353 2.37577438863499e-17
8795.57645 1.89895654700452e-17
8797.7999 1.41277849499851e-17
8800.02335 9.41780365285717e-18
8802.2468 4.71354644556807e-18
8804.47025 7.07031470526843e-18
8806.6937 9.69369816564565e-18
8808.91715 1.34275500916794e-17
8811.1406 1.72033318029634e-17
8813.36405 1.81450008297387e-17
8815.5875 1.89795201886863e-17
8817.81095 2.00983100913051e-17
8820.0344 2.12278616136932e-17
8822.25785 2.2964965715473e-17
8824.4813 2.47250985255062e-17
8826.70475 2.21283651701042e-17
8828.9282 1.93664901684896e-17
8831.15165 1.7438004597106e-17
8833.3751 1.55411487579851e-17
8835.59855 1.81289237473531e-17
8837.822 2.08871211039643e-17
8840.04545 2.26423288806303e-17
8842.2689 2.43593721981944e-17
8844.49235 2.51331748458194e-17
8846.7158 2.58710861266657e-17
8848.93925 2.45442718805184e-17
8851.1627 2.31387960668397e-17
8853.38615 2.3524090178722e-17
8855.6096 2.39776961743114e-17
8857.83305 2.39304277653877e-17
8860.0565 2.38640283232568e-17
8862.27995 2.04786725523754e-17
8864.5034 1.69665513526201e-17
8866.72685 1.759523508794e-17
8868.9503 1.83822759340883e-17
8871.17375 2.3509171149194e-17
8873.3972 2.88022469493617e-17
8875.62065 2.97255161705913e-17
8877.8441 3.04812482305544e-17
8880.06755 2.50147573236875e-17
8882.291 1.93094047800561e-17
8884.51445 2.01996612230388e-17
8886.7379 2.13431143428015e-17
8888.96135 2.40838614972102e-17
8891.1848 2.68860036510438e-17
8893.40825 2.70039232104469e-17
8895.6317 2.70185394918707e-17
8897.85515 2.64674337174797e-17
8900.0786 2.58945267708642e-17
8902.30205 2.538675037132e-17
8904.5255 2.4881481983393e-17
8906.74895 2.24586683148639e-17
8908.9724 1.99618699579869e-17
8911.19585 2.00308154620432e-17
8913.4193 2.01988787101793e-17
8915.64275 2.6373490815312e-17
8917.8662 3.2780436447815e-17
8920.08965 2.6632044313739e-17
8922.3131 1.99980144420331e-17
8924.53655 9.84294140048492e-18
8926.76 -4.48496139054121e-19
8928.98345 6.71262815992039e-18
8931.2069 1.45505089845855e-17
8933.43035 1.94044858827467e-17
8935.6538 2.41426111730361e-17
8937.87725 2.13174221129756e-17
8940.1007 1.81985855898199e-17
8942.32415 1.88680873796468e-17
8944.5476 1.96848570970103e-17
8946.77105 1.6874868307886e-17
8948.9945 1.39237178385071e-17
8951.21795 1.68644557583352e-17
8953.4414 2.00348074356794e-17
8955.66485 1.77245250720433e-17
8957.8883 1.52006564024399e-17
8960.11175 1.57830990871568e-17
8962.3352 1.64867485470312e-17
8964.55865 1.72998935589504e-17
8966.7821 1.81173167489978e-17
8969.00555 2.04499892374545e-17
8971.229 2.28419341798843e-17
8973.45245 2.10706790993347e-17
8975.6759 1.91363718307998e-17
8977.89935 1.80879452198073e-17
8980.1228 1.70742138724276e-17
8982.34625 1.83932013356189e-17
8984.5697 1.980366339403e-17
8986.79315 1.87195240872711e-17
8989.0166 1.7537439978541e-17
8991.24005 1.71050974877779e-17
8993.4635 1.670222744224e-17
8995.68695 1.91838966657135e-17
8997.9104 2.17789591162781e-17
9000.13385 2.19913989499164e-17
9002.3573 2.21100596631484e-17
9004.58075 2.15453583482094e-17
9006.8042 2.09537273412482e-17
9009.02765 2.0439285520328e-17
9011.2511 1.99278893784233e-17
9013.47455 1.79541454470044e-17
9015.698 1.59227007047762e-17
9017.92145 1.69684092002759e-17
9020.1449 1.81356801585965e-17
9022.36835 1.84308909930493e-17
9024.5918 1.86916083959587e-17
9026.81525 1.57411147079861e-17
9029.0387 1.26634477910978e-17
9031.26215 1.46812845850689e-17
9033.4856 1.69009178797365e-17
9035.70905 1.93086222671967e-17
9037.9325 2.17237861694208e-17
9040.15595 2.14780556248497e-17
9042.3794 2.11266908073331e-17
9044.60285 2.16827331956198e-17
9046.8263 2.22748456216975e-17
9049.04975 2.4928532016635e-17
9051.2732 2.76641622317745e-17
9053.49665 2.69061223379023e-17
9055.7201 2.60090466179497e-17
9057.94355 2.33891075376432e-17
9060.167 2.07005190839396e-17
9062.39045 2.12276415836503e-17
9064.6139 2.1883053178923e-17
9066.83735 2.51770633947602e-17
9069.0608 2.85764696555265e-17
9071.28425 2.77986584906531e-17
9073.5077 2.68539967244216e-17
9075.73115 2.28752199277334e-17
9077.9546 1.8775105661351e-17
9080.17805 1.94232165605373e-17
9082.4015 2.02614466517128e-17
9084.62495 2.21523467904233e-17
9086.8484 2.40854447209026e-17
9089.07185 2.28106882594257e-17
9091.2953 2.14073333368376e-17
9093.51875 2.15760136617107e-17
9095.7422 2.18077913237092e-17
9097.96565 2.036904134271e-17
9100.1891 1.88631590375573e-17
9102.41255 1.72069747063811e-17
9104.636 1.5544742030566e-17
9106.85945 1.71579228960567e-17
9109.0829 1.89028885223782e-17
9111.30635 1.96831895008954e-17
9113.5298 2.04246311885961e-17
9115.75325 2.04775608216321e-17
9117.9767 2.05027186927823e-17
9120.20015 2.01334669216998e-17
9122.4236 1.97482869607421e-17
9124.64705 1.80283634002851e-17
9126.8705 1.62545424054753e-17
9129.09395 1.67042424542122e-17
9131.3174 1.72438388375602e-17
9133.54085 1.7468188417658e-17
9135.7643 1.76797762552654e-17
9137.98775 1.60321830219313e-17
9140.2112 1.43092419065997e-17
9142.43465 1.30545305129068e-17
9144.6581 1.18187954696464e-17
9146.88155 1.49481859902377e-17
9149.105 1.82546949051306e-17
9151.32845 1.95297408798219e-17
9153.5519 2.07222590447988e-17
9155.77535 2.11321088403453e-17
9157.9988 2.14435224886368e-17
9160.22225 2.21789389927557e-17
9162.4457 2.30292376490683e-17
9164.66915 2.34605643620392e-17
9166.8926 2.369950209942e-17
9169.11605 2.20309481093638e-17
9171.3395 1.90027672726215e-17
9173.56295 1.73682997412473e-17
9175.7864 1.72296278746365e-17
9178.00985 1.77648435094604e-17
9180.2333 1.93955060100168e-17
9182.45675 2.05823215918507e-17
9184.6802 2.06242067093479e-17
9186.90365 2.06985123437736e-17
9189.1271 2.09226319676612e-17
9191.35055 2.10899871491929e-17
9193.574 2.05710322308506e-17
9195.79745 2.00520756581471e-17
9198.0209 2.08387988669401e-17
9200.24435 2.16591022998804e-17
9202.4678 2.39312566003615e-17
9204.69125 2.64138241419801e-17
9206.9147 2.90040690926573e-17
9209.13815 3.16261257553319e-17
9211.3616 2.90416164750223e-17
9213.58505 2.38978351948919e-17
9215.8085 2.17147517027705e-17
9218.03195 2.17744840691642e-17
9220.2554 2.13714684398386e-17
9222.47885 2.04413071497451e-17
9224.7023 2.15636952880285e-17
9226.92575 2.62414727895486e-17
9229.1492 2.84176708302511e-17
9231.37265 2.36376471875746e-17
9233.5961 1.954888680228e-17
9235.81955 1.90088321608727e-17
9238.043 1.88783609628548e-17
9240.26645 2.49953797906579e-17
9242.4899 3.11124002728222e-17
9244.71335 3.26641911019717e-17
9246.9368 3.40260711886463e-17
9249.16025 3.05467576263462e-17
9251.3837 2.62698583194489e-17
9253.60715 2.77914686367688e-17
9255.8306 3.11735189939225e-17
9258.05405 3.29340405788436e-17
9260.2775 3.38426653945086e-17
9262.50095 4.25244156141753e-17
9264.7244 5.74610078409474e-17
9266.94785 5.6798733955313e-17
9269.1713 3.72708691211204e-17
9271.39475 2.19313373656389e-17
9273.6182 1.43311754277221e-17
9275.84165 7.32539321794202e-18
9278.0651 2.10622952102361e-18
9280.28855 -3.26045149838597e-18
9282.512 -9.47520585146529e-18
9284.73545 -1.45495180222116e-17
9286.9589 3.67636700936437e-18
9289.18235 2.19022520409404e-17
9291.4058 2.23475812673205e-17
9293.62925 2.17620002593595e-17
9295.8527 1.65961001696495e-17
9298.07615 1.05815979710631e-17
9300.2996 1.77912388428069e-17
9302.52305 2.95936304937258e-17
9304.7465 2.79692992335779e-17
9306.96995 1.88158790481049e-17
9309.1934 1.34042219440442e-17
9311.41685 1.1189600536708e-17
9313.6403 1.22679909382097e-17
9315.86375 1.75760726218696e-17
9318.0872 2.0080840036768e-17
9320.31065 1.70526525825808e-17
9322.5341 1.41887663591038e-17
9324.75755 1.18604200252507e-17
9326.981 1.00040116637225e-17
9329.20445 1.12159164607158e-17
9331.4279 1.28435200473669e-17
9333.65135 2.7128787778273e-17
9335.8748 4.14140546819984e-17
9338.09825 3.30213015160231e-17
9340.3217 2.29303448981152e-17
9342.54515 2.17796671828824e-17
9344.7686 2.24754071417396e-17
9346.99205 2.11379652790822e-17
9349.2155 1.90384171026613e-17
9351.43895 1.56287852351626e-17
9353.6624 1.14359539482804e-17
9355.88585 8.55577888418096e-18
9358.1093 6.86616570290973e-18
9360.33275 3.95901586544466e-18
9362.5562 -6.09759497265915e-19
9364.77965 -1.95260988035848e-18
9367.0031 3.51525207837374e-18
9369.22655 8.75795009769504e-18
9371.45 1.32019026652004e-17
9373.67345 1.75774904094396e-17
9375.8969 2.14442487532146e-17
9378.12035 2.51023838746977e-17
9380.3438 1.6648702239163e-17
9382.56725 8.19502225798943e-18
9384.7907 1.47707061180083e-17
9387.01415 2.27341442742625e-17
9389.2376 2.4613814608977e-17
9391.46105 2.51029728272939e-17
9393.6845 2.22077927068827e-17
9395.90795 1.7946977099816e-17
9398.1314 1.60068845300769e-17
9400.35485 1.55443846885414e-17
9402.5783 1.44272574189538e-17
9404.80175 1.26799765140979e-17
9407.0252 1.23161535293756e-17
9409.24865 1.39595810811449e-17
9411.4721 1.44704709885148e-17
9413.69555 1.24194477083682e-17
9415.919 1.25427985356733e-17
9418.14245 2.10963216983238e-17
9420.3659 2.81845713336336e-17
9422.58935 2.25915184843236e-17
9424.8128 1.69969221159906e-17
9427.03625 1.06581866239794e-17
9429.2597 4.31945030478759e-18
9431.48315 9.57927509869181e-18
9433.7066 1.61191726438698e-17
9435.93005 1.84014714873832e-17
9438.1535 1.96133506417775e-17
9440.37695 1.57397961820897e-17
9442.6004 9.66211392831654e-18
9444.82385 1.15938974688025e-17
9447.0473 1.8952142164772e-17
9449.27075 2.46625520906686e-17
9451.4942 2.86895452452625e-17
9453.71765 2.87597431007662e-17
9455.9411 2.27224065813704e-17
9458.16455 1.77141522271619e-17
9460.388 1.52048601343129e-17
9462.61145 1.31495892817207e-17
9464.8349 1.30276587235274e-17
9467.05835 1.2720395040369e-17
9469.2818 1.05093487076403e-17
9471.50525 8.29830154773096e-18
9473.7287 1.48784761712954e-17
9475.95215 2.15725957514196e-17
9478.1756 2.93596806554387e-17
9480.39905 3.72877535317838e-17
9482.6225 3.1133483452275e-17
9484.84595 2.11046927661228e-17
9487.0694 1.7441591252242e-17
9489.29285 1.67361600453282e-17
9491.5163 1.85743555441293e-17
9493.73975 2.2244989364668e-17
9495.9632 2.63867306681966e-17
9498.18665 3.10392543456154e-17
9500.4101 3.31969979868518e-17
9502.63355 3.12545595328956e-17
9504.857 2.8322475576636e-17
9507.08045 2.28050220722297e-17
9509.3039 1.71933593134985e-17
9511.52735 1.11385279241471e-17
9513.7508 5.36518154775417e-18
9515.97425 3.12196843574994e-18
9518.1977 8.78755220348132e-19
9520.42115 1.45269558438236e-17
9522.6446 2.8627212223023e-17
9524.86805 2.83093598008434e-17
9527.0915 2.58537550384715e-17
9529.31495 2.58248219150056e-17
9531.5384 2.65233296201923e-17
9533.76185 3.03528598733189e-17
9535.9853 3.57392052506355e-17
9538.20875 2.97442170698799e-17
9540.4322 1.50362062792194e-17
9542.65565 6.2618676656382e-18
9544.8791 4.31634300081654e-18
9547.10255 5.39368081498877e-18
9549.326 1.17659386285043e-17
9551.54945 1.54708632213365e-17
9553.7729 1.16608155531774e-17
9555.99635 8.85388981386139e-18
9558.2198 1.12958146632629e-17
9560.44325 1.39196762340341e-17
9562.6667 1.94460665977785e-17
9564.89015 2.49724569615228e-17
9567.1136 2.50779605399315e-17
9569.33705 2.49427082379729e-17
9571.5605 1.70790876205968e-17
9573.78395 7.91549559513122e-18
9576.0074 5.95572770734201e-18
9578.23085 6.3399076069392e-18
9580.4543 9.28136848262267e-18
9582.67775 1.35815181821776e-17
9584.9012 1.58339888928023e-17
9587.12465 1.64214161678905e-17
9589.3481 1.57219191546912e-17
9591.57155 1.34499319446939e-17
9593.795 1.04610628665631e-17
9596.01845 6.1323646825272e-18
9598.2419 3.99533612537094e-18
9600.46535 8.53643774709824e-18
9602.6888 1.24581705143836e-17
9604.91225 1.27449143280863e-17
9607.1357 1.31161389249297e-17
9609.35915 1.53176544826406e-17
9611.5826 1.75191692131709e-17
9613.80605 1.15776384066821e-17
9616.0295 5.14034062237246e-18
9618.25295 2.44586222911722e-18
9620.4764 4.58222232094096e-19
9622.69985 6.83488504086542e-18
9624.9233 1.615587630201e-17
9627.14675 1.90692610133422e-17
9629.3702 1.83497363031517e-17
9631.59365 1.51264715363837e-17
9633.8171 9.74158447848696e-18
9636.04055 7.15861292693601e-18
9638.264 8.21191742200082e-18
9640.48745 1.07208265302262e-17
9642.7109 1.61362357255455e-17
9644.93435 1.92973461410863e-17
9647.1578 1.50055377308284e-17
9649.38125 1.17397707698262e-17
9651.6047 1.52971023531411e-17
9653.82815 1.89408494950495e-17
9656.0516 2.54518412137218e-17
9658.27505 3.19628345867553e-17
9660.4985 2.39293689742036e-17
9662.72195 1.47631887006014e-17
9664.9454 8.32680784600077e-18
9667.16885 2.46433586053252e-18
9669.3923 8.0131566741523e-18
9671.61575 1.78952932007824e-17
9673.8392 2.24079207842838e-17
9676.06265 2.36755535663254e-17
9678.2861 2.09312081762521e-17
9680.50955 1.45101376076092e-17
9682.733 6.93712994125096e-18
9684.95645 -2.22444004120719e-18
9687.1799 -8.23920445604772e-18
9689.40335 -7.53088390725428e-18
9691.6268 -5.51579128496538e-18
9693.85025 1.20441436635388e-18
9696.0737 7.08364058493666e-18
9698.29715 6.54501241649571e-18
9700.5206 6.17076323374252e-18
9702.74405 1.70536584342057e-17
9704.9675 2.79365528074882e-17
9707.19095 2.3110518070419e-17
9709.4144 1.67853739830527e-17
9711.63785 1.72758424554598e-17
9713.8613 1.9350317133153e-17
9716.08475 1.97672707558002e-17
9718.3082 1.95069156579991e-17
9720.53165 1.52740802623325e-17
9722.7551 8.48483408458412e-18
9724.97855 8.11065231705086e-18
9727.202 1.39759542941898e-17
9729.42545 1.77187662406187e-17
9731.6489 1.83494682966332e-17
9733.87235 1.63096127819367e-17
9736.0958 8.15455740960395e-18
9738.31925 1.99943781560603e-18
9740.5427 3.72057939951502e-18
9742.76615 4.54015160479378e-18
9744.9896 -2.66586559548157e-18
9747.21305 -9.87188279575693e-18
9749.4365 -6.42593604500594e-18
9751.65995 -2.97495672740819e-18
9753.8834 7.22397611855449e-19
9756.10685 4.44773071495323e-18
9758.3303 -4.08490655082063e-18
9760.55375 -1.57483062162316e-17
9762.7772 -1.19489316595164e-17
9765.00065 -1.36520752408623e-18
9767.2241 3.65844614139341e-18
9769.44755 4.87519159933134e-18
9771.671 9.36813972887948e-18
9773.89445 1.72428445664639e-17
9776.1179 2.16617558952855e-17
9778.34135 2.06892743906926e-17
9780.5648 1.78398423212393e-17
9782.78825 1.03749765258535e-17
9785.0117 4.094775642709e-18
9787.23515 2.94352986119062e-18
9789.4586 2.3243241681245e-18
9791.68205 7.35043941970951e-18
9793.9055 1.23765550848848e-17
9796.12895 2.05774164108183e-17
9798.3524 2.88277274209507e-17
9800.57585 2.18517179229583e-17
9802.7993 1.28611985514184e-17
9805.02275 8.84575449253693e-18
9807.2462 6.21974183858271e-18
9809.46965 7.59143766399622e-18
9811.6931 1.08428381521196e-17
9813.91655 1.07347761040763e-17
9816.14 8.18116780990978e-18
9818.36345 8.14851237368741e-18
9820.5869 1.08776070348071e-17
9822.81035 1.55583739670609e-17
9825.0338 2.34816094911838e-17
9827.25725 3.28339219462227e-17
9829.4807 4.59682695979765e-17
9831.70415 5.35984615008515e-17
9833.9276 3.48749040809136e-17
9836.15105 1.71483623425368e-17
9838.3745 1.24154921306789e-17
9840.59795 7.68262191882101e-18
9842.8214 1.72765257066458e-17
9845.04485 2.73165842471021e-17
9847.2683 2.25898690861822e-17
9849.49175 1.56232017660279e-17
9851.7152 6.9522619697867e-18
9853.93865 -2.23690606662867e-18
9856.1621 -4.61621210288895e-18
9858.38555 -3.56987164140123e-18
9860.609 4.51928556025183e-18
9862.83245 1.80561351621709e-17
9865.0559 1.69882036323343e-17
9867.27935 -1.06346909722702e-18
9869.5028 -8.51747545873608e-18
9871.72625 2.79697951283551e-18
9873.9497 1.08115674162427e-17
9876.17315 9.40348267491204e-18
9878.3966 9.44903716560656e-18
9880.62005 1.72465801141102e-17
9882.8435 2.47923598898353e-17
9885.06695 2.81259242282036e-17
9887.2904 3.14594918752944e-17
9889.51385 1.53542737683583e-17
9891.7373 -1.66829322136813e-18
9893.96075 -1.59619934382337e-17
9896.1842 -2.97870187034958e-17
9898.40765 -2.80598126449259e-17
9900.6311 -2.12026342593716e-17
9902.85455 -7.89462003801222e-18
9905.078 8.88000804170275e-18
9907.30145 2.6409229980858e-17
9909.5249 4.45583733311044e-17
9911.74835 5.35955167378708e-17
9913.9718 5.13817531168298e-17
9916.19525 4.61073087327793e-17
9918.4187 3.50480660703454e-17
9920.64215 2.66495193313598e-17
9922.8656 2.64721337577202e-17
9925.08905 2.37224513983347e-17
9927.3125 5.56244054920061e-18
9929.53595 -1.14387903506008e-17
9931.7594 -1.69961648321398e-18
9933.98285 8.03955779776315e-18
9936.2063 2.22354982943196e-17
9938.42975 3.67155563061339e-17
9940.6532 3.13953953039888e-17
9942.87665 2.22633312675708e-17
9945.1001 1.97238338474738e-17
9947.32355 1.95357213956506e-17
9949.547 1.9920280971149e-17
9951.77045 2.06331783102717e-17
9953.9939 1.74631277266704e-17
9956.21735 1.09062886953667e-17
9958.4408 8.12222540100109e-18
9960.66425 1.02862316266552e-17
9962.8877 1.47050412122614e-17
9965.11115 2.36780169101896e-17
9967.3346 3.24856325862235e-17
9969.55805 4.07385293629509e-17
9971.7815 4.61139361038471e-17
9974.00495 3.19178690486569e-17
9976.2284 1.82908873656522e-17
9978.45185 2.54326638584003e-17
9980.6753 3.25744420055097e-17
9982.89875 3.46304192703449e-17
9985.1222 3.62752613009617e-17
9987.34565 2.65149387000586e-17
9989.5691 1.43134754169747e-17
9991.79255 8.03869339402303e-18
9994.016 4.04327455059084e-18
9996.23945 1.14997014493674e-17
9998.4629 2.59534402284515e-17
10000.68635 3.17790284372011e-17
10002.9098 2.96165433966936e-17
10005.13325 2.98924511443719e-17
10007.3567 3.3565020567544e-17
10009.58015 3.9865579192744e-17
10011.8036 5.18493649345509e-17
10014.02705 5.85242591828782e-17
10016.2505 4.58107744093464e-17
10018.47395 3.4126408196949e-17
10020.6974 3.04984370436833e-17
10022.92085 2.6809529149052e-17
10025.1443 1.81163903067117e-17
10027.36775 9.42325146437144e-18
10029.5912 9.02497475277512e-18
10031.81465 9.44364477519332e-18
10034.0381 1.21868470016601e-17
10036.26155 1.54800895938889e-17
10038.485 2.37802068030644e-17
10040.70845 3.41511640583215e-17
10042.9319 4.23979297723486e-17
10045.15535 4.92620300052688e-17
10047.3788 4.16301804324463e-17
10049.60225 1.97601917441179e-17
10051.8257 6.25742322420695e-18
10054.04915 5.1602037104217e-18
10056.2726 1.04653625513872e-17
10058.49605 3.05991181591208e-17
10060.7195 4.80279791017356e-17
10062.94295 5.46284304036555e-17
10065.1664 5.86589506563814e-17
10067.38985 3.92032457501055e-17
10069.6133 1.9747544152552e-17
10071.83675 1.79867016215532e-17
10074.0602 1.62801403367114e-17
10076.28365 3.52716529899185e-17
10078.5071 5.66732870523356e-17
10080.73055 3.80486108028223e-17
10082.954 9.04014607238996e-18
10085.17745 8.76863396248678e-18
10087.4009 2.12680625914633e-17
10089.62435 2.9556605889508e-17
10091.8478 3.49320523350736e-17
10094.07125 2.52118347589895e-17
10096.2947 -2.58151514498618e-19
10098.51815 -9.11450960945847e-18
10100.7416 8.21669935312199e-18
10102.96505 2.40403269815715e-17
10105.1885 3.610890535361e-17
10107.41195 4.27667464464288e-17
10109.6354 2.56244423746983e-17
10111.85885 9.15161362301515e-18
10114.0823 2.29950071058633e-20
10116.30575 -9.10562320813782e-18
10118.5292 -1.04442191945449e-18
10120.75265 7.32648096044753e-18
10122.9761 2.50147391257141e-17
10125.19955 4.39661715695205e-17
10127.423 3.09877011411186e-17
10129.64645 8.94684919828071e-18
10131.8699 8.35862534826262e-18
10134.09335 1.79734981646156e-17
10136.3168 3.15546011021257e-17
10138.54025 4.80553256927866e-17
10140.7637 4.52206273644041e-17
10142.98715 2.09944295904695e-17
10145.2106 9.53136148889028e-18
10147.43405 1.95163570975108e-17
10149.6575 2.16137579130615e-17
10151.88095 2.58209205176465e-18
10154.1044 -1.21756651741396e-17
10156.32785 -6.08752735742376e-18
10158.5513 1.1256382343077e-18
10160.77475 2.35417289781041e-17
10162.9982 4.59578206524787e-17
10165.22165 3.53534082129408e-17
10167.4451 2.36296533141348e-17
10169.66855 1.74552248430981e-17
10171.892 1.2139660483617e-17
10174.11545 2.89204113542261e-17
10176.3389 5.25159335419258e-17
10178.56235 4.7130124177646e-17
10180.7858 2.69866086658649e-17
10183.00925 -3.38949746420853e-18
10185.2327 -4.17613117205931e-17
10187.45615 -6.83701106047581e-17
10189.6796 -8.11517186648173e-17
10191.90305 -8.67692014663384e-17
10194.1265 -7.95632870432541e-17
10196.34995 -7.0722340951618e-17
10198.5734 -5.71480357843819e-17
10200.79685 -4.15087701708582e-17
10203.0203 -1.4655107627404e-17
10205.24375 1.09232367989373e-17
10207.4672 1.40777090900624e-17
10209.69065 1.72321805540068e-17
10211.9141 1.91182747733584e-17
10214.13755 2.09412187160252e-17
10216.361 2.35346532751443e-17
10218.58445 2.62631167974566e-17
10220.8079 1.65422490574111e-17
10223.03135 2.65379475559774e-18
10225.2548 1.68257569405575e-17
10227.47825 4.62432872993157e-17
10229.7017 8.04311980291693e-17
10231.92515 1.1858139653738e-16
10234.1486 1.27281086650172e-16
10236.37205 9.92546854845485e-17
10238.5955 7.46592177415579e-17
10240.81895 5.6625614979273e-17
10243.0424 4.42095843540153e-17
10245.26585 4.93793606120757e-17
10247.4893 4.92493212023375e-17
10249.71275 1.66744606434379e-17
10251.9362 -1.38197486801347e-17
10254.15965 6.71929523565757e-18
10256.3831 2.72583391514498e-17
10258.60655 2.28780885900977e-17
10260.83 1.68361132418267e-17
10263.05345 2.43564274352137e-17
10265.2769 3.45325240992105e-17
10267.50035 3.42916391786677e-17
10269.7238 3.02864207265186e-17
10271.94725 1.82104142725794e-17
10274.1707 1.45247652627664e-18
10276.39415 -1.03765109458898e-17
10278.6176 -1.78630348112541e-17
10280.84105 -8.51559196848129e-18
10283.0645 2.31521087116182e-17
10285.28795 3.6797589461842e-17
10287.5114 1.36366530787267e-17
10289.73485 -1.01716249256053e-18
10291.9583 1.32962103540182e-17
10294.18175 2.65049728280386e-17
10296.4052 3.20357786818927e-17
10298.62865 3.79454646891594e-17
10300.8521 5.92078081538675e-17
10303.07555 8.04701549272981e-17
10305.299 4.4719422087646e-17
10307.52245 4.20208619716581e-18
10309.7459 -7.19858725721825e-18
10311.96935 -1.22577992458824e-17
10314.1928 4.27089728437257e-18
10316.41625 2.92170846440019e-17
10318.6397 3.41818425328799e-17
10320.86315 2.68075687310003e-17
10323.0866 1.52965332528797e-17
10325.31005 -8.63469413766641e-20
10327.5335 -7.98611200402487e-18
10329.75695 -5.35043746692572e-18
10331.9804 -3.16735397480435e-18
10334.20385 -1.97483560303232e-18
10336.4273 -1.99967459605637e-18
10338.65075 -6.53933216722931e-18
10340.8742 -2.44690675143572e-19
10343.09765 9.31007462772847e-17
10345.3211 1.85064430232219e-16
10347.54455 1.32110709696739e-16
10349.768 7.91569957787028e-17
10351.99145 8.78012598273698e-18
10354.2149 -6.33672428506986e-17
10356.43835 -2.30814377088041e-17
10358.6618 4.4177039759995e-17
10360.88525 6.84851217971274e-17
10363.1087 7.48061978102413e-17
10365.33215 9.31369834055594e-17
10367.5556 1.19370050385723e-16
10369.77905 1.04758308529113e-16
10372.0025 4.96110340493171e-17
10374.22595 7.7852593164072e-18
10376.4494 -1.40758528967678e-17
10378.67285 -2.4295555213936e-17
10380.8963 -7.21857359517876e-18
10383.11975 1.81297244581861e-17
10385.3432 7.71327524708875e-17
10387.56665 1.26405744273634e-16
10389.7901 8.41010807697118e-17
10392.01355 4.17964205745123e-17
10394.237 -5.36188399224223e-18
10396.46045 -5.25477402908397e-17
10398.6839 -3.35247104019331e-17
10400.90735 -6.57815340773765e-18
10403.1308 1.56459972093486e-17
10405.35425 3.66256086863249e-17
10407.5777 -1.19606428826289e-17
10409.80115 -9.18392892256964e-17
10412.0246 -1.12466546577143e-16
10414.24805 -9.16631328424471e-17
10416.4715 -5.23349497326216e-17
10418.69495 6.52177195000542e-18
10420.9184 3.87991250074815e-17
10423.14185 2.87209350951477e-17
10425.3653 3.77781061989052e-17
10427.58875 9.51056732634356e-17
10429.8122 1.41436754204245e-16
10432.03565 1.38557120116266e-16
10434.2591 1.30651735149762e-16
10436.48255 6.56912828822826e-17
10438.706 7.30836146573197e-19
10440.92945 5.5267179272669e-17
10443.1529 1.12277552350787e-16
10445.37635 4.64764794401617e-17
10447.5998 -3.63851538997006e-17
10449.82325 -3.09826884266065e-17
10452.0467 -2.17359154289354e-19
10454.27015 2.37468102130132e-17
10456.4936 4.44378332635207e-17
10458.71705 1.75177315732663e-17
10460.9405 -4.48227038589294e-17
10463.16395 -7.26172595337442e-17
10465.3874 -6.17938725337288e-17
10467.61085 -2.74445391616967e-17
10469.8343 4.68796241096629e-17
10472.05775 9.69262779393301e-17
10474.2812 8.10811833196236e-17
10476.50465 6.13188723387763e-17
10478.7281 2.20950827309775e-17
10480.95155 -1.12583367640693e-17
10483.175 3.80392636619005e-17
10485.39845 8.73368657422315e-17
10487.6219 8.85773521109303e-17
10489.84535 8.80555864328665e-17
10492.0688 4.61810899346966e-17
10494.29225 -2.23655286050711e-18
10496.5157 2.85070956719129e-17
10498.73915 8.40166884948967e-17
10500.9626 1.19075322624748e-16
10503.18605 1.43599083734798e-16
10505.4095 1.23350297909541e-16
10507.63295 6.77472700732852e-17
10509.8564 4.50712914853363e-17
10512.07985 6.15057092780949e-17
10514.3033 4.05508255383503e-17
10516.52675 -4.8087099354476e-17
10518.7502 -1.02819297911615e-16
10520.97365 -5.80512905435102e-17
10523.1971 -1.22549231388926e-17
10525.42055 3.92381163760083e-17
10527.644 8.89266539399992e-17
10529.86745 1.05193842282679e-16
10532.0909 1.21461030625359e-16
10534.31435 3.34451422444504e-17
10536.5378 -6.00607570968628e-17
10538.76125 -3.16087880496928e-17
10540.9847 1.86528913802075e-17
10543.20815 5.55607291284518e-17
10545.4316 8.79472125377323e-17
10547.65505 6.1260215307179e-17
10549.8785 2.1125545575775e-18
10552.10195 -2.49401588673251e-17
10554.3254 -2.50552593952006e-17
10556.54885 -3.96908124729238e-17
10558.7723 -7.26247240115919e-17
10560.99575 -8.39889283135394e-17
10563.2192 -5.36229559731504e-17
10565.44265 -1.44492637319702e-17
10567.6661 5.26898267590191e-17
10569.88955 1.09683030876343e-16
10572.113 1.03208582342772e-16
10574.33645 9.56911649358904e-17
10576.5599 6.07105438639701e-17
10578.78335 2.57299194833274e-17
10581.0068 -2.87584262292311e-17
10583.23025 -8.46051911047812e-17
10585.4537 -8.46645694378728e-17
10587.67715 -7.35926510597321e-17
10589.9006 -3.06356927770854e-18
10592.12405 8.92372437164006e-17
10594.3475 1.34398333929036e-16
10596.57095 1.51907656384195e-16
10598.7944 7.49225523439254e-17
10601.01785 -8.61821017547727e-17
10603.2413 -1.72915595488428e-16
10605.46475 -1.59993154965998e-16
10607.6882 -1.20590624862717e-16
10609.91165 -2.64694751992315e-17
10612.1351 7.28760214816855e-17
10614.35855 1.9027590631932e-16
10616.582 2.92904257858333e-16
10618.80545 2.90392540471928e-16
10621.0289 2.82856620689105e-16
10623.25235 4.66398509198634e-17
10625.4758 -1.89576932084268e-16
10627.69925 -1.17090102389511e-16
10629.9227 -1.78539374788772e-17
10632.14615 4.99343988030988e-17
10634.3696 1.10752568790929e-16
10636.59305 5.12891585190606e-17
10638.8165 -5.55719589324478e-17
10641.03995 -1.02355911332463e-16
10643.2634 -1.11632510291674e-16
10645.48685 -1.70432806262406e-17
10647.7103 1.75771989109917e-16
10649.93375 3.08503454842985e-16
10652.1572 3.55736685429624e-16
10654.38065 3.9681296587157e-16
10656.6041 4.24250533555064e-16
10658.82755 4.64573960525579e-16
10661.051 5.5343539292864e-16
10663.27445 6.1532951975261e-16
10665.4979 4.54720055673255e-16
10667.72135 2.93332406543391e-16
10669.9448 1.9265653543097e-17
10672.16825 -2.54801116000809e-16
10674.3917 -8.85687560500046e-17
10676.61515 1.23791522665721e-16
10678.8386 1.03919679736882e-16
10681.06205 2.74091722274264e-17
10683.2855 -3.80611640957984e-17
10685.50895 -9.88503529836877e-17
10687.7324 -8.48743755284407e-17
10689.95585 -2.11697356320491e-17
10692.1793 2.6662896496226e-17
10694.40275 5.85799118944908e-17
10696.6262 7.9977651590584e-17
10698.84965 8.54394060612634e-17
10701.0731 6.73018366221479e-17
10703.29655 -6.85995523087068e-18
10705.52 -5.46089850418156e-17
10707.74345 6.88980156173282e-18
10709.9669 6.6366652691375e-17
10712.19035 1.06230822368355e-16
10714.4138 1.46094985427891e-16
10716.63725 1.78791807150666e-16
10718.8607 2.11429151278677e-16
10721.08415 1.35239212652533e-16
10723.3076 4.56715433686415e-17
10725.53105 8.85099468171746e-18
10727.7545 -1.38501277153113e-17
10729.97795 -1.59720205216191e-17
10732.2014 -8.74418498512155e-18
10734.42485 -6.1758436116287e-17
10736.6483 -1.57347924011282e-16
10738.87175 -2.17172961103347e-16
10741.0952 -2.3890331343247e-16
10743.31865 -2.57879021972894e-16
10745.5421 -2.72416833735077e-16
10747.76555 -3.19568484460984e-16
10749.989 -4.50047133721931e-16
10752.21245 -5.78012847986611e-16
10754.4359 -6.94535411831682e-16
10756.65935 -7.81971552482309e-16
10758.8828 -5.27347836944391e-16
10761.10625 -2.72724121406473e-16
10763.3297 -8.02900942515575e-17
10765.55315 1.10688366340506e-16
10767.7766 1.95626229635321e-16
10770.00005 2.65476536932851e-16
10772.2235 3.84740708200167e-16
10774.44695 5.18416562729864e-16
