3746.47 1.54428558784121e-16
3752.82599994659 2.31063997035852e-16
3759.18199989318 2.16936453622606e-16
3765.53799983977 2.32602023579609e-16
3771.89399978636 1.95207954178055e-16
3778.24999973295 2.17950219711571e-16
3784.60599967954 1.82425803487514e-16
3790.96199962613 2.25698652119927e-16
3797.31799957272 1.60071015822697e-16
3803.67399951931 1.5108592854624e-16
3810.0299994659 1.90692421536242e-16
3816.38599941249 2.58296079820298e-16
3822.74199935908 1.57868227234023e-16
3829.09799930567 2.23952837806297e-16
3835.45399925226 1.97410438364263e-16
3841.80999919885 2.00757793457804e-16
3848.16599914544 2.35482464995866e-16
3854.52199909203 2.10924266702554e-16
3860.87799903862 2.68047837793139e-16
3867.23399898521 2.67245777001428e-16
3873.5899989318 2.13682232448594e-16
3879.94599887839 2.39707174169194e-16
3886.30199882498 3.66380977900855e-16
3892.65799877157 3.10588902898684e-16
3899.01399871816 2.45944645383436e-16
3905.36999866475 2.83884230472802e-16
3911.72599861134 3.21283937937411e-16
3918.08199855793 3.29755670308273e-16
3924.43799850452 2.91962568979223e-16
3930.79399845111 2.62104128192917e-16
3937.1499983977 2.74035937213753e-16
3943.50599834429 2.65079728466842e-16
3949.86199829088 2.7865221383673e-16
3956.21799823747 3.348590173457e-16
3962.57399818406 2.79033299253656e-16
3968.92999813065 2.9869746029174e-16
3975.28599807724 3.00218281478756e-16
3981.64199802383 3.39573496850999e-16
3987.99799797042 2.44999727191215e-16
3994.35399791701 2.61818360452337e-16
4000.7099978636 2.29897447379026e-16
4007.06599781019 2.02737335925317e-16
4013.42199775678 2.2810152577261e-16
4019.77799770337 3.03419536623785e-16
4026.13399764996 3.05653744840846e-16
4032.48999759655 2.84430037328189e-16
4038.84599754314 3.89231915114526e-16
4045.20199748973 3.17715996935559e-16
4051.55799743632 2.54658390949196e-16
4057.91399738291 2.90251377137312e-16
4064.2699973295 3.40661113625053e-16
4070.62599727609 3.56562145506503e-16
4076.98199722268 2.87134401770535e-16
4083.33799716927 2.9953750521718e-16
4089.69399711586 2.85121454441165e-16
4096.04999706245 2.73824390735177e-16
4102.40599700904 3.82456895616133e-16
4108.76199695563 3.63684236755034e-16
4115.11799690222 3.4666567724858e-16
4121.47399684881 3.36732865983264e-16
4127.8299967954 3.81608856817254e-16
4134.18599674199 3.5327409595416e-16
4140.54199668858 3.62097055830557e-16
4146.89799663517 3.58014145266554e-16
4153.25399658176 3.528288213217e-16
4159.60999652835 3.49733524704417e-16
4165.96599647494 3.32527373869926e-16
4172.32199642153 3.42391443117616e-16
4178.67799636812 3.93838662616846e-16
4185.03399631471 4.42056304306873e-16
4191.3899962613 4.10795574006607e-16
4197.74599620789 3.83922209675324e-16
4204.10199615448 3.312969791047e-16
4210.45799610107 3.6225701270869e-16
4216.81399604766 3.24390113634111e-16
4223.16999599425 3.15276621456806e-16
4229.52599594084 3.34661949836566e-16
4235.88199588743 3.80938297890604e-16
4242.23799583402 4.2972083114711e-16
4248.59399578061 3.96779666888831e-16
4254.9499957272 3.53084863499787e-16
4261.30599567379 3.57926662644971e-16
4267.66199562038 3.67514943258991e-16
4274.01799556697 3.64889882276332e-16
4280.37399551356 3.61643734385098e-16
4286.72999546015 3.72741718878702e-16
4293.08599540674 3.3953688914581e-16
4299.44199535333 3.23255962987517e-16
4305.79799529992 3.76917061913073e-16
4312.15399524651 3.45595848166418e-16
4318.5099951931 3.67142248762199e-16
4324.86599513969 4.44091009795076e-16
4331.22199508628 4.1948457032844e-16
4337.57799503287 3.58471966574545e-16
4343.93399497946 3.86777901847653e-16
4350.28999492605 3.73069097112815e-16
4356.64599487264 3.26735653744176e-16
4363.00199481923 3.34780216811826e-16
4369.35799476582 3.91909015683882e-16
4375.71399471241 4.17479034537358e-16
4382.069994659 3.53602797677254e-16
4388.42599460559 3.47460035334427e-16
4394.78199455218 3.37563752364961e-16
4401.13799449877 3.01009066144356e-16
4407.49399444536 3.18956079640119e-16
4413.84999439195 3.45311112747243e-16
4420.20599433854 3.20677171179601e-16
4426.56199428513 3.10259274733304e-16
4432.91799423172 2.95062365459039e-16
4439.27399417831 3.17427396928562e-16
4445.6299941249 3.38501920763384e-16
4451.98599407149 3.46100441574965e-16
4458.34199401808 3.33440316568388e-16
4464.69799396467 3.31937838938637e-16
4471.05399391126 2.96398692282231e-16
4477.40999385785 3.07086104024432e-16
4483.76599380444 3.51765874382235e-16
4490.12199375103 3.79395850893654e-16
4496.47799369762 3.90395500156037e-16
4502.83399364421 3.63734502866497e-16
4509.1899935908 3.49868414701267e-16
4515.54599353739 3.60903612877655e-16
4521.90199348398 3.48058093534748e-16
4528.25799343057 3.34869525848202e-16
4534.61399337716 3.38646181062213e-16
4540.96999332375 3.66997909054031e-16
4547.32599327034 3.77135331715669e-16
4553.68199321693 3.62849406376176e-16
4560.03799316352 3.66182269265385e-16
4566.39399311011 3.50781860325542e-16
4572.7499930567 3.45353596743503e-16
4579.10599300329 3.92551966630408e-16
4585.46199294988 3.46960974109816e-16
4591.81799289647 3.61463236957994e-16
4598.17399284306 3.34583334591149e-16
4604.52999278965 3.72895296539951e-16
4610.88599273624 3.8838363808763e-16
4617.24199268283 3.55368993721177e-16
4623.59799262942 3.38737845908974e-16
4629.95399257601 3.5386691313812e-16
4636.3099925226 3.53312715362599e-16
4642.66599246919 3.40123247703547e-16
4649.02199241578 3.25498482715373e-16
4655.37799236237 3.36512875644994e-16
4661.73399230896 3.49852850470861e-16
4668.08999225555 3.2920623709308e-16
4674.44599220214 3.33535501895836e-16
4680.80199214873 3.38511714581836e-16
4687.15799209532 3.53085763472294e-16
4693.51399204191 3.51535878467276e-16
4699.8699919885 3.59857315429559e-16
4706.22599193509 3.72430910726618e-16
4712.58199188168 4.19453388928069e-16
4718.93799182827 4.29684646958395e-16
4725.29399177486 4.13462721938834e-16
4731.64999172145 4.1919017343971e-16
4738.00599166804 4.27177376494963e-16
4744.36199161463 4.43382572613816e-16
4750.71799156122 4.26111729637978e-16
4757.07399150781 4.35358232457782e-16
4763.4299914544 4.20782860078344e-16
4769.78599140099 4.53018895877813e-16
4776.14199134758 4.54868286439025e-16
4782.49799129417 4.20138612112618e-16
4788.85399124076 4.33782274719856e-16
4795.20999118735 4.18644790100797e-16
4801.56599113394 4.31752836717794e-16
4807.92199108053 4.39186265514e-16
4814.27799102712 4.33708662262784e-16
4820.63399097371 4.48738203120627e-16
4826.9899909203 4.15075896186879e-16
4833.34599086689 4.13613308514988e-16
4839.70199081348 4.09908492282816e-16
4846.05799076007 4.10575398379881e-16
4852.41399070666 3.93170115393446e-16
4858.76999065325 3.96566558693258e-16
4865.12599059984 3.96245374387571e-16
4871.48199054643 3.88619298535424e-16
4877.83799049302 3.79782944950549e-16
4884.19399043961 4.04053218216243e-16
4890.5499903862 3.82120252959158e-16
4896.90599033279 3.47721292059096e-16
4903.26199027938 3.708092661491e-16
4909.61799022597 3.74321620613788e-16
4915.97399017256 3.78575075967764e-16
4922.32999011915 3.71422279774896e-16
4928.68599006574 3.82473598047061e-16
4935.04199001233 3.77663297939604e-16
4941.39798995892 3.6463749292783e-16
4947.75398990551 3.65769578931615e-16
4954.1099898521 3.75472976617123e-16
4960.46598979869 3.77692573515844e-16
4966.82198974528 3.96326901308744e-16
4973.17798969187 3.82769715471466e-16
4979.53398963846 3.78695142888038e-16
4985.88998958505 3.88412278389159e-16
4992.24598953164 4.02831902585421e-16
4998.60198947823 3.73224421779518e-16
5004.95798942482 3.5648924773348e-16
5011.31398937141 3.6863678545807e-16
5017.669989318 4.85046005706887e-16
5024.02598926459 5.41329386288244e-16
5030.38198921118 4.96145790145503e-16
5036.73798915777 4.74779172292776e-16
5043.09398910436 4.45247421526314e-16
5049.44998905095 4.39583232798686e-16
5055.80598899754 4.37537754110185e-16
5062.16198894413 4.49448757884255e-16
5068.51798889072 4.28421376726904e-16
5074.87398883731 4.01483929059204e-16
5081.2299887839 4.40370629332498e-16
5087.58598873049 4.43198554706025e-16
5093.94198867708 4.35304737033207e-16
5100.29798862367 4.39914766788197e-16
5106.65398857026 4.19161744896418e-16
5113.00998851685 4.18039214483069e-16
5119.36598846344 3.86548329449167e-16
5125.72198841003 3.74726211195e-16
5132.07798835662 4.05206559453048e-16
5138.43398830321 3.9841062882877e-16
5144.7899882498 3.96875699249226e-16
5151.14598819639 4.07566843230352e-16
5157.50198814298 3.98268221414512e-16
5163.85798808957 3.89686057123152e-16
5170.21398803616 3.44923965750788e-16
5176.56998798275 3.66420259053784e-16
5182.92598792934 4.14481464346364e-16
5189.28198787593 4.45231327900317e-16
5195.63798782252 4.26877076845382e-16
5201.99398776911 4.09178111654266e-16
5208.3499877157 3.93106349694385e-16
5214.70598766229 4.08053569537668e-16
5221.06198760888 4.21159207404721e-16
5227.41798755547 3.82686785651974e-16
5233.77398750206 4.15544014239135e-16
5240.12998744865 4.01399437522716e-16
5246.48598739524 3.98674559001178e-16
5252.84198734183 3.73152344569663e-16
5259.19798728842 3.72653839210424e-16
5265.55398723501 3.67091797362279e-16
5271.9099871816 3.64066804479617e-16
5278.26598712819 3.621912088366e-16
5284.62198707478 3.45548864307625e-16
5290.97798702137 3.5743893048603e-16
5297.33398696796 3.57148107017546e-16
5303.68998691455 3.40776442454778e-16
5310.04598686114 3.45305474684188e-16
5316.40198680773 3.33484282872307e-16
5322.75798675432 3.15566280254987e-16
5329.11398670091 3.00922483495279e-16
5335.4699866475 3.51511367451365e-16
5341.82598659409 4.08898405493215e-16
5348.18198654068 4.10064611042907e-16
5354.53798648727 4.02258514219689e-16
5360.89398643386 3.73431177227987e-16
5367.24998638045 4.00958689222568e-16
5373.60598632704 3.83043015945853e-16
5379.96198627363 3.92197853918896e-16
5386.31798622022 3.88964305642753e-16
5392.67398616681 4.02466831385154e-16
5399.0299861134 3.93635136481489e-16
5405.38598605999 4.02077381517874e-16
5411.74198600658 4.08622749208443e-16
5418.09798595317 4.15334823570943e-16
5424.45398589976 3.90999805224344e-16
5430.80998584635 3.67184203362868e-16
5437.16598579294 4.0939783729474e-16
5443.52198573953 3.79832946364217e-16
5449.87798568612 4.12647426257322e-16
5456.23398563271 3.88415454762712e-16
5462.5899855793 4.07554931829531e-16
5468.94598552589 4.12604148167673e-16
5475.30198547248 3.9371944272952e-16
5481.65798541907 3.85158427792062e-16
5488.01398536566 3.90449207338849e-16
5494.36998531225 4.18006550775041e-16
5500.72598525884 4.09390293407553e-16
5507.08198520543 3.88897628267936e-16
5513.43798515202 4.05754510360583e-16
5519.79398509861 4.10644405095302e-16
5526.1499850452 3.96552688528747e-16
5532.50598499179 3.85097864936333e-16
5538.86198493838 3.85800769933656e-16
5545.21798488497 3.58634067504826e-16
5551.57398483156 3.49982975907383e-16
5557.92998477815 3.75724545402458e-16
5564.28598472474 2.83538349862746e-16
5570.64198467133 2.408671328509e-16
5576.99798461792 3.38953468733609e-16
5583.35398456451 3.5523320375182e-16
5589.7099845111 3.55773928409524e-16
5596.06598445769 3.62283720716308e-16
5602.42198440428 3.63953937339395e-16
5608.77798435087 3.47233004034783e-16
5615.13398429746 3.56180424814867e-16
5621.48998424405 3.44107531868754e-16
5627.84598419064 3.43686688842866e-16
5634.20198413723 3.48374539749886e-16
5640.55798408382 3.67484926528923e-16
5646.91398403041 3.50015824903869e-16
5653.269983977 3.28469397838308e-16
5659.62598392359 3.46192238770624e-16
5665.98198387018 3.26090638154842e-16
5672.33798381677 3.56709291011309e-16
5678.69398376336 3.69114829677677e-16
5685.04998370995 3.42185640581213e-16
5691.40598365654 3.21996345585611e-16
5697.76198360313 3.27638008530798e-16
5704.11798354972 3.38832131263915e-16
5710.47398349631 3.35034935500933e-16
5716.8299834429 3.23611346248449e-16
5723.18598338949 3.24967631285461e-16
5729.54198333608 3.27901488716953e-16
5735.89798328267 3.23804072713729e-16
5742.25398322926 3.24179281839583e-16
5748.60998317585 3.15896623104416e-16
5754.96598312244 3.08904577883069e-16
5761.32198306903 2.91214241840104e-16
5767.67798301562 3.1030874675138e-16
5774.03398296221 3.15988896756108e-16
5780.3899829088 3.27009986539968e-16
5786.74598285539 3.2973920610536e-16
5793.10198280198 2.85985295698466e-16
5799.45798274857 2.72760332064968e-16
5805.81398269516 2.82611854637128e-16
5812.16998264175 2.83861995857936e-16
5818.52598258834 3.29068250132017e-16
5824.88198253493 3.08697875374159e-16
5831.23798248152 3.17075428269198e-16
5837.59398242811 3.10563333091589e-16
5843.9499823747 3.02661998001364e-16
5850.30598232129 3.02790773479126e-16
5856.66198226788 2.84555318795043e-16
5863.01798221447 3.04077204767769e-16
5869.37398216106 2.79554198046438e-16
5875.72998210765 2.79551736356935e-16
5882.08598205424 2.10782468093228e-16
5888.44198200083 1.87905524321098e-16
5894.79798194742 2.33502499011879e-16
5901.15398189401 3.01015895347493e-16
5907.5099818406 2.90095311316781e-16
5913.86598178719 2.8119815664816e-16
5920.22198173378 2.79323805084784e-16
5926.57798168037 2.99458678213526e-16
5932.93398162696 2.94583553615824e-16
5939.28998157355 2.83538402802305e-16
5945.64598152014 2.81528208330014e-16
5952.00198146673 2.64632336252014e-16
5958.35798141332 2.68251655096072e-16
5964.71398135991 2.68570668879832e-16
5971.0699813065 2.58372656892686e-16
5977.42598125309 2.9417242499905e-16
5983.78198119968 2.82693249209403e-16
5990.13798114627 2.57514189000644e-16
5996.49398109286 2.75491113347357e-16
6002.84998103945 2.95731283259354e-16
6009.20598098604 2.93356599921946e-16
6015.56198093263 2.79218799469105e-16
6021.91798087922 2.96035473966536e-16
6028.27398082581 2.77244100971259e-16
6034.6299807724 2.9836049999741e-16
6040.98598071899 3.25764689288827e-16
6047.34198066558 3.00413681391775e-16
6053.69798061217 3.04595774219945e-16
6060.05398055876 3.11393848896372e-16
6066.40998050535 3.26809080912791e-16
6072.76598045194 3.29167432396184e-16
6079.12198039853 3.5471024031623e-16
6085.47798034512 3.60854537906274e-16
6091.83398029171 3.62974343735896e-16
6098.1899802383 3.74930319665509e-16
6104.54598018489 3.45063223261273e-16
6110.90198013148 3.3352790506909e-16
6117.25798007807 3.68056567889201e-16
6123.61398002466 3.72419449312051e-16
6129.96997997125 3.60250603414881e-16
6136.32597991784 3.50641252856298e-16
6142.68197986443 3.46384197612295e-16
6149.03797981102 3.44190964614058e-16
6155.39397975761 3.29759720184552e-16
6161.7499797042 3.21254556482053e-16
6168.10597965079 2.867778538393e-16
6174.46197959738 2.78981392015857e-16
6180.81797954397 2.9769330273277e-16
6187.17397949056 3.0543012814277e-16
6193.52997943715 3.22748881419687e-16
6199.88597938374 3.18532219059357e-16
6206.24197933033 2.89388647610754e-16
6212.59797927692 3.05484258842056e-16
6218.95397922351 3.07996743852069e-16
6225.3099791701 2.75566949265916e-16
6231.66597911669 2.90246374348967e-16
6238.02197906328 3.13732692152198e-16
6244.37797900987 2.99984579794652e-16
6250.73397895646 2.51923348032292e-16
6257.08997890305 2.48438998594423e-16
6263.44597884964 2.72129663096178e-16
6269.80197879623 2.80882081009936e-16
6276.15797874282 2.71513287808373e-16
6282.51397868941 2.76319140992857e-16
6288.869978636 2.81475718757064e-16
6295.22597858259 2.31069132173095e-16
6301.58197852918 2.58434543237395e-16
6307.93797847577 2.51809951496478e-16
6314.29397842236 2.47412527011248e-16
6320.64997836895 2.71115870537433e-16
6327.00597831554 2.95683796474748e-16
6333.36197826213 2.59355479809297e-16
6339.71797820872 2.87286523593906e-16
6346.07397815531 2.72998639490722e-16
6352.4299781019 2.71608711363837e-16
6358.78597804849 2.91931916974444e-16
6365.14197799508 2.88257699807492e-16
6371.49797794167 2.8109050405452e-16
6377.85397788826 2.87033101923999e-16
6384.20997783485 2.84285803499139e-16
6390.56597778144 2.79186797505566e-16
6396.92197772803 2.76897320388697e-16
6403.27797767462 2.72345788846626e-16
6409.63397762121 2.62560440723471e-16
6415.9899775678 2.64183038213055e-16
6422.34597751439 2.5668973477539e-16
6428.70197746098 2.64721804107068e-16
6435.05797740757 2.73411038656917e-16
6441.41397735416 2.56729412975013e-16
6447.76997730075 2.74623301623115e-16
6454.12597724734 2.66333337228778e-16
6460.48197719393 2.66512828804257e-16
6466.83797714052 2.35446466095607e-16
6473.19397708711 2.49349135496247e-16
6479.5499770337 2.80024618969519e-16
6485.90597698029 2.66023111411846e-16
6492.26197692688 2.65913658873193e-16
6498.61797687347 2.65607456462761e-16
6504.97397682006 2.54430486146826e-16
6511.32997676665 2.76421340811899e-16
6517.68597671324 2.62557396698816e-16
6524.04197665983 2.75217283477377e-16
6530.39797660642 2.77279861643501e-16
6536.75397655301 2.5807005437228e-16
6543.1099764996 2.65326770919864e-16
6549.46597644619 2.42013777233466e-16
6555.82197639278 2.65254376072654e-16
6562.17797633937 2.35005400158104e-16
6568.53397628596 2.1608353114939e-16
6574.88997623255 2.53240166627917e-16
6581.24597617914 2.73145202660377e-16
6587.60197612573 2.62729000279974e-16
6593.95797607232 2.65131185718387e-16
6600.31397601891 2.80557985028493e-16
6606.6699759655 2.70536314713054e-16
6613.02597591209 2.62752770142057e-16
6619.38197585868 2.78544614182649e-16
6625.73797580527 2.46880325622577e-16
6632.09397575186 2.82695207973093e-16
6638.44997569845 2.72384514134183e-16
6644.80597564504 2.52022027370647e-16
6651.16197559163 2.75916403296217e-16
6657.51797553822 2.82867076252047e-16
6663.87397548481 2.84209729352564e-16
6670.2299754314 2.91068472763837e-16
6676.58597537799 2.95957361646932e-16
6682.94197532458 3.06417821498828e-16
6689.29797527117 3.13310075651077e-16
6695.65397521776 3.24577969659944e-16
6702.00997516435 3.29468049683121e-16
6708.36597511094 3.8852125447178e-16
6714.72197505753 4.14717310082615e-16
6721.07797500412 4.0128016469583e-16
6727.43397495071 3.88075238685491e-16
6733.7899748973 3.90053007677771e-16
6740.14597484389 4.18978521082015e-16
6746.50197479048 4.32469267772493e-16
6752.85797473707 4.12620056505214e-16
6759.21397468366 4.2038705746396e-16
6765.56997463025 4.68567826751001e-16
6771.92597457684 7.65937695246818e-16
6778.28197452343 9.19026724364416e-16
6784.63797447002 8.33415886775563e-16
6790.99397441661 6.595542216595e-16
6797.3499743632 5.98104945951516e-16
6803.70597430979 5.18174364246509e-16
6810.06197425638 5.01354619254643e-16
6816.41797420297 4.52111776530863e-16
6822.77397414956 4.49560460354174e-16
6829.12997409615 4.50005576167956e-16
6835.48597404274 4.36031332483273e-16
6841.84197398933 3.88706172352077e-16
6848.19797393592 3.91727035949121e-16
6854.55397388251 3.96970143422845e-16
6860.9099738291 3.56628055257711e-16
6867.26597377569 3.37921676724735e-16
6873.62197372228 3.14180984339532e-16
6879.97797366887 3.06731753084904e-16
6886.33397361546 3.20829213593633e-16
6892.68997356205 3.11777184244563e-16
6899.04597350864 3.01298910230995e-16
6905.40197345523 3.11280796467693e-16
6911.75797340182 2.71762553722882e-16
6918.11397334841 3.02362148338036e-16
6924.469973295 3.12610691134441e-16
6930.82597324159 2.75052376750459e-16
6937.18197318818 2.80618309656205e-16
6943.53797313477 2.91291718884998e-16
6949.89397308136 2.85858664272851e-16
