1220 8.52480846330606e-13
1224 1.73489169672013e-14
1228 2.99266294796589e-14
1232 1.05951631203336e-13
1236 1.70258189599766e-13
1240 2.53207448498022e-13
1244 2.10228075182492e-13
1248 1.2801543679275e-13
1252 1.00291668958356e-13
1256 5.04046369258822e-14
1260 6.31992423888797e-14
1264 1.1163256598409e-13
1268 7.60295282677473e-14
1272 3.35605295723879e-14
1276 4.62984346498961e-14
1280 9.09302811540925e-14
1284 7.83334172266975e-14
1288 6.42985624054078e-14
1292 8.71204286012964e-14
1296 6.66437526908661e-14
1300 6.01034657156732e-14
1304 -1.86852418845689e-15
1308 9.28169555645432e-14
1312 5.38174207617963e-14
1316 8.70414783543487e-14
1320 1.09066889634329e-13
1324 1.00853522852929e-13
1328 1.00665108844142e-13
1332 1.07883225465046e-13
1336 7.83898025159303e-14
1340 1.29092523888479e-13
1344 6.4713439142973e-14
1348 1.09160307204016e-13
1352 8.74659299523496e-14
1356 1.02641792363699e-13
1360 1.02382485085359e-13
1364 9.03208917705199e-14
1368 8.86184978480739e-14
1372 8.11088392629888e-14
1376 9.13912297077248e-14
1380 5.78798754801227e-14
1384 3.94888352431896e-14
1388 2.85547681420223e-14
1392 3.10768019662084e-14
1396 1.25895472567967e-14
1400 1.05234187520748e-13
1404 2.89062902032646e-14
1408 5.56973934475683e-14
1412 2.49137190912185e-14
1416 5.48081240494321e-14
1420 2.97410377846519e-14
1424 4.00996205370593e-14
1428 3.10396206079557e-14
1432 5.20213856529655e-14
1436 7.35489804232518e-15
1440 2.76342279815394e-14
1444 1.85480936978812e-14
1448 3.5705935278775e-14
1452 6.56440911827802e-14
1456 3.88624577668268e-14
1460 6.88357994194609e-14
1464 7.05735383327299e-14
1468 5.20715232271794e-14
1472 3.63371950530458e-14
1476 3.18252639953248e-14
1480 4.47748188894294e-14
1484 1.18035572635455e-13
1488 8.67330702701216e-14
1492 4.59379679207308e-14
1496 3.62422934816354e-14
1500 3.72185701041135e-14
1504 3.92662891947598e-14
1508 7.36351897425574e-14
1512 7.07202647679851e-14
1516 5.56213265007731e-14
1520 8.91930098030104e-14
1524 6.60203770992684e-14
1528 1.11217458853563e-15
1532 3.99395956845322e-14
1536 5.42054804362514e-14
1540 3.45396657780959e-14
1544 4.5012608142778e-14
1548 3.51634479455083e-14
1552 1.86609595675534e-15
1556 3.16047779310227e-14
1560 3.18199480165478e-14
1564 2.30362316001138e-14
1568 2.30911108647664e-14
1572 -2.81166784665376e-15
1576 3.48610402426796e-14
1580 2.65988555643972e-14
1584 2.25376874891177e-15
1588 1.7075552330068e-14
1592 1.3427088352844e-14
1596 1.86670103474122e-14
1600 4.33425945958396e-14
1604 3.48550229206223e-14
1608 2.63517032088496e-14
1612 1.62954875016896e-14
1616 1.61736960223357e-14
1620 2.80181795462003e-14
1624 1.12191072404455e-14
1628 2.61483001050278e-14
1632 1.55774966358177e-14
1636 5.16909106663965e-14
1640 8.24761808328189e-14
1644 4.87269255435192e-14
1648 1.16155237419582e-14
1652 2.13202868445776e-14
1656 1.810540378646e-14
1660 5.07640567223248e-14
1664 5.36946619708167e-14
1668 5.71508240580255e-14
1672 1.71353681027372e-14
1676 2.04635045481004e-14
1680 9.67224381370844e-15
1684 1.49272938167145e-14
1688 8.16702730292197e-15
1692 2.96057462941847e-14
1696 2.04342700529589e-14
1700 1.16414725962973e-14
1704 2.75632517027571e-14
1708 2.42934419461419e-14
1712 2.78765522492876e-14
1716 5.72678975638632e-14
1720 4.11835821521878e-14
1724 2.87552642287692e-14
1728 3.57004871628583e-14
1732 3.38455798760615e-14
1736 6.76378847678724e-14
1740 8.27000211475921e-14
1744 3.63427888586294e-14
1748 9.93888131517462e-14
1752 2.45666985018711e-13
1756 1.14955381368478e-13
1760 8.6652690231559e-14
1764 7.99343637071168e-14
1768 8.02924960134795e-14
1772 8.28742863180285e-14
1776 8.70446293169125e-14
1780 7.23096644952674e-14
1784 9.88447198440115e-14
1788 9.17171205519832e-14
1792 9.61524832194041e-14
1796 9.73345210854293e-14
1800 9.26306489737287e-14
1804 1.02600897613006e-13
1808 9.66323443246826e-14
1812 1.01915261711653e-13
1816 8.18896816676129e-14
1820 1.39629302044197e-13
1824 1.45639292184301e-13
1828 1.04595030011277e-13
1832 1.17857302693244e-13
1836 1.02492734893773e-13
1840 1.09706413062034e-13
1844 1.48442564663898e-13
1848 1.12582977608491e-13
1852 1.40545832350708e-13
1856 1.59137433048892e-13
1860 1.40305139468416e-13
1864 1.59085147399124e-13
1868 1.63737716419275e-13
1872 1.29364834816625e-13
1876 9.2960700443824e-14
1880 8.04987925818491e-14
1884 9.6018313200559e-14
1888 1.01303385439348e-13
1892 1.20391042512762e-13
1896 1.51620794912322e-13
1900 1.52977863666567e-13
1904 2.05746240899453e-13
1908 2.61292886199332e-13
1912 2.25592642981963e-13
1916 2.05997355675128e-13
1920 1.81088664571484e-13
1924 1.81816855408107e-13
1928 2.0755296895221e-13
1932 1.96101408765983e-13
1936 2.49552765604899e-13
1940 2.79716137405184e-13
1944 3.81617534881556e-13
1948 4.35918987538864e-13
1952 4.73815648174836e-13
1956 5.00390527624628e-13
1960 5.69639441953124e-13
1964 5.49295201338063e-13
1968 6.06227741617449e-13
1972 6.01941565168962e-13
1976 4.73629165401168e-13
1980 3.19166947645305e-13
1984 2.93826432368888e-13
1988 2.23465045296259e-13
1992 -8.08997644265522e-14
1996 2.60808518878775e-13
2000 5.41437283462648e-14
2004 -2.13196119287253e-13
2008 -5.33510605146641e-15
2012 3.63515234623815e-13
2016 1.01904751726844e-13
2020 7.81189959182978e-14
2024 2.53900849997435e-13
2028 2.07554412296352e-15
2032 1.85088977564668e-13
2036 9.46664215116869e-14
2040 -4.74656968731894e-14
2044 2.47064314943006e-14
2048 -9.66461611261182e-14
2052 2.09862455104876e-13
2056 2.43478306093114e-13
2060 -1.78970319873696e-14
2064 -5.54463277998045e-15
2068 2.67905353934159e-13
2072 2.60092972549988e-13
2076 4.14005337174075e-13
2080 3.0708763440121e-13
2084 6.40361136512724e-13
2088 5.98378388939197e-13
2092 5.72644362484276e-13
2096 5.30491124119126e-13
2100 5.98728098349932e-13
2104 1.86479751453951e-13
2108 2.62308675214734e-13
2112 1.3467682915061e-13
2116 2.1069647762606e-13
2120 3.82517666630208e-13
2124 3.28581020898888e-14
2128 2.82107318191546e-13
2132 3.64676550675819e-14
2136 1.39749106384257e-13
2140 1.71617535178574e-13
2144 1.03343454128414e-13
2148 3.47270633473465e-13
2152 4.1563708854872e-13
2156 2.39395481926473e-14
2160 4.50768762594311e-13
2164 2.57272718753865e-13
2168 2.85043446094854e-13
2172 6.79920597363055e-14
2176 2.17630519725245e-13
2180 7.80707150403043e-14
2184 3.14477746144251e-13
2188 -9.3295800230285e-14
2192 -3.37649287869557e-14
2196 -3.76008767307909e-14
2200 1.92246555046766e-13
2204 2.11423218342277e-13
2208 5.29570860091384e-14
2212 -7.87650177827733e-14
2216 -8.75075429869823e-14
2220 -3.88998220841961e-14
2224 1.35682413113063e-13
2228 -3.76455052027158e-14
2232 1.60429571645533e-13
2236 -2.16938446373494e-13
2240 1.60569308364908e-14
2244 1.11113219590942e-13
2248 7.79102124611949e-14
2252 -5.22744858738686e-14
2256 1.02792625214683e-13
2260 2.53082534855224e-14
2264 -1.14428120299472e-13
2268 2.38527781375305e-14
2272 -3.57860103854767e-14
2276 1.24066694553527e-14
2280 -1.98186109315107e-14
2284 3.58990791195397e-14
2288 9.77141748049158e-14
2292 3.50801371729482e-14
2296 2.84288380596881e-14
2300 9.11074397890767e-15
2304 5.33772787254805e-14
2308 -6.70129506356518e-14
2312 7.90986810013557e-15
2316 3.90474294337164e-14
2320 -5.15618533384211e-14
2324 4.15472244078723e-15
2328 1.58669057710378e-13
2332 3.43166996013243e-14
2336 1.08050192599608e-13
2340 -5.70025865159925e-14
2344 -2.20948798401168e-14
2348 -1.19647689786383e-14
2352 -2.86900223630399e-14
2356 8.58111189527486e-14
2360 3.13754657834103e-14
2364 1.81854500940415e-14
2368 1.08108522676488e-13
2372 -2.67111331696875e-14
2376 1.38779477276349e-13
2380 8.02806104471636e-14
2384 7.83741900046465e-14
2388 2.11429533819932e-13
2392 3.31391869241165e-13
2396 5.00029054620321e-13
2400 4.4572971615725e-13
2404 5.84010379119093e-13
2408 6.12243816842245e-13
2412 6.77995420222954e-13
2416 7.0600963226683e-13
2420 6.32912721797857e-13
2424 5.36463560206479e-13
2428 6.65708644893154e-13
2432 5.620127844011e-13
2436 5.37509110571516e-13
2440 5.71267425725219e-13
2444 3.66885070501172e-13
2448 2.69549411003461e-13
2452 3.47324193060786e-13
2456 2.89658000276333e-13
2460 3.31977175783982e-13
2464 3.05935696697998e-13
2468 3.55422451452786e-13
2472 3.03670039418155e-13
2476 3.309083963874e-13
2480 3.49410984087223e-13
2484 2.69189184831653e-13
2488 3.37855503122764e-13
2492 1.94081133542828e-13
2496 1.94738566635169e-13
2500 1.53399428576284e-13
2504 8.62851728001407e-14
2508 1.00457470575584e-13
2512 7.8901586598925e-14
2516 5.72496694148383e-14
2520 -1.4872670356012e-15
2524 7.09761839145368e-14
2528 6.67812430788645e-14
2532 7.84530928177492e-14
2536 5.35994791844678e-14
2540 2.50999257321452e-14
2544 7.68843606943799e-14
2548 5.86629608279911e-14
2552 7.85322056950227e-14
2556 1.14654122242326e-13
2560 9.63680361638214e-14
2564 1.12583865299019e-13
2568 1.16772084081222e-13
2572 1.29691342300869e-13
2576 1.3480163437319e-13
2580 1.28075582908269e-13
2584 1.26189586124176e-13
2588 1.60586957143397e-13
2592 1.99809759666644e-13
2596 2.25265999972447e-13
2600 1.64445686885381e-13
2604 3.81559801115872e-13
2608 4.48310063117657e-13
2612 7.02520452835337e-13
2616 8.36990524631653e-13
2620 1.16489044972579e-12
2624 1.17967430528915e-12
2628 1.04577848117349e-12
2632 1.04329760976241e-12
2636 8.49686423651241e-13
2640 7.0252663278772e-13
2644 6.92923854146016e-13
2648 4.48266776345921e-13
2652 4.77492286161951e-13
2656 4.48163695824372e-13
2660 4.35981166533456e-13
2664 3.20750018342406e-13
2668 2.01138462981552e-13
2672 2.24516504563135e-13
2676 2.51489042264741e-13
2680 2.04925919983223e-13
2684 1.1693640847299e-13
2688 1.88226428258879e-13
2692 1.43847919144811e-13
2696 9.40767578313899e-14
2700 1.21774782640451e-13
2704 7.05826795122967e-14
2708 1.21998223155673e-13
2712 1.66784012815835e-13
2716 1.7760673574202e-13
2720 1.39020807127417e-13
2724 1.366074408541e-13
2728 1.3030188364925e-13
2732 1.84614815297059e-13
2736 1.78988090624929e-13
2740 2.39165837741945e-13
2744 2.79559199140716e-13
2748 3.28792711373066e-13
2752 4.37558409643879e-13
2756 5.69198822190226e-13
2760 7.08664843387247e-13
2764 8.37693955001162e-13
2768 9.35424697770526e-13
2772 1.02481087851936e-12
2776 1.14075730198865e-12
2780 1.32178100929747e-12
2784 1.62894003841174e-12
2788 1.80835132024965e-12
2792 1.32847010302084e-12
2796 1.02657097232617e-12
2800 7.83923273517395e-13
2804 7.76049038399285e-13
2808 8.50392185055421e-13
2812 1.28741472777555e-12
2816 1.23366724821827e-12
2820 1.30449991087023e-12
2824 1.50432205754669e-12
2828 1.55918366325641e-12
2832 1.63221725631851e-12
2836 1.648223875092e-12
2840 1.83039043991085e-12
2844 1.74793729837419e-12
2848 1.74805547641099e-12
2852 1.53157629807776e-12
2856 1.461756822356e-12
2860 1.72345720594186e-12
2864 1.88452465438305e-12
2868 1.9761820218428e-12
2872 2.01481062736542e-12
2876 2.05781442233488e-12
2880 1.93405686431392e-12
2884 1.92657890508985e-12
2888 1.82513205937429e-12
2892 1.52141667320027e-12
2896 1.45695695091819e-12
2900 1.5158049511757e-12
2904 1.43028059014505e-12
2908 1.26209795652671e-12
2912 1.22386562689814e-12
2916 1.25194115057486e-12
2920 1.46561365474418e-12
2924 1.61180378939474e-12
2928 1.67762266752025e-12
2932 1.69458370946618e-12
2936 1.83425410277271e-12
2940 1.7749001053613e-12
2944 1.81433589940133e-12
2948 1.81707405198794e-12
2952 1.87141469855379e-12
2956 2.09395283230773e-12
2960 2.25706909759427e-12
2964 2.15038056805561e-12
2968 2.29749856292538e-12
2972 2.31098777267458e-12
2976 2.29709979336634e-12
2980 2.44258866605174e-12
2984 2.37517817913702e-12
2988 2.61688891042833e-12
2992 2.44035911270424e-12
2996 2.4751511604193e-12
3000 2.4406882764838e-12
3004 2.27950427630907e-12
3008 2.23901062620935e-12
3012 2.23833842086241e-12
3016 1.83536107319082e-12
3020 1.6171351367375e-12
3024 1.11738092736791e-12
3028 9.76403094661571e-13
3032 7.59522219423436e-13
3036 5.99645333387855e-13
3040 5.42888108599759e-13
3044 5.88434791344572e-13
3048 6.164820173446e-13
3052 6.35981339206643e-13
3056 6.38428817190811e-13
3060 7.27410861579847e-13
3064 9.94926688778486e-13
3068 1.11763267911236e-12
3072 1.11652516659316e-12
3076 1.15895943016142e-12
3080 1.19085589913442e-12
3084 1.21537632388757e-12
3088 1.29607804523479e-12
3092 1.2360289658106e-12
3096 1.11838338069659e-12
3100 1.15679525420492e-12
3104 1.1674306269957e-12
3108 1.1612743102199e-12
3112 1.05392387525494e-12
3116 1.07649685606587e-12
3120 1.04932935170859e-12
3124 1.06193190092113e-12
3128 1.09953322488532e-12
3132 1.07294761183402e-12
3136 1.23008482739995e-12
3140 1.45500733857162e-12
3144 1.46829911510521e-12
3148 1.52864635012684e-12
3152 1.51983048542192e-12
3156 1.48152865843409e-12
3160 1.49732895353416e-12
3164 1.37115362466855e-12
3168 1.20299386771605e-12
3172 1.07731748869022e-12
3176 9.85717150264742e-13
3180 8.9534635131297e-13
3184 7.96096858140388e-13
3188 6.37242103702917e-13
3192 6.49092433448184e-13
3196 6.64458830838821e-13
3200 7.17087413754092e-13
3204 9.84575051696246e-13
3208 1.03373613922347e-12
3212 1.09265591366481e-12
3216 1.36266714058364e-12
3220 1.51846612540807e-12
3224 1.63157866123892e-12
3228 1.76856142578008e-12
3232 2.03059552679463e-12
3236 2.26513426071495e-12
3240 2.14878982662814e-12
3244 2.12445772779235e-12
3248 2.40727359920867e-12
3252 2.65613919747665e-12
3256 2.97125345161131e-12
3260 2.86641305309587e-12
3264 2.76687353584215e-12
3268 2.63074327946922e-12
3272 2.29133183780872e-12
3276 1.91912046150489e-12
3280 1.32297211380417e-12
3284 1.09452290980583e-12
3288 1.21355952630714e-12
3292 1.03812368857509e-12
3296 7.7737360819341e-13
3300 6.96767567687911e-13
3304 0
3308 0
3312 0
3316 0
3320 0
3324 0
3328 0
3332 0
3336 0
3340 0
3344 0
3348 0
3352 0
3356 0
3360 0
3364 0
3368 0
3372 0
3376 0
3380 0
3384 0
3388 0
3392 0
3396 0
3400 0
3404 0
3408 0
3412 0
3416 0
3420 0
3424 0
3428 0
3432 0
3436 0
3440 0
3444 0
3448 0
3452 0
3456 0
3460 0
3464 0
3468 0
3472 0
3476 0
3480 0
3484 0
3488 0
3492 0
3496 0
3500 0
3504 0
3508 0
3512 0
3516 0
3520 0
3524 0
3528 0
3532 0
3536 0
3540 0
3544 0
3548 0
3552 0
3556 0
3560 0
3564 0
3568 0
3572 0
3576 0
3580 0
3584 0
3588 0
3592 0
3596 0
3600 0
3604 0
3608 0
3612 0
3616 0
3620 0
3624 0
3628 0
3632 0
3636 0
3640 0
3644 0
3648 0
3652 0
3656 0
3660 0
3664 0
3668 0
3672 0
3676 0
3680 0
3684 0
3688 0
3692 0
3696 0
3700 0
3704 0
3708 0
3712 0
3716 0
3720 0
3724 0
3728 0
3732 0
3736 0
3740 0
3744 0
3748 0
3752 0
3756 0
3760 0
3764 0
3768 0
3772 0
3776 0
3780 0
3784 0
3788 0
3792 0
3796 0
3800 0
3804 0
3808 0
3812 0
3816 0
3820 0
3824 0
3828 0
3832 0
3836 0
3840 0
3844 0
3848 0
3852 0
3856 0
3860 0
3864 0
3868 0
3872 0
3876 0
3880 0
3884 0
3888 0
3892 0
3896 0
3900 0
3904 0
3908 0
3912 0
3916 0
3920 0
3924 0
3928 0
3932 0
3936 0
3940 0
3944 0
3948 0
3952 0
3956 0
3960 0
3964 0
3968 0
3972 0
3976 0
3980 0
3984 0
3988 0
3992 0
3996 0
4000 0
4004 0
4008 0
4012 0
4016 0
4020 0
4024 0
4028 0
4032 0
4036 0
4040 0
4044 0
4048 0
4052 0
4056 0
4060 0
4064 0
4068 0
4072 0
4076 0
4080 0
4084 0
4088 0
4092 0
4096 0
4100 0
4104 0
4108 0
4112 0
4116 0
4120 0
4124 0
4128 0
4132 0
4136 0
4140 0
4144 0
4148 0
4152 0
4156 0
4160 0
4164 0
4168 0
4172 0
4176 0
4180 0
4184 0
4188 0
4192 0
4196 0
4200 0
4204 0
4208 0
4212 0
4216 0
4220 0
4224 0
4228 0
4232 0
4236 0
4240 2.17341416435094e-18
4244 2.17207289098768e-18
4248 2.17073099723897e-18
4252 2.1693888966951e-18
4256 2.16804617576577e-18
4260 2.16670324804129e-18
4264 2.16535969993135e-18
4268 2.1640149110505e-18
4272 2.16267032896479e-18
4276 2.16132471290332e-18
4280 2.15997971722731e-18
4284 2.15863368757553e-18
4288 2.1572874511286e-18
4292 2.15594183506713e-18
4296 2.15459580541535e-18
4300 2.15324915537812e-18
4304 2.15190229854573e-18
4308 2.15055544171334e-18
4312 2.14920920526641e-18
4316 2.14786338240979e-18
4320 2.1465169391677e-18
4324 2.14517090951593e-18
4328 2.14382446627384e-18
4332 2.14247885021237e-18
4336 2.14113406133151e-18
4340 2.13978823847489e-18
4344 2.13844344959403e-18
4348 2.13709948789379e-18
4352 2.13575656016931e-18
4356 2.13441259846906e-18
4360 2.13306967074458e-18
4364 2.13172757020071e-18
4368 2.13038629683746e-18
4372 2.12904543706451e-18
4376 2.12770478408672e-18
4380 2.12636537187984e-18
4384 2.12502658005842e-18
4388 2.12368902900792e-18
4392 2.12235230513804e-18
4396 2.12101599485846e-18
4400 2.11968030496434e-18
4404 2.11834626943144e-18
4408 2.11701306107916e-18
4412 2.1156810934978e-18
4416 2.11435036668735e-18
4420 2.11302005346721e-18
4424 2.1116913946083e-18
4428 2.11036376972515e-18
4432 2.10903697202262e-18
4436 2.10771182868131e-18
4440 2.10638771931576e-18
4444 2.1050654711066e-18
4448 2.10374405007804e-18
4452 2.10242449020587e-18
4456 2.10110596430946e-18
4460 2.09978888597912e-18
4464 2.09847366880516e-18
4468 2.09715969240212e-18
4472 2.09584716356515e-18
4476 2.09453649588456e-18
4480 2.09322727577005e-18
4484 2.09191908963129e-18
4488 2.09061297144407e-18
4492 2.08930954159384e-18
4496 2.08800673212907e-18
4500 2.08670578382068e-18
4504 2.0854060762832e-18
4508 2.08410967746818e-18
4512 2.08281451942408e-18
4516 2.08152080894604e-18
4520 2.08022916641954e-18
4524 2.07893917825426e-18
4528 2.07765105124537e-18
4532 2.07636540577831e-18
4536 2.07508182826278e-18
4540 2.07380011190363e-18
4544 2.07252025670085e-18
4548 2.07124205585931e-18
4552 2.06996612976444e-18
4556 2.06869268521142e-18
4560 2.06742130860992e-18
4564 2.06615199995996e-18
4568 2.06488434567122e-18
4572 2.06362041369524e-18
4576 2.06235772249018e-18
4580 2.0610968924415e-18
4584 2.05983916432011e-18
4588 2.05858205658418e-18
4592 2.05732867116101e-18
4596 2.05607797407483e-18
4600 2.05482913814503e-18
4604 2.0535821633716e-18
4608 2.05233767014002e-18
4612 2.05109607204058e-18
4616 2.04985654189267e-18
4620 2.04861907969629e-18
4624 2.04738533981266e-18
4628 2.04615346108542e-18
4632 2.0449232367194e-18
4636 2.04369611428068e-18
4640 2.04247147338379e-18
4644 2.04124972761905e-18
4648 2.04003025660099e-18
4652 2.03881306032962e-18
4656 2.03759937957585e-18
4660 2.03638735318331e-18
4664 2.03517822192291e-18
4668 2.03397157220435e-18
4672 2.03276802441309e-18
4676 2.03156695816366e-18
4680 2.03036775307061e-18
4684 2.02917206349516e-18
4688 2.02797844187125e-18
4692 2.02678812896979e-18
4696 2.02560071120047e-18
4700 2.02441536138268e-18
4704 2.02323290669703e-18
4708 2.02205376073384e-18
4712 2.02087668272218e-18
4716 2.01970208625235e-18
4720 2.01853121209528e-18
4724 2.0173630262752e-18
4728 2.01619732199696e-18
4732 2.01503430605571e-18
4736 2.01387418524661e-18
4740 2.01271654597934e-18
4744 2.01156200863937e-18
4748 2.010410986817e-18
4752 2.00926244653647e-18
4756 2.00811597420747e-18
4760 2.00697301739608e-18
4764 2.00583295571683e-18
4768 2.00469537557941e-18
4772 2.00356151775476e-18
4776 2.00242972788163e-18
4780 2.00130083314065e-18
4784 2.00017524712212e-18
4788 1.99905234944058e-18
4792 1.99793276048149e-18
4796 1.99681627344969e-18
4800 1.99570185436943e-18
4804 1.99459053721647e-18
4808 1.99348294237626e-18
4812 1.99237762228273e-18
4816 1.99127561091166e-18
4820 1.99017566749212e-18
4824 1.98908006677079e-18
4828 1.98798591361554e-18
4832 1.98689506918273e-18
4836 1.9858087742433e-18
4840 1.98472392686993e-18
4844 1.98364218142387e-18
4848 1.98256374470025e-18
4852 1.98148799631363e-18
4856 1.98041514305915e-18
4860 1.97934601211742e-18
4864 1.97827874233207e-18
4868 1.97721519485948e-18
4872 1.97615474931419e-18
4876 1.97509678531074e-18
4880 1.97404213002973e-18
4884 1.97299036988087e-18
4888 1.97194109127385e-18
4892 1.97089491459412e-18
4896 1.9698526670223e-18
4900 1.96881310778748e-18
4904 1.96777582329933e-18
4908 1.96674143394334e-18
4912 1.96571056010494e-18
4916 1.96468340857931e-18
4920 1.96365873859551e-18
4924 1.96263592976808e-18
4928 1.96161684325342e-18
4932 1.96060147905151e-18
4936 1.95958859639144e-18
4940 1.95857860886351e-18
4944 1.95757130967257e-18
4948 1.95656669881863e-18
4952 1.95556560348229e-18
4956 1.95456740327809e-18
4960 1.95357189141088e-18
4964 1.95257968826612e-18
4968 1.95159079384382e-18
4972 1.95060438096335e-18
4976 1.94962086321502e-18
4980 1.94864024059884e-18
4984 1.94766271990995e-18
4988 1.94668768076291e-18
4992 1.94571574354316e-18
4996 1.94474690825071e-18
5000 1.94378158847586e-18
5004 1.94281875024284e-18
5008 1.94185797996136e-18
5012 1.94090175917325e-18
5016 1.93994739954152e-18
5020 1.93899655542739e-18
5024 1.93804736567449e-18
5028 1.93710189823434e-18
5032 1.93615932592633e-18
5036 1.93522006234078e-18
5040 1.93428307350191e-18
5044 1.93334918659034e-18
5048 1.93241757442545e-18
5052 1.93148906418786e-18
5056 1.93056365587756e-18
5060 1.92964155628972e-18
5064 1.92872235183402e-18
5068 1.92780521532985e-18
5072 1.92689097395783e-18
5076 1.92598004130826e-18
5080 1.92507096981506e-18
5084 1.92416562063462e-18
5088 1.92326295979117e-18
5092 1.92236298728471e-18
5096 1.92146570311525e-18
5100 1.92057131407792e-18
5104 1.91967940658244e-18
5108 1.9187903942191e-18
5112 1.91790510416851e-18
5116 1.91702167527431e-18
5120 1.91614072792194e-18
5124 1.91526308929202e-18
5128 1.91438813899909e-18
5132 1.91351525665769e-18
5136 1.91264568303875e-18
5140 1.91177900455195e-18
5144 1.91091439401667e-18
5148 1.9100528854087e-18
5152 1.90919447872802e-18
5156 1.90833813999888e-18
5160 1.90748448960672e-18
5164 7.36852188965541e-14
5168 -3.29172615814305e-13
5172 6.11217727906205e-13
5176 1.5874109318692e-11
5180 1.63565810201716e-11
5184 1.614276767814e-11
5188 1.58854041032441e-11
5192 1.57315861726293e-11
5196 1.56466593154159e-11
5200 1.53483909609564e-11
5204 1.50585238722911e-11
5208 1.48478174200051e-11
5212 1.46294712455308e-11
5216 1.43868545549042e-11
5220 1.40410122764778e-11
5224 1.38505821395407e-11
5228 1.41356717997532e-11
5232 1.45548781360638e-11
5236 1.47468807998319e-11
5240 1.48258644944166e-11
5244 1.49084685568956e-11
5248 1.51875942377977e-11
5252 1.5700121758222e-11
5256 1.6037738845287e-11
5260 1.62105606715812e-11
5264 1.63964727212251e-11
5268 1.67174295240269e-11
5272 1.69188205112469e-11
5276 1.70331630744425e-11
5280 1.71909708690521e-11
5284 1.71095672352184e-11
5288 1.6660017115866e-11
5292 1.60240501423381e-11
5296 1.55047311795053e-11
5300 1.51067162251772e-11
5304 1.47947019218941e-11
5308 1.46338392792433e-11
5312 1.45288728964355e-11
5316 1.43104868233213e-11
5320 1.40759235864318e-11
5324 1.41988053259379e-11
5328 1.46641795928382e-11
5332 1.50226497908079e-11
5336 1.50803050602555e-11
5340 1.50146874100532e-11
5344 1.49589195197475e-11
5348 1.4615702745302e-11
5352 1.40608653192986e-11
5356 1.34377951474529e-11
5360 1.28668256604847e-11
5364 1.23837259891069e-11
5368 1.19312927593374e-11
5372 1.15276616377558e-11
5376 1.1309373576518e-11
5380 1.12280584135815e-11
5384 1.11071343095182e-11
5388 1.08803556442272e-11
5392 1.06815962325202e-11
5396 1.06552700690488e-11
5400 1.06873017380327e-11
5404 1.05389863502836e-11
5408 1.03024082320768e-11
5412 1.02672332441545e-11
5416 1.02225936049471e-11
5420 9.9774103909378e-12
5424 9.59748253093196e-12
5428 9.52440556978296e-12
5432 9.57812735374874e-12
5436 9.5495495192055e-12
5440 9.38142011991383e-12
5444 9.17013687207202e-12
5448 9.04508065668885e-12
5452 9.05142107099355e-12
5456 9.11087785077092e-12
5460 8.93253960382312e-12
5464 8.57089312716885e-12
5468 8.36803369652639e-12
5472 8.37997553293501e-12
5476 8.34327051890682e-12
5480 8.13883769407164e-12
5484 7.97635568705601e-12
5488 8.06675819892133e-12
5492 8.30222869618868e-12
5496 8.43386731980145e-12
5500 8.59595294250282e-12
5504 8.99971069889816e-12
5508 9.43069667497243e-12
5512 9.79504498344053e-12
5516 1.00618220352788e-11
5520 1.02639173202301e-11
5524 1.05333823260945e-11
5528 1.08579716398549e-11
5532 1.11595177543222e-11
5536 1.14186438082697e-11
5540 1.15028576941345e-11
5544 1.14020529129455e-11
5548 1.12554124007125e-11
5552 1.11590398380046e-11
5556 1.09298342945707e-11
5560 1.05130799898934e-11
5564 1.02961424108816e-11
5568 1.0222064514287e-11
5572 9.95187612873316e-12
5576 9.78460801964731e-12
5580 9.73827702505092e-12
5584 9.63848965918057e-12
5588 9.51102131080406e-12
5592 9.29799987003932e-12
5596 9.00691240340867e-12
5600 8.72484636621484e-12
5604 8.22213824802631e-12
5608 7.65164407529051e-12
5612 7.26306558299084e-12
5616 7.00402756625973e-12
5620 6.69118970300642e-12
5624 6.37518770413292e-12
5628 6.29685236244737e-12
5632 6.44647573169732e-12
5636 6.66346708713683e-12
5640 6.84929196692607e-12
5644 6.97938495192174e-12
5648 7.07044665870793e-12
5652 7.21228372163596e-12
5656 7.5133944205108e-12
5660 7.82141278826698e-12
5664 7.97643114752722e-12
5668 8.17504397510049e-12
5672 8.3483775448201e-12
5676 8.39331121965659e-12
5680 8.3229881320257e-12
5684 8.21900273534348e-12
5688 8.09120912631522e-12
5692 7.95233757316938e-12
5696 7.98608575103277e-12
5700 8.06630456873236e-12
5704 8.08678471408975e-12
5708 8.10721802191328e-12
5712 8.12898099528114e-12
5716 8.0511378813819e-12
5720 7.8322539426301e-12
5724 7.59487958634786e-12
5728 7.43620703208547e-12
5732 7.31481628740704e-12
5736 7.13870802748762e-12
5740 6.76483912290249e-12
5744 6.21794759778083e-12
5748 5.7572874419265e-12
5752 5.34036617011457e-12
5756 4.86347680878074e-12
5760 4.3909641547768e-12
5764 4.05101603304092e-12
5768 3.71205410160114e-12
5772 3.17906985458638e-12
5776 2.78967344016778e-12
5780 2.42208857137438e-12
5784 1.9818461108323e-12
5788 1.65583313119916e-12
5792 1.4631950165378e-12
5796 1.31162051705824e-12
5800 1.15823713467411e-12
5804 1.07059890466776e-12
5808 1.02526385818702e-12
5812 9.86206559125402e-13
5816 1.0391099872914e-12
5820 1.14143416940493e-12
5824 1.2152319081582e-12
5828 1.33902524485086e-12
5832 1.49641844054971e-12
5836 1.68446474217016e-12
5840 1.96909459224126e-12
5844 2.24513550112215e-12
5848 2.50371902030255e-12
5852 2.85746968621547e-12
5856 3.42130512288874e-12
5860 4.08726698319928e-12
5864 4.78133244802281e-12
5868 5.61713262708929e-12
5872 6.62671913870261e-12
5876 7.70228845980991e-12
5880 8.70649906337118e-12
5884 9.62449737962334e-12
5888 1.04406344680896e-11
5892 1.11589869289386e-11
5896 1.18705340695913e-11
5900 1.26548875545307e-11
5904 1.33859494669264e-11
5908 1.38106704891672e-11
5912 1.39272725296902e-11
5916 1.38467778909579e-11
5920 1.35803616616026e-11
5924 1.31999142519157e-11
5928 1.26795865473817e-11
5932 1.19543801940791e-11
5936 1.1278497233369e-11
5940 1.06466719121401e-11
5944 1.0036358029375e-11
5948 9.61560865653244e-12
5952 9.3626079111786e-12
5956 9.13543719838206e-12
5960 8.82705367133418e-12
5964 8.55729202775546e-12
5968 8.36433786816082e-12
5972 8.17018154519733e-12
5976 7.93406659815865e-12
5980 7.70045832654276e-12
5984 7.49128190036252e-12
5988 7.26357082120321e-12
5992 7.05979372184196e-12
5996 6.94738884476909e-12
6000 6.88500385176427e-12
6004 6.77268440982259e-12
6008 6.59623397569753e-12
6012 6.44380295650171e-12
6016 6.27489206428411e-12
6020 6.04628283204511e-12
6024 5.751717678526e-12
6028 5.45895750478365e-12
6032 5.21208076698088e-12
6036 5.01288680704315e-12
6040 4.83009986174121e-12
6044 4.61726793951622e-12
6048 4.41403641068816e-12
6052 4.26958988997139e-12
6056 4.15853983193326e-12
6060 4.10858890312338e-12
6064 4.15746343601642e-12
6068 4.24909066265577e-12
6072 4.28085171477743e-12
6076 4.27404379249596e-12
6080 4.37426960972487e-12
6084 4.53007032927277e-12
6088 4.65769263435778e-12
6092 4.76470512350557e-12
6096 4.92641040808484e-12
6100 5.12546081965493e-12
6104 5.32253017701545e-12
6108 5.60420806983153e-12
6112 5.9280865806477e-12
6116 6.23816753461681e-12
6120 6.52498194364526e-12
6124 6.86321832699122e-12
6128 7.28430423618809e-12
6132 7.75706061884041e-12
6136 8.22663031446735e-12
6140 8.6092912313096e-12
6144 8.86898280511028e-12
6148 9.04570082033151e-12
6152 9.18202579941463e-12
6156 9.28315410653191e-12
6160 9.33569888061925e-12
6164 9.33361027355417e-12
6168 9.24640398969334e-12
6172 9.03039622246471e-12
6176 8.73464581913064e-12
6180 8.48228258465422e-12
6184 8.37882020710001e-12
6188 8.36624953343135e-12
6192 8.28565081129051e-12
6196 8.06741305703351e-12
6200 7.79948935297758e-12
6204 7.60938968086267e-12
6208 7.48732239402861e-12
6212 7.38203768946288e-12
6216 7.365438987883e-12
6220 7.41401037784861e-12
6224 7.47390691002714e-12
6228 7.58425960922793e-12
6232 7.83479791460762e-12
6236 8.21690111785234e-12
6240 8.65325866516997e-12
6244 9.19663824261452e-12
6248 9.92181684034144e-12
6252 1.07970923868272e-11
6256 1.17847849534503e-11
6260 1.30558159769367e-11
6264 1.48265254240609e-11
6268 1.69128495930426e-11
6272 1.96425757603702e-11
6276 2.37021895166389e-11
6280 2.97753245670496e-11
6284 3.61471234888722e-11
6288 4.14137786564073e-11
6292 4.52667660300055e-11
6296 4.84090198482612e-11
6300 5.09368172640912e-11
6304 5.24440803284509e-11
6308 5.2619981288915e-11
6312 5.12805908847724e-11
6316 4.87483942102074e-11
6320 4.56475413024293e-11
6324 4.22420015633307e-11
6328 3.84255648133713e-11
6332 3.4363397544146e-11
6336 3.09817484167585e-11
6340 2.89942427705858e-11
6344 2.83977077963904e-11
6348 2.85134797717301e-11
6352 2.8823310058157e-11
6356 2.91340111757687e-11
6360 2.95980011333352e-11
6364 3.00211487613833e-11
6368 3.0253688443338e-11
6372 3.01482484810212e-11
6376 2.92840543480999e-11
6380 2.77288990380153e-11
6384 2.5763790406641e-11
6388 2.35156148026272e-11
6392 2.11303596148182e-11
6396 1.87072024537827e-11
6400 1.6322611665065e-11
6404 1.4230624491296e-11
6408 1.26925293192359e-11
6412 1.17131842419793e-11
6416 1.11137227892799e-11
6420 1.07908690663572e-11
6424 1.07231723500689e-11
6428 1.06788536347047e-11
6432 1.05360052279901e-11
6436 1.02583002856149e-11
6440 9.84429291556177e-12
6444 9.37643365728213e-12
6448 8.76665667143284e-12
6452 7.82764738443964e-12
6456 6.59248523826594e-12
6460 5.25783886914932e-12
6464 4.02661411158522e-12
6468 3.01693739435116e-12
6472 2.32506331895865e-12
6476 2.01047381867547e-12
6480 2.04313649332377e-12
6484 2.29933520140557e-12
6488 2.70896347888405e-12
6492 3.34507291657737e-12
6496 4.29917256308809e-12
6500 5.54961632204254e-12
6504 7.09572938600855e-12
6508 9.31476163562595e-12
6512 1.26119201887542e-11
6516 1.73524371954725e-11
6520 2.3782089145219e-11
6524 3.16465811889266e-11
6528 4.09013135860281e-11
6532 5.16437760611499e-11
6536 6.31311947163482e-11
6540 7.40683278599441e-11
6544 8.32267449402124e-11
6548 8.99340879545463e-11
6552 9.56361309589759e-11
6556 1.0188232202335e-10
6560 1.08802758469473e-10
6564 1.15056256189128e-10
6568 1.205638366919e-10
6572 1.26252064358567e-10
6576 1.31149938131792e-10
6580 1.32877861491743e-10
6584 1.30114613527965e-10
6588 1.24696530878765e-10
6592 1.18317203257057e-10
6596 1.11467314545255e-10
6600 1.0340523576291e-10
6604 9.4064471489741e-11
6608 8.38248429002597e-11
6612 7.33526780982707e-11
6616 6.3222267698837e-11
6620 5.40884559363519e-11
6624 4.63762500624298e-11
6628 4.00007804657321e-11
6632 3.45091837050671e-11
6636 2.97813544658521e-11
6640 2.60193706858036e-11
6644 2.29900369574931e-11
6648 2.03677769095023e-11
6652 1.81217176681292e-11
6656 1.62892564020689e-11
6660 1.48651247561249e-11
6664 1.36988918472691e-11
6668 1.26207768194608e-11
6672 1.16864478164058e-11
6676 1.10096853508934e-11
6680 1.04195263528339e-11
6684 9.86808985220522e-12
6688 9.34633273552699e-12
6692 8.8429133807133e-12
6696 8.35546649230468e-12
6700 7.90774737358113e-12
6704 7.5257100898285e-12
6708 7.20510933902019e-12
6712 6.92356198414568e-12
6716 6.65225947243941e-12
6720 6.38083943321766e-12
6724 6.1913668636393e-12
6728 6.10785077029274e-12
6732 6.08029425419598e-12
6736 6.09478439939082e-12
6740 6.07870177804504e-12
6744 5.97848853756133e-12
6748 5.88626846917406e-12
6752 5.82148045047415e-12
6756 5.74931074970308e-12
6760 5.73137154055714e-12
6764 5.7770385697431e-12
6768 5.83852237390214e-12
6772 5.82591613840222e-12
6776 5.70995984869316e-12
6780 5.51031355960907e-12
6784 5.27616665635389e-12
6788 5.03769768955831e-12
6792 4.87047685168718e-12
6796 4.75887385054108e-12
6800 4.582234765238e-12
6804 4.42206601197759e-12
6808 4.32870145977704e-12
6812 4.24731300477377e-12
6816 4.17575956451754e-12
6820 4.08028515488934e-12
6824 3.95597790636693e-12
6828 3.90804185887439e-12
6832 3.92980483224226e-12
6836 3.93985582006207e-12
6840 3.96834778579325e-12
6844 3.99466874509424e-12
6848 3.97305062113662e-12
6852 3.88910995421932e-12
6856 3.87372208962566e-12
6860 3.82890464126207e-12
6864 3.54142236369537e-12
6868 3.15675762439793e-12
6872 3.00812998642319e-12
6876 3.18278866803801e-12
6880 3.35816487465057e-12
6884 3.38571445185343e-12
6888 3.32917157383483e-12
6892 3.2935763491504e-12
6896 3.31716295057238e-12
6900 3.36110132781453e-12
6904 3.39886842629089e-12
6908 3.44119437806212e-12
6912 3.44297810747629e-12
6916 3.3961058791554e-12
6920 3.41279695476038e-12
6924 3.46859780481212e-12
6928 3.49913414215974e-12
6932 3.52357010756366e-12
6936 3.51152852455516e-12
6940 3.49278006690767e-12
6944 3.54513662349787e-12
6948 3.66244708172037e-12
6952 3.78416525545489e-12
6956 3.87447235752902e-12
6960 3.97394530476936e-12
6964 4.12120728168763e-12
6968 4.28602205809758e-12
6972 4.3997145336705e-12
6976 4.43869160177135e-12
6980 4.40459821393624e-12
6984 4.33944156649768e-12
6988 4.33616250544722e-12
6992 4.45070282711901e-12
6996 4.63819651089215e-12
7000 4.81391575907208e-12
7004 4.9557181275306e-12
7008 5.05527824462559e-12
7012 5.06511152464917e-12
7016 5.0386474506614e-12
7020 5.02348336539615e-12
7024 5.02383204481482e-12
7028 5.05668987585417e-12
7032 5.11061418878578e-12
7036 5.16289094809608e-12
7040 5.19702249984766e-12
7044 5.24343762853263e-12
7048 5.31933264796836e-12
7052 5.41310312546228e-12
7056 5.50912353930455e-12
7060 5.60492190854189e-12
7064 5.71126219234275e-12
7068 5.84620026000682e-12
7072 6.04259307521171e-12
7076 6.29971552354447e-12
7080 6.55383559922118e-12
7084 6.73477940082989e-12
7088 6.80737063940562e-12
7092 6.79007978315882e-12
7096 6.72885878960638e-12
7100 6.68762137681633e-12
7104 6.71966432150284e-12
7108 6.8060561526917e-12
7112 6.94719065261196e-12
7116 7.16655641080921e-12
7120 7.4974323624466e-12
7124 7.94694605260604e-12
7128 8.45103067387276e-12
7132 8.91509348982522e-12
7136 9.35773680765806e-12
7140 9.85836412503716e-12
7144 1.04386230562192e-11
7148 1.10119777879669e-11
7152 1.14682933288757e-11
7156 1.17461110282768e-11
7160 1.18371710003395e-11
7164 1.17789753645292e-11
7168 1.16946010167429e-11
7172 1.17206288077765e-11
7176 1.17847277075755e-11
7180 1.17049521117241e-11
7184 1.13839970436458e-11
7188 1.10246143811277e-11
7192 1.06409100281146e-11
7196 1.01587722609042e-11
7200 9.73535141390869e-12
7204 9.56634337717643e-12
7208 9.62002179305532e-12
7212 9.61568064755669e-12
7216 9.38159445962317e-12
7220 8.9912157580363e-12
7224 8.59406903280791e-12
7228 8.22861744020909e-12
7232 8.04289794487101e-12
7236 8.30177072919103e-12
7240 9.18416991763094e-12
7244 1.06271302521832e-11
7248 1.27005905792288e-11
7252 1.57079557694395e-11
7256 1.95473220943043e-11
7260 2.41108660814504e-11
7264 2.94538005096712e-11
7268 3.53500388683425e-11
7272 4.22202654781767e-11
7276 5.0904839371535e-11
7280 6.18479503722291e-11
7284 7.23082288489607e-11
7288 8.0668291491115e-11
7292 8.83936812634545e-11
7296 9.59125140420625e-11
7300 1.02706537719044e-10
7304 1.08382323948941e-10
7308 1.13657319666949e-10
7312 1.18569792872947e-10
7316 1.22491600196284e-10
7320 1.24701401982286e-10
7324 1.23271379215417e-10
7328 1.17714712977168e-10
7332 1.10465581126817e-10
7336 1.03678829410647e-10
7340 9.76114050699195e-11
7344 9.11218600574415e-11
7348 8.46886588634632e-11
7352 7.83202808163352e-11
7356 7.1183531291652e-11
7360 6.24635621004899e-11
7364 5.32076431525308e-11
7368 4.48114878537353e-11
7372 3.76869820073455e-11
7376 3.20596466041323e-11
7380 2.79512663015069e-11
7384 2.51519013949597e-11
7388 2.31050300419922e-11
7392 2.15339083370347e-11
7396 2.03357226891132e-11
7400 1.93344958099306e-11
7404 1.84104849421107e-11
7408 1.75387482315159e-11
7412 1.6741575140089e-11
7416 1.60710004332154e-11
7420 1.55205310409245e-11
7424 1.49886787009779e-11
7428 1.4395746747442e-11
7432 1.37468456756773e-11
7436 1.31154592394878e-11
7440 1.25146646517971e-11
7444 1.19413298693694e-11
7448 1.13878437929538e-11
7452 1.08582804206336e-11
7456 1.04340841522443e-11
7460 1.01356848261624e-11
7464 9.91547469131326e-12
7468 9.73511722623943e-12
7472 9.55473200558998e-12
7476 9.31654926816794e-12
7480 8.96180265413937e-12
7484 8.53214894569465e-12
7488 8.09290134906604e-12
7492 7.64716328455206e-12
7496 7.16846807607974e-12
7500 6.68255771898996e-12
7504 6.27195691216276e-12
7508 5.95046277876432e-12
7512 5.65169395658205e-12
7516 5.30164887685425e-12
7520 4.97130548532398e-12
7524 4.71540384863744e-12
7528 4.53219493184998e-12
7532 4.34132200674564e-12
7536 4.14815621088693e-12
7540 3.97954412478807e-12
7544 3.85247085968321e-12
7548 3.73186290897332e-12
7552 3.630294415774e-12
7556 3.5509869784206e-12
7560 3.43045427134148e-12
7564 3.32531094673905e-12
7568 3.25748716195617e-12
7572 3.15630117528332e-12
7576 3.05665562305713e-12
7580 2.96263079173353e-12
7584 2.76005910834765e-12
7588 2.39701986558261e-12
7592 1.8607912519869e-12
7596 1.2388889827214e-12
7600 7.7538051933973e-13
7604 5.74355396142784e-13
7608 5.99069459403939e-13
7612 7.78996604635512e-13
7616 1.00454930831995e-12
7620 1.11714879968278e-12
7624 9.90004519335619e-13
7628 9.26002980891627e-13
7632 1.00054730126087e-12
7636 1.12959088697379e-12
7640 1.29540594830807e-12
7644 1.51476812863816e-12
7648 1.78370252595927e-12
7652 2.08482493421758e-12
7656 2.41636224918018e-12
7660 2.78323024349714e-12
7664 3.1622536620507e-12
7668 3.51320882108208e-12
7672 3.90970415764524e-12
7676 4.42095318686775e-12
7680 4.87408464283634e-12
7684 5.26147962004453e-12
7688 5.6881435325784e-12
7692 6.11668354855155e-12
7696 6.54823200871291e-12
7700 6.96710354339269e-12
7704 7.32910520467867e-12
7708 7.65909991679026e-12
7712 7.92059300092074e-12
7716 8.0517910047706e-12
7720 8.02745023231743e-12
7724 7.94480019966626e-12
7728 7.858942663308e-12
7732 7.70838254338102e-12
7736 7.35458395573207e-12
7740 6.86344297368136e-12
7744 6.41396918216186e-12
7748 6.00195067257392e-12
7752 5.65776852451405e-12
7756 5.46317635227722e-12
7760 5.31046777732525e-12
7764 5.17430716329148e-12
7768 5.09507713797319e-12
7772 5.02353714182391e-12
7776 5.01707182742894e-12
7780 5.08385998229666e-12
7784 5.10286864846554e-12
7788 5.1198355451032e-12
7792 5.1301133480175e-12
7796 5.10491215272024e-12
7800 5.07529174936794e-12
7804 5.05657234833867e-12
7808 5.01159704013876e-12
7812 4.87607523802502e-12
7816 4.65048659303857e-12
7820 4.38934218832676e-12
7824 4.14787475200296e-12
7828 3.96238510752545e-12
7832 3.7870379575311e-12
7836 3.57572955619889e-12
7840 3.38983485378974e-12
7844 3.26359230438944e-12
7848 3.1858686695696e-12
7852 3.16052804587297e-12
7856 3.13161866230538e-12
7860 3.0702458804488e-12
7864 3.03805808635205e-12
7868 3.04672736692324e-12
7872 3.08593341852292e-12
7876 3.12905213892267e-12
7880 3.15399963091156e-12
7884 3.17915745812192e-12
7888 3.2339660463454e-12
7892 3.32977569128534e-12
7896 3.43982654860131e-12
7900 3.5557949813747e-12
7904 3.67505418458203e-12
7908 3.75755416365253e-12
7912 3.81370065735687e-12
7916 3.88792817385131e-12
7920 3.97523680639722e-12
7924 4.10125362490521e-12
7928 4.32064323555026e-12
7932 4.59896313739772e-12
7936 4.82760012521233e-12
7940 4.94578249882194e-12
7944 5.02163111440468e-12
7948 5.05742279652277e-12
7952 5.02844901134614e-12
7956 4.91746660752357e-12
7960 4.78199944919933e-12
7964 4.70869827504106e-12
7968 4.71548407959821e-12
7972 4.73375201884285e-12
7976 4.75433104343836e-12
7980 4.78341845300267e-12
7984 4.80341894731895e-12
7988 4.82460859457801e-12
7992 4.85207620609662e-12
7996 4.88574371931838e-12
8000 4.96274896177873e-12
8004 5.09759508909857e-12
8008 5.2755915955216e-12
8012 5.50120929712627e-12
8016 5.74561622238012e-12
8020 5.95905963463039e-12
8024 6.09233843928969e-12
8028 6.1807898209254e-12
8032 6.25051486263795e-12
8036 6.28989221818088e-12
8040 6.28522841411572e-12
8044 6.26576047990657e-12
8048 6.2607414912097e-12
8052 6.25595669018209e-12
8056 6.29537567908844e-12
8060 6.40687763259207e-12
8064 6.58116833598954e-12
8068 6.79086387816996e-12
8072 6.98643833757506e-12
8076 7.10996192476721e-12
8080 7.1258849515532e-12
8084 7.061144204068e-12
8088 6.96683292653044e-12
8092 6.86012271294834e-12
8096 6.7539723813681e-12
8100 6.6433122024312e-12
8104 6.5031643264879e-12
8108 6.32200932229599e-12
8112 6.10572313194946e-12
8116 5.8772518102268e-12
8120 5.64504215941342e-12
8124 5.40974339977018e-12
8128 5.17738239433352e-12
8132 4.96792624399278e-12
8136 4.82653977548764e-12
8140 4.75284958958988e-12
8144 4.70485889830785e-12
8148 4.62308143156509e-12
8152 4.50883557920334e-12
8156 4.3913934988371e-12
8160 4.26972693312599e-12
8164 4.15847564716465e-12
8168 4.09586947691665e-12
8172 4.08757402925453e-12
8176 4.08126267156805e-12
8180 4.06159220839308e-12
8184 4.10862142918855e-12
8188 4.19895064898701e-12
8192 4.28182489464746e-12
8196 4.33819863712714e-12
8200 4.42804213435233e-12
8204 4.55762207487997e-12
8208 4.68494557384624e-12
8212 4.7673245559543e-12
8216 4.76053094514151e-12
8220 4.65356659457017e-12
8224 4.49278938705056e-12
8228 4.36951950316677e-12
8232 4.501567087839e-12
8236 4.96304299740791e-12
8240 5.41849291130214e-12
8244 5.59448841419563e-12
8248 5.54887212567134e-12
8252 5.43094822585966e-12
8256 5.25537946494126e-12
8260 5.02745067798571e-12
8264 4.88874002044226e-12
8268 4.75369570096529e-12
8272 4.50907020055347e-12
8276 4.2235065271512e-12
8280 4.06223015295137e-12
8284 4.03981318883306e-12
8288 4.04072305129621e-12
8292 4.06922282328304e-12
8296 4.14736994747145e-12
8300 4.27215511231149e-12
8304 4.39582701836083e-12
8308 4.53738912761792e-12
8312 4.71748248104253e-12
8316 4.93623197872495e-12
8320 5.1400580840244e-12
8324 5.46011152957604e-12
8328 5.7599463393343e-12
8332 5.86777935268623e-12
8336 5.92255411380194e-12
8340 6.00223863667093e-12
8344 6.12434061797451e-12
8348 6.23320665915639e-12
8352 6.28003204994343e-12
8356 6.32814980972007e-12
8360 6.41378443411167e-12
8364 6.53885973145307e-12
8368 6.68974684675527e-12
8372 6.86658846102417e-12
8376 7.04503165874226e-12
8380 7.17318392184918e-12
8384 7.25169837373363e-12
8388 7.27458544791393e-12
8392 7.24083900477401e-12
8396 7.18372366800835e-12
8400 7.15486003777244e-12
8404 7.19978590635328e-12
8408 7.34070963737121e-12
8412 7.57245481597391e-12
8416 7.82168600721445e-12
8420 7.96077613551827e-12
8424 7.89128658251759e-12
8428 7.61974511265251e-12
8432 7.26345112528337e-12
8436 6.93377213284441e-12
8440 6.68381973031873e-12
8444 6.48304500361352e-12
8448 6.25921276614649e-12
8452 6.01134897068589e-12
8456 5.78295441047705e-12
8460 5.5895010842022e-12
8464 5.44147019110319e-12
8468 5.36497322262131e-12
8472 5.40743838595148e-12
8476 5.61966966017291e-12
8480 6.0355297148984e-12
8484 6.66483621764025e-12
8488 7.50099808655147e-12
8492 8.52032853992934e-12
8496 9.72663095899495e-12
8500 1.11731067106713e-11
8504 1.2901789012143e-11
8508 1.49187762837899e-11
8512 1.71818670402502e-11
8516 1.95498773419844e-11
8520 2.17063606672285e-11
8524 2.3296652801319e-11
8528 2.4487871799761e-11
8532 2.55504558482889e-11
8536 2.65745897509717e-11
8540 2.72929387423737e-11
8544 2.76407022270497e-11
8548 2.7796365903443e-11
8552 2.81955760822461e-11
8556 2.84069226474948e-11
8560 2.81818700320624e-11
8564 2.78292458522067e-11
8568 2.70852854034054e-11
8572 2.58759055848934e-11
8576 2.4388761843408e-11
8580 2.23618276673498e-11
8584 1.96902702476187e-11
8588 1.6816237638495e-11
8592 1.42555602739014e-11
8596 1.22848814454457e-11
8600 1.08821129191083e-11
8604 1.00081297416121e-11
8608 9.5835353541851e-12
8612 9.52576906243507e-12
8616 9.76429961191405e-12
8620 1.02696696632765e-11
8624 1.10129284164318e-11
8628 1.19486842295458e-11
8632 1.30244530438528e-11
8636 1.42093307606284e-11
8640 1.54884334524485e-11
8644 1.68756709995055e-11
8648 1.8179067626245e-11
8652 1.93186924790645e-11
8656 2.04425434913169e-11
8660 2.15485268517668e-11
8664 2.24830640216389e-11
8668 2.3260291262539e-11
8672 2.4189353645121e-11
8676 2.54182577763551e-11
8680 2.65458766079973e-11
8684 2.70959678305704e-11
8688 2.71077778279949e-11
8692 2.71054428901962e-11
8696 2.71024366144124e-11
8700 2.67952032090291e-11
8704 2.5950890741866e-11
8708 2.49917846834036e-11
8712 2.36826565302994e-11
8716 2.21099770436606e-11
8720 2.08277683294567e-11
8724 1.96609725028329e-11
8728 1.84884121900986e-11
8732 1.73649393475639e-11
8736 1.63282443121915e-11
8740 1.52714715873081e-11
8744 1.41503198047843e-11
8748 1.30843894746713e-11
8752 1.21317799556264e-11
8756 1.12785059069864e-11
8760 1.05300542591058e-11
8764 9.85181380919187e-12
8768 9.22417003890175e-12
8772 8.69012414111969e-12
8776 8.29141356267771e-12
8780 8.02283239842438e-12
8784 7.82081777811472e-12
8788 7.63250660590353e-12
8792 7.43733373498312e-12
8796 7.2447178464663e-12
8800 7.07385365561475e-12
8804 6.96006533656979e-12
8808 6.90337110392791e-12
8812 6.86263459254155e-12
8816 6.81918367259615e-12
8820 6.7855972576969e-12
8824 6.77182875746807e-12
8828 6.75831612895195e-12
8832 6.72851271227293e-12
8836 6.71589173162346e-12
8840 6.78075694551805e-12
8844 6.91698174432043e-12
8848 7.06739484643282e-12
8852 7.20083541405625e-12
8856 7.25503771642488e-12
8860 7.19754334257972e-12
8864 7.07796495025281e-12
8868 6.91035163119524e-12
8872 6.71524121031997e-12
8876 6.52199995399005e-12
8880 6.27424804819365e-12
8884 6.00213238485803e-12
8888 5.76210607006189e-12
8892 5.5387838412968e-12
8896 5.32772263805992e-12
8900 5.13290972226077e-12
8904 4.95525408900077e-12
8908 4.8115140344196e-12
8912 4.69300162966868e-12
8916 4.57533533629317e-12
8920 4.46956404179244e-12
8924 4.35962377309806e-12
8928 4.220027972901e-12
8932 4.09805783058159e-12
8936 4.02795245074694e-12
8940 3.97936111146135e-12
8944 3.89336653194849e-12
8948 3.77998500555865e-12
8952 3.68549288309872e-12
8956 3.62000403611451e-12
8960 3.55106612517919e-12
8964 3.48989652280973e-12
8968 3.50339267145283e-12
8972 3.60742859195629e-12
8976 3.74906702904632e-12
8980 3.83373541246179e-12
8984 3.73854419644104e-12
8988 3.66487135777804e-12
8992 3.83687743035765e-12
8996 4.2212839126976e-12
9000 4.5143316168561e-12
9004 4.60890050082985e-12
9008 4.68853515039891e-12
9012 4.7883290214823e-12
9016 4.84431765535032e-12
9020 4.87783641603401e-12
9024 4.97719530520579e-12
9028 5.18727031814659e-12
9032 5.45237379551144e-12
9036 5.66661951736935e-12
9040 5.72691503594736e-12
9044 5.62481224791744e-12
9048 5.5456585504321e-12
9052 5.46624811387231e-12
9056 5.33077271561155e-12
9060 5.13528108925243e-12
9064 4.90979826239801e-12
9068 4.74540198802664e-12
9072 4.7128056665513e-12
9076 4.76440241425902e-12
9080 4.82693312403581e-12
9084 4.89180397578171e-12
9088 4.98685901600959e-12
9092 5.07460913568014e-12
9096 5.10659223240673e-12
9100 5.13416609573825e-12
9104 5.22168983399518e-12
9108 5.39703828503213e-12
9112 5.59358332222204e-12
9116 5.6825026455154e-12
9120 5.64265561359134e-12
9124 5.5674028755226e-12
9128 5.26747525805837e-12
9132 4.93171736087872e-12
9136 4.86513260233856e-12
9140 5.13545239319568e-12
9144 5.31991464769455e-12
9148 5.13825917577981e-12
9152 4.72959952452223e-12
9156 4.57135457959668e-12
9160 4.76136534713345e-12
9164 4.98466025400379e-12
9168 4.91914668721005e-12
9172 4.66372600260723e-12
9176 4.57040395113184e-12
9180 4.75697736410097e-12
9184 5.08119241127147e-12
9188 5.33435535327031e-12
9192 5.53810599809856e-12
9196 5.75224286605835e-12
9200 5.9972205153358e-12
9204 6.18398648261076e-12
9208 6.24610302715767e-12
9212 6.27742172479295e-12
9216 6.50917557701303e-12
9220 6.94151203531335e-12
9224 7.39839266239439e-12
9228 7.69671739536681e-12
9232 7.82998318960004e-12
9236 7.91044139913932e-12
9240 8.04133495901915e-12
9244 8.25416211075458e-12
9248 8.51318147920832e-12
9252 8.69870842024056e-12
9256 8.69939450337531e-12
9260 8.53536338829564e-12
9264 8.29370599975121e-12
9268 7.94974589629627e-12
9272 7.37137260953258e-12
9276 6.59661474750051e-12
9280 5.87838892146531e-12
9284 5.36202983056344e-12
9288 4.98188296171875e-12
9292 4.57709087645086e-12
9296 4.0988983041057e-12
9300 3.67025160263879e-12
9304 3.35460218631178e-12
9308 3.08455778280647e-12
9312 2.77082024859043e-12
9316 2.44410047756105e-12
9320 2.20680548487784e-12
9324 2.15119653861062e-12
9328 2.1467090258187e-12
9332 2.02253708572742e-12
9336 1.79183794538074e-12
9340 1.71162834339961e-12
9344 1.99532079227238e-12
9348 2.49273214916745e-12
9352 2.80390185895818e-12
9356 2.81378349439865e-12
9360 2.87170287549543e-12
9364 2.89640035046335e-12
9368 2.79904051325719e-12
9372 2.66459770914551e-12
9376 2.71410996975641e-12
9380 3.01409136364839e-12
9384 3.55509502045215e-12
9388 4.44365551299786e-12
9392 5.07338572194871e-12
9396 5.0573230499229e-12
9400 4.58772689976295e-12
9404 4.12807982241858e-12
9408 3.89854511520515e-12
9412 3.84733304242824e-12
9416 3.85468219843421e-12
9420 3.70239342656342e-12
9424 3.3380216993284e-12
9428 3.01387300533085e-12
9432 2.92701583456956e-12
9436 2.86803523638635e-12
9440 2.54902891329289e-12
9444 2.39385833204764e-12
9448 2.67842107000427e-12
9452 2.67765237066397e-12
9456 2.38116687825696e-12
9460 2.0836860882556e-12
9464 2.11522422841059e-12
9468 2.18965318966868e-12
9472 2.14681506079117e-12
9476 1.99809765087655e-12
9480 1.85953422798812e-12
9484 1.90300444673219e-12
9488 2.01075397651684e-12
9492 1.84631021409032e-12
9496 1.53517584929042e-12
9500 1.49110509096301e-12
9504 1.83936459813294e-12
9508 2.21098573477407e-12
9512 2.19297952193387e-12
9516 1.85138536445972e-12
9520 1.56412404729578e-12
9524 1.59261319410131e-12
9528 1.85410410982745e-12
9532 2.12786862782699e-12
9536 2.26983297609007e-12
9540 2.2662427490161e-12
9544 2.21099397471058e-12
9548 2.22362536370091e-12
9552 2.29074832019949e-12
9556 2.28004551003358e-12
9560 2.34184633490786e-12
9564 2.46781414747765e-12
9568 2.59748494414735e-12
9572 2.88936799833217e-12
9576 3.04826541612513e-12
9580 2.86361776305477e-12
9584 2.56873298673521e-12
9588 2.30677109358535e-12
9592 2.16785985863999e-12
9596 2.25583072187285e-12
9600 2.40888212155177e-12
9604 2.44054906492486e-12
9608 2.39781458577504e-12
9612 2.36998897069907e-12
9616 2.29579831707849e-12
9620 2.05152192976621e-12
9624 1.94417724107276e-12
9628 2.02562792928074e-12
9632 2.14656699533411e-12
9636 2.09026741228302e-12
9640 1.99341237960837e-12
9644 1.9792759011622e-12
9648 2.02400509546896e-12
9652 2.08677476340458e-12
9656 2.0870408266177e-12
9660 1.99384085630694e-12
9664 1.91832704235506e-12
9668 2.01722818136962e-12
9672 2.24007227697665e-12
9676 2.3498477469408e-12
9680 2.30037299972508e-12
9684 2.23404498025936e-12
9688 2.19753533946265e-12
9692 2.17206482834575e-12
9696 2.1341500615335e-12
9700 2.11918850523407e-12
9704 2.12354613060572e-12
9708 2.14111454260868e-12
9712 2.1675330801052e-12
9716 2.16322142490566e-12
9720 2.1347270739297e-12
9724 2.10763871633102e-12
9728 2.09432146104638e-12
9732 2.03247336495738e-12
9736 1.93703842028825e-12
9740 1.90994095539132e-12
9744 1.95264681160379e-12
9748 1.98114072889888e-12
9752 1.94173279885468e-12
9756 1.87120111072581e-12
9760 1.84644855828753e-12
9764 1.90318160536718e-12
9768 2.01372881043771e-12
9772 2.07198407736753e-12
9776 2.02305468384456e-12
9780 1.98015865857104e-12
9784 1.97793973040483e-12
9788 1.97560002211661e-12
9792 1.92436561477494e-12
9796 1.88928907240982e-12
9800 1.90909007352635e-12
9804 1.95454980325693e-12
9808 2.03207589644094e-12
9812 2.10338040387836e-12
9816 2.14035039691751e-12
9820 2.19403401696683e-12
9824 2.26982668771747e-12
9828 2.33942314305235e-12
9832 2.37950588052871e-12
9836 2.3714172986411e-12
9840 2.33645134489757e-12
9844 2.31538009251575e-12
9848 2.3112028783856e-12
9852 2.33564621636428e-12
9856 2.39058252360369e-12
9860 2.40087225274188e-12
9864 2.36011665939728e-12
9868 2.32600592432741e-12
9872 2.26561824856475e-12
9876 2.20214580078093e-12
9880 2.16267693857464e-12
9884 2.11180183583293e-12
9888 2.04076989682167e-12
9892 1.9643496898536e-12
9896 1.9112231328805e-12
9900 1.8777206352294e-12
9904 1.87865673538512e-12
9908 1.91930672743812e-12
9912 1.9506121978069e-12
9916 1.96204250763055e-12
9920 1.97532571896697e-12
9924 1.99962767698236e-12
9928 2.02887641582994e-12
9932 2.0642285623873e-12
9936 2.10921167684286e-12
9940 2.13186868332216e-12
9944 2.12477301378411e-12
9948 2.1308393417796e-12
9952 2.14444499484212e-12
9956 2.16992960058726e-12
9960 2.22262507877657e-12
9964 2.25978198827026e-12
9968 2.29598740193737e-12
9972 2.35348741363384e-12
9976 2.39567892433568e-12
9980 2.41357996956515e-12
9984 2.41789054056252e-12
9988 2.42752259266288e-12
9992 2.45466299196584e-12
9996 2.50510983484942e-12
10000 2.5829663928556e-12
10004 2.69544195991012e-12
10008 2.80598916498065e-12
10012 2.88698752404226e-12
10016 2.97110925272237e-12
10020 3.07735044044466e-12
10024 3.19860587669196e-12
10028 3.33565857227325e-12
10032 3.47927416044502e-12
10036 3.6138973757982e-12
10040 3.72636990708664e-12
10044 3.8262717647064e-12
10048 3.94620881111196e-12
10052 4.11860346175019e-12
10056 4.26497812761051e-12
10060 4.37682702580933e-12
10064 4.4829782247513e-12
10068 4.60085615439088e-12
10072 4.64985992418288e-12
10076 4.62799590317253e-12
10080 4.62725257416308e-12
10084 4.55785409414489e-12
10088 4.43527506388541e-12
10092 4.39031450083505e-12
10096 4.38522178639045e-12
10100 4.33851565784238e-12
10104 4.24823717870559e-12
10108 4.12131743662836e-12
10112 3.95499952232647e-12
10116 3.77145016605684e-12
10120 3.6562111845051e-12
10124 3.56893290962002e-12
10128 3.42892988308696e-12
10132 3.24466300181958e-12
10136 3.07638094686202e-12
10140 2.94240673492929e-12
10144 2.80582024628218e-12
10148 2.69907121826229e-12
10152 2.61289709486967e-12
10156 2.5260319010123e-12
10160 2.46627111094577e-12
10164 2.41762946467938e-12
10168 2.38367962521191e-12
10172 2.40795447817299e-12
10176 2.44547090910707e-12
10180 2.4513212640298e-12
10184 2.44816016417571e-12
10188 2.43185463086326e-12
10192 2.4287685577995e-12
10196 2.48942229677529e-12
10200 2.57203329814826e-12
10204 2.63540773405568e-12
10208 2.68497659001998e-12
10212 2.755926563347e-12
10216 2.7928930869392e-12
10220 2.76670353294151e-12
10224 2.82801776788077e-12
10228 2.88344998919388e-12
10232 2.86473861126069e-12
10236 2.80722862490423e-12
10240 2.75562537198348e-12
10244 2.72928901701164e-12
10248 2.7305855059695e-12
10252 2.75557918497094e-12
10256 2.79601927548334e-12
10260 2.82500585424561e-12
10264 2.81674054740388e-12
10268 2.82002806523129e-12
10272 2.88201081923012e-12
10276 2.95762806606925e-12
10280 3.01027302043733e-12
10284 3.06371573076392e-12
10288 3.18725644835038e-12
10292 3.33142714803447e-12
10296 3.41554822619328e-12
10300 3.40975208137917e-12
10304 3.51284496283299e-12
10308 3.69646023859471e-12
10312 3.84799570679606e-12
10316 3.96028262267256e-12
10320 4.11338497985358e-12
10324 4.30241866439252e-12
10328 4.4431359633168e-12
10332 4.6402812148294e-12
10336 4.90485213208713e-12
10340 5.10142535853353e-12
10344 5.12269263466814e-12
10348 5.15754886715181e-12
10352 5.3623017484683e-12
10356 5.51519723987481e-12
10360 5.49368840349618e-12
10364 5.45906505763916e-12
10368 5.54347019676715e-12
10372 5.5450557340242e-12
10376 5.36172104978472e-12
10380 5.40659704506563e-12
10384 5.63551896121117e-12
10388 5.84146836804522e-12
10392 5.84034903772235e-12
10396 5.98653418504291e-12
10400 6.15231867187593e-12
10404 6.12891811954674e-12
10408 6.1757894805059e-12
10412 6.44291738016722e-12
10416 6.7824613113332e-12
10420 6.94538046866477e-12
10424 6.99163296702388e-12
10428 7.05931970865215e-12
10432 7.11223701460595e-12
10436 7.07192811255641e-12
10440 6.90883114606855e-12
10444 6.71028163590215e-12
10448 6.58736910505442e-12
10452 6.51674070609176e-12
10456 6.39171354732682e-12
10460 6.29719713873822e-12
10464 6.30139560323095e-12
10468 6.39832110904681e-12
10472 6.46070003051946e-12
10476 6.27158654870064e-12
10480 5.90370807795892e-12
10484 5.67999163328392e-12
10488 5.64073527470343e-12
10492 5.50868985843556e-12
10496 5.10972861245129e-12
10500 4.73958762861604e-12
10504 4.54934180604827e-12
10508 4.45369609247681e-12
10512 4.33385011905374e-12
10516 3.96704023797323e-12
10520 3.36472104518759e-12
10524 2.84137665652884e-12
10528 2.55766631832022e-12
10532 2.35773596826694e-12
10536 2.0244968895744e-12
10540 1.8391336630702e-12
10544 1.90316946230285e-12
10548 1.97508589344642e-12
10552 1.9089740638939e-12
10556 1.72095497574798e-12
10560 1.53594313916788e-12
10564 1.48415253611173e-12
10568 1.44370203725847e-12
10572 1.36702888592355e-12
10576 1.33617650364265e-12
10580 1.20975462720302e-12
10584 1.0993872912729e-12
10588 1.18859392814197e-12
10592 1.31151448208577e-12
10596 1.29582173984122e-12
10600 1.19156117264763e-12
10604 1.12587521770846e-12
10608 1.23539047915122e-12
10612 1.429886807916e-12
10616 1.42991022668293e-12
10620 1.27993817801431e-12
10624 1.13569245153988e-12
10628 1.02447499268632e-12
10632 1.13715612447274e-12
10636 1.31149301488276e-12
10640 1.11236117972952e-12
10644 8.75911160009429e-13
10648 8.71615442581825e-13
10652 1.15130105969585e-12
10656 1.49675714530839e-12
10660 1.61622950266282e-12
10664 1.41412445989197e-12
10668 1.07517087680892e-12
10672 1.15700949255421e-12
10676 1.5862393863697e-12
10680 1.78360603196592e-12
10684 1.56922413431515e-12
10688 1.09549749913868e-12
10692 7.99452626494557e-13
10696 1.20372288525683e-12
10700 1.84214557670537e-12
10704 1.956909894546e-12
10708 1.53588253226644e-12
10712 -6.51107518053438e-14
10716 4.03206359969534e-15
10720 1.40312300182382e-18
10724 1.40299241068461e-18
10728 1.40286295691875e-18
10732 1.40273257257469e-18
10736 1.4026028086161e-18
10740 1.40247335485024e-18
10744 1.40234390108437e-18
10748 1.40221424052335e-18
10752 1.40208478675749e-18
10756 1.40195512619647e-18
10760 1.40182629281607e-18
10764 1.40169725264051e-18
10768 1.4015680056698e-18
10772 1.4014395858797e-18
10776 1.40131095929445e-18
10780 1.4011827462995e-18
10784 1.40105484349728e-18
10788 1.40092642370719e-18
10792 1.40079872770012e-18
10796 1.40067020451245e-18
10800 1.40054261190296e-18
10804 1.40041501929347e-18
10808 1.40028742668399e-18
10812 1.40016076465269e-18
10816 1.4000331720432e-18
10820 1.39990619981918e-18
10824 1.39977974458303e-18
10828 1.39965225537112e-18
10832 1.3995252831471e-18
10836 1.39939934489884e-18
10840 1.39927299306027e-18
10844 1.39914684801685e-18
10848 1.39902070297344e-18
10852 1.39889435113487e-18
10856 1.39876872307934e-18
10860 1.39864299162623e-18
10864 1.39851726017312e-18
10868 1.39839183891275e-18
10872 1.39826693464025e-18
10876 1.39814120318714e-18
10880 1.3980165057098e-18
10884 1.39789170483488e-18
10888 1.39776700735754e-18
10892 1.39764220648262e-18
10896 1.3975174056077e-18
10900 1.39739260473278e-18
10904 1.39726873443605e-18
10908 1.39714414035629e-18
10912 1.3970200632644e-18
10916 1.39689629636525e-18
10920 1.39677242606852e-18
10924 1.39664927955483e-18
10928 1.39652592624598e-18
10932 1.39640246953956e-18
10936 1.39627921962829e-18
10940 1.39615576292186e-18
10944 1.39603313339605e-18
10948 1.39591019367751e-18
10952 1.39578725395897e-18
10956 1.39566462443316e-18
10960 1.39554261529281e-18
10964 1.39541977897184e-18
10968 1.39529787322907e-18
10972 1.39517596748629e-18
10976 1.39505406174352e-18
10980 1.39493215600074e-18
10984 1.39481025025797e-18
10988 1.39468824111762e-18
10992 1.39456716255545e-18
10996 1.39444556700541e-18
11000 1.39432417825052e-18
11004 1.39420340988108e-18
11008 1.3940824347165e-18
