5062.273470459038 2.485046808950451e-16
5064.581162020607 3.089942881261245e-16
5066.888853582178 3.694838887397595e-16
5069.196545143748 3.449457280696065e-16
5071.504236705317 3.204036631069625e-16
5073.811928266886 3.426630536860955e-16
5076.119619828456 3.649245750824855e-16
5078.427311390026 3.709794048174755e-16
5080.735002951596 3.770334933986375e-16
5083.042694513168 3.666405182498354e-16
5085.350386074737 3.562468151820945e-16
5087.658077636306 3.831466360580894e-16
5089.965769197875 4.100481642348705e-16
5092.273460759446 3.994457204851895e-16
5094.581152321016 3.888398621339415e-16
5096.888843882586 3.808033194095105e-16
5099.196535444155 3.727669884433175e-16
5101.504227005725 3.817165268057695e-16
5103.811918567295 3.906676004154385e-16
5106.119610128864 3.492590051254825e-16
5108.427301690434 3.078457908589865e-16
5110.734993252005 3.367865111516125e-16
5113.042684813574 3.657336636006805e-16
5115.350376375144 3.556605757383655e-16
5117.658067936713 3.455839144558035e-16
5119.965759498284 3.393642706381235e-16
5122.273451059853 3.331451694509255e-16
5124.581142621423 3.665324289048315e-16
5126.888834182994 3.999251146635564e-16
5129.196525744564 4.094798051272625e-16
5131.504217306133 4.190312133382974e-16
5133.811908867701 3.869412113128915e-16
5136.119600429271 3.548455050499805e-16
5138.427291990843 3.591401341461265e-16
5140.734983552413 3.634397792655085e-16
5143.042675113981 3.738158799298144e-16
5145.350366675551 3.841928276270675e-16
5147.658058237121 3.983909527076215e-16
5149.96574979869 4.125897660024455e-16
5152.273441360259 4.124670785739914e-16
5154.581132921832 4.123417441675775e-16
5156.888824483402 4.224404680114375e-16
5159.19651604497 4.325410447398695e-16
5161.504207606541 4.333532963967265e-16
5163.81189916811 4.341638804574695e-16
5166.11959072968 4.345315192263575e-16
5168.42728229125 4.348990521161275e-16
5170.73497385282 4.546075500350445e-16
5173.04266541439 4.743204948769344e-16
5175.35035697596 4.842617500019435e-16
5177.658048537528 4.942007816654665e-16
5179.965740099098 4.837082404406925e-16
5182.273431660669 4.732110405347085e-16
5184.581123222239 4.836819030099885e-16
5186.888814783808 4.941575829851565e-16
5189.196506345379 5.064791595106274e-16
5191.504197906948 5.188011860223525e-16
5193.811889468518 5.100594618995535e-16
5196.119581030088 5.013129202768664e-16
5198.427272591659 4.871400738358325e-16
5200.734964153228 4.729657450871395e-16
5203.042655714797 4.681110022197315e-16
5205.350347276368 4.632588004511645e-16
5207.658038837937 4.665525939456815e-16
5209.965730399506 4.698485844319055e-16
5212.273421961076 4.623282288794875e-16
5214.581113522647 4.548048822419745e-16
5216.888805084217 4.375046578107795e-16
5219.196496645785 4.202017599318445e-16
5221.504188207355 4.293416160096325e-16
5223.811879768926 4.384887777465905e-16
5226.119571330496 4.287869947176384e-16
5228.427262892066 4.190791501091565e-16
5230.734954453636 4.041463298259774e-16
5233.042646015206 3.892118154769044e-16
5235.350337576775 3.952869210630695e-16
5237.658029138343 4.013687764430325e-16
5239.965720699915 4.083981969931775e-16
5242.273412261485 4.154279351806784e-16
5244.581103823054 4.042849255919725e-16
5246.888795384623 3.931360661819745e-16
5249.196486946194 3.866716166076475e-16
5251.504178507764 3.802088875689955e-16
5253.811870069332 3.833294363560195e-16
5256.119561630902 3.864535320935095e-16
5258.427253192473 3.819403287923015e-16
5260.734944754044 3.774243461642355e-16
5263.042636315613 3.804433568767075e-16
5265.350327877182 3.834651733858164e-16
5267.658019438752 3.776335633022075e-16
5269.965711000323 3.717986974357075e-16
5272.273402561891 3.729105075883175e-16
5274.581094123463 3.740248853095494e-16
5276.888785685032 3.817900069139434e-16
5279.196477246601 3.895579078451964e-16
5281.50416880817 3.809914136633604e-16
5283.811860369741 3.724182226272854e-16
5286.119551931311 3.816552492659915e-16
5288.427243492881 3.908996080336474e-16
5290.73493505445 3.967711874844544e-16
5293.04262661602 4.026413640369435e-16
5295.350318177591 3.974479403395314e-16
5297.65800973916 3.922499373702485e-16
5299.96570130073 3.949253968132695e-16
5302.2733928623 3.976040855694014e-16
5304.581084423869 3.968747902018155e-16
5306.88877598544 3.961439331172334e-16
5309.19646754701 3.918987628042725e-16
5311.504159108579 3.876519778347554e-16
5313.811850670148 3.855268515794335e-16
5316.119542231718 3.834026782361774e-16
5318.42723379329 3.946684546626754e-16
5320.734925354859 4.059403456082624e-16
5323.042616916428 4.065088105949885e-16
5325.350308477997 4.070723786724885e-16
5327.658000039568 4.099590669567305e-16
5329.965691601139 4.128469463810555e-16
5332.273383162708 4.209421990766425e-16
5334.581074724278 4.290400458106305e-16
5336.888766285848 4.328143452142564e-16
5339.196457847416 4.365864476261764e-16
5341.504149408987 4.406946632994774e-16
5343.811840970558 4.448030377914575e-16
5346.119532532127 4.470603541261105e-16
5348.427224093696 4.493167440184775e-16
5350.734915655265 4.411618813792275e-16
5353.042607216837 4.330017777236164e-16
5355.350298778406 4.390373109892765e-16
5357.657990339975 4.450806528399195e-16
5359.965681901544 4.495253523515185e-16
5362.273373463116 4.539692048301695e-16
5364.581065024685 4.594203383017834e-16
5366.888756586255 4.648720541085495e-16
5369.196448147824 4.659677706351615e-16
5371.504139709396 4.670610784118305e-16
5373.811831270964 4.670580343871755e-16
5376.119522832534 4.670544080273704e-16
5378.427214394105 4.704129995423525e-16
5380.734905955675 4.737734174721265e-16
5383.042597517243 4.805428518470235e-16
5385.350289078813 4.873143508647294e-16
5387.657980640384 4.865279072429834e-16
5389.965672201954 4.857369637587055e-16
5392.273363763523 4.909272110825654e-16
5394.581055325092 4.961210318266715e-16
5396.888746886662 4.893969931237915e-16
5399.196438448233 4.826658340501984e-16
5401.504130009803 4.881094501044055e-16
5403.811821571372 4.935603188782234e-16
5406.119513132942 5.014738830066246e-16
5408.427204694512 5.093890353218015e-16
5410.734896256082 5.157844781807066e-16
5413.042587817651 5.221789151879865e-16
5415.350279379222 5.174793381686035e-16
5417.657970940791 5.127726407785065e-16
5419.965662502361 5.096256751514405e-16
5422.273354063932 5.064797153759995e-16
5424.581045625501 5.137070504682265e-16
5426.88873718707 5.209410294751335e-16
5429.19642874864 5.275982319845195e-16
5431.504120310211 5.342550639169904e-16
5433.811811871779 5.410906992106715e-16
5436.119503433349 5.479264668532505e-16
5438.42719499492 5.474347112878105e-16
5440.73488655649 5.469379264642455e-16
5443.04257811806 5.407466979549685e-16
5445.350269679629 5.345515254485294e-16
5447.657961241199 5.393264354606595e-16
5449.965652802769 5.441088893599755e-16
5452.273344364338 5.459808586431875e-16
5454.581035925909 5.478508426929284e-16
5456.88872748748 5.528917475202765e-16
5459.196419049048 5.579348228695505e-16
5461.504110610617 5.544286888030685e-16
5463.811802172187 5.509162549290425e-16
5466.119493733758 5.539253659439424e-16
5468.427185295327 5.569392679889514e-16
5470.734876856896 5.560607360039705e-16
5473.042568418467 5.551793717525734e-16
5475.350259980038 5.530848180926906e-16
5477.657951541607 5.509893909300814e-16
5479.965643103176 5.583457926676464e-16
5482.273334664746 5.657091030176874e-16
5484.581026226317 5.665176224356215e-16
5486.888717787886 5.673210331860915e-16
5489.196409349456 5.644300832673335e-16
5491.504100911026 5.615362746123775e-16
5493.811792472595 5.596275123355195e-16
5496.119484034164 5.577195441520495e-16
5498.427175595734 5.638403101080275e-16
5500.734867157306 5.699673494017714e-16
5503.042558718875 5.702684960843005e-16
5505.350250280444 5.705651164345165e-16
5507.657941842014 5.600458672021245e-16
5509.965633403584 5.495182005798195e-16
5512.273324965155 5.565705174893194e-16
5514.581016526725 5.636373133682624e-16
5516.888708088294 5.613722943277454e-16
5519.196399649863 5.590995725813645e-16
5521.504091211433 5.522369910520485e-16
5523.811782773003 5.453706243442494e-16
5526.119474334573 5.561796911935006e-16
5528.427165896142 5.670033693610914e-16
5530.734857457713 5.619463709077464e-16
5533.042549019283 5.568762434437195e-16
5535.350240580853 5.468543613700435e-16
5537.657932142421 5.368283764805295e-16
5539.965623703991 5.339915307912765e-16
5542.273315265562 5.311609584397895e-16
5544.581006827134 5.293854450334465e-16
5546.888698388702 5.276108580693895e-16
5549.196389950272 5.194665039326415e-16
5551.504081511841 5.113166176119565e-16
5553.81177307341 5.118096966663765e-16
5556.119464634981 5.123103196079834e-16
5558.427156196552 5.052244919575075e-16
5560.734847758122 4.981320733319105e-16
5563.04253931969 4.949495323210595e-16
5565.350230881259 4.917705647304545e-16
5567.65792244283 4.966010612797485e-16
5569.9656140044 5.014388899579915e-16
5572.27330556597 5.028444617246204e-16
5574.580997127539 5.042468571176985e-16
5576.888688689109 4.938532334592964e-16
5579.196380250681 4.834488101308164e-16
5581.504071812249 4.963498630713285e-16
5583.811763373818 5.092723035937585e-16
5586.119454935389 4.981550226308255e-16
5588.427146496959 4.870156658717045e-16
5590.734838058529 4.927674695698144e-16
5593.042529620098 4.985355257125995e-16
5595.350221181668 4.958232468061525e-16
5597.657912743237 4.931027887378085e-16
5599.965604304806 4.847165008155005e-16
5602.273295866378 4.763247336488155e-16
5604.580987427948 4.885240462623065e-16
5606.888678989517 5.007432112104995e-16
5609.196370551086 5.041284048539805e-16
5611.504062112655 5.075051281679895e-16
5613.811753674226 4.995874347539704e-16
5616.119445235798 4.916588887303155e-16
5618.427136797367 4.978166859079565e-16
5620.734828358936 5.039886973572435e-16
5623.042519920506 5.001934868277315e-16
5625.350211482076 4.963881913121915e-16
5627.657903043645 4.871610908408354e-16
5629.965594605214 4.779285375948825e-16
5632.273286166786 4.773663194761425e-16
5634.580977728355 4.768128363846704e-16
5636.888669289925 4.765216158694935e-16
5639.196360851495 4.762306335823315e-16
5641.504052413064 4.730872149057325e-16
5643.811743974633 4.699407522044785e-16
5646.119435536205 4.777692159914595e-16
5648.427127097774 4.856092470721275e-16
5650.734818659344 4.797065126907285e-16
5653.042510220914 4.737893258096675e-16
5655.350201782483 4.580935141294695e-16
5657.657893344053 4.423874321747855e-16
5659.965584905623 4.553999758269805e-16
5662.273276467194 4.684428538465975e-16
5664.580968028763 4.625657157420735e-16
5666.888659590332 4.566686458935094e-16
5669.196351151902 4.614019454121055e-16
5671.504042713472 4.661469181035055e-16
5673.811734275042 4.564872749636794e-16
5676.119425836612 4.468117764258705e-16
5678.427117398182 4.524670183679935e-16
5680.734808959752 4.581391480295025e-16
5683.042500521321 4.500036612689215e-16
5685.350192082891 4.418529808548485e-16
5687.657883644461 4.465853009915984e-16
5689.965575206031 4.513317824604365e-16
5692.273266767602 4.560632026246804e-16
5694.580958329171 4.607945963191445e-16
5696.88864989074 4.572039177766155e-16
5699.19634145231 4.536036836436495e-16
5701.504033013879 4.589861545069774e-16
5703.81172457545 4.643789485843495e-16
5706.11941613702 4.634596266690025e-16
5708.42710769859 4.625330520340455e-16
5710.734799260159 4.616330530578085e-16
5713.042490821728 4.607330805513505e-16
5715.350182383298 4.600065380408434e-16
5717.657873944869 4.592801808187925e-16
5719.965565506439 4.579912878406474e-16
5722.273257068009 4.567017331180125e-16
5724.580948629578 4.560007339448204e-16
5726.888640191149 4.553004229858985e-16
5729.196331752718 4.610181865474405e-16
5731.504023314288 4.667435998752875e-16
5733.811714875857 4.695923569653605e-16
5736.119406437428 4.724376994538655e-16
5738.427097998998 4.643673812906635e-16
5740.734789560567 4.562840399958975e-16
5743.042481122136 4.464461228904525e-16
5745.350172683706 4.366061411421995e-16
5747.657864245276 4.378414063468725e-16
5749.965555806846 4.390903564275985e-16
5752.273247368416 4.366390430782444e-16
5754.580938929986 4.341831239872405e-16
5756.888630491556 4.308008949590745e-16
5759.196322053125 4.274175012606055e-16
5761.504013614696 4.252785577803315e-16
5763.811705176266 4.231411760170535e-16
5766.119396737836 4.218007199082435e-16
5768.427088299404 4.204612431812795e-16
5770.734779860975 4.166932435851985e-16
5773.042471422545 4.129222529040224e-16
5775.350162984115 4.094175746754185e-16
5777.657854545683 4.059132405539505e-16
5779.965546107253 4.144039252870065e-16
5782.273237668825 4.229100154317915e-16
5784.580929230394 4.285402963717504e-16
5786.888620791963 4.341668715425645e-16
5789.196312353533 4.290941235703565e-16
5791.504003915104 4.240076642523145e-16
5793.811695476674 4.296864642982835e-16
5796.119387038244 4.353791080389834e-16
5798.427078599813 4.404385152422725e-16
5800.734770161383 4.454970754126135e-16
5803.042461722951 4.462483671670484e-16
5805.350153284523 4.469938885095304e-16
5807.657844846092 4.487355470677625e-16
5809.965536407663 4.504785291149754e-16
5812.273227969231 4.477816820900365e-16
5814.580919530801 4.450789323042455e-16
5816.888611092371 4.419072703728115e-16
5819.196302653942 4.387349996364455e-16
5821.503994215511 4.478885670600675e-16
5823.81168577708 4.570585192772634e-16
5826.119377338651 4.592087653534275e-16
5828.427068900221 4.613493499600375e-16
5830.734760461791 4.526324280207245e-16
5833.042452023361 4.439006035954965e-16
5835.35014358493 4.380230419744995e-16
5837.657835146499 4.321494508204415e-16
5839.965526708071 4.377360301542775e-16
5842.27321826964 4.433383590069765e-16
5844.580909831209 4.464305851298265e-16
5846.888601392779 4.495193437115485e-16
5849.196292954349 4.517988417215085e-16
5851.503984515919 4.540772544705035e-16
5853.811676077488 4.542806747267425e-16
5856.119367639059 4.544811833072254e-16
5858.427059200628 4.535845195232185e-16
5860.734750762198 4.526863204919936e-16
5863.042442323768 4.454211071451564e-16
5865.350133885338 4.381468411336965e-16
5867.657825446908 4.397476010551085e-16
5869.965517008478 4.413609870613915e-16
5872.273208570046 4.400336599632644e-16
5874.580900131617 4.387021506399605e-16
5876.888591693188 4.405109630290424e-16
5879.196283254757 4.423242488108765e-16
5881.503974816325 4.343786033095985e-16
5883.811666377896 4.264186376575554e-16
5886.119357939467 4.232732866870455e-16
5888.427049501035 4.201350296174685e-16
5890.734741062605 4.250911782105305e-16
5893.042432624175 4.300591852648544e-16
5895.350124185747 4.359262383833505e-16
5897.657815747315 4.417946149908265e-16
5899.965507308886 4.307393791912794e-16
5902.273198870455 4.196593147384665e-16
5904.580890432026 4.143482328707244e-16
5906.888581993595 4.090459125000315e-16
5909.196273555165 4.125592992861235e-16
5911.503965116734 4.160860533109154e-16
5913.811656678304 4.081025824945864e-16
5916.119348239873 4.001016680934995e-16
5918.427039801444 4.127533492403835e-16
5920.734731363014 4.254363176667574e-16
5923.042422924583 4.286387110123095e-16
5925.350114486152 4.318267577373175e-16
5927.657806047722 4.272937550409675e-16
5929.965497609293 4.227490791718135e-16
5932.273189170863 4.205036477682014e-16
5934.580880732434 4.182618427243945e-16
5936.888572294003 4.179773455332355e-16
5939.196263855572 4.176959188365104e-16
5941.503955417142 4.121738198857844e-16
5943.811646978712 4.066435417731605e-16
5946.119338540282 4.080567633060955e-16
5948.427030101851 4.094808109788875e-16
5950.734721663421 4.134193818347215e-16
5953.042413224992 4.173618966877164e-16
5955.350104786561 4.065891728458594e-16
5957.65779634813 3.957934997050865e-16
5959.9654879097 3.968102039395875e-16
5962.273179471271 3.978458870060635e-16
5964.580871032841 4.004987147875255e-16
5966.888562594409 4.031541101376085e-16
5969.196254155981 3.988220130684355e-16
5971.50394571755 3.944786663429315e-16
5973.811637279119 3.927514602843615e-16
5976.119328840689 3.910284629207485e-16
5978.42702040226 3.901541925702834e-16
5980.73471196383 3.892812986483585e-16
5983.042403525398 3.905833735767455e-16
5985.350095086967 3.918890483951585e-16
5987.657786648539 3.932123520867865e-16
5989.965478210109 3.945357087179735e-16
5992.273169771678 3.971904423235665e-16
5994.580861333247 3.998473993906454e-16
5996.888552894819 3.925836418816865e-16
5999.196244456388 3.853034995791545e-16
6001.503936017956 3.809103102586604e-16
6003.811627579527 3.765219119682755e-16
6006.119319141098 3.767647192565615e-16
6008.427010702669 3.770151498413735e-16
6010.734702264237 3.775375309418124e-16
6013.042393825807 3.780603884982855e-16
6015.350085387377 3.744140704790325e-16
6017.657776948945 3.707606585588475e-16
6019.965468510516 3.794790892755975e-16
6022.273160072087 3.882185105275715e-16
6024.580851633656 3.784618556455035e-16
6026.888543195225 3.686738076048295e-16
6029.196234756794 3.612537989868815e-16
6031.503926318365 3.538378270103235e-16
6033.811617879935 3.612494711779165e-16
6036.119309441505 3.686863145756915e-16
6038.427001003075 3.724567096868265e-16
6040.734692564645 3.762207123461875e-16
6043.042384126215 3.788488173535015e-16
6045.350075687784 3.814749371273444e-16
6047.657767249354 3.892364853114935e-16
6049.965458810925 3.970069802811465e-16
6052.273150372494 3.881261574665404e-16
6054.580841934064 3.792163237734914e-16
6056.888533495634 3.830854379276505e-16
6059.196225057203 3.869768396362355e-16
6061.503916618772 3.863840753918345e-16
6063.811608180343 3.857832908042144e-16
6066.119299741914 3.844906655871455e-16
6068.426991303483 3.831967962904354e-16
6070.734682865052 3.859979607167845e-16
6073.042374426622 3.888064572720834e-16
6075.350065988192 3.947340732463084e-16
6077.657757549761 4.006672743440285e-16
6079.965449111332 4.017498089203995e-16
6082.273140672903 4.028236614090604e-16
6084.580832234472 4.026587811519215e-16
6086.88852379604 4.024916774332965e-16
6089.196215357611 4.028330052412594e-16
6091.503906919181 4.031752859612895e-16
6093.811598480752 4.119829727748565e-16
6096.11929004232 4.208061973490484e-16
6098.42698160389 4.200749432177725e-16
6100.734673165461 4.193261396226205e-16
6103.042364727029 4.254196417056085e-16
6105.350056288598 4.315256904641274e-16
6107.657747850169 4.271164604571956e-16
6109.965439411741 4.226879075111535e-16
6112.27313097331 4.270531976839475e-16
6114.580822534879 4.314346608920775e-16
6116.888514096449 4.315651304357345e-16
6119.196205658019 4.316876061059515e-16
6121.503897219589 4.367158319088695e-16
6123.811588781159 4.417532691950885e-16
6126.119280342729 4.429434034255405e-16
6128.426971904299 4.441262584666015e-16
6130.734663465867 4.509057248879675e-16
6133.042355027437 4.576957527513945e-16
6135.350046589007 4.570842743728155e-16
6137.657738150577 4.564588464203865e-16
6139.965429712147 4.549987204379985e-16
6142.273121273716 4.535369797990535e-16
6144.580812835288 4.550045967290695e-16
6146.888504396857 4.564779046617004e-16
6149.196195958426 4.623041149102705e-16
6151.503887519997 4.681387160789745e-16
6153.811579081567 4.618208561440825e-16
6156.119270643137 4.554795704542424e-16
6158.426962204706 4.494323904855575e-16
6160.734653766276 4.433857928520235e-16
6163.042345327844 4.502522654389405e-16
6165.350036889415 4.571436196186825e-16
6167.657728450985 4.568201324421706e-16
6169.965420012556 4.564823780544525e-16
6172.273111574124 4.589822634493755e-16
6174.580803135694 4.614877604375745e-16
6176.888494697263 4.714518060428205e-16
6179.196186258836 4.814305688455254e-16
6181.503877820404 4.704861355433914e-16
6183.811569381975 4.595004093850795e-16
6186.119260943544 4.656649298867385e-16
6188.426952505114 4.718633317062885e-16
6190.734644066683 4.688203923130565e-16
6193.042335628253 4.657592152416794e-16
6195.350027189824 4.628549774935614e-16
6197.657718751392 4.599510309130185e-16
6199.965410312962 4.645794042252735e-16
6202.273101874533 4.692229711910195e-16
6204.580793436103 4.675700393340115e-16
6206.888484997671 4.659044019827955e-16
6209.196176559241 4.644256677453465e-16
6211.503868120811 4.629473040848125e-16
6213.811559682384 4.581548446088065e-16
6216.119251243952 4.533556882785615e-16
6218.426942805521 4.528411157631045e-16
6220.734634367091 4.523354106238144e-16
6223.042325928662 4.443700186669534e-16
6225.350017490231 4.363892212983635e-16
6227.6577090518 4.336655868564675e-16
6229.965400613371 4.309527785544285e-16
6232.27309217494 4.356671786503885e-16
6234.58078373651 4.403969312185175e-16
6236.88847529808 4.448961055365365e-16
6239.19616685965 4.493948298683025e-16
6241.503858421219 4.464095681248235e-16
6243.811549982789 4.434088744998354e-16
6246.119241544359 4.409356706427515e-16
6248.426933105929 4.384635785164105e-16
6250.734624667499 4.418070293174595e-16
6253.042316229069 4.451627356264644e-16
6255.350007790638 4.459228947570665e-16
6257.657699352209 4.466775746432905e-16
6259.965390913779 4.357848103509385e-16
6262.273082475348 4.248674556333375e-16
6264.580774036918 4.251253242262165e-16
6266.888465598488 4.254067773927215e-16
6269.196157160058 4.345128315619585e-16
6271.503848721627 4.436375204560355e-16
6273.811540283198 4.337238997809305e-16
6276.119231844767 4.237691980078835e-16
6278.426923406336 4.235436225461175e-16
6280.734614967907 4.233390376195765e-16
6283.042306529477 4.303943985537305e-16
6285.349998091046 4.374654031276305e-16
6287.657689652616 4.296483213458775e-16
6289.965381214186 4.217991052516885e-16
6292.273072775756 4.183695217878144e-16
6294.580764337326 4.149494674445975e-16
6296.888455898896 4.227303650376355e-16
6299.196147460466 4.305359589350405e-16
6301.503839022034 4.261436695870535e-16
6303.811530583605 4.217245134127705e-16
6306.119222145175 4.146319624382754e-16
6308.426913706745 4.075335351727085e-16
6310.734605268314 4.114321366613445e-16
6313.042296829884 4.153549579983165e-16
6315.349988391454 4.092070340484664e-16
6317.657679953024 4.030369019535315e-16
6319.965371514593 4.046656933715425e-16
6322.273063076163 4.063116901462944e-16
6324.580754637734 4.106695687807995e-16
6326.888446199304 4.150335354646125e-16
6329.196137760873 4.092667234014685e-16
6331.503829322442 4.034770943883075e-16
6333.811520884013 4.026320466745235e-16
6336.119212445582 4.017981427379515e-16
6338.426904007153 4.070360356650945e-16
6340.734595568722 4.122876134682915e-16
6343.042287130293 4.098168977704905e-16
6345.349978691861 4.073287914274894e-16
6347.657670253431 4.067560648062475e-16
6349.965361815001 4.061876527590805e-16
6352.273053376571 3.987459653916394e-16
6354.580744938141 3.912885285053355e-16
6356.888436499711 3.876702419826815e-16
6359.196128061281 3.840607698966345e-16
6361.503819622851 3.955360281589004e-16
6363.811511184421 4.070459618324455e-16
6366.11920274599 4.016403034421875e-16
6368.42689430756 3.961958403550325e-16
6370.734585869131 3.908832232400735e-16
6373.0422774307 3.855709237624704e-16
6375.349968992269 3.892289149545265e-16
6377.657660553839 3.929079231515875e-16
6379.965352115409 3.964674202937456e-16
6382.27304367698 4.000266527381085e-16
6384.580735238549 3.989696614990535e-16
6386.888426800118 3.979018705899205e-16
6389.196118361688 3.930197579704045e-16
6391.503809923258 3.881287250351625e-16
6393.811501484829 3.875577983589335e-16
6396.119193046399 3.869969831385114e-16
6398.426884607969 3.831551593271215e-16
6400.734576169538 3.793056328098675e-16
6403.042267731107 3.795788009353565e-16
6405.349959292677 3.798618422886374e-16
6407.657650854248 3.769314788680525e-16
6409.965342415817 3.739934127416024e-16
6412.273033977387 3.677375450305375e-16
6414.580725538956 3.614737363855924e-16
6416.888417100527 3.586448845697795e-16
6419.196108662096 3.558242251507525e-16
6421.503800223665 3.502213536675715e-16
6423.811491785235 3.446118250348215e-16
6426.119183346806 3.371099189187855e-16
6428.426874908377 3.296034864704385e-16
6430.734566469946 3.175080942116634e-16
6433.042258031515 3.054015184710065e-16
6435.349949593085 2.937391585716255e-16
6437.657641154655 2.820778706983185e-16
6439.965332716226 2.928376111132815e-16
6442.273024277795 3.036519322137835e-16
6444.580715839365 2.989945612579755e-16
6446.888407400934 2.942995238057935e-16
6449.196098962503 2.819336368692695e-16
6451.503790524073 2.695490755032355e-16
6453.811482085644 2.715910337110495e-16
6456.119173647214 2.736687790608845e-16
6458.426865208783 2.747132103895185e-16
6460.734556770352 2.757550873844205e-16
6463.042248331923 2.722233835108435e-16
6465.349939893493 2.686803241018175e-16
6467.657631455063 2.689477879898035e-16
6469.965323016633 2.692247148239965e-16
6472.273014578202 2.617923580538645e-16
6474.580706139773 2.543408768679705e-16
6476.888397701342 2.498302874574985e-16
6479.196089262911 2.453270037061961e-16
6481.50378082448 2.426009671318011e-16
6483.811472386053 2.398794238024934e-16
6486.119163947622 2.357468096098438e-16
6488.426855509191 2.316106352318377e-16
6490.734547070761 2.303724186467397e-16
6493.04223863233 2.291415143382567e-16
6495.3499301939 2.332493131125298e-16
6497.657621755472 2.373705982395099e-16
6499.965313317041 2.401172680071045e-16
6502.273004878611 2.428604569986814e-16
6504.58069644018 2.487300710683536e-16
6506.888388001749 2.546075863672365e-16
6509.196079563319 2.594096543732375e-16
6511.50377112489 2.642089562872705e-16
6513.81146268646 2.665538346528465e-16
6516.119154248028 2.688923999759865e-16
6518.426845809599 2.714358149234645e-16
6520.734537371169 2.739797725014245e-16
6523.042228932738 2.842894604887095e-16
6525.349920494307 2.946191199247045e-16
6527.657612055878 3.007441475151985e-16
6529.965303617449 3.068583622007255e-16
6532.272995179017 3.056069239607165e-16
6534.580686740588 3.043362024862675e-16
6536.888378302157 3.053708399964485e-16
6539.196069863727 3.064115126163795e-16
6541.503761425298 3.129643050801265e-16
6543.811452986868 3.195315235737565e-16
6546.119144548437 3.248133431001485e-16
6548.426836110007 3.300917877296404e-16
6550.734527671575 3.342949240325945e-16
6553.042219233146 3.384952280691305e-16
6555.349910794716 3.344415533766975e-16
6557.657602356287 3.303662793441105e-16
6559.965293917856 3.355794759668855e-16
6562.272985479425 3.408174218335875e-16
6564.580677040995 3.433484489242115e-16
6566.888368602564 3.458722629998945e-16
6569.196060164136 3.443110621640965e-16
6571.503751725706 3.427389690139925e-16
6573.811443287275 3.444076503898635e-16
6576.119134848845 3.460849609138845e-16
6578.426826410415 3.503694917891125e-16
6580.734517971984 3.546609842163765e-16
6583.042209533553 3.512167629643835e-16
6585.349901095124 3.477519217540805e-16
6587.657592656695 3.465983555241485e-16
6589.965284218264 3.454510361622035e-16
6592.272975779832 3.493041758043735e-16
6594.580667341403 3.531708547388095e-16
6596.888358902973 3.504145301191055e-16
6599.196050464543 3.476402457539415e-16
6601.503742026112 3.547133282055395e-16
6603.811433587683 3.618131186647555e-16
6606.119125149253 3.591278786381715e-16
6608.426816710823 3.564161291273165e-16
6610.734508272391 3.505474348824855e-16
6613.042199833963 3.446700585499445e-16
6615.349891395532 3.597679179089405e-16
6617.657582957102 3.749236137363655e-16
6619.965274518671 3.722746770125054e-16
6622.272966080242 3.695766520823735e-16
6624.580657641811 3.640739951847645e-16
6626.88834920338 3.585635958766225e-16
6629.196040764949 3.576722392834245e-16
6631.503732326521 3.567936014193265e-16
6633.811423888091 3.610021772619875e-16
6636.119115449659 3.652247820878385e-16
6638.426807011229 3.588104795109675e-16
6640.7344985728 3.523663719622645e-16
6643.042190134371 3.513224832641125e-16
6645.349881695939 3.502937220450025e-16
6647.65757325751 3.580892706610495e-16
6649.965264819079 3.659095552861345e-16
6652.272956380649 3.592764005715165e-16
6654.580647942218 3.526027338592185e-16
6656.888339503789 3.579208831581135e-16
6659.196031065359 3.632726358422134e-16
6661.503722626928 3.600293334522865e-16
6663.811414188497 3.567619303280325e-16
6666.119105750068 3.519416378787765e-16
6668.426797311638 3.471169382112155e-16
6670.734488873207 3.454677915326915e-16
6673.042180434777 3.438277107536805e-16
6675.349871996347 3.443462272662974e-16
6677.657563557918 3.448708847677825e-16
6679.965255119487 3.471417139249225e-16
6682.272946681057 3.494175194006274e-16
6684.580638242626 3.489147391719835e-16
6686.888329804196 3.484040444792375e-16
6689.196021365766 3.499965590643045e-16
6691.503712927337 3.515951749335694e-16
6693.811404488906 3.479625285554815e-16
6696.119096050475 3.443147282285715e-16
6698.426787612044 3.479575919415855e-16
6700.734479173616 3.516215520689425e-16
6703.042170735185 3.529401176700215e-16
6705.349862296754 3.542519070075225e-16
6707.657553858325 3.493811763932345e-16
6709.965245419896 3.444925389730465e-16
6712.272936981465 3.393183323356245e-16
6714.580628543034 3.341432919001465e-16
6716.888320104605 3.381435241075625e-16
6719.196011666174 3.421707290203935e-16
6721.503703227744 3.457418861004665e-16
6723.811394789313 3.493116932217805e-16
6726.119086350884 3.485770906633835e-16
6728.426777912454 3.478298090805585e-16
6730.734469474022 3.470122634677805e-16
6733.042161035592 3.461945060967655e-16
6735.349852597163 3.482960610133525e-16
6737.657544158733 3.504062053734205e-16
6739.965235720301 3.467502655892835e-16
6742.272927281871 3.430773719113105e-16
6744.580618843444 3.417103798484505e-16
6746.888310405012 3.403502831631765e-16
6749.196001966581 3.384579983241205e-16
6751.503693528152 3.365641120633985e-16
6753.811385089722 3.383942590948395e-16
6756.119076651291 3.402355101988235e-16
6758.426768212861 3.384818740653215e-16
6760.734459774431 3.367174912013005e-16
6763.042151336001 3.325738060233325e-16
6765.349842897569 3.284230137095415e-16
6767.65753445914 3.336487834776275e-16
6769.96522602071 3.389029950238945e-16
6772.272917582281 3.379964977167655e-16
6774.580609143849 3.370712995103465e-16
6776.888300705418 3.321867781408864e-16
6779.195992266989 3.272902394914875e-16
6781.50368382856 3.279923768652015e-16
6783.811375390129 3.287114813676414e-16
6786.1190669517 3.282059879865874e-16
6788.426758513269 3.276967888363895e-16
6790.734450074839 3.321410383617345e-16
6793.042141636408 3.366003227218935e-16
6795.349833197979 3.375930982756355e-16
6797.657524759548 3.385751932733075e-16
6799.965216321117 3.359351636302824e-16
6802.272907882688 3.332839902100465e-16
6804.580599444258 3.302859435630195e-16
6806.888291005826 3.272868381248085e-16
6809.195982567396 3.293051191147685e-16
6811.503674128966 3.313388452211255e-16
6813.811365690537 3.372027484358485e-16
6816.119057252106 3.430784439373845e-16
6818.426748813677 3.384936001776845e-16
6820.734440375247 3.338765294613205e-16
6823.042131936817 3.299176298147515e-16
6825.349823498386 3.259607815761025e-16
6827.657515059956 3.239114780044484e-16
6829.965206621527 3.218681433680955e-16
6832.272898183096 3.273188003836775e-16
6834.580589744665 3.327928699193165e-16
6836.888281306235 3.393343200825045e-16
6839.195972867805 3.458791186728115e-16
6841.503664429374 3.451639184628635e-16
6843.811355990944 3.444260336517965e-16
6846.119047552515 3.390439598351635e-16
6848.426739114085 3.336471555861815e-16
6850.734430675653 3.294374547778865e-16
6853.042122237223 3.252315259131855e-16
6855.349813798794 3.291892344196725e-16
6857.657505360365 3.331728436054985e-16
6859.965196921934 3.300477420163835e-16
6862.272888483503 3.269000881750475e-16
6864.580580045073 3.240320875552045e-16
6866.888271606643 3.211649604380875e-16
6869.195963168212 3.147122766807935e-16
6871.503654729782 3.082482109182715e-16
6873.811346291353 3.138307139060485e-16
6876.119037852922 3.194519818860535e-16
6878.426729414491 3.307647024666755e-16
6880.734420976061 3.420957401347815e-16
6883.042112537632 3.349258444642905e-16
6885.349804099201 3.276964050245855e-16
6887.657495660772 3.222254721578295e-16
6889.965187222342 3.167602038239075e-16
6892.272878783912 3.202961693320005e-16
6894.580570345481 3.238610927789775e-16
6896.88826190705 3.231401486268555e-16
6899.19595346862 3.224054137195615e-16
6901.50364503019 3.267057073485425e-16
6903.811336591761 3.310224387106565e-16
6906.11902815333 3.360996336058385e-16
6908.4267197149 3.411793166603015e-16
6910.734411276469 3.384305888673435e-16
6913.042102838038 3.356563177370685e-16
6915.349794399609 3.313138709840715e-16
6917.65748596118 3.269663023287215e-16
6919.965177522748 3.239558678248405e-16
6922.272869084319 3.209498008345945e-16
6924.580560645888 3.336284546868935e-16
6926.888252207459 3.463590422467695e-16
6929.195943769028 3.738429055747875e-16
6931.503635330599 4.013756056461705e-16
6933.811326892169 4.141163576014145e-16
6936.119018453738 4.268081669341745e-16
6938.426710015307 4.149420294365295e-16
6940.734401576877 4.029946032457285e-16
6943.042093138447 3.818914655791575e-16
6945.349784700017 3.607579935451625e-16
6947.657476261587 3.490425352679005e-16
6949.965167823157 3.373582451561195e-16
6952.272859384727 3.388123624985385e-16
6954.580550946295 3.403105917286635e-16
6956.888242507865 3.453768678397595e-16
6959.195934069437 3.504551347610145e-16
6961.503625631007 3.450730874141605e-16
6963.811317192576 3.396559279046645e-16
6966.119008754145 3.292228775095455e-16
6968.426700315716 3.187730055694895e-16
6970.734391877285 3.158934508908495e-16
6973.042083438854 3.130392939657375e-16
6975.349775000425 3.138395415775465e-16
6977.657466561996 3.146520579321995e-16
6979.965158123564 3.107868745403105e-16
6982.272849685134 3.069057828108815e-16
6984.580541246703 3.046890314134685e-16
6986.888232808274 3.024779577837795e-16
6989.195924369843 2.980674572274255e-16
6991.503615931413 2.936494657234454e-16
6993.811307492984 2.955281848004555e-16
6996.118999054554 2.974283311640535e-16
6998.426690616123 2.975235429612805e-16
7000.734382177692 2.976126270045295e-16
7003.042073739263 3.003424818446325e-16
7005.349765300833 3.030814290540285e-16
7007.657456862403 3.013718651035625e-16
7009.965148423972 2.996469619158185e-16
7012.272839985542 2.959026527724805e-16
7014.580531547111 2.921513953119975e-16
7016.888223108681 2.906327843515785e-16
7019.195914670251 2.891218760970245e-16
7021.503606231822 2.886739412517145e-16
7023.811297793391 2.882296724708795e-16
7026.11898935496 2.935050995454975e-16
7028.426680916531 2.988002466059194e-16
7030.7343724781 2.899002861406615e-16
7033.042064039671 2.809507080735395e-16
7035.349755601241 2.810354643078245e-16
7037.657447162811 2.811517857542835e-16
7039.96513872438 2.832426204101325e-16
7042.27283028595 2.853403636784565e-16
7044.580521847519 2.840526618403935e-16
7046.88821340909 2.827531280108475e-16
7049.195904970659 2.816266536003385e-16
7051.503596532229 2.805007747598705e-16
7053.811288093799 2.837236424799445e-16
7056.118979655368 2.869616906186195e-16
7058.426671216937 2.889935506055155e-16
7060.734362778509 2.910211357230055e-16
7063.042054340079 2.849534813797985e-16
7065.349745901649 2.788571735001725e-16
7067.657437463218 2.789653422545145e-16
7069.965129024788 2.790954809259265e-16
7072.272820586359 2.836088430458115e-16
7074.580512147927 2.881377296914335e-16
7076.888203709497 2.846135564701535e-16
7079.195895271067 2.810608752962414e-16
7081.503586832638 2.836405009022155e-16
7083.811278394207 2.862421361299275e-16
7086.118969955776 2.890293906870955e-16
7088.426661517346 2.918173202236445e-16
7090.734353078916 2.956475105669005e-16
7093.042044640485 2.994814463839685e-16
7095.349736202056 3.029871966386465e-16
7097.657427763625 3.064917689881315e-16
7099.965119325196 3.089469336904175e-16
7102.272810886765 3.113983396839995e-16
7104.580502448335 3.106832188833905e-16
7106.888194009905 3.099567425473324e-16
7109.195885571476 3.006712497421755e-16
7111.503577133045 2.913546681808765e-16
7113.811268694614 2.957461237308065e-16
7116.118960256184 3.001873821710565e-16
7118.426651817755 2.952505962217725e-16
7120.734343379324 2.902797569010315e-16
7123.042034940893 2.837878184605885e-16
7125.349726502463 2.772903478362085e-16
7127.657418064033 2.752860031852095e-16
7129.965109625603 2.732979771533335e-16
7132.272801187172 2.701451881747555e-16
7134.580492748742 2.669881640314405e-16
7136.888184310313 2.702264503981325e-16
7139.195875871883 2.734882551640005e-16
7141.503567433453 2.758382289621495e-16
7143.811258995022 2.781848410982885e-16
7146.118950556592 2.768889336285495e-16
7148.426642118162 2.755796192154405e-16
7150.734333679731 2.707581753307715e-16
7153.042025241301 2.659238141936565e-16
7155.349716802872 2.674579629147015e-16
7157.657408364441 2.690155506255835e-16
7159.96509992601 2.651704577964125e-16
7162.27279148758 2.613052479347445e-16
7164.580483049151 2.540619250956375e-16
7166.88817461072 2.468060224937756e-16
7169.19586617229 2.507080121142005e-16
7171.50355773386 2.546515592886005e-16
7173.811249295431 2.577934890400975e-16
7176.118940857 2.609324343239435e-16
7178.42663241857 2.593183203987225e-16
7180.734323980139 2.576865048083915e-16
7183.042015541709 2.572379479232615e-16
7185.34970710328 2.567937982564345e-16
7187.657398664849 2.591010432128615e-16
7189.965090226418 2.614186709403375e-16
7192.272781787989 2.579627765155395e-16
7194.580473349558 2.544851173144645e-16
7196.888164911128 2.558016315076245e-16
7199.195856472698 2.571362245602525e-16
7201.503548034268 2.598305900433535e-16
7203.811239595837 2.625300840462535e-16
7206.118931157408 2.587910820937255e-16
7208.426622718978 2.550278007358585e-16
7210.734314280547 2.537624592441135e-16
7213.042005842117 2.525065476113525e-16
7215.349697403687 2.561242451814105e-16
7217.657388965256 2.597605510065275e-16
7219.965080526827 2.545165501777415e-16
7222.272772088397 2.492386547961757e-16
7224.580463649966 2.484010450904596e-16
7226.888155211535 2.475803892785784e-16
7229.195846773106 2.464999061101269e-16
7231.503538334676 2.454184237074955e-16
7233.811229896246 2.402029440662302e-16
7236.118921457815 2.349716818188775e-16
7238.426613019385 2.376650282154645e-16
7240.734304580955 2.403889935296057e-16
7243.041996142525 2.42934850314252e-16
7245.349687704094 2.454800188846286e-16
7247.657379265665 2.514762974671395e-16
7249.965070827235 2.574859168185705e-16
7252.272762388804 2.542640417152315e-16
7254.580453950373 2.510064985838795e-16
7256.888145511944 2.552840745245175e-16
7259.195837073514 2.595907606052725e-16
7261.503528635083 2.597545622188925e-16
7263.811220196653 2.599023496158545e-16
7266.118911758223 2.571111245917445e-16
7268.426603319793 2.543084050658435e-16
7270.734294881361 2.497373917659855e-16
7273.041986442932 2.451594632362072e-16
7275.349678004502 2.421676899269458e-16
7277.657369566074 2.391821171635561e-16
7279.965061127642 2.49390419277522e-16
7282.272752689212 2.596503109919315e-16
7284.580444250782 2.525138400356325e-16
7286.888135812352 2.453093549806467e-16
7289.195827373921 2.481829208716518e-16
7291.503518935492 2.510958870295945e-16
7293.811210497061 2.551102276295385e-16
7296.118902058631 2.591289225082275e-16
7298.426593620201 2.512967066299875e-16
7300.73428518177 2.434176061546277e-16
7303.04197674334 2.43506240211624e-16
7305.349668304909 2.436263997761259e-16
7307.65735986648 2.459900121282145e-16
7309.96505142805 2.483624984739146e-16
7312.27274298962 2.513080754003265e-16
7314.580434551189 2.542559287277835e-16
7316.888126112759 2.509672174309505e-16
7319.195817674329 2.476535451319526e-16
7321.5035092359 2.449703366609531e-16
7323.811200797469 2.422896494364606e-16
7326.118892359039 2.456343112299269e-16
7328.426583920608 2.490030936100553e-16
7330.734275482177 2.509245812334565e-16
7333.041967043749 2.528402785925705e-16
7335.349658605319 2.536709863032555e-16
7337.657350166888 2.544973463526405e-16
7339.965041728457 2.571048578714245e-16
7342.272733290027 2.597194963783655e-16
7344.580424851597 2.569472303338965e-16
7346.888116413167 2.541531531910345e-16
7349.195807974736 2.527085914390515e-16
7351.503499536308 2.512694890791115e-16
7353.811191097877 2.474962617015593e-16
7356.118882659447 2.437135912301339e-16
7358.426574221015 2.414341593946236e-16
7360.734265782586 2.391608156084216e-16
7363.041957344156 2.407613042145933e-16
7365.349648905725 2.42377476165179e-16
7367.657340467296 2.375219590567173e-16
7369.965032028866 2.326402368664498e-16
7372.272723590435 2.352423419327497e-16
7374.580415152003 2.378750791514937e-16
7376.888106713574 2.393923732403773e-16
7379.195798275146 2.409051012922796e-16
7381.503489836716 2.346136780497645e-16
7383.811181398284 2.282902991658254e-16
7386.118872959854 2.328336383111096e-16
7388.426564521424 2.374214731559043e-16
7390.734256082993 2.382835806426418e-16
7393.041947644564 2.391304349188838e-16
7395.349639206134 2.33463949937875e-16
7397.657330767704 2.277704856340072e-16
7399.965022329272 2.297955296526555e-16
7402.272713890842 2.318525359301727e-16
7404.580405452412 2.381352109105294e-16
7406.888097013982 2.444353824152028e-16
7409.195788575552 2.474373201198312e-16
7411.503480137123 2.504255928007405e-16
7413.811171698692 2.471553640275139e-16
7416.118863260262 2.438592147226126e-16
7418.426554821831 2.429510034972539e-16
7420.734246383401 2.420526853520213e-16
7423.041937944973 2.419990244913238e-16
7425.349629506542 2.419488907287582e-16
7427.657321068111 2.450673351683035e-16
7429.965012629681 2.481990475848742e-16
7432.27270419125 2.545366738276835e-16
7434.58039575282 2.608877136313065e-16
7436.88808731439 2.565895177323585e-16
7439.195778875961 2.522467268722265e-16
7441.50347043753 2.473122040890989e-16
7443.811161999099 2.423752063815782e-16
7446.11885356067 2.382343071479132e-16
7448.426545122239 2.340967431064781e-16
7450.734236683809 2.309507833310368e-16
7453.041928245379 2.278090190156624e-16
7455.34961980695 2.323617416978155e-16
7457.65731136852 2.369470420612133e-16
7459.965002930088 2.421030242553789e-16
7462.272694491658 2.47261421816933e-16
7464.580386053228 2.448360951737031e-16
7466.888077614798 2.423786673052611e-16
7469.195769176368 2.455407934985941e-16
7471.503460737938 2.487267094063442e-16
7473.811152299508 2.448479073128503e-16
7476.118843861077 2.409388767310513e-16
7478.426535422645 2.403837789830241e-16
7480.734226984217 2.39843034472986e-16
7483.041918545788 2.337969596175991e-16
7485.349610107356 2.277273266583667e-16
7487.657301668925 2.276543296236701e-16
7489.964993230496 2.276069950402974e-16
7492.272684792067 2.312592886122946e-16
7494.580376353636 2.349274177299386e-16
7496.888067915205 2.394616446535949e-16
7499.195759476776 2.439995773463955e-16
7501.503451038346 2.428898913935985e-16
7503.811142599915 2.417557738342291e-16
7506.118834161484 2.3152143207458e-16
7508.426525723055 2.212477297526632e-16
7510.734217284625 2.229377987104519e-16
7513.041908846194 2.246796227048069e-16
7515.349600407765 2.284295897635344e-16
7517.657291969334 2.321882322925264e-16
7519.964983530903 2.290728583474148e-16
7522.272675092472 2.259277389874759e-16
7524.580366654045 2.25413960565407e-16
7526.888058215615 2.249115641485668e-16
7529.195749777184 2.279394885593192e-16
7531.503441338753 2.309828514690243e-16
7533.811132900323 2.378892934231398e-16
7536.118824461893 2.448126230966413e-16
7538.426516023463 2.354089096383382e-16
7540.734207585032 2.259338204193394e-16
7543.041899146603 2.275422830466161e-16
7545.349590708171 2.291992052228986e-16
7547.657282269742 2.278597218784895e-16
7549.964973831311 2.265071426106224e-16
7552.272665392882 2.249010159413955e-16
7554.580356954451 2.232937709239805e-16
7556.888048516021 2.310626313847438e-16
7559.195740077593 2.388729170505838e-16
7561.503431639162 2.38184484405258e-16
7563.81112320073 2.374585043775671e-16
7566.118814762301 2.317537043905849e-16
7568.426506323871 2.260269080167537e-16
7570.734197885441 2.259576167512013e-16
7573.04188944701 2.259133261924828e-16
7575.34958100858 2.270902718552477e-16
7577.65727257015 2.282726173530514e-16
7579.964964131718 2.271144056767996e-16
7582.272655693289 2.2594574505505e-16
7584.580347254859 2.271609527842292e-16
7586.88803881643 2.283868013648083e-16
7589.195730377998 2.320850133869695e-16
7591.503421939567 2.357942699246696e-16
7593.811113501139 2.314891720306904e-16
7596.11880506271 2.271482936121347e-16
7598.426496624278 2.251023847897154e-16
7600.734188185847 2.230667131545571e-16
7603.041879747419 2.163800828676989e-16
7605.349571308988 2.096726870387433e-16
7607.657262870557 2.123361755239395e-16
7609.964954432127 2.150419296297148e-16
7612.272645993698 2.21204213434998e-16
7614.580337555266 2.273820945579115e-16
7616.888029116837 2.325640436058663e-16
7619.195720678406 2.377414994087338e-16
7621.503412239977 2.425259914810793e-16
7623.811103801546 2.473087100781915e-16
7626.118795363115 2.446190032762997e-16
7628.426486924686 2.418955938275302e-16
7630.734178486256 2.352740394938228e-16
7633.041870047826 2.286347173205577e-16
7635.349561609395 2.24669312725652e-16
7637.657253170965 2.207160974642529e-16
7639.964944732536 2.230201726645724e-16
7642.272636294105 2.253527624349679e-16
7644.580327855674 2.264435622000191e-16
7646.888019417245 2.275287040496804e-16
7649.195710978815 2.302499628288574e-16
7651.503402540384 2.329786794684371e-16
7653.811094101954 2.373985370918795e-16
7656.118785663524 2.418261040386308e-16
7658.426477225093 2.426367476563777e-16
7660.734168786663 2.434307484002e-16
7663.041860348234 2.397873023520346e-16
7665.349551909804 2.361234216340167e-16
7667.657243471373 2.348642740706987e-16
7669.964935032943 2.336161908752542e-16
7672.272626594514 2.336173489281118e-16
7674.580318156082 2.336242641580327e-16
7676.888009717652 2.32342299644698e-16
7679.195701279222 2.310543992832877e-16
7681.503392840793 2.296841845247609e-16
7683.811084402362 2.2831358595443e-16
7686.118775963932 2.343987434393988e-16
7688.426467525501 2.40518563100756e-16
7690.734159087071 2.45458128376898e-16
7693.04185064864 2.503922011737725e-16
7695.349542210211 2.485902444576076e-16
7697.657233771781 2.467569673747288e-16
7699.96492533335 2.344358011308411e-16
7702.27261689492 2.220658643180373e-16
7704.58030845649 2.112666508442431e-16
7706.888000018062 2.004747397208966e-16
7709.19569157963 2.124666053629269e-16
7711.5033831412 2.245654585453848e-16
7713.811074702769 2.278357270232805e-16
7716.11876626434 2.310645305914302e-16
7718.426457825909 2.301046768260686e-16
7720.734149387478 2.291251427795731e-16
7723.041840949048 2.330551043395921e-16
7725.34953251062 2.370081144601993e-16
7727.657224072188 2.339694367014837e-16
7729.964915633758 2.308979231811722e-16
7732.272607195328 2.310654371813816e-16
7734.580298756897 2.31248164687417e-16
7736.887990318468 2.304771992692931e-16
7739.195681880037 2.297017141363022e-16
7741.503373441609 2.209475028949758e-16
7743.811065003178 2.121554597211538e-16
7746.118756564747 2.09824358875861e-16
7748.426448126316 2.075238968004571e-16
7750.734139687886 2.070879924699764e-16
7753.041831249457 2.066609224284377e-16
7755.349522811027 2.17675447706957e-16
7757.657214372596 2.2874422279877e-16
7759.964905934165 2.320322061766642e-16
7762.272597495736 2.352832906817936e-16
7764.580289057305 2.313635861613702e-16
7766.887980618875 2.274095437193585e-16
7769.195672180445 2.201300300740917e-16
7771.503363742016 2.128345948563946e-16
7773.811055303586 2.10883937535872e-16
7776.118746865156 2.089588764922243e-16
7778.426438426724 2.088702358177831e-16
7780.734129988295 2.087903897276146e-16
7783.041821549865 2.105090526648181e-16
7785.349513111436 2.122363182803921e-16
7787.657204673004 2.151214183778587e-16
7789.964896234574 2.18012116833711e-16
7792.272587796143 2.204144081512426e-16
7794.580279357712 2.228143370409447e-16
7796.887970919283 2.225363183283432e-16
7799.195662480854 2.222453558935164e-16
7801.503354042423 2.19183940594123e-16
7803.811045603992 2.161091315862511e-16
7806.118737165561 2.140575516135522e-16
7808.426428727133 2.120109214896388e-16
7810.734120288704 2.064257913762358e-16
7813.041811850273 2.008235584764877e-16
7815.349503411842 2.003499975758011e-16
7817.657194973412 1.999014638517279e-16
7819.964886534982 2.064201466957357e-16
7822.272578096551 2.129728332803644e-16
7824.58026965812 2.095043789451459e-16
7826.887961219692 2.059870150746683e-16
7829.195652781261 2.092514999057211e-16
7831.503344342831 2.125490785787209e-16
7833.8110359044 2.206817529252197e-16
7836.11872746597 2.288380250802335e-16
7838.426419027539 2.146049003336009e-16
7840.73411058911 2.002624984106053e-16
7843.041802150681 1.962354556251745e-16
7845.34949371225 1.922592381253015e-16
7847.65718527382 1.990273324676064e-16
7849.964876835389 2.058483597516697e-16
7852.272568396958 2.061665198850372e-16
7854.580259958529 2.064526383501968e-16
7856.8879515201 2.133327561084985e-16
7859.195643081669 2.202453655212612e-16
7861.503334643238 2.147050950668383e-16
7863.811026204808 2.091034676632986e-16
7866.118717766378 2.09330452640828e-16
7868.426409327947 2.095864154095764e-16
7870.734100889518 2.068372442478095e-16
7873.041792451088 2.0407312096929e-16
7875.349484012658 2.038112322786333e-16
7877.657175574228 2.035617876931118e-16
7879.964867135797 2.024061369680364e-16
7882.272558697367 2.012459797629839e-16
7884.580250258937 2.068518026265904e-16
7886.887941820508 2.124912751975156e-16
7889.195633382077 2.145745064091733e-16
7891.503324943646 2.16640055808057e-16
7893.811016505216 2.122587911232739e-16
7896.118708066785 2.078451671329278e-16
7898.426399628356 2.062815112250719e-16
7900.734091189926 2.047321589243682e-16
7903.041782751496 2.028258417934009e-16
7905.349474313065 2.009177346435881e-16
7907.657165874634 1.979487617407311e-16
7909.964857436205 1.949744651034518e-16
7912.272548997775 1.878239618552412e-16
7914.580240559344 1.806524978503086e-16
7916.887932120915 1.88295348925278e-16
7919.195623682484 1.96012563537316e-16
7921.503315244055 1.972346467917467e-16
7923.811006805624 1.984238248014101e-16
7926.118698367193 1.987788540290403e-16
7928.426389928763 1.991296580181016e-16
7930.734081490334 1.923062649974864e-16
7933.041773051904 1.854465289694781e-16
7935.349464613473 1.886261748481849e-16
7937.657156175042 1.91856679099674e-16
7939.964847736612 1.956223295028155e-16
7942.272539298182 1.993906897496438e-16
7944.580230859752 2.046056962435986e-16
7946.887922421322 2.098280977322297e-16
7949.195613982892 2.107235769936e-16
7951.503305544462 2.115969407541131e-16
7953.810997106031 2.070655394794292e-16
7956.118688667602 2.025065136810085e-16
7958.426380229172 2.018625899700829e-16
7960.734071790742 2.012386840299811e-16
7963.041763352311 2.014742981556607e-16
7965.34945491388 2.017143062647542e-16
7967.657146475451 2.007337862189686e-16
7969.96483803702 1.997470292313643e-16
7972.27252959859 1.938253325616033e-16
7974.580221160159 1.878781818900328e-16
7976.88791272173 1.841751622941514e-16
7979.1956042833 1.804837199181233e-16
7981.503295844869 1.913151603485825e-16
7983.810987406438 2.022215168727595e-16
7986.11867896801 2.050045097954125e-16
7988.426370529579 2.07745601056956e-16
7990.73406209115 1.990663588489066e-16
7993.041753652718 1.903282081463537e-16
7995.349445214289 1.914347044907087e-16
7997.657136775858 1.925919797985071e-16
7999.964828337429 1.909321525639133e-16
8002.272519898998 1.892576577626977e-16
8004.580211460569 1.922258233372769e-16
8006.887903022138 1.952181525119099e-16
8009.195594583706 1.976335695314015e-16
8011.503286145277 2.000459855396307e-16
8013.810977706848 2.017852055694174e-16
8016.118669268417 2.035209183534068e-16
8018.426360829985 2.07467681606028e-16
8020.734052391557 2.11425959212776e-16
8023.041743953127 2.15922327734157e-16
8025.349435514697 2.204215285219554e-16
8027.657127076265 2.121014282835419e-16
8029.964818637836 2.037140153956012e-16
8032.272510199406 1.965746129112111e-16
8034.580201760976 1.8944175838855e-16
8036.887893322546 1.896920400808514e-16
8039.195584884115 1.899810900741019e-16
8041.503276445685 1.912622307155465e-16
8043.810968007254 1.925485825948501e-16
8046.118659568825 1.941061008225609e-16
8048.426351130394 1.956650418009253e-16
8050.734042691965 2.029362770226217e-16
8053.041734253533 2.102377705111252e-16
8055.349425815104 2.129287875671072e-16
8057.657117376675 2.155953796339617e-16
8059.964808938244 2.062224439118907e-16
8062.272500499813 1.967857358733142e-16
8064.580192061384 1.983286924135216e-16
8066.887883622953 1.999298096769589e-16
8069.195575184523 1.950510554107293e-16
8071.503266746093 1.901379797665236e-16
8073.810958307663 1.896105032335108e-16
8076.118649869232 1.891062605495434e-16
8078.426341430801 1.89871065126465e-16
8080.734032992373 1.906426525844096e-16
8083.041724553942 1.882263587534687e-16
8085.349416115511 1.857930283106316e-16
8087.657107677081 1.929763143808789e-16
8089.964799238652 2.002109882195004e-16
8092.272490800222 1.98690653414685e-16
8094.580182361792 1.971235365831462e-16
8096.887873923361 1.933041459099683e-16
8099.195565484931 1.894727181045166e-16
8101.503257046501 1.936895095050221e-16
8103.81094860807 1.979496815655723e-16
8106.11864016964 1.945931116800077e-16
8108.42633173121 1.911954904750033e-16
8110.73402329278 1.915684364347014e-16
8113.041714854349 1.919617012589662e-16
8115.34940641592 1.957230701752571e-16
8117.65709797749 1.995025907429099e-16
8119.964789539059 1.991542153561271e-16
8122.272481100627 1.987835888108666e-16
8124.580172662199 1.946671112576067e-16
8126.88786422377 1.905304405712331e-16
8129.195555785338 1.917650076354685e-16
8131.503247346908 1.93028774175327e-16
8133.810938908478 1.914361867983664e-16
8136.118630470049 1.898280748956694e-16
8138.426322031617 1.852910289404854e-16
8140.734013593187 1.807380614128711e-16
8143.041705154757 1.87172868142766e-16
8145.349396716328 1.936674072390547e-16
8147.657088277897 1.926811300162056e-16
8149.964779839467 1.916541885944435e-16
8152.272471401036 1.916608589789031e-16
8154.580162962607 1.916731442653608e-16
8156.887854524175 1.998867003321551e-16
8159.195546085747 2.081452153196028e-16
8161.503237647317 2.041562724731863e-16
8163.810929208886 2.001001824133652e-16
8166.118620770455 1.962804608679423e-16
8168.426312332025 1.924620363417199e-16
8170.734003893596 1.933992551367997e-16
8173.041695455165 1.943625499735095e-16
8175.349387016734 1.944269013164437e-16
8177.657078578306 1.944863226629271e-16
8179.964770139877 1.991802351494756e-16
8182.272461701445 2.038997703826785e-16
8184.580153263015 1.995960456085162e-16
8186.887844824585 1.95242435225972e-16
8189.195536386153 1.978655771496103e-16
8191.503227947724 2.005272921595733e-16
8193.810919509293 1.994183142733806e-16
8196.118611070862 1.982884914357516e-16
8198.426302632435 1.985656531892385e-16
8200.733994194003 1.988505937492058e-16
8203.041685755574 1.993518519655232e-16
8205.349377317141 1.998543112480899e-16
8207.657068878712 1.958318642781426e-16
8209.964760440283 1.917841916082348e-16
8212.272452001851 1.971527956157734e-16
8214.580143563422 2.025738991224295e-16
8216.887835124991 1.961045427127095e-16
8219.195526686563 1.895688960486994e-16
8221.503218248134 1.93086458442524e-16
8223.810909809701 1.966600705946552e-16
8226.118601371272 2.020792550422902e-16
8228.42629293284 2.075087296167453e-16
8230.733984494411 2.045038008270219e-16
8233.04167605598 2.014518517825585e-16
8235.349367617551 1.978905778564441e-16
8237.657059179121 1.943264418854104e-16
8239.96475074069 1.959931148667537e-16
8242.272442302259 1.97689192464512e-16
8244.580133863828 1.990881136990168e-16
8246.8878254254 2.004853673374066e-16
8249.195516986967 2.047856444227759e-16
8251.50320854854 2.09102243435992e-16
8253.810900110111 2.075692064456903e-16
8256.118591671679 2.060032807542335e-16
8258.42628323325 2.081714865758575e-16
8260.733974794817 2.103608549862731e-16
8263.041666356388 2.122891519604771e-16
8265.349357917956 2.142159732444683e-16
8267.657049479529 2.075782723452039e-16
8269.9647410411 2.008920324875949e-16
8272.272432602667 2.0182723296198e-16
8274.580124164238 2.028056254992301e-16
8276.887815725806 2.031074769396405e-16
8279.195507287377 2.034054935707311e-16
8281.503198848948 2.007571557256344e-16
8283.810890410514 1.980921187583315e-16
8286.118581972089 2.076145756479276e-16
8288.426273533658 2.172066745276558e-16
8290.733965095229 2.238288509011839e-16
8293.041656656795 2.304340601459872e-16
8295.349348218366 2.276286142327871e-16
8297.657039779937 2.247693949623261e-16
8299.964731341504 2.217116523448523e-16
8302.272422903077 2.186527781443006e-16
8304.580114464645 2.142278184708401e-16
8306.887806026216 2.09795050212397e-16
8309.195497587783 2.081509327919968e-16
8311.503189149355 2.065227567963617e-16
8313.810880710926 2.062875794220456e-16
8316.118572272493 2.060604290083936e-16
8318.426263834064 2.108473430655727e-16
8320.733955395634 2.156631422697421e-16
8323.041646957205 2.125279292248191e-16
8325.349338518774 2.093469168437403e-16
8327.657030080343 2.090498928293847e-16
8329.964721641914 2.087694719842844e-16
8332.272413203482 2.16761340338192e-16
8334.580104765055 2.248008675302725e-16
8336.887796326622 2.15960808176253e-16
8339.195487888193 2.070227378458133e-16
8341.503179449765 2.025539409086099e-16
8343.810871011332 1.98111090972861e-16
8346.118562572903 1.919472719203608e-16
8348.426254134471 1.857734605260611e-16
8350.733945696042 1.940593320307272e-16
8353.041637257607 2.024291689850124e-16
8355.349328819182 2.008799523419291e-16
8357.657020380755 1.992731341497102e-16
8359.964711942323 2.016048636522686e-16
8362.272403503892 2.039594597356804e-16
8364.580095065459 2.077018266589397e-16
8366.88778662703 2.114523164958143e-16
8369.1954781886 2.085938913187414e-16
8371.503169750171 2.056967739413357e-16
8373.810861311742 2.051719179165034e-16
8376.118552873309 2.046609452910723e-16
8378.426244434879 2.06856613509033e-16
8380.733935996448 2.090681238900854e-16
8383.041627558019 2.131386333623445e-16
8385.34931911959 2.172200285314649e-16
8387.657010681158 2.234019065910983e-16
8389.964702242731 2.295960732459118e-16
8392.272393804298 2.203194610518113e-16
8394.580085365869 2.109515810576441e-16
8396.887776927439 2.044729734599533e-16
8399.195468489008 1.980114090916034e-16
8401.503160050581 1.996304563219984e-16
8403.810851612147 2.012971789341784e-16
8406.118543173719 2.054681610723607e-16
8408.426234735287 2.096539199650057e-16
8410.733926296858 2.078412032834324e-16
8413.041617858427 2.059931031239767e-16
8415.349309419997 2.098787675078323e-16
8417.657000981568 2.1379851835037e-16
8419.964692543135 2.219232252932087e-16
8422.272384104705 2.300729329428812e-16
8424.580075666276 2.311163385675556e-16
8426.887767227849 2.321174918065408e-16
8429.195458789418 2.251183659191499e-16
8431.503150350985 2.180716738378148e-16
8433.810841912556 2.098347747341342e-16
8436.118533474124 2.015908048905776e-16
8438.426225035695 1.988172749141322e-16
8440.733916597266 1.960762729880948e-16
8443.041608158836 1.99475472453708e-16
8445.349299720407 2.0291146822169e-16
8447.656991281974 2.052252611398458e-16
8449.964682843545 2.075323208078153e-16
8452.272374405113 2.094272724771661e-16
8454.580065966684 2.11319755839569e-16
8456.887757528253 2.139889353273797e-16
8459.195449089824 2.166627668789553e-16
8461.503140651395 2.153814707275555e-16
8463.810832212963 2.140764775059674e-16
8466.118523774534 2.189783365810668e-16
8468.426215336101 2.239173923139515e-16
8470.733906897674 2.221036697807535e-16
8473.041598459242 2.20249170552079e-16
8475.349290020813 2.097719553296945e-16
8477.656981582384 1.992426641246662e-16
8479.964673143952 1.942772147127961e-16
8482.272364705523 1.893453653774079e-16
8484.580056267092 1.931125179405418e-16
8486.887747828661 1.969321964725729e-16
8489.195439390231 2.025911508012849e-16
8491.503130951798 2.082612125112624e-16
8493.810822513373 2.1196066199562e-16
8496.118514074942 2.156481206698181e-16
8498.426205636511 2.153242033593873e-16
8500.733897198081 2.149758809121636e-16
8503.04158875965 2.0691097581889e-16
8505.349280321221 1.987991100278805e-16
8507.656971882789 1.976913596777169e-16
8509.96466344436 1.966262289814344e-16
8512.272355005931 2.016457296832511e-16
8514.5800465675 2.067022616067306e-16
8516.887738129069 2.069420910448118e-16
8519.195429690639 2.07152611819429e-16
8521.50312125221 2.05516653708591e-16
8523.810812813777 2.03869369840806e-16
8526.118504375348 2.091394996507814e-16
8528.42619593692 2.14452043973846e-16
8530.733887498489 2.078797035778631e-16
8533.041579060058 2.012344918786367e-16
8535.349270621628 2.010625111031196e-16
8537.6569621832 2.009302217621152e-16
8539.964653744768 2.081700042681998e-16
8542.272345306337 2.154549905403992e-16
8544.580036867907 2.140304002371257e-16
8546.887728429478 2.125524071535058e-16
8549.195419991047 2.134078574906734e-16
8551.503111552616 2.142777272402791e-16
8553.810803114187 2.154448459973669e-16
8556.118494675757 2.166137977866921e-16
8558.426186237324 2.132534063266975e-16
8560.733877798895 2.098650363096639e-16
8563.041569360466 2.105606091780373e-16
8565.349260922038 2.11281414363816e-16
8567.656952483605 2.068072010479616e-16
8569.964644045176 2.02300899741785e-16
8572.272335606745 1.968826847498279e-16
8574.580027168315 1.914587952988687e-16
8576.887718729884 1.937864219855888e-16
8579.195410291453 1.961622964630779e-16
8581.503101853026 2.018792394614524e-16
8583.810793414596 2.076169777804265e-16
8586.118484976165 2.090421371839614e-16
8588.426176537734 2.104404496135354e-16
8590.733868099303 2.08390762230078e-16
8593.041559660873 2.063196144728085e-16
8595.349251222442 2.023879456120052e-16
8597.656942784015 1.984446995313485e-16
8599.964634345584 1.923244166488483e-16
8602.272325907152 1.861904819775184e-16
8604.580017468723 1.897882478035362e-16
8606.887709030294 1.934470397064256e-16
8609.195400591863 2.014159753050308e-16
8611.503092153431 2.094119398573318e-16
8613.810783715002 2.072734529807557e-16
8616.118475276573 2.050714187808007e-16
8618.426166838142 2.036801903259927e-16
8620.733858399712 2.022940473775906e-16
8623.041549961281 1.982990495690902e-16
8625.349241522852 1.942876901280735e-16
8627.656933084418 1.94630536639642e-16
8629.964624645991 1.950008885609392e-16
8632.272316207562 2.013803602165768e-16
8634.580007769131 2.077977928448857e-16
8636.8876993307 1.987061845578663e-16
8639.19539089227 1.895166016903738e-16
8641.503082453841 1.944581356563737e-16
8643.81077401541 1.994889356453579e-16
8646.118465576979 1.966676045556743e-16
8648.426157138549 1.937966724077396e-16
8650.733848700122 1.940920486783149e-16
8653.041540261689 1.94407575068612e-16
8655.349231823258 1.932864740233617e-16
8657.656923384829 1.92156234286704e-16
8659.964614946399 1.949801263275641e-16
8662.272306507968 1.97829181202658e-16
8664.579998069537 2.018360871032567e-16
8666.887689631109 2.058503582200296e-16
8669.19538119268 1.987962347480713e-16
8671.503072754249 1.916716751925929e-16
8673.81076431582 1.779396399174327e-16
8676.118455877388 1.641655623604589e-16
8678.426147438957 1.680963874970375e-16
8680.733839000526 1.721406985049358e-16
8683.041530562095 1.797911017388979e-16
8685.349222123668 1.874646213622584e-16
8687.656913685238 1.826377511727705e-16
8689.964605246807 1.777307569604284e-16
8692.272296808374 1.814940283921282e-16
8694.579988369944 1.853128764348242e-16
8696.887679931515 1.886926967130465e-16
8699.195371493084 1.92069704577186e-16
8701.503063054657 1.949365306005601e-16
8703.810754616226 1.978000842974308e-16
8706.118446177796 1.92105524806432e-16
8708.426137739367 1.863557096505147e-16
8710.733829300934 1.778668050101362e-16
8713.041520862504 1.693602135939001e-16
8715.349212424075 1.754528223218268e-16
8717.656903985644 1.816396849718314e-16
8719.964595547217 1.784608761999044e-16
8722.272287108786 1.752215988708386e-16
8724.579978670356 1.741799634126751e-16
8726.887670231923 1.731525157563781e-16
8729.195361793494 1.797125890638768e-16
8731.503053355063 1.863220036949144e-16
8733.810744916633 1.892428942431249e-16
8736.118436478204 1.921397998622938e-16
8738.426128039773 1.924844926409895e-16
8740.733819601342 1.928125921765975e-16
8743.041511162912 1.912283096929869e-16
8745.349202724483 1.896315930304084e-16
8747.656894286052 1.831316375554688e-16
8749.964585847621 1.765997992309989e-16
8752.272277409191 1.700829394930611e-16
8754.579968970762 1.635661757080744e-16
8756.887660532331 1.673488941559754e-16
8759.195352093902 1.711990658741075e-16
8761.50304365547 1.803910690720724e-16
8763.810735217041 1.896180570468646e-16
8766.11842677861 1.913540212937603e-16
8768.42611834018 1.930409238041642e-16
8770.733809901751 1.893471851747556e-16
8773.04150146332 1.856182086512522e-16
8775.349193024891 1.879523766822564e-16
8777.656884586459 1.903262526913856e-16
8779.964576148028 1.857959399863878e-16
8782.272267709599 1.812204102803854e-16
8784.579959271168 1.864057044467374e-16
8786.887650832741 1.916553764258031e-16
8789.195342394312 1.89092595525824e-16
8791.503033955882 1.864782878911277e-16
8793.810725517451 1.897050863734726e-16
8796.118417079018 1.929704116200277e-16
8798.426108640588 1.948267769681641e-16
8800.733800202157 1.966738514236603e-16
8803.041491763728 1.982445218231107e-16
8805.349183325299 1.99813369116491e-16
8807.656874886869 1.962526245859687e-16
8809.96456644844 1.926578101403765e-16
8812.272258010007 1.972101721717825e-16
8814.579949571576 2.018166483588617e-16
8816.887641133146 2.024620576861675e-16
8819.195332694717 2.030811593612715e-16
8821.503024256286 1.95739560847949e-16
8823.810715817857 1.883450889498721e-16
8826.118407379427 1.87887538957122e-16
8828.426098940996 1.874760662332137e-16
8830.733790502565 1.901013455915549e-16
8833.041482064134 1.927467916132301e-16
8835.349173625706 1.957385384527119e-16
8837.656865187275 1.987325980891864e-16
8839.964556748844 1.983844940176445e-16
8842.272248310415 1.980140362172289e-16
8844.579939871985 1.970307798579769e-16
8846.887631433554 1.960434206828867e-16
8849.195322995123 1.933305594412884e-16
8851.503014556694 1.906061573757837e-16
8853.810706118264 1.994816266774654e-16
8856.118397679835 2.084346755944372e-16
8858.426089241406 2.120287885908699e-16
8860.733780802975 2.155870615057219e-16
8863.041472364544 2.148066926983945e-16
8865.349163926114 2.139971078718317e-16
8867.656855487683 2.01883520948303e-16
8869.964547049252 1.896938036299173e-16
8872.272238610822 1.862701130007277e-16
8874.579930172393 1.829054565974948e-16
8876.887621733964 2.021383322816387e-16
8879.195313295535 2.215233926548802e-16
8881.503004857102 2.249219005975012e-16
8883.810696418672 2.282127360941475e-16
8886.118387980241 2.202756138619011e-16
8888.42607954181 2.122623513086304e-16
8890.733771103382 2.117009140483886e-16
8893.041462664953 2.111900009799615e-16
8895.349154226522 2.1425340813027e-16
8897.656845788089 2.173410483638039e-16
8899.964537349661 2.104791153440886e-16
8902.27222891123 2.035497174736134e-16
8904.579920472799 1.999687268704183e-16
8906.88761203437 1.96410437411954e-16
8909.19530359594 2.018268259891186e-16
8911.502995157511 2.073040718983099e-16
8913.81068671908 2.041979557586141e-16
8916.118378280647 2.010332322181577e-16
8918.426069842219 2.008968169002579e-16
8920.733761403786 2.007810777889494e-16
8923.041452965361 2.015155645420598e-16
8925.34914452693 2.022558581030702e-16
8927.656836088501 2.033561770626107e-16
8929.964527650071 2.044589544029317e-16
8932.272219211638 2.092517646035171e-16
8934.579910773209 2.140697740342832e-16
8936.887602334777 2.173790457324221e-16
8939.195293896348 2.206780074514061e-16
8941.502985457917 2.237288679261834e-16
8943.810677019486 2.267780211001763e-16
8946.118368581061 2.291594277616022e-16
8948.426060142629 2.315362485337121e-16
8950.733751704198 2.243401345465253e-16
8953.041443265767 2.170782166872488e-16
8955.349134827336 2.142804073054637e-16
8957.656826388906 2.11513283015682e-16
8959.964517950475 2.06059873143022e-16
8962.272209512048 2.005880005990898e-16
8964.579901073615 1.985279205184163e-16
8966.887592635185 1.964914547898699e-16
8969.195284196756 2.03956693643712e-16
8971.502975758325 2.114876867388071e-16
8973.810667319894 2.154048700127234e-16
8976.118358881464 2.192970393449161e-16
8978.426050443035 2.163095409050604e-16
8980.733742004604 2.132744365665911e-16
8983.041433566175 2.061102914557183e-16
8985.349125127743 1.989175722177655e-16
8987.656816689312 2.014243430641074e-16
8989.964508250885 2.039982379627968e-16
8992.272199812454 1.983761924330169e-16
8994.579891374025 1.926970482799136e-16
8996.887582935595 1.883066713735027e-16
8999.195274497166 1.839252743398216e-16
9001.502966058733 1.988833203229609e-16
9003.810657620303 2.139761041017177e-16
9006.118349181874 2.168837365990702e-16
9008.426040743441 2.197064672783503e-16
9010.733732305012 2.232953591107566e-16
9013.041423866584 2.268895846037526e-16
9015.349115428155 2.284652247043232e-16
9017.656806989722 2.300268093519253e-16
9019.964498551291 2.203266211271935e-16
9022.272190112863 2.105474404626854e-16
9024.57988167443 1.996224392875015e-16
9026.887573236001 1.88689401225486e-16
9029.19526479757 1.937232816350714e-16
9031.502956359142 1.988691457559842e-16
9033.810647920713 1.974409721062971e-16
9036.11833948228 1.959666914092663e-16
9038.426031043851 1.95666156840391e-16
9040.733722605419 1.953738576816944e-16
9043.04141416699 2.019092396479085e-16
9045.349105728559 2.084928230827772e-16
9047.656797290128 2.143396929943266e-16
9049.964488851701 2.201813549767394e-16
9052.272180413267 2.243357802677809e-16
9054.579871974838 2.284782941580015e-16
9056.887563536406 2.202588981960826e-16
9059.195255097979 2.11952224753372e-16
9061.50294665955 1.990441407776534e-16
9063.810638221119 1.861035750736412e-16
9066.118329782692 1.905132418319369e-16
9068.426021344259 1.950453974953394e-16
9070.733712905829 1.996987516620932e-16
9073.041404467398 2.043529660966841e-16
9075.349096028967 2.082672079163422e-16
9077.656787590538 2.121761921760269e-16
9079.964479152106 2.134583618301534e-16
9082.272170713679 2.147218636722159e-16
9084.579862275248 2.123564579925593e-16
9086.887553836817 2.099652707475706e-16
9089.195245398387 2.135253965469947e-16
9091.502936959956 2.171278144367775e-16
9093.810628521527 2.14043741006045e-16
9096.118320083095 2.109121543209274e-16
9098.426011644666 2.149706266609127e-16
9100.733703206235 2.190805297826641e-16
9103.041394767806 2.132781291008455e-16
9105.349086329377 2.074048291143638e-16
9107.656777890945 2.040414333343844e-16
9109.964469452516 2.006959906824198e-16
9112.272161014083 2.074544864208966e-16
9114.579852575655 2.142852578925758e-16
9116.887544137224 2.165428653948045e-16
9119.195235698795 2.187677562494455e-16
9121.502927260364 2.23636779562949e-16
9123.810618821932 2.285248412654311e-16
9126.118310383505 2.168768081342595e-16
9128.426001945072 2.051097271693292e-16
9130.733693506643 2.12177442873113e-16
9133.041385068214 2.193807566403514e-16
9135.349076629784 2.223363325260075e-16
9137.656768191357 2.252613291987787e-16
9139.964459752922 2.248639847197327e-16
9142.272151314493 2.244427247948166e-16
9144.579842876061 2.113287886518581e-16
9146.887534437632 1.981234689035472e-16
9149.195225999205 1.976654358373195e-16
9151.502917560772 1.972997690670118e-16
9153.810609122345 1.939108564194964e-16
9156.118300683911 1.905000400293605e-16
9158.425992245482 1.859139389551297e-16
9160.73368380705 1.813193212293121e-16
9163.041375368621 1.855897701817926e-16
9165.349066930192 1.899244546719216e-16
9167.656758491759 1.937517333394208e-16
9169.96445005333 1.975753393250002e-16
9172.2721416149 2.080101201819607e-16
9174.579833176471 2.184928080312778e-16
9176.887524738042 2.1514027147838e-16
9179.195216299609 2.116868453605303e-16
9181.502907861181 2.035613476330259e-16
9183.810599422748 1.954017799904518e-16
9186.118290984319 2.018557938541702e-16
9188.425982545888 2.084163717418426e-16
9190.733674107458 2.122868887943211e-16
9193.041365669029 2.16137778505225e-16
9195.349057230598 2.106172214191604e-16
9197.656748792169 2.050283193621642e-16
9199.964440353737 2.104648216631036e-16
9202.272131915308 2.159822354628405e-16
9204.579823476877 2.145347090955421e-16
9206.887515038448 2.130360695838329e-16
9209.195206600019 2.060288439438839e-16
9211.502898161587 1.989811890243157e-16
9213.810589723158 2.113008762692681e-16
9216.118281284726 2.237626963045143e-16
9218.425972846298 2.310441951832512e-16
9220.733664407868 2.382876768410352e-16
9223.041355969439 2.355200231556613e-16
9225.349047531008 2.32678902597003e-16
9227.656739092576 2.296008576585748e-16
9229.964430654147 2.265210657146929e-16
9232.272122215714 2.206469981046027e-16
9234.579813777285 2.14752297301313e-16
9236.887505338856 2.10325901642309e-16
9239.195196900426 2.059103519754969e-16
9241.502888461997 2.101949622600643e-16
9243.810580023564 2.145438146997251e-16
9246.118271585136 2.161150674343268e-16
9248.425963146703 2.176658060897371e-16
9250.733654708274 2.112597951713263e-16
9253.041346269845 2.047950147247549e-16
9255.349037831413 2.101322156475185e-16
9257.656729392986 2.155571308024373e-16
9259.964420954551 2.181995559605155e-16
9262.272112516124 2.208213016032799e-16
9264.579804077694 2.100680793715436e-16
9266.887495639263 1.992154564999581e-16
9269.195187200834 1.977294199120617e-16
9271.502878762401 1.963129955357953e-16
9273.810570323974 2.014855345771017e-16
9276.11826188554 2.067070394019487e-16
9278.425953447113 2.102547905794091e-16
9280.733645008682 2.137900215511178e-16
9283.041336570252 2.123205186493051e-16
9285.349028131825 2.108135940965805e-16
9287.656719693392 2.087047467557133e-16
9289.964411254963 2.065913995523138e-16
9292.272102816532 2.033058646290328e-16
9294.579794378102 2.000115582825363e-16
9296.887485939673 2.1315920699854e-16
9299.19517750124 2.26429811149516e-16
9301.502869062811 2.258117285609266e-16
9303.810560624379 2.250897785571801e-16
9306.11825218595 2.196741675297913e-16
9308.425943747521 2.14223239198969e-16
9310.73363530909 2.00996627821691e-16
9313.041326870662 1.87711501687881e-16
9315.349018432229 1.767584309657907e-16
9317.6567099938 1.658229080532151e-16
9319.964401555368 1.58370015697196e-16
9322.272093116939 1.509433294569583e-16
9324.579784678508 1.605162590463761e-16
9326.887476240077 1.702171081884172e-16
9329.195167801648 1.50379424303359e-16
9331.502859363218 1.303194658207694e-16
9333.810550924789 1.533890504449859e-16
9336.118242486358 1.767851852955231e-16
9338.425934047928 1.878373125503278e-16
9340.733625609497 1.987959799764426e-16
9343.041317171066 1.932912286575227e-16
9345.349008732637 1.876618278377359e-16
9347.656700294207 1.915105900401043e-16
9349.964391855778 1.954311151236953e-16
9352.272083417349 1.952052418769092e-16
9354.579774978918 1.949479721627929e-16
9356.887466540489 1.799483586995116e-16
9359.195158102057 1.648364405788252e-16
9361.502849663628 1.495902154426746e-16
9363.810541225195 1.343429666188172e-16
9366.118232786766 5.317172318282116e-17
9368.425924348336 -2.850172807283554e-17
9370.733615909905 8.083705008489818e-17
9373.041307471476 1.916309348930634e-16
9375.348999033045 2.175547852166427e-16
9377.656690594617 2.428320946298382e-16
9379.964382156186 2.252926561829373e-16
9382.272073717755 2.074270438768945e-16
9384.579765279324 2.043983816210357e-16
9386.887456840894 2.014834368470682e-16
9389.195148402465 2.011495635907847e-16
9391.502839964032 2.008354731860309e-16
9393.810531525603 1.931002293453618e-16
9396.118223087173 1.853081085657734e-16
9398.425914648744 1.848410691570362e-16
9400.733606210315 1.844301688421117e-16
9403.041297771882 1.903975093380733e-16
9405.348989333454 1.96413729590792e-16
9407.656680895021 1.819065235112737e-16
9409.964372456592 1.672420158033886e-16
9412.272064018161 1.706669604383869e-16
9414.579755579731 1.742313941944412e-16
9416.887447141302 1.783880379838855e-16
9419.195138702871 1.825492494646723e-16
9421.502830264444 1.690443927273049e-16
9423.810521826013 1.554033138187107e-16
9426.118213387583 1.647046839421353e-16
9428.425904949152 1.741829627695762e-16
9430.73359651072 1.844159214832411e-16
9433.041288072292 1.946547002396959e-16
9435.34897963386 1.836519043822626e-16
9437.656671195431 1.724853184917377e-16
9439.964362757 1.822653610784441e-16
9442.27205431857 1.922078933703192e-16
9444.579745880141 1.957342271873593e-16
9446.887437441708 1.992107878925808e-16
9449.195129003281 1.896256571823328e-16
9451.50282056485 1.799392001557694e-16
9453.81051212642 1.72209334643443e-16
9456.118203687989 1.644946462409958e-16
9458.425895249558 1.569770989667577e-16
9460.733586811129 1.494610810024538e-16
9463.041278372697 1.507867492334833e-16
9465.348969934268 1.521814182426516e-16
9467.656661495839 1.677012946036189e-16
9469.964353057409 1.833314049821228e-16
9472.272044618978 1.951697194326837e-16
9474.579736180547 2.069784472870947e-16
9476.887427742118 1.868421547164224e-16
9479.195119303686 1.664565664527389e-16
9481.502810865255 1.616858485919536e-16
9483.810502426826 1.57036990151829e-16
9486.118193988395 1.748550536347204e-16
9488.425885549968 1.928484488017904e-16
9490.733577111538 1.947593253522941e-16
9493.041268673109 1.965439443628201e-16
9495.348960234678 1.924561137285341e-16
9497.656651796247 1.883221826643493e-16
9499.964343357815 1.933444825453589e-16
9502.272034919386 1.984386644215993e-16
9504.579726480955 2.005783689080372e-16
9506.887418042525 2.026948792500991e-16
9509.195109604096 1.8644889320088e-16
9511.502801165667 1.700587510775889e-16
9513.810492727236 1.678107322530209e-16
9516.118184288804 1.656737359559085e-16
9518.425875850375 1.768613785561066e-16
9520.733567411946 1.881542451476663e-16
9523.041258973513 1.769985300647515e-16
9525.348950535084 1.656655369416769e-16
9527.656642096654 1.696073950132656e-16
9529.964333658223 1.73669880833583e-16
9532.272025219792 1.764914848928688e-16
9534.579716781362 1.793032901706182e-16
9536.887408342935 1.714200074700817e-16
9539.195099904504 1.634522679746422e-16
9541.502791466073 1.772629565455276e-16
9543.810483027642 1.91246646632806e-16
9546.118174589212 1.886064680972715e-16
9548.425866150781 1.858342318313041e-16
9550.733557712349 1.872537432456166e-16
9553.041249273921 1.88706547025223e-16
9555.348940835491 1.765273944576209e-16
9557.656632397062 1.642399540216683e-16
9559.964323958633 1.709716342190473e-16
9562.272015520202 1.778543939922254e-16
9564.579707081772 1.707329760687135e-16
9566.887398643343 1.635003139333417e-16
9569.19509020491 1.567837157200714e-16
9571.502781766481 1.50071240174974e-16
9573.810473328051 1.565273484600034e-16
9576.11816488962 1.630886774276721e-16
9578.425856451191 1.640328561204258e-16
9580.733548012762 1.649321536475037e-16
9583.041239574331 1.681204187481934e-16
9585.348931135899 1.713269744665878e-16
9587.65662269747 1.801793968620425e-16
9589.964314259039 1.890769320337447e-16
9592.272005820609 1.863307784268523e-16
9594.579697382178 1.834915868533825e-16
9596.887388943749 1.844566684002154e-16
9599.195080505318 1.854523225424884e-16
9601.502772066888 1.79187670173318e-16
9603.810463628457 1.728646717924606e-16
9606.118155190028 1.674664414841028e-16
9608.425846751597 1.62075640912007e-16
9610.733538313169 1.468665530575833e-16
9613.041229874738 1.315785571358058e-16
9615.348921436307 1.452467477161569e-16
9617.656612997876 1.591476523269601e-16
9619.964304559444 1.681869952069753e-16
9622.271996121015 1.771870412176299e-16
9624.579687682588 1.764321247577507e-16
9626.887379244157 1.755983548244381e-16
9629.195070805728 1.699689308435942e-16
9631.502762367298 1.643007418705236e-16
9633.810453928867 1.594609180326432e-16
9636.118145490434 1.546277906354116e-16
9638.425837052004 1.736075428482598e-16
9640.733528613577 1.927797828847812e-16
9643.041220175146 1.85847496499607e-16
9645.348911736715 1.787042029576155e-16
9647.656603298286 1.774557491852565e-16
9649.964294859856 1.762552222575889e-16
9652.271986421425 1.951556540535478e-16
9654.579677982994 2.142195003426002e-16
9656.887369544565 2.022811863734266e-16
9659.195061106135 1.900908271628856e-16
9661.502752667704 1.797047639352821e-16
9663.810444229273 1.693333715830227e-16
9666.118135790843 1.609748049645836e-16
9668.425827352412 1.526326024602026e-16
9670.733518913983 1.636818271382379e-16
9673.041210475552 1.748887033420391e-16
9675.348902037123 1.765078200556055e-16
9677.656593598693 1.78048543208159e-16
9679.964285160262 1.834177560206284e-16
9682.271976721831 1.888182726561994e-16
9684.579668283402 1.7587186374834e-16
9686.887359844972 1.627754431548523e-16
9689.195051406539 1.56649861353348e-16
9691.502742968112 1.505812771557348e-16
9693.810434529682 1.665771147921287e-16
9696.118126091251 1.827533645526259e-16
9698.425817652822 1.853855657583329e-16
9700.733509214393 1.879063953663658e-16
9703.041200775962 1.906356414015376e-16
9705.34889233753 1.933665980462161e-16
9707.656583899099 1.96703510811704e-16
9709.96427546067 2.000454065132019e-16
9712.27196702224 1.797972857411574e-16
9714.579658583812 1.593551853252048e-16
9716.887350145382 1.551810065475453e-16
9719.195041706951 1.511405992117527e-16
9721.50273326852 1.529562050284104e-16
9723.810424830088 1.54819965371223e-16
9726.118116391659 1.501952899181979e-16
9728.425807953228 1.45516957843776e-16
9730.733499514799 1.534888237297011e-16
9733.041191076369 1.615653027341056e-16
9735.348882637938 1.640929954596809e-16
9737.656574199509 1.665748003407748e-16
9739.964265761077 1.70829967958619e-16
9742.271957322648 1.750998014887238e-16
9744.579648884219 1.700321869993973e-16
9746.887340445788 1.648873535455278e-16
9749.195032007357 1.593175353724438e-16
9751.502723568927 1.537442025089371e-16
9753.810415130496 1.601416777506069e-16
9756.118106692064 1.666387033518169e-16
9758.425798253635 1.749200435610875e-16
9760.733489815206 1.83216221736186e-16
9763.041181376777 1.775459184894697e-16
9765.348872938346 1.717594691585836e-16
9767.656564499915 1.678607402841334e-16
9769.964256061488 1.639777079889869e-16
9772.271947623056 1.573885898886396e-16
9774.579639184625 1.507769673057519e-16
9776.887330746194 1.570629156465876e-16
9779.195022307766 1.634567231694214e-16
9781.502713869335 1.721156034995122e-16
9783.810405430906 1.807934262656305e-16
9786.118096992477 1.583388036911425e-16
9788.425788554045 1.356238285003953e-16
9790.733480115614 1.514885264734387e-16
9793.041171677183 1.676758587997829e-16
9795.348863238753 1.818984171412706e-16
9797.656554800324 1.961045460214319e-16
9799.964246361893 1.892554673884357e-16
9802.271937923464 1.82230311781529e-16
9804.579629485033 1.64253048290765e-16
9806.887321046604 1.461836840290575e-16
9809.195012608172 1.541072694505795e-16
9811.502704169741 1.622494390033299e-16
9813.810395731314 1.658134815029544e-16
9816.118087292882 1.693390228809677e-16
9818.425778854453 1.70873380051527e-16
9820.733470416022 1.723909901234046e-16
9823.041161977591 1.635141129603203e-16
9825.348853539159 1.545498234860045e-16
9827.65654510073 1.637519555105702e-16
9829.964236662301 1.731068553865651e-16
9832.27192822387 1.75210372375565e-16
9834.579619785442 1.772525704657564e-16
9836.887311347011 1.71529241633053e-16
9839.19500290858 1.657402478946027e-16
9841.502694470153 1.638882053923475e-16
9843.810386031719 1.620694527738444e-16
9846.11807759329 1.875832556057107e-16
9848.425769154861 2.133281834540723e-16
9850.733460716432 1.901258301376864e-16
9853.041152278001 1.665095804581974e-16
9855.348843839571 1.759787404465655e-16
9857.656535401142 1.857292096720119e-16
9859.964226962707 1.870050729011484e-16
9862.271918524279 1.882088754640417e-16
9864.579610085848 1.851188661852335e-16
9866.887301647419 1.819923484629097e-16
9869.194993208988 1.787360130152518e-16
9871.502684770558 1.754785707999343e-16
9873.810376332131 1.634627913663951e-16
9876.118067893696 1.51372543964235e-16
9878.425759455267 1.631616413751441e-16
9880.733451016837 1.751537733693317e-16
9883.041142578408 1.723159201740929e-16
9885.348834139979 1.693512800432845e-16
9887.656525701546 1.579958678440678e-16
9889.964217263117 1.465687213013596e-16
9892.271908824685 1.375228035762456e-16
9894.579600386254 1.28497244833958e-16
9896.887291947825 1.439044941438763e-16
9899.194983509395 1.595206247564378e-16
9901.502675070968 1.524737281546962e-16
9903.810366632535 1.452330814516667e-16
9906.118058194106 1.574501271631298e-16
9908.425749755675 1.698335213773193e-16
