3800 3.72790677383053e-15
3803.09177392278 3.78876058537659e-15
3806.18354784555 3.85386269066961e-15
3809.27532176833 3.85735416047819e-15
3812.3670956911 3.89411030819135e-15
3815.45886961388 3.9593564090854e-15
3818.55064353665 4.31011783474109e-15
3821.64241745943 4.25960417789863e-15
3824.7341913822 4.35268844012067e-15
3827.82596530498 4.76260537626318e-15
3830.91773922776 4.71069157395891e-15
3834.00951315053 4.80372713178648e-15
3837.10128707331 4.6678837993541e-15
3840.19306099608 4.86717413470056e-15
3843.28483491886 5.30067797380879e-15
3846.37660884163 5.23316436571494e-15
3849.46838276441 5.49024310037135e-15
3852.56015668719 5.55723281858733e-15
3855.65193060996 5.66692527932265e-15
3858.74370453274 5.96990854103904e-15
3861.83547845551 6.17905241066092e-15
3864.92725237829 6.16479557560921e-15
3868.01902630106 6.17567486678374e-15
3871.11080022384 6.40510856362415e-15
3874.20257414661 6.8119880396178e-15
3877.29434806939 6.5938579974585e-15
3880.38612199217 6.52078827674714e-15
3883.47789591494 6.52469225160103e-15
3886.56966983772 7.00676157177303e-15
3889.66144376049 6.73827626793242e-15
3892.75321768327 6.884690995063e-15
3895.84499160604 6.99778725769687e-15
3898.93676552882 7.04595378624249e-15
3902.02853945159 7.05878633539339e-15
3905.12031337437 6.80493860791428e-15
3908.21208729715 7.14545135842466e-15
3911.30386121992 6.89138043776395e-15
3914.3956351427 7.00949833522561e-15
3917.48740906547 7.05350550848373e-15
3920.57918298825 7.1079261047954e-15
3923.67095691102 7.23342589439239e-15
3926.7627308338 7.36916631232168e-15
3929.85450475658 7.24571464839115e-15
3932.94627867935 7.02699422426762e-15
3936.03805260213 6.87116176131299e-15
3939.1298265249 6.88547873570395e-15
3942.22160044768 7.27248088952439e-15
3945.31337437045 7.21809544508003e-15
3948.40514829323 6.94236504492508e-15
3951.496922216 6.81750815333506e-15
3954.58869613878 6.83607935070361e-15
3957.68047006156 6.92278968999756e-15
3960.77224398433 6.73216704280034e-15
3963.86401790711 6.74421269834325e-15
3966.95579182988 6.68938086753569e-15
3970.04756575266 6.61641829649215e-15
3973.13933967543 6.65185646093937e-15
3976.23111359821 6.80642811535202e-15
3979.32288752098 6.90413548340017e-15
3982.41466144376 6.72917447539769e-15
3985.50643536654 6.45042694388462e-15
3988.59820928931 6.63986925066983e-15
3991.68998321209 6.89645670621684e-15
3994.78175713486 6.69318277491944e-15
3997.87353105764 6.89876444748164e-15
4000.96530498041 6.74457565196115e-15
4004.05707890319 6.72135509074512e-15
4007.14885282597 6.49076011173403e-15
4010.24062674874 6.54696667701498e-15
4013.33240067152 6.74238734234191e-15
4016.42417459429 6.57030074064594e-15
4019.51594851707 6.64673360567438e-15
4022.60772243984 6.59900922832723e-15
4025.69949636262 6.56918519825441e-15
4028.79127028539 6.42754943101223e-15
4031.88304420817 6.48296994971813e-15
4034.97481813095 6.45609740595001e-15
4038.06659205372 6.39806506115125e-15
4041.1583659765 6.45564890200444e-15
4044.25013989927 6.44095457443547e-15
4047.34191382205 6.53816981634127e-15
4050.43368774482 6.51702321529659e-15
4053.5254616676 6.52873768095712e-15
4056.61723559037 6.4471175861597e-15
4059.70900951315 6.41737148311802e-15
4062.80078343593 6.61127257133758e-15
4065.8925573587 6.50689270124743e-15
4068.98433128148 6.36870689919942e-15
4072.07610520425 6.50109391369053e-15
4075.16787912703 6.19464840480224e-15
4078.2596530498 6.36487661621193e-15
4081.35142697258 6.43302084033502e-15
4084.44320089536 6.1404200849696e-15
4087.53497481813 6.27527831808432e-15
4090.62674874091 6.35129613696861e-15
4093.71852266368 6.31981319286858e-15
4096.81029658646 6.37248381911122e-15
4099.90207050923 6.34572943643925e-15
4102.99384443201 6.26836991736652e-15
4106.08561835478 6.19738770935366e-15
4109.17739227756 6.29462370356666e-15
4112.26916620034 6.33483235757282e-15
4115.36094012311 6.1089125769141e-15
4118.45271404589 6.11642406509036e-15
4121.54448796866 6.22796983391427e-15
4124.63626189144 6.32557555800876e-15
4127.72803581421 6.16435469496016e-15
4130.81980973699 6.23463937134095e-15
4133.91158365976 6.17977789438024e-15
4137.00335758254 6.04286857098374e-15
4140.09513150532 6.07472209199818e-15
4143.18690542809 6.05469696257567e-15
4146.27867935087 6.00072275262721e-15
4149.37045327364 6.02200953762465e-15
4152.46222719642 5.87407904503495e-15
4155.55400111919 5.65583380639483e-15
4158.64577504197 5.65093880299265e-15
4161.73754896475 5.67612659822868e-15
4164.82932288752 5.66349098423801e-15
4167.9210968103 5.72094522905027e-15
4171.01287073307 5.61592923721673e-15
4174.10464465585 5.27418193618573e-15
4177.19641857862 5.28114369997921e-15
4180.2881925014 5.25328478634401e-15
4183.37996642417 5.33797198744345e-15
4186.47174034695 5.46118097643458e-15
4189.56351426973 5.34156340713981e-15
4192.6552881925 5.1919130141507e-15
4195.74706211528 5.12193792831213e-15
4198.83883603805 5.14779445606002e-15
4201.93060996083 5.15866146525682e-15
4205.0223838836 5.15062778126858e-15
4208.11415780638 5.14915309690741e-15
4211.20593172916 5.15458469568168e-15
4214.29770565193 5.27121647383739e-15
4217.38947957471 5.36571316349897e-15
4220.48125349748 5.30812762857989e-15
4223.57302742026 5.45620169325415e-15
4226.66480134303 5.47315632824287e-15
4229.75657526581 5.4961985890235e-15
4232.84834918858 5.35124668779282e-15
4235.94012311136 5.44458802451435e-15
4239.03189703413 5.52958566318895e-15
4242.12367095691 5.53878232341376e-15
4245.21544487969 5.51617501405154e-15
4248.30721880246 5.69696318521466e-15
4251.39899272524 5.82428451916472e-15
4254.49076664801 5.72539681070456e-15
4257.58254057079 5.70180736664001e-15
4260.67431449356 5.79891799997682e-15
4263.76608841634 5.76963437692434e-15
4266.85786233912 5.84250843302489e-15
4269.94963626189 5.88242909582899e-15
4273.04141018467 5.92307270125356e-15
4276.13318410744 5.82285176293443e-15
4279.22495803022 5.86276099079374e-15
4282.31673195299 5.74325057116679e-15
4285.40850587577 5.90436513158051e-15
4288.50027979854 5.86814176759117e-15
4291.59205372132 5.93485492954987e-15
4294.6838276441 5.96612399783071e-15
4297.77560156687 5.86124607236758e-15
4300.86737548965 5.87551349533113e-15
4303.95914941242 5.89142331517941e-15
4307.0509233352 5.84586056591365e-15
4310.14269725797 5.80174285485591e-15
4313.23447118075 5.70840151813438e-15
4316.32624510353 5.82828251467576e-15
4319.4180190263 5.77630518490044e-15
4322.50979294908 5.77036917800608e-15
4325.60156687185 5.77090153821343e-15
4328.69334079463 5.79793332417563e-15
4331.7851147174 5.811625611768e-15
4334.87688864018 5.74892780949576e-15
4337.96866256295 5.72037009367908e-15
4341.06043648573 5.71505242083622e-15
4344.15221040851 5.62925984174062e-15
4347.24398433128 5.65025482388774e-15
4350.33575825406 5.60759612708165e-15
4353.42753217683 5.56711134033468e-15
4356.51930609961 5.65240840515614e-15
4359.61108002238 5.75387787003952e-15
4362.70285394516 5.74072937759929e-15
4365.79462786793 5.54286841035131e-15
4368.88640179071 5.63228883156e-15
4371.97817571349 5.67139634273474e-15
4375.06994963626 5.69322184068664e-15
4378.16172355904 5.72000968116003e-15
4381.25349748181 5.7429308162292e-15
4384.34527140459 5.84343381651977e-15
4387.43704532736 5.78387215373474e-15
4390.52881925014 5.78539257787506e-15
4393.62059317292 5.66990387068167e-15
4396.71236709569 5.67410430706711e-15
4399.80414101847 5.79212987793752e-15
4402.89591494124 5.86225997080544e-15
4405.98768886402 5.86027156096176e-15
4409.07946278679 5.90810901720737e-15
4412.17123670957 6.03202527870946e-15
4415.26301063234 5.97497464509657e-15
4418.35478455512 6.03150985916106e-15
4421.4465584779 5.9704472539935e-15
4424.53833240067 6.03601607444045e-15
4427.63010632345 6.14657589691377e-15
4430.72188024622 6.22705842646303e-15
4433.813654169 6.2115348536387e-15
4436.90542809177 6.22199909866908e-15
4439.99720201455 6.31495588243255e-15
4443.08897593732 6.32668898281792e-15
4446.1807498601 6.29754088503701e-15
4449.27252378288 6.32418472990936e-15
4452.36429770565 6.3183982243302e-15
4455.45607162843 6.40568369899533e-15
4458.5478455512 6.42066898238168e-15
4461.63961947398 6.4793217788143e-15
4464.73139339675 6.49419186571983e-15
4467.82316731953 6.60791493273466e-15
4470.9149412423 6.67619510564578e-15
4474.00671516508 6.57144550567416e-15
4477.09848908786 6.58753150837546e-15
4480.19026301063 6.59267808056298e-15
4483.28203693341 6.53708010845463e-15
4486.37381085618 6.60489102511297e-15
4489.46558477896 6.58453851745634e-15
4492.55735870173 6.67743092671582e-15
4495.64913262451 6.69521268937753e-15
4498.74090654729 6.64618388129161e-15
4501.83268047006 6.62360833566492e-15
4504.92445439284 6.68898572666579e-15
4508.01622831561 6.72523238406117e-15
4511.10800223839 6.77125676628318e-15
4514.19977616116 6.69919289719668e-15
4517.29155008394 6.78363064709315e-15
4520.38332400671 6.73776254244991e-15
4523.47509792949 6.67191250706446e-15
4526.56687185227 6.71387494278791e-15
4529.65864577504 6.74621254313171e-15
4532.75041969782 6.78568978418792e-15
4535.84219362059 6.75073739313595e-15
4538.93396754337 6.67021081787343e-15
4542.02574146614 6.62934994849788e-15
4545.11751538892 6.65629830171478e-15
4548.2092893117 6.71369875993488e-15
4551.30106323447 6.6735883617506e-15
4554.39283715725 6.62821492434856e-15
4557.48461108002 6.65482785251834e-15
4560.5763850028 6.64709020654517e-15
4563.66815892557 6.62256817920569e-15
4566.75993284835 6.52358602657192e-15
4569.85170677112 6.56843896222788e-15
4572.9434806939 6.59781745297044e-15
4576.03525461668 6.60202678320182e-15
4579.12702853945 6.44661360155608e-15
4582.21880246223 6.42799242924364e-15
4585.310576385 6.43361503394752e-15
4588.40235030778 6.33613848237749e-15
4591.49412423055 6.29156506759413e-15
4594.58589815333 6.29154050363866e-15
4597.6776720761 6.1845560072357e-15
4600.76944599888 6.30566816616591e-15
4603.86121992166 6.18652451180512e-15
4606.95299384443 6.07555726648418e-15
4610.04476776721 5.99628684108244e-15
4613.13654168998 6.03196429233726e-15
4616.22831561276 6.04386595227913e-15
4619.32008953553 6.0298454394197e-15
4622.41186345831 5.96637895474783e-15
4625.50363738109 5.82709878613197e-15
4628.59541130386 5.80047738763271e-15
4631.68718522664 5.80122023552745e-15
4634.77895914941 5.76357300915379e-15
4637.87073307219 5.71890726777918e-15
4640.96250699496 5.55028757193632e-15
4644.05428091774 5.38994847018581e-15
4647.14605484051 5.42496396519236e-15
4650.23782876329 5.39438014656585e-15
4653.32960268607 5.23619928476495e-15
4656.42137660884 5.1902172541903e-15
4659.51315053162 5.03288003720487e-15
4662.60492445439 4.97727655938236e-15
4665.69669837717 4.93684513571107e-15
4668.78847229994 4.82008926722859e-15
4671.88024622272 4.72137265942378e-15
4674.97202014549 4.70772865270941e-15
4678.06379406827 4.53842624831106e-15
4681.15556799105 4.49968846701781e-15
4684.24734191382 4.46957390464408e-15
4687.3391158366 4.43979773193277e-15
4690.43088975937 4.49601869677383e-15
4693.52266368215 4.41448245823818e-15
4696.61443760492 4.35377518339199e-15
4699.7062115277 4.41973321547821e-15
4702.79798545048 4.5162949714652e-15
4705.88975937325 4.50159471466561e-15
4708.98153329603 4.52779005559239e-15
4712.0733072188 4.57543227074366e-15
4715.16508114158 4.54212100602699e-15
4718.25685506435 4.56278437477526e-15
4721.34862898713 4.61561000804724e-15
4724.4404029099 4.65730944004057e-15
4727.53217683268 4.66182031400118e-15
4730.62395075546 4.70103455132726e-15
4733.71572467823 4.77362103974222e-15
4736.80749860101 4.71834451663735e-15
4739.89927252378 4.71439056683957e-15
4742.99104644656 4.73710968455082e-15
4746.08282036933 4.74858613395317e-15
4749.17459429211 4.77218955406136e-15
4752.26636821489 4.8108553375541e-15
4755.35814213766 4.84372402755583e-15
4758.44991606044 4.92688318121841e-15
4761.54168998321 5.00228351308415e-15
4764.63346390599 4.97080353359944e-15
4767.72523782876 4.89807050848461e-15
4770.81701175154 4.95330764455743e-15
4773.90878567431 5.11711661677636e-15
4777.00055959709 5.17846721314599e-15
4780.09233351986 5.1855522202333e-15
4783.18410744264 5.19278588160285e-15
4786.27588136542 5.24113960442981e-15
4789.36765528819 5.14528385040436e-15
4792.45942921097 5.24831651459189e-15
4795.55120313374 5.27750061127307e-15
4798.64297705652 5.191314161857e-15
4801.73475097929 5.1527987267124e-15
4804.82652490207 5.19618163668839e-15
4807.91829882485 5.23809367395148e-15
4811.01007274762 5.22091965742943e-15
4814.1018466704 5.2008610702055e-15
4817.19362059317 5.21719906520861e-15
4820.28539451595 5.21347508485601e-15
4823.37716843872 5.1497426318387e-15
4826.4689423615 5.17949551114396e-15
4829.56071628428 5.2215769549965e-15
4832.65249020705 5.26479850519604e-15
4835.74426412983 5.256103288476e-15
4838.8360380526 5.35554792109897e-15
4841.92781197538 5.32874441051606e-15
4845.01958589815 5.34476815629574e-15
4848.11135982093 5.35754734237097e-15
4851.2031337437 5.4098825435665e-15
4854.29490766648 5.37640187226037e-15
4857.38668158926 5.40602684959059e-15
4860.47845551203 5.39956102358773e-15
4863.57022943481 5.38360758154267e-15
4866.66200335758 5.46518617172568e-15
4869.75377728036 5.57937722444387e-15
4872.84555120313 5.59001426419549e-15
4875.93732512591 5.59106882021482e-15
4879.02909904868 5.58639870406013e-15
4882.12087297146 5.60280446169903e-15
4885.21264689424 5.67012155814912e-15
4888.30442081701 5.67740815907787e-15
4891.39619473979 5.64976227422891e-15
4894.48796866256 5.58084597957441e-15
4897.57974258534 5.61990775096999e-15
4900.67151650811 5.62945211821965e-15
4903.76329043089 5.57528097311095e-15
4906.85506435366 5.48820979778147e-15
4909.94683827644 5.48782990350462e-15
4913.03861219922 5.45185895533358e-15
4916.13038612199 5.50909000696423e-15
4919.22216004477 5.42526550892158e-15
4922.31393396754 5.40109965893642e-15
4925.40570789032 5.42058311078916e-15
4928.49748181309 5.36205482819978e-15
4931.58925573587 5.38156538510684e-15
4934.68102965865 5.38775253727006e-15
4937.77280358142 5.33582391188921e-15
4940.8645775042 5.28138341030328e-15
4943.95635142697 5.27413450234068e-15
4947.04812534975 5.19832166542963e-15
4950.13989927252 5.10091880572602e-15
4953.2316731953 5.05551106348961e-15
4956.32344711807 5.01295316360424e-15
4959.41522104085 4.96030117208644e-15
4962.50699496363 5.01120277001874e-15
4965.5987688864 4.94997075826172e-15
4968.69054280918 4.91114700312432e-15
4971.78231673195 4.92974445851424e-15
4974.87409065473 4.91244889276425e-15
4977.9658645775 4.88157835348509e-15
4981.05763850028 4.89660005928818e-15
4984.14941242305 4.93763880558265e-15
4987.24118634583 4.87977374979097e-15
4990.33296026861 4.93680701922844e-15
4993.42473419138 4.93401858676608e-15
4996.51650811416 4.97117665161271e-15
4999.60828203693 4.97281947201391e-15
5002.70005595971 5.00221151528363e-15
5005.79182988248 5.02544817012566e-15
5008.88360380526 5.0328842723696e-15
5011.97537772803 5.06382892703165e-15
5015.06715165081 5.05877298736948e-15
5018.15892557359 5.10139822637416e-15
5021.25069949636 5.20573828591579e-15
5024.34247341914 5.22092601017653e-15
5027.43424734191 5.19813447114829e-15
5030.52602126469 5.27877793695753e-15
5033.61779518746 5.25411657269822e-15
5036.70956911024 5.2499720404873e-15
5039.80134303302 5.25989672553028e-15
5042.89311695579 5.20947031308139e-15
5045.98489087857 5.2693309784968e-15
5049.07666480134 5.31312088780395e-15
5052.16843872412 5.37289981453995e-15
5055.26021264689 5.33353988754694e-15
5058.35198656967 5.35499396155147e-15
5061.44376049244 5.36889461924886e-15
5064.53553441522 5.40579052739831e-15
5067.627308338 5.39097507411788e-15
5070.71908226077 5.42910510927148e-15
5073.81085618355 5.45055367756186e-15
5076.90263010632 5.50513902178177e-15
5079.9944040291 5.40389994986004e-15
5083.08617795187 5.39282372352527e-15
5086.17795187465 5.41795307348793e-15
5089.26972579743 5.4555393134894e-15
5092.3614997202 5.46785940770721e-15
5095.45327364298 5.46171291312546e-15
5098.54504756575 5.48129927948129e-15
5101.63682148853 5.44624524447565e-15
5104.7285954113 5.44889688111703e-15
5107.82036933408 5.52787423311902e-15
5110.91214325685 5.59307078258566e-15
5114.00391717963 5.52196236666366e-15
5117.09569110241 5.49504662421523e-15
5120.18746502518 5.52051605790622e-15
5123.27923894796 5.56405609249393e-15
5126.37101287073 5.60699727478794e-15
5129.46278679351 5.57779539041487e-15
5132.55456071628 5.60941555385235e-15
5135.64633463906 5.60138398744648e-15
5138.73810856183 5.59757530379915e-15
5141.82988248461 5.60668048446566e-15
5144.92165640739 5.63232821859205e-15
5148.01343033016 5.69022884976751e-15
5151.10520425294 5.66905429663558e-15
5154.19697817571 5.648347729207e-15
5157.28875209849 5.6123310412568e-15
5160.38052602126 5.68843949266644e-15
5163.47229994404 5.67511227627434e-15
5166.56407386682 5.71389706789617e-15
5169.65584778959 5.69264331718366e-15
5172.74762171237 5.63650282047259e-15
5175.83939563514 5.64859167469581e-15
5178.93116955792 5.77761978003458e-15
5182.02294348069 5.80350553041915e-15
5185.11471740347 5.73873800314029e-15
5188.20649132624 5.79345167285171e-15
5191.29826524902 5.81673618505526e-15
5194.3900391718 5.76140799294061e-15
5197.48181309457 5.76815630443138e-15
5200.57358701735 5.81176876033609e-15
5203.66536094012 5.76575750712476e-15
5206.7571348629 5.83685829975023e-15
5209.84890878567 5.87033134775983e-15
5212.94068270845 5.75376521465753e-15
5216.03245663122 5.73169195956856e-15
5219.124230554 5.85196682643041e-15
5222.21600447678 5.76695859984397e-15
5225.30777839955 5.79498395545329e-15
5228.39955232233 5.7966106822285e-15
5231.4913262451 5.76914055671609e-15
5234.58310016788 5.7907699665407e-15
5237.67487409065 5.75473210276682e-15
5240.76664801343 5.74638501658811e-15
5243.85842193621 5.7435652439067e-15
5246.95019585898 5.81122835331574e-15
5250.04196978176 5.72741613725082e-15
5253.13374370453 5.66633235625958e-15
5256.22551762731 5.75839170861544e-15
5259.31729155008 5.73093725321256e-15
5262.40906547286 5.70069055369905e-15
5265.50083939563 5.66173127329009e-15
5268.59261331841 5.64623522903655e-15
5271.68438724119 5.63813844109374e-15
5274.77616116396 5.63755229429424e-15
5277.86793508674 5.59213099953068e-15
5280.95970900951 5.56693515748165e-15
5284.05148293229 5.59451031507952e-15
5287.14325685506 5.61567428029961e-15
5290.23503077784 5.62114611313887e-15
5293.32680470061 5.57847174622325e-15
5296.41857862339 5.55481242194055e-15
5299.51035254617 5.54246861080021e-15
5302.60212646894 5.52834730102006e-15
5305.69390039172 5.45332728694764e-15
5308.78567431449 5.43650521261517e-15
5311.87744823727 5.41988134399236e-15
5314.96922216004 5.47501937721035e-15
5318.06099608282 5.50854748236152e-15
5321.15277000559 5.36418681012802e-15
5324.24454392837 5.34797121138578e-15
5327.33631785115 5.36820471091332e-15
5330.42809177392 5.3616160651331e-15
5333.5198656967 5.40161041980361e-15
5336.61163961947 5.30330885814296e-15
5339.70341354225 5.27088486043854e-15
5342.79518746502 5.32187158518204e-15
5345.8869613878 5.30277649793561e-15
5348.97873531058 5.31462945348301e-15
5352.07050923335 5.29182393841114e-15
5355.16228315613 5.26410139708045e-15
5358.2540570789 5.25378707688174e-15
5361.34583100168 5.28948019824609e-15
5364.43760492445 5.25142766660716e-15
5367.52937884723 5.21393544726284e-15
5370.62115277001 5.22374451230852e-15
5373.71292669278 5.21583025996585e-15
5376.80470061556 5.18450147586223e-15
5379.89647453833 5.18463276596905e-15
5382.98824846111 5.18257278184133e-15
5386.08002238388 5.16494729675839e-15
5389.17179630666 5.16487741654024e-15
5392.26357022943 5.16695942352459e-15
5395.35534415221 5.14437074888721e-15
5398.44711807499 5.14034056612418e-15
5401.53889199776 5.115460243848e-15
5404.63066592054 5.10239772525192e-15
5407.72243984331 5.05866287308634e-15
5410.81421376609 5.07674363837843e-15
5413.90598768886 5.03553463846156e-15
5416.99776161164 4.97301344255883e-15
5420.08953553441 4.98074685336726e-15
5423.18130945719 4.98492865502785e-15
5426.27308337997 4.93376490039838e-15
5429.36485730274 4.99950736259952e-15
5432.45663122552 4.99600064619789e-15
5435.54840514829 4.89371337100393e-15
5438.64017907107 4.86378430884565e-15
5441.73195299384 4.89045949393706e-15
5444.82372691662 4.87243251523712e-15
5447.91550083939 4.85062395794416e-15
5451.00727476217 4.83320049021914e-15
5454.09904868495 4.83335422669907e-15
5457.19082260772 4.84041085818264e-15
5460.2825965305 4.82947608635006e-15
5463.37437045327 4.76904367369526e-15
5466.46614437605 4.7131759215932e-15
5469.55791829882 4.6885818964532e-15
5472.6496922216 4.6973436052596e-15
5475.74146614438 4.71209341348661e-15
5478.83324006715 4.6622743236609e-15
5481.92501398993 4.61653030934444e-15
5485.0167879127 4.61570953441855e-15
5488.10856183548 4.626798889764e-15
5491.20033575825 4.60862579788066e-15
5494.29210968103 4.63178876085628e-15
5497.3838836038 4.61293126635155e-15
5500.47565752658 4.51307539923269e-15
5503.56743144936 4.49872750813915e-15
5506.65920537213 4.52228645901761e-15
5509.75097929491 4.47879555234084e-15
5512.84275321768 4.48152045733215e-15
5515.93452714046 4.51085871400973e-15
5519.02630106323 4.51049872500714e-15
5522.11807498601 4.43899982689646e-15
5525.20984890878 4.42767753749051e-15
5528.30162283156 4.4632800263295e-15
5531.39339675434 4.43459779666958e-15
5534.48517067711 4.41279728618962e-15
5537.57694459989 4.41177322335639e-15
5540.66871852266 4.38701910898936e-15
5543.76049244544 4.41944818889146e-15
5546.85226636821 4.41024517591954e-15
5549.94404029099 4.35879893580216e-15
5553.03581421376 4.33658973192515e-15
5556.12758813654 4.3304207909703e-15
5559.21936205932 4.33156809709736e-15
5562.31113598209 4.29066741717329e-15
5565.40290990487 4.25952032163685e-15
5568.49468382764 4.29957947432782e-15
5571.58645775042 4.248630019034e-15
5574.67823167319 4.19111987004723e-15
5577.77000559597 4.2722300510104e-15
5580.86177951875 4.25884565989436e-15
5583.95355344152 4.18583269039046e-15
5587.0453273643 4.17908395538322e-15
5590.13710128707 4.19718123781778e-15
5593.22887520985 4.15955688133369e-15
5596.32064913262 4.17617651479176e-15
5599.4124230554 4.13593397946771e-15
5602.50419697817 4.14901640333806e-15
5605.59597090095 4.10892506339509e-15
5608.68774482373 4.03018106897007e-15
5611.7795187465 4.00733150818493e-15
5614.87129266928 3.99841098070093e-15
5617.96306659205 4.02450425415757e-15
5621.05484051483 4.00596524404101e-15
5624.1466144376 3.96008909258477e-15
5627.23838836038 3.99679145370578e-15
5630.33016228316 3.933010296294e-15
5633.42193620593 3.89072302343528e-15
5636.51371012871 3.87007871292832e-15
5639.60548405148 3.87421181019445e-15
5642.69725797426 3.86980342722046e-15
5645.78903189703 3.8412486760191e-15
5648.88080581981 3.84715080159557e-15
5651.97257974258 3.82131121450663e-15
5655.06435366536 3.69234706015537e-15
5658.15612758814 3.7010681113803e-15
5661.24790151091 3.68293991224317e-15
5664.33967543369 3.63349775207899e-15
5667.43144935646 3.56600955497355e-15
5670.52322327924 3.58414368334132e-15
5673.61499720201 3.55534583368409e-15
5676.70677112479 3.54285506232741e-15
5679.79854504756 3.49507986300342e-15
5682.89031897034 3.4933788090871e-15
5685.98209289312 3.45564518535282e-15
5689.07386681589 3.46628857785154e-15
5692.16564073867 3.48756159856359e-15
5695.25741466144 3.49651219571723e-15
5698.34918858422 3.53413316406953e-15
5701.44096250699 3.54878598702408e-15
5704.53273642977 3.57266977503781e-15
5707.62451035255 3.57753852041863e-15
5710.71628427532 3.58587501868551e-15
5713.8080581981 3.57430454862601e-15
5716.89983212087 3.57995552893362e-15
5719.99160604365 3.57922072785188e-15
5723.08337996642 3.56944257950877e-15
5726.1751538892 3.57940538103438e-15
5729.26692781197 3.58465232662615e-15
5732.35870173475 3.65541430607272e-15
5735.45047565753 3.65972104509303e-15
5738.5422495803 3.62763543705104e-15
5741.63402350308 3.66867672444435e-15
5744.72579742585 3.62847569373471e-15
5747.81757134863 3.69109514545933e-15
5750.9093452714 3.71585307147463e-15
5754.00111919418 3.68477585615634e-15
5757.09289311695 3.7265519446314e-15
5760.18466703973 3.70887013185746e-15
5763.27644096251 3.75957733572837e-15
5766.36821488528 3.8028552136189e-15
5769.45998880806 3.76758476169524e-15
5772.55176273083 3.83679751788128e-15
5775.64353665361 3.82801548028415e-15
5778.73531057638 3.81688546735722e-15
5781.82708449916 3.82622146450186e-15
5784.91885842194 3.82929704113334e-15
5788.01063234471 3.85677309587638e-15
5791.10240626749 3.8848708728027e-15
5794.19418019026 3.89358303018168e-15
5797.28595411304 3.9192993739768e-15
5800.37772803581 3.91926125749417e-15
5803.46950195859 3.89234085636453e-15
5806.56127588136 3.89899684126406e-15
5809.65304980414 3.97033310904887e-15
5812.74482372692 3.96586670431799e-15
5815.83659764969 3.99073474461643e-15
5818.92837157247 3.96027374576727e-15
5822.02014549524 3.9702539114683e-15
5825.11191941802 4.0227436961767e-15
5828.20369334079 4.02750613892264e-15
5831.29546726357 4.08323201300602e-15
5834.38724118634 4.02883725119925e-15
5837.47901510912 4.0265769437795e-15
5840.5707890319 4.04326179877451e-15
5843.66256295467 4.08259589126264e-15
5846.75433687745 4.07993747835768e-15
5849.84611080022 4.07675517557484e-15
5852.937884723 4.04330330338893e-15
5856.02965864577 4.04296957240771e-15
5859.12143256855 4.05057338717521e-15
5862.21320649132 4.06349656885147e-15
5865.3049804141 4.03120979048451e-15
5868.39675433688 4.03361324647234e-15
5871.48852825965 4.05353122622703e-15
5874.58030218243 4.05978741157545e-15
5877.6720761052 4.0715078064666e-15
5880.76385002798 4.02601578445194e-15
5883.85562395075 3.98946927739324e-15
5886.94739787353 3.99889421299733e-15
5890.0391717963 3.94507162194643e-15
5893.13094571908 3.89709948746221e-15
5896.22271964186 3.84836121167719e-15
5899.31449356463 3.89236880845179e-15
5902.40626748741 3.93795908628833e-15
5905.49804141018 3.911900964699e-15
5908.58981533296 3.93548956173061e-15
5911.68158925574 3.91980971132752e-15
5914.77336317851 3.83478030891739e-15
5917.86513710129 3.81304501997437e-15
5920.95691102406 3.80445356479037e-15
5924.04868494684 3.81511008629978e-15
5927.14045886961 3.86031538766179e-15
5930.23223279239 3.85738888882903e-15
5933.32400671516 3.85742531124576e-15
5936.41578063794 3.84864666178042e-15
5939.50755456072 3.80839057392921e-15
5942.59932848349 3.80553183773223e-15
5945.69110240627 3.76265799455753e-15
5948.78287632904 3.77365036463052e-15
5951.87465025182 3.8176486440427e-15
5954.96642417459 3.77886808758561e-15
5958.05819809737 3.79696960518491e-15
5961.14997202014 3.83152516130109e-15
5964.24174594292 3.80433286259539e-15
5967.3335198657 3.76201509655056e-15
5970.42529378847 3.75512067187639e-15
5973.51706771125 3.76201975523177e-15
5976.60884163402 3.771659413688e-15
5979.7006155568 3.75994706560984e-15
5982.79238947957 3.71158487245341e-15
5985.88416340235 3.70594956225533e-15
5988.97593732512 3.7117504673946e-15
5992.0677112479 3.73068970057873e-15
5995.15948517068 3.73648933516858e-15
5998.25125909345 3.67989482879779e-15
6001.34303301623 3.70962737931231e-15
6004.434806939 3.68937143341167e-15
6007.52658086178 3.70152127400708e-15
6010.61835478455 3.68980977296187e-15
6013.71012870733 3.64970869214001e-15
6016.8019026301 3.65484467641569e-15
6019.89367655288 3.63889123437063e-15
6022.98545047566 3.65820993831513e-15
6026.07722439843 3.66774287062e-15
6029.16899832121 3.66762979172154e-15
6032.26077224398 3.66423276608658e-15
6035.35254616676 3.62848331703124e-15
6038.44432008953 3.6535919146867e-15
6041.53609401231 3.59386296289459e-15
6044.62786793509 3.60163067853738e-15
6047.71964185786 3.60145364865141e-15
6050.81141578064 3.58790027446239e-15
6053.90318970341 3.55352005416629e-15
6056.99496362619 3.5235604988219e-15
6060.08673754896 3.55883603294326e-15
6063.17851147174 3.55983637885396e-15
6066.27028539451 3.55448397766026e-15
6069.36205931729 3.54913284701598e-15
6072.45383324007 3.54378065758052e-15
6075.54560716284 3.53842846814506e-15
6078.63738108562 3.53307606695136e-15
6081.72915500839 3.52772408927413e-15
6084.82092893117 3.52237168808043e-15
6087.91270285394 3.51701949864497e-15
6091.00447677672 3.50756216403064e-15
6094.09625069949 3.45976494185002e-15
6097.18802462227 3.43944504496187e-15
6100.27979854505 3.43621488481751e-15
6103.37157246782 3.38878103977127e-15
6106.4633463906 3.38974072810051e-15
6109.55512031337 3.40580979014287e-15
6112.64689423615 3.36647950930301e-15
6115.73866815892 3.33521382915396e-15
6118.8304420817 3.30368260417595e-15
6121.92221600448 3.3101270425969e-15
6125.01398992725 3.25424171456119e-15
6128.10576385003 3.22938637975696e-15
6131.1975377728 3.25805251579088e-15
6134.28931169558 3.25970888871924e-15
6137.38108561835 3.22354735813506e-15
6140.47285954113 3.16917885434965e-15
6143.5646334639 3.11515191660022e-15
6146.65640738668 3.11334667763138e-15
6149.74818130946 3.06684012190415e-15
6152.83995523223 3.07620512992723e-15
6155.93172915501 3.08933922280735e-15
6159.02350307778 3.06924950712261e-15
6162.11527700056 3.07295739384922e-15
6165.20705092333 3.02456449574845e-15
6168.29882484611 3.02263071952987e-15
6171.39059876888 3.00219308506204e-15
6174.48237269166 2.99098895675223e-15
6177.57414661444 2.98539155127854e-15
6180.66592053721 2.96014340494502e-15
6183.75769445999 2.9500090792476e-15
6186.84946838276 2.89717370509672e-15
6189.94124230554 2.85971917871855e-15
6193.03301622831 2.84986797378375e-15
6196.12479015109 2.84210872847042e-15
6199.21656407387 2.82507510765938e-15
6202.30833799664 2.78556949099944e-15
6205.40011191942 2.77000970751661e-15
6208.49188584219 2.7625024545051e-15
6211.58365976497 2.74327883000892e-15
6214.67543368774 2.69664881922963e-15
6217.76720761052 2.65115764424791e-15
6220.85898153329 2.64240440577099e-15
6223.95075545607 2.59541165313203e-15
6227.04252937885 2.54762480710502e-15
6230.13430330162 2.52344752217507e-15
6233.2260772244 2.46988433496426e-15
6236.31785114717 2.46679520580562e-15
6239.40962506995 2.45836934556281e-15
6242.50139899272 2.43645766200853e-15
6245.5931729155 2.38635291032136e-15
6248.68494683828 2.36336930657232e-15
6251.77672076105 2.36637436771094e-15
6254.86849468383 2.30284583787569e-15
6257.9602686066 2.26453072602311e-15
6261.05204252938 2.25685470169686e-15
6264.14381645215 2.23756966731201e-15
6267.23559037493 2.2213496216468e-15
6270.3273642977 2.19906016139804e-15
6273.41913822048 2.10962576414572e-15
6276.51091214326 2.06249049821338e-15
6279.60268606603 2.03692090287638e-15
6282.69445998881 2.07091085274204e-15
6285.78623391158 2.1041708719654e-15
6288.87800783436 2.09555887623243e-15
6291.96978175713 2.08305645817272e-15
6295.06155567991 2.10174496960446e-15
6298.15332960268 2.16088692756413e-15
6301.24510352546 2.15767413159519e-15
6304.33687744824 2.16788977245555e-15
6307.42865137101 2.22448766695814e-15
6310.52042529379 2.21468622520898e-15
6313.61219921656 2.29563123474745e-15
6316.70397313934 2.32537522020675e-15
6319.79574706211 2.33232809015429e-15
6322.88752098489 2.4238607997752e-15
6325.97929490767 2.4963894781915e-15
6329.07106883044 2.60402301359029e-15
6332.16284275322 2.65278564157254e-15
6335.25461667599 2.68885738666431e-15
6338.34639059877 2.75427204711486e-15
6341.43816452154 2.79553313955799e-15
6344.52993844432 2.84517477598125e-15
6347.62171236709 2.92378028051939e-15
6350.71348628987 2.99488276721076e-15
6353.80526021265 3.05402091352216e-15
6356.89703413542 3.13470249581403e-15
6359.9888080582 3.17588036727009e-15
6363.08058198097 3.24521784905761e-15
6366.17235590375 3.33978611300324e-15
6369.26412982652 3.37130039732231e-15
6372.3559037493 3.43363588125136e-15
6375.44767767207 3.51305877258361e-15
6378.53945159485 3.60673489907754e-15
6381.63122551763 3.68185740413658e-15
6384.7229994404 3.71614148619317e-15
6387.81477336318 3.76768640564891e-15
6390.90654728595 3.82384638411776e-15
6393.99832120873 3.86614975060248e-15
6397.0900951315 3.91538523472753e-15
6400.18186905428 3.97397026852438e-15
6403.27364297706 4.00193590831092e-15
6406.36541689983 4.04691293429365e-15
6409.45719082261 4.11303020857396e-15
6412.54896474538 4.12627272167133e-15
6415.64073866816 4.16496561021838e-15
6418.73251259093 4.20353398492218e-15
6421.82428651371 4.24646712040319e-15
6424.91606043648 4.28567796959749e-15
6428.00783435926 4.32844339255493e-15
6431.09960828204 4.3419671205908e-15
6434.19138220481 4.325198409334e-15
6437.28315612759 4.37521697541879e-15
6440.37493005036 4.38938741310988e-15
6443.46670397314 4.43646296321943e-15
6446.55847789591 4.43683269310091e-15
6449.65025181869 4.51423244623864e-15
6452.74202574147 4.54530246177687e-15
6455.83379966424 4.53500931740184e-15
6458.92557358702 4.55175515876906e-15
6462.01734750979 4.57587145732681e-15
6465.10912143257 4.57639704127058e-15
6468.20089535534 4.61892148335454e-15
6471.29266927812 4.61221806460996e-15
6474.38444320089 4.625209008922e-15
6477.47621712367 4.67898543667728e-15
6480.56799104645 4.69146900825392e-15
6483.65976496922 4.66707742398831e-15
6486.751538892 4.70147754955868e-15
6489.84331281477 4.70325038951728e-15
6492.93508673755 4.73707326213409e-15
6496.02686066032 4.81286788783677e-15
6499.1186345831 4.81786072354436e-15
6502.21040850587 4.82908391009548e-15
6505.30218242865 4.87845746059094e-15
6508.39395635143 4.91727528649771e-15
6511.4857302742 4.93302544063543e-15
6514.57750419698 4.93032721718195e-15
6517.66927811975 4.89496189756819e-15
6520.76105204253 4.89341352134061e-15
6523.8528259653 4.92973090598708e-15
6526.94459988808 4.92682304187916e-15
6530.03637381085 4.96686228929587e-15
6533.12814773363 4.98510737897973e-15
6536.21992165641 4.93733472075458e-15
6539.31169557918 4.8926444154245e-15
6542.40346950196 4.91447457205761e-15
6545.49524342473 4.90503227227809e-15
6548.58701734751 4.88414655738117e-15
6551.67879127028 4.91150529806101e-15
6554.77056519306 4.8605156087022e-15
6557.86233911583 4.79923616310014e-15
6560.95411303861 4.82277774980317e-15
6564.04588696139 4.82796497957216e-15
6567.13766088416 4.76924865566849e-15
6570.22943480694 4.80047198417018e-15
6573.32120872971 4.77113838617382e-15
6576.41298265249 4.78769449216085e-15
6579.50475657526 4.8143400310991e-15
6582.59653049804 4.74803048033977e-15
6585.68830442082 4.73528178745065e-15
6588.78007834359 4.72348643014366e-15
6591.87185226637 4.78007627783324e-15
6594.96362618914 4.79671454601616e-15
6598.05540011192 4.70981447134203e-15
6601.14717403469 4.64564198470862e-15
6604.23894795747 4.62046985958212e-15
6607.33072188024 4.6215684613147e-15
6610.42249580302 4.58666816278899e-15
6613.5142697258 4.56198985787073e-15
6616.60604364857 4.55952075682949e-15
6619.69781757135 4.50835657868354e-15
6622.78959149412 4.48099233228954e-15
6625.8813654169 4.49548718359943e-15
6628.97313933967 4.48437707594677e-15
6632.06491326245 4.47283709907337e-15
6635.15668718522 4.46512232298978e-15
6638.248461108 4.42039728930886e-15
6641.34023503078 4.37323703590458e-15
6644.43200895355 4.35396915393692e-15
6647.52378287633 4.38298384402864e-15
6650.6155567991 4.37461685257566e-15
6653.70733072188 4.25468037537624e-15
6656.79910464465 4.26511582128641e-15
6659.89087856743 4.29528501728524e-15
6662.98265249021 4.2538138606712e-15
6666.07442641298 4.23320343148213e-15
6669.16620033576 4.18834075494728e-15
6672.25797425853 4.18731499804816e-15
6675.34974818131 4.16838592925939e-15
6678.44152210408 4.1027760277145e-15
6681.53329602686 4.12859359194681e-15
6684.62506994963 4.12258982241667e-15
6687.71684387241 4.04937314148895e-15
6690.80861779519 4.06303408886227e-15
6693.90039171796 4.05644247846674e-15
6696.99216564074 4.00693297918325e-15
6700.08393956351 4.01358176430272e-15
6703.17571348629 3.97865478423917e-15
6706.26748740906 3.91361493586777e-15
6709.35926133184 3.93940285394693e-15
6712.45103525461 3.94506188106753e-15
6715.54280917739 3.87279811220548e-15
6718.63458310017 3.87122008982475e-15
6721.72635702294 3.85095652062758e-15
6724.81813094572 3.8545212587861e-15
6727.90990486849 3.8374925084145e-15
6731.00167879127 3.80203443869302e-15
6734.09345271404 3.79009381523557e-15
6737.18522663682 3.77251152883294e-15
6740.2770005596 3.74151647571054e-15
6743.36877448237 3.73475588224203e-15
6746.46054840515 3.74509476639621e-15
6749.55232232792 3.67685567458304e-15
6752.6440962507 3.6764596866802e-15
6755.73587017347 3.67473639814901e-15
6758.82764409625 3.67119749449538e-15
6761.91941801902 3.62074821215691e-15
6765.0111919418 3.62894664405339e-15
6768.10296586458 3.62700397398886e-15
6771.19473978735 3.57122050166506e-15
6774.28651371013 3.55284623945675e-15
6777.3782876329 3.53584438238122e-15
6780.47006155568 3.51667115634541e-15
6783.56183547845 3.52442680176871e-15
6786.65360940123 3.45647887753115e-15
6789.74538332401 3.4625218223351e-15
6792.83715724678 3.45471704900086e-15
6795.92893116956 3.4093245533575e-15
6799.02070509233 3.36886073067598e-15
6802.11247901511 3.33028367388447e-15
6805.20425293788 3.35519279528085e-15
6808.29602686066 3.31807581153217e-15
6811.38780078343 3.27808357444403e-15
6814.47957470621 3.29171021698298e-15
6817.57134862899 3.2823509264323e-15
6820.66312255176 3.30763189529252e-15
6823.75489647454 3.2721414265608e-15
6826.84667039731 3.24199997089099e-15
6829.93844432009 3.22336990473261e-15
6833.03021824286 3.18643820944114e-15
6836.12199216564 3.16497968851364e-15
6839.21376608841 3.15038128742594e-15
6842.30554001119 3.16202184946182e-15
6845.39731393397 3.12464101495007e-15
6848.48908785674 3.0696768352445e-15
6851.58086177952 3.09569027584587e-15
6854.67263570229 3.1103056175925e-15
6857.76440962507 3.11093940999528e-15
6860.85618354784 3.12629696436195e-15
6863.94795747062 3.01612508297848e-15
6867.0397313934 2.5680391481668e-15
6870.13150531617 2.09113418787421e-15
6873.22327923895 2.17108351018317e-15
6876.31505316172 2.39589706581278e-15
6879.4068270845 2.6402796236228e-15
6882.49860100727 2.81278465959472e-15
6885.59037493005 2.7415231424675e-15
6888.68214885282 2.64307250300814e-15
6891.7739227756 2.64905784957167e-15
6894.86569669838 2.68929254984096e-15
6897.95747062115 2.67986062621505e-15
6901.04924454393 2.71280936083029e-15
6904.1410184667 2.76982124268585e-15
6907.23279238948 2.80994985207849e-15
6910.32456631225 2.79348967257274e-15
6913.41634023503 2.83950389039938e-15
6916.5081141578 2.89052703755961e-15
6919.59988808058 2.88624020381356e-15
6922.69166200336 2.86857956686331e-15
6925.78343592613 2.90832319978142e-15
6928.87520984891 2.90456194997914e-15
6931.96698377168 2.90675936520256e-15
6935.05875769446 2.91679839969341e-15
6938.15053161723 2.89110301996374e-15
6941.24230554001 2.9123438534238e-15
6944.33407946279 2.94850559576622e-15
6947.42585338556 2.96265782224895e-15
6950.51762730834 2.94534616287296e-15
6953.60940123111 2.96939025187196e-15
6956.70117515389 2.95799659994021e-15
6959.79294907666 2.93243526317444e-15
6962.88472299944 2.937448639431e-15
6965.97649692221 2.91938587358904e-15
6969.06827084499 2.95377668179699e-15
6972.16004476777 2.9202231656574e-15
6975.25181869054 2.91283153264319e-15
6978.34359261332 2.91592320290066e-15
6981.43536653609 2.91388524162957e-15
6984.52714045887 2.92843472656456e-15
6987.61891438164 2.91009752204769e-15
6990.71068830442 2.88294482213227e-15
6993.8024622272 2.86197398042414e-15
6996.89423614997 2.84436797709899e-15
6999.98601007275 2.87805045400479e-15
7003.07778399552 2.89051899074661e-15
7006.1695579183 2.90335069286457e-15
7009.26133184107 2.90788697781359e-15
7012.35310576385 2.88818245036161e-15
7015.44487968662 2.84167907100793e-15
7018.5366536094 2.8533213271097e-15
7021.62842753218 2.8560570317711e-15
7024.72020145495 2.85088716617753e-15
7027.81197537773 2.85614469968114e-15
7030.9037493005 2.85482713993169e-15
7033.99552322328 2.86266388875968e-15
7037.08729714605 2.83244281199283e-15
7040.17907106883 2.83728000539636e-15
7043.2708449916 2.82427804965601e-15
7046.36261891438 2.76851278854058e-15
7049.45439283715 2.7945357582626e-15
7052.54616675993 2.82522460897457e-15
7055.63794068271 2.80593936283148e-15
7058.72971460548 2.74749112485562e-15
7061.82148852826 2.78474003398584e-15
7064.91326245103 2.77579261320575e-15
7068.00503637381 2.77989098212104e-15
7071.09681029658 2.75688196738359e-15
7074.18858421936 2.75905248931093e-15
7077.28035814214 2.77929932960739e-15
7080.37213206491 2.77544575321385e-15
7083.46390598769 2.74489602766347e-15
7086.55567991046 2.75392582239767e-15
7089.64745383324 2.71233459886336e-15
7092.73922775601 2.75310949439476e-15
7095.83100167879 2.76011509214326e-15
7098.92277560156 2.73525721624019e-15
7102.01454952434 2.717940898183e-15
7105.10632344712 2.71174591096502e-15
7108.19809736989 2.71465589265531e-15
7111.28987129267 2.71712139380653e-15
7114.38164521544 2.72800470838756e-15
7117.47341913822 2.73327918255011e-15
7120.56519306099 2.75447237040689e-15
7123.65696698377 2.75023297050588e-15
7126.74874090655 2.71296352082669e-15
7129.84051482932 2.73805115441671e-15
7132.9322887521 2.75396923283622e-15
7136.02406267487 2.74489348656463e-15
7139.11583659765 2.73027221558736e-15
7142.20761052042 2.72083605679671e-15
7145.2993844432 2.72157699886732e-15
7148.39115836597 2.71174972261328e-15
7151.48293228875 2.71516750055545e-15
7154.57470621153 2.69555953485946e-15
7157.6664801343 2.69180379077133e-15
7160.75825405708 2.70048481968951e-15
7163.85002797985 2.74054460765519e-15
7166.94180190263 2.68692318692925e-15
7170.0335758254 2.60018786016336e-15
7173.12534974818 2.57555360095836e-15
7176.21712367095 2.54087522506483e-15
7179.30889759373 2.55764944203578e-15
7182.40067151651 2.54713988074272e-15
7185.49244543928 2.46156837724635e-15
7188.58421936206 2.45596758364087e-15
7191.67599328483 2.47604544086435e-15
7194.76776720761 2.49991864096624e-15
7197.85954113038 2.50628282301543e-15
7200.95131505316 2.4749413334176e-15
7204.04308897594 2.48448951231553e-15
7207.13486289871 2.54805192346867e-15
7210.22663682149 2.60982201290543e-15
7213.31841074426 2.61009518103092e-15
7216.41018466704 2.59546226335063e-15
7219.50195858981 2.59919047886797e-15
7222.59373251259 2.5945216332627e-15
7225.68550643536 2.60179764627962e-15
7228.77728035814 2.56909370418613e-15
7231.86905428092 2.50545103666123e-15
7234.96082820369 2.44909624061451e-15
7238.05260212647 2.50265900430884e-15
7241.14437604924 2.447394127907e-15
7244.23614997202 2.44487886357013e-15
7247.32792389479 2.50094990357952e-15
7250.41969781757 2.4804961754857e-15
7253.51147174034 2.44126880914893e-15
7256.60324566312 2.50053125754534e-15
7259.6950195859 2.5583507853161e-15
7262.78679350867 2.5040760904296e-15
7265.87856743145 2.42795747462459e-15
7268.97034135422 2.46382487301784e-15
7272.062115277 2.46582175319099e-15
7275.15388919977 2.40000856373875e-15
7278.24566312255 2.42373416834958e-15
7281.33743704533 2.49227162751843e-15
7284.4292109681 2.49354725913699e-15
7287.52098489088 2.44207603154766e-15
7290.61275881365 2.42607854378935e-15
7293.70453273643 2.46905826608245e-15
7296.7963066592 2.48714305478104e-15
7299.88808058198 2.45995943816304e-15
7302.97985450475 2.42473769063384e-15
7306.07162842753 2.42169133663904e-15
7309.16340235031 2.43304581329699e-15
7312.25517627308 2.43255665176995e-15
7315.34695019586 2.38703286601976e-15
7318.43872411863 2.32632982633831e-15
7321.53049804141 2.41222891982703e-15
7324.62227196418 2.50141301884343e-15
7327.71404588696 2.40848482244193e-15
7330.80581980974 2.43961137742939e-15
7333.89759373251 2.37898605302085e-15
7336.98936765529 2.39277765522628e-15
7340.08114157806 2.42090232544867e-15
7343.17291550084 2.42880831922011e-15
7346.26468942361 2.42660539828254e-15
7349.35646334639 2.39388091564008e-15
7352.44823726916 2.39764788291475e-15
7355.54001119194 2.40883972924683e-15
7358.63178511472 2.36795302536639e-15
7361.72355903749 2.3339836160497e-15
7364.81533296027 2.35000609127996e-15
7367.90710688304 2.36382733963855e-15
7370.99888080582 2.35482486171689e-15
7374.09065472859 2.36095314509028e-15
7377.18242865137 2.37021121520377e-15
7380.27420257414 2.35871020184595e-15
7383.36597649692 2.32796904684948e-15
7386.4577504197 2.29908564686459e-15
7389.54952434247 2.30116299516773e-15
7392.64129826525 2.26598296401118e-15
7395.73307218802 2.25298736101793e-15
7398.8248461108 2.32566490547472e-15
7401.91662003357 2.26592240115545e-15
7405.00839395635 2.30480502508268e-15
7408.10016787913 2.27700286265496e-15
7411.1919418019 2.28262546735883e-15
7414.28371572468 2.26159490982793e-15
7417.37548964745 2.26662543850167e-15
7420.46726357023 2.22317180127458e-15
7423.559037493 2.2341965703578e-15
7426.65081141578 2.29182890384722e-15
7429.74258533855 2.25135089336383e-15
7432.83435926133 2.16752046609055e-15
7435.92613318411 2.16188875578249e-15
7439.01790710688 2.19860488118889e-15
7442.10968102966 2.23579640383693e-15
7445.20145495243 2.22179452570234e-15
7448.29322887521 2.18994523985263e-15
7451.38500279798 2.21541128541183e-15
7454.47677672076 2.21144272429571e-15
7457.56855064353 2.18694483739522e-15
7460.66032456631 2.18053343325922e-15
7463.75209848909 2.15912022859439e-15
7466.84387241186 2.1807312154524e-15
7469.93564633464 2.18430781207218e-15
7473.02742025741 2.19256130111023e-15
7476.11919418019 2.17735494212465e-15
7479.21096810296 2.14992547419371e-15
7482.30274202574 2.10944365206206e-15
7485.39451594852 2.13586049210455e-15
7488.48628987129 2.15023887638419e-15
7491.57806379407 2.12951303895606e-15
7494.66983771684 2.1494744291493e-15
7497.76161163962 2.15111894361639e-15
7500.85338556239 2.1742772479108e-15
7503.94515948517 2.14998264891765e-15
7507.03693340794 2.13679349889595e-15
7510.12870733072 2.1549303801208e-15
7513.2204812535 2.15404756003152e-15
7516.31225517627 2.16427082418841e-15
7519.40402909905 2.15041569451193e-15
7522.49580302182 2.11497985940531e-15
7525.5875769446 2.12975677268664e-15
7528.67935086737 2.13238469240549e-15
7531.77112479015 2.11957501314417e-15
7534.86289871293 2.14978444320799e-15
7537.9546726357 2.14298552149862e-15
7541.04644655848 2.15669962018938e-15
7544.13822048125 2.16771867180021e-15
7547.22999440403 2.14239725711675e-15
7550.3217683268 2.15410515827194e-15
7553.41354224958 2.15422331936808e-15
7556.50531617235 2.10111350654229e-15
7559.59709009513 2.12170614803946e-15
7562.6888640179 2.10770554045429e-15
7565.78063794068 2.12194247023174e-15
7568.87241186346 2.09804703551499e-15
7571.96418578623 2.10911034459731e-15
7575.05595970901 2.11492099061548e-15
7578.14773363178 2.15687537952593e-15
7581.23950755456 2.17594971446515e-15
7584.33128147733 2.16385196639599e-15
7587.42305540011 2.13894178620843e-15
7590.51482932288 2.10808162308287e-15
7593.60660324566 1.68318427399346e-15
7596.69837716844 1.08848265348445e-15
7599.79015109121 7.7449320447012e-16
7602.88192501399 5.86080519171853e-16
7605.97369893676 5.42886285784857e-16
7609.06547285954 6.49015278911085e-16
7612.15724678231 8.36960296143348e-16
7615.24902070509 1.2206651095188e-15
7618.34079462787 1.62157067389371e-15
7621.43256855064 1.54925894179102e-15
7624.52434247342 1.22371929856837e-15
7627.61611639619 1.1413005575808e-15
7630.70789031897 1.15568667103608e-15
7633.79966424174 1.16182935396957e-15
7636.89143816452 1.2178195023325e-15
7639.98321208729 1.27269675528186e-15
7643.07498601007 1.36213041138035e-15
7646.16675993285 1.46921019898987e-15
7649.25853385562 1.49164894879558e-15
7652.3503077784 1.62774395589242e-15
7655.44208170117 1.7095863968385e-15
7658.53385562395 1.78862632339947e-15
7661.62562954672 1.88324816217901e-15
7664.7174034695 1.90862315169638e-15
7667.80917739228 1.96024684521621e-15
7670.90095131505 2.01034926756278e-15
7673.99272523783 2.0319431020036e-15
7677.0844991606 2.06502016211036e-15
7680.17627308338 2.08429227924276e-15
7683.26804700615 2.10372702670104e-15
7686.35982092893 2.14973595057176e-15
7689.4515948517 2.20695090857642e-15
7692.54336877448 2.18789203198849e-15
7695.63514269726 2.19826479746056e-15
7698.72691662003 2.21080427321172e-15
7701.81869054281 2.24056011713229e-15
7704.91046446558 2.21712335075647e-15
7708.00223838836 2.23915997167048e-15
7711.09401231113 2.23863692882555e-15
7714.18578623391 2.24860269496647e-15
7717.27756015668 2.2303834397875e-15
7720.36933407946 2.24784163586336e-15
7723.46110800224 2.25124204963011e-15
7726.55288192501 2.27456848996455e-15
7729.64465584779 2.25966918042234e-15
7732.73642977056 2.23024558517533e-15
7735.82820369334 2.23343657004588e-15
7738.91997761611 2.27773258153902e-15
7742.01175153889 2.26734668705626e-15
7745.10352546167 2.19783365769041e-15
7748.19529938444 2.20341941646108e-15
7751.28707330722 2.27420384228075e-15
7754.37884722999 2.2912270869382e-15
7757.47062115277 2.27049764962004e-15
7760.56239507554 2.28394302710828e-15
7763.65416899832 2.29417518511112e-15
7766.74594292109 2.33592946248778e-15
7769.83771684387 2.32077032558901e-15
7772.92949076665 2.23311215642708e-15
7776.02126468942 2.26293724529109e-15
7779.1130386122 2.28070100850267e-15
7782.20481253497 2.26807555890737e-15
7785.29658645775 2.2969504885628e-15
7788.38836038052 2.28109085541664e-15
7791.4801343033 2.30017810760831e-15
7794.57190822607 2.27076997071259e-15
7797.66368214885 2.2327280269855e-15
7800.75545607163 2.25134835226499e-15
7803.8472299944 2.32317992256571e-15
7806.93900391718 2.298175721721e-15
7810.03077783995 2.26238392101829e-15
7813.12255176273 2.30488634024562e-15
7816.2143256855 2.32927284231355e-15
7819.30609960828 2.2975366353623e-15
7822.39787353106 2.2760787497095e-15
7825.48964745383 2.31416939783105e-15
7828.58142137661 2.34141167148065e-15
7831.67319529938 2.32441807297636e-15
7834.76496922216 2.3348314960299e-15
7837.85674314493 2.34433097053336e-15
7840.94851706771 2.33206656873183e-15
7844.04029099048 2.31530018681564e-15
7847.13206491326 2.30434085102759e-15
7850.22383883604 2.29853401665769e-15
7853.31561275881 2.30720043425752e-15
7856.40738668159 2.28917769072232e-15
7859.49916060436 2.26893614438178e-15
7862.59093452714 2.27760277373985e-15
7865.68270844991 2.26463639338328e-15
7868.77448237269 2.23673449282601e-15
7871.86625629547 2.19028193544917e-15
7874.95803021824 2.1854220839143e-15
7878.04980414102 2.14856895092868e-15
7881.14157806379 2.14823352588157e-15
7884.23335198657 2.17318986936476e-15
7887.32512590934 2.22464945025106e-15
7890.41689983212 2.20906785566985e-15
7893.50867375489 2.12628097298758e-15
7896.60044767767 2.11228862397365e-15
7899.69222160045 2.14295015787307e-15
7902.78399552322 2.17209274993983e-15
7905.875769446 2.12996726037403e-15
7908.96754336877 2.08332073245226e-15
7912.05931729155 2.07319741818315e-15
7915.15109121432 2.16552718580742e-15
7918.2428651371 2.15988488758753e-15
7921.33463905987 2.1145552841405e-15
7924.42641298265 2.09603321468289e-15
7927.51818690543 2.10211152311239e-15
7930.6099608282 2.09201065521638e-15
7933.70173475098 2.08648037710376e-15
7936.79350867375 2.07312542038264e-15
7939.88528259653 1.99590269713088e-15
7942.9770565193 2.00506420548838e-15
7946.06883044208 2.02381370329233e-15
7949.16060436486 2.02207622695928e-15
7952.25237828763 2.04683859989755e-15
7955.34415221041 2.01745926212203e-15
7958.43592613318 2.00583585250333e-15
7961.52770005596 2.02510055809745e-15
7964.61947397873 1.97534732508339e-15
7967.71124790151 1.99973636825015e-15
7970.80302182428 2.03503519577756e-15
7973.89479574706 1.96045860345303e-15
7976.98656966984 1.98801724390842e-15
7980.07834359261 1.99563842285134e-15
7983.17011751539 1.97653253593483e-15
7986.26189143816 2.01293610618369e-15
7989.35366536094 1.95449464447141e-15
7992.44543928371 1.89375772347206e-15
7995.53721320649 1.93958389998442e-15
7998.62898712926 1.90628703482785e-15
8001.72076105204 1.90201205954306e-15
8004.81253497482 1.94161339092604e-15
8007.90430889759 1.89720747690799e-15
8010.99608282037 1.86782623330835e-15
8014.08785674314 1.8409558071226e-15
8017.17963066592 1.84597235975271e-15
8020.27140458869 1.83999018956273e-15
8023.36317851147 1.82547543297858e-15
8026.45495243424 1.85459600218871e-15
8029.54672635702 1.87024535940571e-15
8032.6385002798 1.86844244977748e-15
8035.73027420257 1.87549103444805e-15
8038.82204812535 1.89341086348016e-15
8041.91382204812 1.8748752414954e-15
8045.0055959709 1.84268460136795e-15
8048.09736989367 1.87220962881039e-15
8051.18914381645 1.81914386169785e-15
8054.28091773923 1.77933077207806e-15
8057.372691662 1.77772289178593e-15
8060.46446558478 1.77813666738067e-15
8063.55623950755 1.82333794533618e-15
8066.64801343033 1.76384933914286e-15
8069.7397873531 1.72235594791395e-15
8072.83156127588 1.72959977367887e-15
8075.92333519865 1.7711048116108e-15
8079.01510912143 1.768132678878e-15
8082.10688304421 1.75863426316573e-15
8085.19865696698 1.74694234975742e-15
8088.29043088976 1.73835597677111e-15
8091.38220481253 1.73783145161852e-15
8094.47397873531 1.74262904623177e-15
8097.56575265808 1.73557199123172e-15
8100.65752658086 1.7236642961801e-15
8103.74930050363 1.69754232948237e-15
8106.84107442641 1.6672083855753e-15
8109.93284834919 1.68025819867717e-15
8113.02462227196 1.6987061527519e-15
8116.11639619474 1.68345405398716e-15
8119.20817011751 1.67054844824456e-15
8122.29994404029 1.6461082654636e-15
8125.39171796306 1.60853526035194e-15
8128.48349188584 1.59529359428751e-15
8131.57526580862 1.58502850787886e-15
8134.66703973139 1.58725969854104e-15
8137.75881365417 1.58647725185602e-15
8140.85058757694 1.56489305241496e-15
8143.94236149972 1.57855474094211e-15
8147.03413542249 1.54186085015058e-15
8150.12590934527 1.52894317418848e-15
8153.21768326804 1.5104298926977e-15
8156.30945719082 1.54847533043569e-15
8159.4012311136 1.52377076749607e-15
8162.49300503637 1.47251976847303e-15
8165.58477895915 1.52212561775427e-15
8168.67655288192 1.5029348157848e-15
8171.7683268047 1.53929243449627e-15
8174.86010072747 1.55255802924146e-15
8177.95187465025 1.46671505168549e-15
8181.04364857303 1.47886700986328e-15
8184.1354224958 1.50089124292043e-15
8187.22719641858 1.49245045372192e-15
8190.31897034135 1.46540140946342e-15
8193.41074426413 1.47579460960535e-15
8196.5025181869 1.47733112737167e-15
8199.59429210968 1.46258078974906e-15
8202.68606603245 1.51781443181098e-15
8205.77783995523 1.53696034103424e-15
8208.86961387801 1.55661743464117e-15
8211.96138780078 1.5412443160441e-15
8215.05316172356 1.58458805074628e-15
8218.14493564633 1.57208446801627e-15
8221.23670956911 1.55093596114746e-15
8224.32848349188 1.48660169122113e-15
8227.42025741466 1.38273713480027e-15
8230.51203133744 1.34758209111566e-15
8233.60380526021 1.41889559489002e-15
8236.69557918299 1.4871168990113e-15
8239.78735310576 1.48714379230737e-15
8242.87912702854 1.46239433662155e-15
8245.97090095131 1.50791176962463e-15
8249.06267487409 1.56291152471398e-15
8252.15444879686 1.55425781260836e-15
8255.24622271964 1.53923409510203e-15
8258.33799664241 1.5338504595684e-15
8261.42977056519 1.57211951400446e-15
8264.52154448797 1.6276483470485e-15
8267.61331841074 1.66525512759893e-15
8270.70509233352 1.57309402541028e-15
8273.79686625629 1.53217396960754e-15
8276.88864017907 1.57451121741016e-15
8279.98041410184 1.55292881791412e-15
8283.07218802462 1.54343400209187e-15
8286.1639619474 1.63510795445673e-15
8289.25573587017 1.62258690167218e-15
8292.34750979295 1.65828584638804e-15
8295.43928371572 1.60420056924437e-15
8298.5310576385 1.61325577496699e-15
8301.62283156127 1.64827995206124e-15
8304.71460548405 1.55877249821722e-15
8307.80637940683 1.54990543968801e-15
8310.8981533296 1.64356282557798e-15
8313.98992725238 1.65351080402701e-15
8317.08170117515 1.6378026838993e-15
8320.17347509793 1.63821285960401e-15
8323.2652490207 1.62857881274106e-15
8326.35702294348 1.6588769695061e-15
8329.44879686625 1.68152239535095e-15
8332.54057078903 1.69136258885744e-15
8335.6323447118 1.673323539938e-15
8338.72411863458 1.64797014976078e-15
8341.81589255736 1.67161083931865e-15
8344.90766648013 1.695179531076e-15
8347.99944040291 1.78233223332666e-15
8351.09121432568 1.71212188408698e-15
8354.18298824846 1.64471246104564e-15
8357.27476217123 1.74157957241012e-15
8360.36653609401 1.77408425000277e-15
8363.45831001679 1.69568584502022e-15
8366.55008393956 1.74697538404237e-15
8369.64185786234 1.80667765429664e-15
8372.73363178511 1.81406335808022e-15
8375.82540570789 1.75720605973754e-15
8378.91717963066 1.76824861651266e-15
8382.00895355344 1.8474339151032e-15
8385.10072747621 1.86275314122901e-15
8388.19250139899 1.83369377014931e-15
8391.28427532177 1.82033733112054e-15
8394.37604924454 1.76721989499822e-15
8397.46782316732 1.72702479351921e-15
8400.55959709009 1.8131981139246e-15
8403.65137101287 1.84246183170282e-15
8406.74314493564 1.81724566086306e-15
8409.83491885842 1.8394895930909e-15
8412.9266927812 1.87949601798091e-15
8416.01846670397 1.80103006212082e-15
8419.11024062675 1.85378052121874e-15
8422.20201454952 1.89333018359194e-15
8425.2937884723 1.89142965341654e-15
8428.38556239507 1.89825864479554e-15
8431.47733631785 1.93299313662183e-15
8434.56911024062 1.95485780984754e-15
8437.6608841634 1.94955453656478e-15
8440.75265808617 1.96965865180963e-15
8443.84443200895 2.00741599246644e-15
8446.93620593173 2.04283552218882e-15
8450.0279798545 2.07542765593327e-15
8453.11975377728 1.9753479603581e-15
8456.21152770005 1.95901229469559e-15
8459.30330162283 1.97818615600611e-15
8462.3950755456 1.95948790369547e-15
8465.48684946838 2.05989158937297e-15
8468.57862339116 2.03974596951371e-15
8471.67039731393 2.04193554968236e-15
8474.76217123671 2.00565077580436e-15
8477.85394515948 1.94840913626186e-15
8480.94571908226 1.97376760863676e-15
8484.03749300503 1.97673264746862e-15
8487.12926692781 1.98938647266765e-15
8490.22104085059 2.02941259107368e-15
8493.31281477336 2.02498599689133e-15
8496.40458869614 2.05434542939259e-15
8499.49636261891 2.11523481632244e-15
8502.58813654169 2.16213248951306e-15
8505.67991046446 2.13803736677899e-15
8508.77168438724 2.07901971090434e-15
8511.86345831001 2.0443349822637e-15
8514.95523223279 2.07385598629964e-15
8518.04700615556 2.08408433265421e-15
8521.13878007834 2.11898293711404e-15
8524.23055400112 2.08825724046886e-15
8527.32232792389 2.03989589434538e-15
8530.41410184667 2.05510394739685e-15
8533.50587576944 2.04607711727796e-15
8536.59764969222 2.06137707340422e-15
8539.68942361499 2.04949658928603e-15
8542.78119753777 2.05282013481282e-15
8545.87297146055 2.07221655403023e-15
8548.96474538332 2.05164381780732e-15
8552.0565193061 2.12116319992027e-15
8555.14829322887 2.08634294600806e-15
8558.24006715165 2.08030021296235e-15
8561.33184107443 2.14441340728945e-15
8564.4236149972 2.11007024468479e-15
8567.51538891998 2.0662576772463e-15
8570.60716284275 2.06398657015647e-15
8573.69893676553 2.07663976008079e-15
8576.7907106883 2.04108872849335e-15
8579.88248461108 2.05640244890499e-15
8582.97425853385 2.06327654478844e-15
8586.06603245663 2.09507924382605e-15
8589.1578063794 2.08171052281953e-15
8592.24958030218 2.07879884706334e-15
8595.34135422495 2.08026929625978e-15
8598.43312814773 2.06026809551803e-15
8601.52490207051 2.0769383391947e-15
8604.61667599328 2.11081626895308e-15
8607.70844991606 2.11981429995177e-15
8610.80022383883 2.13656225890135e-15
8613.89199776161 2.07352712575787e-15
8616.98377168438 2.02801795132603e-15
8620.07554560716 2.01410924681564e-15
8623.16731952994 2.09210848752179e-15
8626.25909345271 2.09307939903758e-15
8629.35086737549 2.0325084964959e-15
8632.44264129826 2.15867638333003e-15
8635.53441522104 2.12661216286996e-15
8638.62618914381 2.10887105778971e-15
8641.71796306659 2.07154655096895e-15
8644.80973698937 2.05039211486951e-15
8647.90151091214 2.03306902054874e-15
8650.99328483492 2.07272392676564e-15
8654.08505875769 2.08274009136692e-15
8657.17683268047 2.04947668401177e-15
8660.26860660324 2.08503809175282e-15
8663.36038052602 2.07506089066711e-15
8666.45215444879 2.04349705492063e-15
8669.54392837157 2.08356383090812e-15
8672.63570229434 2.0760358255894e-15
8675.72747621712 2.05406294390468e-15
8678.8192501399 2.05280022953856e-15
8681.91102406267 2.05349924347828e-15
8685.00279798545 2.11562106334638e-15
8688.09457190822 2.05867673236837e-15
8691.186345831 2.03189100947735e-15
8694.27811975377 2.05237374844962e-15
8697.36989367655 2.0505111229986e-15
8700.46166759933 2.08071525910651e-15
8703.5534415221 2.00646625677433e-15
8706.64521544488 2.07456939979947e-15
8709.73698936765 2.09120110347704e-15
8712.82876329043 2.05092172221978e-15
8715.9205372132 2.04350806634894e-15
8719.01231113598 1.98963677090357e-15
8722.10408505876 1.99290123588229e-15
8725.19585898153 2.01478221449223e-15
8728.28763290431 2.01200436994171e-15
8731.37940682708 1.99972323923947e-15
8734.47118074986 2.06356072434224e-15
8737.56295467263 2.05459699817792e-15
8740.65472859541 2.02967390073791e-15
8743.74650251818 2.0489206068819e-15
8746.83827644096 2.02143227016113e-15
8749.93005036374 2.02911782360804e-15
8753.02182428651 1.91118712042772e-15
8756.11359820929 1.9190353042005e-15
8759.20537213206 2.02532481007023e-15
8762.29714605484 1.95638988069089e-15
8765.38891997761 2.04960670356917e-15
8768.48069390039 1.90945769090766e-15
8771.57246782316 1.94295297353212e-15
8774.66424174594 2.04043439554159e-15
8777.75601566872 1.83257018094478e-15
8780.84778959149 1.88649949814704e-15
8783.93956351427 1.9772484905335e-15
8787.03133743704 1.95443111700036e-15
8790.12311135982 1.90503384958239e-15
8793.21488528259 1.95288739945399e-15
8796.30665920537 1.90075209803402e-15
8799.39843312814 1.83178540491915e-15
8802.49020705092 1.85387771824944e-15
8805.5819809737 1.85583859952233e-15
8808.67375489647 1.85868801835689e-15
8811.76552881925 1.82602960428432e-15
8814.85730274202 1.7947048435872e-15
8817.9490766648 1.81619025781078e-15
8821.04085058757 1.75905237980432e-15
8824.13262451035 1.68702768599163e-15
8827.22439843313 1.61533460557779e-15
8830.3161723559 1.65178137450696e-15
8833.40794627868 1.82201615042199e-15
8836.49972020145 1.78129842961453e-15
8839.59149412423 1.79729083517517e-15
8842.683268047 1.83768668346267e-15
8845.77504196978 1.78819603066226e-15
8848.86681589255 1.75446061419725e-15
8851.95858981533 1.82629260801444e-15
8855.0503637381 1.7847018079966e-15
8858.14213766088 1.71375094020279e-15
8861.23391158366 1.78356847791317e-15
8864.32568550643 1.70708521442437e-15
8867.41745942921 1.78040565688813e-15
8870.50923335198 1.77058293343617e-15
8873.60100727476 1.7113247202045e-15
8876.69278119753 1.70028406925351e-15
8879.78455512031 1.60094245701275e-15
8882.87632904309 1.61715953806265e-15
8885.96810296586 1.75091345197239e-15
8889.05987688864 1.77350530298332e-15
8892.15165081141 1.68982585933288e-15
8895.24342473419 1.64211609330407e-15
8898.33519865697 1.67440795386872e-15
8901.42697257974 1.6318572537634e-15
8904.51874650252 1.64443876352456e-15
8907.61052042529 1.71116960729603e-15
8910.70229434807 1.78284172364443e-15
8913.79406827084 1.72698032428948e-15
8916.88584219362 1.7246507719263e-15
8919.97761611639 1.58061832495986e-15
8923.06939003917 1.5914493352564e-15
8926.16116396194 1.63203354249555e-15
8929.25293788472 1.67592721333874e-15
8932.34471180749 1.62480549271927e-15
8935.43648573027 1.593254362467e-15
8938.52825965305 1.53749990102164e-15
8941.62003357582 1.5961321569053e-15
8944.7118074986 1.54241883310458e-15
8947.80358142137 1.51000499979553e-15
8950.89535534415 1.58291494891722e-15
8953.98712926692 1.57807532029396e-15
8957.0789031897 1.63827511652563e-15
8960.17067711248 1.61554869315521e-15
8963.26245103525 1.43998967989196e-15
8966.35422495803 1.46600777917454e-15
8969.4459988808 1.50983072276663e-15
8972.53777280358 1.46385112741171e-15
8975.62954672636 1.58781259929736e-15
8978.72132064913 1.57238897636081e-15
8981.81309457191 1.51748366544508e-15
8984.90486849468 1.54886729493203e-15
8987.99664241746 1.53793040551708e-15
8991.08841634023 1.52699341022302e-15
8994.18019026301 1.50482698150985e-15
8997.27196418578 1.52969364537975e-15
9000.36373810856 1.46467941975501e-15
9003.45551203133 1.43331040158639e-15
9006.54728595411 1.49495513014695e-15
9009.63905987688 1.46723258881627e-15
9012.73083379966 1.47281750055399e-15
9015.82260772244 1.42510731100871e-15
9018.91438164521 1.48964116307323e-15
9022.00615556799 1.56590811552313e-15
9025.09792949076 1.49615050539377e-15
9028.18970341354 1.47447535579e-15
9031.28147733632 1.56214760687468e-15
9034.37325125909 1.57775598887285e-15
9037.46502518187 1.4740698387665e-15
9040.55679910464 1.50448933300125e-15
9043.64857302742 1.49636088720204e-15
9046.74034695019 1.4930882695312e-15
9049.83212087297 1.59426741387191e-15
9052.92389479574 1.66085945011915e-15
9056.01566871852 1.63277162582996e-15
9059.1074426413 1.66295776248774e-15
9062.19921656407 1.54218229915406e-15
9065.29099048685 1.47234782078474e-15
9068.38276440962 1.53318299760596e-15
9071.4745383324 1.43589522850406e-15
9074.56631225517 1.49062329777558e-15
9077.65808617795 1.53180063983604e-15
9080.74986010072 1.37326423595553e-15
9083.8416340235 1.4082436261827e-15
9086.93340794628 1.47826911048164e-15
9090.02518186905 1.41322534458286e-15
9093.11695579183 1.35407216343664e-15
9096.2087297146 1.39865913074716e-15
9099.30050363738 1.42207038025544e-15
9102.39227756015 1.4761831859699e-15
9105.48405148293 1.54387911790565e-15
9108.5758254057 1.5054295395727e-15
9111.66759932848 1.54676474739871e-15
9114.75937325126 1.49740157305686e-15
9117.85114717403 1.44679717780993e-15
9120.94292109681 1.4553602573902e-15
9124.03469501958 1.56563833552943e-15
9127.12646894236 1.52267237752172e-15
9130.21824286513 1.3615065716147e-15
9133.31001678791 1.41986290651578e-15
9136.40179071069 1.3645937949492e-15
9139.49356463346 1.47741074846871e-15
9142.58533855624 1.54393936312402e-15
9145.67711247901 1.56009005796668e-15
9148.76888640179 1.52263171994025e-15
9151.86066032456 1.43548049999726e-15
9154.95243424734 1.38943833008335e-15
9158.04420817011 1.42805710324752e-15
9161.13598209289 1.47992431873969e-15
9164.22775601567 1.48028960169819e-15
9167.31952993844 1.46318080671308e-15
9170.41130386122 1.47657070354327e-15
9173.50307778399 1.47533964703356e-15
9176.59485170677 1.4496702076879e-15
9179.68662562954 1.47767618741856e-15
9182.77839955232 1.50996847149968e-15
9185.87017347509 1.51888592848926e-15
9188.96194739787 1.55725641512076e-15
9192.05372132065 1.52013943137207e-15
9195.14549524342 1.49909023911633e-15
9198.2372691662 1.47059096857301e-15
9201.32904308897 1.54372876955751e-15
9204.42081701175 1.53513498503291e-15
9207.51259093452 1.48042586812358e-15
9210.6043648573 1.55041821225845e-15
9213.69613878008 1.47372551987345e-15
9216.78791270285 1.40470006384786e-15
9219.87968662563 1.39594481366769e-15
9222.9714605484 1.4590405096669e-15
9226.06323447118 1.42567164670981e-15
9229.15500839395 1.43575239757332e-15
9232.24678231673 1.43407453118393e-15
9235.33855623951 1.41482263696314e-15
9238.43033016228 1.3888081375706e-15
9241.52210408506 1.43354682965779e-15
9244.61387800783 1.42964063134241e-15
9247.70565193061 1.37915556186192e-15
9250.79742585338 1.44105196508694e-15
9253.88919977616 1.49585277331281e-15
9256.98097369893 1.52444182934853e-15
9260.07274762171 1.45526655437041e-15
9263.16452154448 1.39397503854885e-15
9266.25629546726 1.45323663991231e-15
9269.34806939004 1.43802159883902e-15
9272.43984331281 1.41384367863436e-15
9275.53161723559 1.37783461398068e-15
9278.62339115836 1.32767554630577e-15
9281.71516508114 1.29421573318597e-15
9284.80693900391 1.21897866692082e-15
9287.89871292669 1.18620336230152e-15
9290.99048684947 1.26899363311558e-15
9294.08226077224 1.41456577422189e-15
9297.17403469502 1.42855706444464e-15
9300.26580861779 1.27544569483305e-15
9303.35758254057 1.1149515860532e-15
9306.44935646334 1.09203468614876e-15
9309.54113038612 1.16027695433549e-15
9312.6329043089 9.22101030446476e-16
9315.72467823167 7.25343005974946e-16
9318.81645215445 9.75867823201982e-16
9321.90822607722 1.11352793542711e-15
9325 1.01996573486458e-15
