3379.19978929209  1.298248E-15
3382.15596722015  1.703005E-15
3385.11214514821  2.676312E-15
3388.06832307626  3.404251E-15
3391.02450100432  2.805068E-15
3393.98067893238  2.106089E-15
3396.93685686043  1.837388E-15
3399.89303478849  2.450554E-15
3402.84921271654  2.776648E-15
3405.8053906446  2.241501E-15
3408.76156857266  1.583023E-15
3411.71774650071  1.991159E-15
3414.67392442877  2.941983E-15
3417.63010235683  4.015413E-15
3420.58628028488  4.276458E-15
3423.54245821294  4.193291E-15
3426.498636141  3.537018E-15
3429.45481406905  3.547597E-15
3432.41099199711  2.497574E-15
3435.36716992516  2.258072E-15
3438.32334785322  2.974588E-15
3441.27952578128  3.005777E-15
3444.23570370933  2.093626E-15
3447.19188163739  1.724021E-15
3450.14805956545  1.533341E-15
3453.1042374935  1.589567E-15
3456.06041542156  2.104543E-15
3459.01659334962  2.941052E-15
3461.97277127767  3.548902E-15
3464.92894920573  3.172435E-15
3467.88512713379  2.916132E-15
3470.84130506184  3.133484E-15
3473.7974829899  3.277824E-15
3476.75366091796  3.421420E-15
3479.70983884601  3.531904E-15
3482.66601677407  3.202764E-15
3485.62219470212  3.061084E-15
3488.57837263018  2.885539E-15
3491.53455055824  2.565371E-15
3494.49072848629  3.327530E-15
3497.44690641435  4.334470E-15
3500.40308434241  4.285577E-15
3503.35926227046  4.118399E-15
3506.31544019852  3.721056E-15
3509.27161812658  3.250406E-15
3512.22779605463  3.182468E-15
3515.18397398269  3.507988E-15
3518.14015191075  3.465425E-15
3521.0963298388  3.369962E-15
3524.05250776686  3.606906E-15
3527.00868569491  3.181287E-15
3529.96486362297  2.893790E-15
3532.92104155103  3.464918E-15
3535.87721947908  3.762698E-15
3538.83339740714  4.080745E-15
3541.7895753352  3.990297E-15
3544.74575326325  3.359316E-15
3547.70193119131  3.373120E-15
3550.65810911937  3.318662E-15
3553.61428704742  3.305211E-15
3556.57046497548  3.028772E-15
3559.52664290354  2.718336E-15
3562.48282083159  2.589816E-15
3565.43899875965  3.196488E-15
3568.39517668771  3.334135E-15
3571.35135461576  3.210185E-15
3574.30753254382  3.196491E-15
3577.26371047187  3.536897E-15
3580.21988839993  3.535423E-15
3583.17606632799  3.186852E-15
3586.13224425604  3.213737E-15
3589.0884221841  3.339678E-15
3592.04460011216  3.572600E-15
3595.00077804021  3.859345E-15
3597.95695596827  3.773594E-15
3600.91313389633  3.603691E-15
3603.86931182438  3.327804E-15
3606.82548975244  3.288674E-15
3609.7816676805  3.584214E-15
3612.73784560855  3.766739E-15
3615.69402353661  3.807692E-15
3618.65020146466  3.641851E-15
3621.60637939272  3.559024E-15
3624.56255732078  3.804547E-15
3627.51873524883  3.501417E-15
3630.47491317689  3.520850E-15
3633.43109110495  3.913360E-15
3636.387269033  3.963659E-15
3639.34344696106  4.034019E-15
3642.29962488912  4.005280E-15
3645.25580281717  3.915310E-15
3648.21198074523  3.964639E-15
3651.16815867328  3.936154E-15
3654.12433660134  3.708658E-15
3657.0805145294  3.851231E-15
3660.03669245745  4.079084E-15
3662.99287038551  4.282539E-15
3665.94904831357  4.163741E-15
3668.90522624162  3.968333E-15
3671.86140416968  4.090202E-15
3674.81758209774  4.093852E-15
3677.77376002579  4.105213E-15
3680.72993795385  4.237136E-15
3683.68611588191  4.362009E-15
3686.64229380996  4.318841E-15
3689.59847173802  4.046447E-15
3692.55464966607  3.963791E-15
3695.51082759413  4.094128E-15
3698.46700552219  4.198578E-15
3701.42318345024  4.208794E-15
3704.3793613783  4.051880E-15
3707.33553930636  4.034501E-15
3710.29171723441  4.174547E-15
3713.24789516247  4.169431E-15
3716.20407309053  4.049499E-15
3719.16025101858  4.090611E-15
3722.11642894664  4.142539E-15
3725.0726068747  4.266452E-15
3728.02878480275  4.329962E-15
3730.98496273081  4.214888E-15
3733.94114065887  4.121269E-15
3736.89731858692  4.133989E-15
3739.85349651498  4.173763E-15
3742.80967444303  4.271830E-15
3745.76585237109  4.217327E-15
3748.72203029915  4.296643E-15
3751.6782082272  4.284896E-15
3754.63438615526  4.181520E-15
3757.59056408332  4.293352E-15
3760.54674201137  4.394005E-15
3763.50291993943  4.308955E-15
3766.45909786749  4.233400E-15
3769.41527579554  4.194566E-15
3772.3714537236  4.236076E-15
3775.32763165165  4.196770E-15
3778.28380957971  4.214913E-15
3781.23998750777  4.390095E-15
3784.19616543582  4.478412E-15
3787.15234336388  4.411542E-15
3790.10852129194  4.455844E-15
3793.06469921999  4.414982E-15
3796.02087714805  4.390650E-15
3798.97705507611  4.443708E-15
3801.93323300416  4.403967E-15
3804.88941093222  4.422345E-15
3807.84558886028  4.432433E-15
3810.80176678833  4.375593E-15
3813.75794471639  4.407727E-15
3816.71412264445  4.435321E-15
3819.6703005725  4.494582E-15
3822.62647850056  4.576327E-15
3825.58265642861  4.674317E-15
3828.53883435667  4.630749E-15
3831.49501228473  4.923875E-15
3834.45119021278  4.880974E-15
3837.40736814084  4.621395E-15
3840.3635460689  4.932053E-15
3843.31972399695  5.219327E-15
3846.27590192501  5.069729E-15
3849.23207985307  4.968102E-15
3852.18825778112  5.019603E-15
3855.14443570918  4.958741E-15
3858.10061363724  5.084161E-15
3861.05679156529  5.201056E-15
3864.01296949335  5.071244E-15
3866.9691474214  5.241064E-15
3869.92532534946  5.298691E-15
3872.88150327752  5.300030E-15
3875.83768120557  5.440424E-15
3878.79385913363  5.362570E-15
3881.75003706169  5.272543E-15
3884.70621498974  5.361247E-15
3887.6623929178  5.235805E-15
3890.61857084586  5.188970E-15
3893.57474877391  5.421576E-15
3896.53092670197  5.607261E-15
3899.48710463003  5.508105E-15
3902.44328255808  5.426248E-15
3905.39946048614  5.419138E-15
3908.35563841419  5.546645E-15
3911.31181634225  5.610255E-15
3914.26799427031  5.668291E-15
3917.22417219836  5.761421E-15
3920.18035012642  5.810627E-15
3923.13652805448  5.827738E-15
3926.09270598253  5.848292E-15
3929.04888391059  5.790930E-15
3932.00506183865  5.755473E-15
3934.9612397667  5.950168E-15
3937.91741769476  6.157891E-15
3940.87359562281  6.195975E-15
3943.82977355087  6.102031E-15
3946.78595147893  6.094688E-15
3949.74212940698  6.262805E-15
3952.69830733504  6.450103E-15
3955.6544852631  6.404076E-15
3958.61066319115  6.128556E-15
3961.56684111921  6.042514E-15
3964.52301904727  5.986629E-15
3967.47919697532  6.120263E-15
3970.43537490338  6.352764E-15
3973.39155283144  6.378240E-15
3976.34773075949  6.256913E-15
3979.30390868755  6.222311E-15
3982.2600866156  6.284999E-15
3985.21626454366  6.304406E-15
3988.17244247172  6.329593E-15
3991.12862039977  6.452067E-15
3994.08479832783  6.437654E-15
3997.04097625589  6.287655E-15
3999.99715418394  6.218759E-15
4002.953332112  6.330462E-15
4005.90951004006  6.345626E-15
4008.86568796811  6.323592E-15
4011.82186589617  6.226915E-15
4014.77804382423  6.241226E-15
4017.73422175228  6.498988E-15
4020.69039968034  6.489926E-15
4023.6465776084  6.308611E-15
4026.60275553645  6.268157E-15
4029.55893346451  6.215302E-15
4032.51511139256  6.265709E-15
4035.47128932062  6.335488E-15
4038.42746724868  6.441648E-15
4041.38364517673  6.387215E-15
4044.33982310479  6.039780E-15
4047.29600103285  5.720793E-15
4050.2521789609  5.919497E-15
4053.20835688896  6.361735E-15
4056.16453481702  6.454910E-15
4059.12071274507  6.384656E-15
4062.07689067313  6.372128E-15
4065.03306860119  6.498048E-15
4067.98924652924  6.585178E-15
4070.9454244573  6.628228E-15
4073.90160238536  6.554473E-15
4076.85778031341  6.414114E-15
4079.81395824147  6.330604E-15
4082.77013616952  6.364955E-15
4085.72631409758  6.485881E-15
4088.68249202564  6.473074E-15
4091.63866995369  6.463057E-15
4094.59484788175  6.489681E-15
4097.55102580981  6.434216E-15
4100.50720373786  6.403752E-15
4103.46338166592  6.356837E-15
4106.41955959398  6.395539E-15
4109.37573752203  6.434647E-15
4112.33191545009  6.465513E-15
4115.28809337815  6.521896E-15
4118.2442713062  6.524221E-15
4121.20044923426  6.489069E-15
4124.15662716231  6.344299E-15
4127.11280509037  6.345981E-15
4130.06898301843  6.412615E-15
4133.02516094648  6.429074E-15
4135.98133887454  6.370227E-15
4138.9375168026  6.323870E-15
4141.89369473065  6.471325E-15
4144.84987265871  6.500885E-15
4147.80605058677  6.487860E-15
4150.76222851482  6.494216E-15
4153.71840644288  6.512794E-15
4156.67458437093  6.513414E-15
4159.63076229899  6.578695E-15
4162.58694022705  6.659539E-15
4165.5431181551  6.613360E-15
4168.49929608316  6.463452E-15
4171.45547401122  6.441709E-15
4174.41165193927  6.586652E-15
4177.36782986733  6.572354E-15
4180.32400779539  6.497702E-15
4183.28018572344  6.435549E-15
4186.2363636515  6.409920E-15
4189.19254157956  6.560993E-15
4192.14871950761  6.650801E-15
4195.10489743567  6.633836E-15
4198.06107536372  6.488050E-15
4201.01725329178  6.534929E-15
4203.97343121984  6.697007E-15
4206.92960914789  6.657322E-15
4209.88578707595  6.616231E-15
4212.84196500401  6.656735E-15
4215.79814293206  6.637913E-15
4218.75432086012  6.674535E-15
4221.71049878818  6.736298E-15
4224.66667671623  6.690994E-15
4227.62285464429  6.707699E-15
4230.57903257234  6.682441E-15
4233.5352105004  6.694279E-15
4236.49138842846  6.719594E-15
4239.44756635651  6.761925E-15
4242.40374428457  6.840804E-15
4245.35992221263  6.842518E-15
4248.31610014068  6.751969E-15
4251.27227806874  6.704295E-15
4254.2284559968  6.697946E-15
4257.18463392485  6.618496E-15
4260.14081185291  6.605112E-15
4263.09698978097  6.708081E-15
4266.05316770902  6.760645E-15
4269.00934563708  6.699226E-15
4271.96552356513  6.615678E-15
4274.92170149319  6.622425E-15
4277.87787942125  6.640175E-15
4280.8340573493  6.610132E-15
4283.79023527736  6.679402E-15
4286.74641320542  6.726123E-15
4289.70259113348  6.668653E-15
4292.65876906153  6.679111E-15
4295.61494698959  6.678569E-15
4298.57112491764  6.652605E-15
4301.5273028457  6.685360E-15
4304.48348077376  6.767419E-15
4307.43965870181  6.848554E-15
4310.39583662987  6.841995E-15
4313.35201455793  6.771921E-15
4316.30819248598  6.818625E-15
4319.26437041404  6.908516E-15
4322.2205483421  6.862843E-15
4325.17672627015  6.813364E-15
4328.13290419821  6.764122E-15
4331.08908212626  6.768727E-15
4334.04526005432  6.817389E-15
4337.00143798238  6.865766E-15
4339.95761591043  6.908054E-15
4342.91379383849  6.863904E-15
4345.86997176655  6.767617E-15
4348.8261496946  6.751749E-15
4351.78232762266  6.840192E-15
4354.73850555072  6.749619E-15
4357.69468347877  6.662517E-15
4360.65086140683  6.761432E-15
4363.60703933489  6.798275E-15
4366.56321726294  6.824723E-15
4369.519395191  6.870358E-15
4372.47557311905  6.906606E-15
4375.43175104711  6.908001E-15
4378.38792897517  6.905739E-15
4381.34410690322  6.928514E-15
4384.30028483128  6.895630E-15
4387.25646275934  6.810533E-15
4390.21264068739  6.763456E-15
4393.16881861545  6.771494E-15
4396.12499654351  6.766633E-15
4399.08117447156  6.798959E-15
4402.03735239962  6.903516E-15
4404.99353032767  6.919747E-15
4407.94970825573  6.912245E-15
4410.90588618379  6.846778E-15
4413.86206411184  6.919398E-15
4416.8182420399  6.959601E-15
4419.77441996796  6.991584E-15
4422.73059789601  7.011544E-15
4425.68677582407  7.016824E-15
4428.64295375213  7.049439E-15
4431.59913168018  7.132526E-15
4434.55530960824  7.202059E-15
4437.51148753629  7.162040E-15
4440.46766546435  7.193018E-15
4443.42384339241  7.231846E-15
4446.38002132047  7.229596E-15
4449.33619924852  7.172888E-15
4452.29237717658  7.239287E-15
4455.24855510463  7.221504E-15
4458.20473303269  7.154172E-15
4461.16091096075  7.154931E-15
4464.1170888888  7.171091E-15
4467.07326681686  7.158691E-15
4470.02944474492  7.229154E-15
4472.98562267297  7.278872E-15
4475.94180060103  7.302232E-15
4478.89797852908  7.262102E-15
4481.85415645714  7.197718E-15
4484.8103343852  7.241956E-15
4487.76651231325  7.300375E-15
4490.72269024131  7.389715E-15
4493.67886816937  7.430673E-15
4496.63504609742  7.366799E-15
4499.59122402548  7.511110E-15
4502.54740195354  7.539620E-15
4505.50357988159  7.511284E-15
4508.45975780965  7.543613E-15
4511.41593573771  7.613172E-15
4514.37211366576  7.592132E-15
4517.32829159382  7.584511E-15
4520.28446952188  7.549908E-15
4523.24064744993  7.566411E-15
4526.19682537799  7.645539E-15
4529.15300330604  7.666342E-15
4532.1091812341  7.718380E-15
4535.06535916216  7.668542E-15
4538.02153709021  7.623541E-15
4540.97771501827  7.578748E-15
4543.93389294633  7.541765E-15
4546.89007087438  7.579518E-15
4549.84624880244  7.619320E-15
4552.8024267305  7.632779E-15
4555.75860465855  7.617038E-15
4558.71478258661  7.606909E-15
4561.67096051467  7.658718E-15
4564.62713844272  7.695975E-15
4567.58331637078  7.708695E-15
4570.53949429884  7.664110E-15
4573.49567222689  7.511928E-15
4576.45185015495  7.554370E-15
4579.408028083  7.625452E-15
4582.36420601106  7.606203E-15
4585.32038393912  7.609581E-15
4588.27656186717  7.583619E-15
4591.23273979523  7.506475E-15
4594.18891772329  7.479101E-15
4597.14509565134  7.570477E-15
4600.1012735794  7.499769E-15
4603.05745150746  7.528791E-15
4606.01362943551  7.544430E-15
4608.96980736357  7.412722E-15
4611.92598529162  7.348355E-15
4614.88216321968  7.329462E-15
4617.83834114774  7.280946E-15
4620.79451907579  7.225067E-15
4623.75069700385  7.184904E-15
4626.70687493191  7.173323E-15
4629.66305285996  7.345740E-15
4632.61923078802  7.496001E-15
4635.57540871608  7.539238E-15
4638.53158664413  7.547226E-15
4641.48776457219  7.602470E-15
4644.44394250025  7.571725E-15
4647.4001204283  7.548939E-15
4650.35629835636  7.543341E-15
4653.31247628441  7.498011E-15
4656.26865421247  7.517616E-15
4659.22483214053  7.473457E-15
4662.18101006858  7.366408E-15
4665.13718799664  7.331694E-15
4668.0933659247  7.296724E-15
4671.04954385275  7.259694E-15
4674.00572178081  7.230189E-15
4676.96189970887  7.142174E-15
4679.91807763692  7.162837E-15
4682.87425556498  7.185158E-15
4685.83043349304  7.139026E-15
4688.78661142109  7.062994E-15
4691.74278934915  7.044343E-15
4694.69896727721  7.060048E-15
4697.65514520526  7.007930E-15
4700.61132313332  6.972690E-15
4703.56750106137  6.993530E-15
4706.52367898943  6.989821E-15
4709.47985691749  6.947165E-15
4712.43603484554  6.790743E-15
4715.3922127736  6.795770E-15
4718.34839070166  6.869226E-15
4721.30456862971  6.796916E-15
4724.26074655777  6.689307E-15
4727.21692448583  6.776533E-15
4730.17310241388  6.842708E-15
4733.12928034194  6.832991E-15
4736.08545826999  6.797390E-15
4739.04163619805  6.825522E-15
4741.99781412611  6.830422E-15
4744.95399205416  6.793098E-15
4747.91016998222  6.730258E-15
4750.86634791028  6.730089E-15
4753.82252583833  6.781050E-15
4756.77870376639  6.749318E-15
4759.73488169445  6.712395E-15
4762.6910596225  6.711015E-15
4765.64723755056  6.734297E-15
4768.60341547862  6.842842E-15
4771.55959340667  6.812434E-15
4774.51577133473  6.735214E-15
4777.47194926278  6.838701E-15
4780.42812719084  6.847535E-15
4783.3843051189  6.793023E-15
4786.34048304695  6.805379E-15
4789.29666097501  6.889422E-15
4792.25283890307  6.958357E-15
4795.20901683112  6.865949E-15
4798.16519475918  6.840216E-15
4801.12137268724  6.957396E-15
4804.07755061529  6.964039E-15
4807.03372854335  6.912837E-15
4809.9899064714  6.887707E-15
4812.94608439946  6.852837E-15
4815.90226232752  6.857429E-15
4818.85844025557  6.958651E-15
4821.81461818363  6.968479E-15
4824.77079611169  6.931717E-15
4827.72697403974  6.902954E-15
4830.6831519678  6.917750E-15
4833.63932989586  6.934084E-15
4836.59550782391  6.900998E-15
4839.55168575197  6.906180E-15
4842.50786368003  6.928816E-15
4845.46404160808  6.903876E-15
4848.42021953614  6.924126E-15
4851.3763974642  6.957877E-15
4854.33257539225  6.982746E-15
4857.28875332031  7.043432E-15
4860.24493124837  7.124188E-15
4863.20110917642  7.148776E-15
4866.15728710448  7.073516E-15
4869.11346503253  7.076609E-15
4872.06964296059  7.141391E-15
4875.02582088865  7.144661E-15
4877.9819988167  7.168717E-15
4880.93817674476  7.206684E-15
4883.89435467282  7.309557E-15
4886.85053260087  7.307159E-15
4889.80671052893  7.301345E-15
4892.76288845699  7.295650E-15
4895.71906638504  7.398945E-15
4898.6752443131  7.486283E-15
4901.63142224115  7.460535E-15
4904.58760016921  7.427435E-15
4907.54377809727  7.451232E-15
4910.49995602532  7.495621E-15
4913.45613395338  7.483124E-15
4916.41231188144  7.471887E-15
4919.36848980949  7.531990E-15
4922.32466773755  7.528112E-15
4925.28084566561  7.452768E-15
4928.23702359366  7.335824E-15
4931.19320152172  7.370183E-15
4934.14937944978  7.470880E-15
4937.10555737783  7.539096E-15
4940.06173530589  7.563456E-15
4943.01791323395  7.517667E-15
4945.974091162  7.467230E-15
4948.93026909006  7.402516E-15
4951.88644701811  7.473635E-15
4954.84262494617  7.476053E-15
4957.79880287423  7.427396E-15
4960.75498080228  7.451935E-15
4963.71115873034  7.548963E-15
4966.6673366584  7.568239E-15
4969.62351458645  7.472318E-15
4972.57969251451  7.448305E-15
4975.53587044257  7.468547E-15
4978.49204837062  7.412772E-15
4981.44822629868  7.455841E-15
4984.40440422673  7.480097E-15
4987.36058215479  7.473862E-15
4990.31676008285  7.489246E-15
4993.2729380109  7.557731E-15
4996.22911593896  7.586574E-15
4999.18529386702  7.521115E-15
5002.14147179507  7.497347E-15
5005.09764972313  7.527157E-15
5008.05382765119  7.525299E-15
5011.01000557924  7.488660E-15
5013.9661835073  7.556636E-15
5016.92236143536  7.589521E-15
5019.87853936341  7.552675E-15
5022.83471729147  7.565340E-15
5025.79089521953  7.513580E-15
5028.74707314758  7.565841E-15
5031.70325107564  7.701108E-15
5034.65942900369  7.635778E-15
5037.61560693175  7.594083E-15
5040.57178485981  7.649107E-15
5043.52796278786  7.691086E-15
5046.48414071592  7.733707E-15
5049.44031864398  7.827830E-15
5052.39649657203  7.900777E-15
5055.35267450009  7.897162E-15
5058.30885242815  7.888254E-15
5061.2650303562  7.811463E-15
5064.22120828426  7.732621E-15
5067.17738621231  7.820458E-15
5070.13356414037  7.913623E-15
5073.08974206843  7.919030E-15
5076.04591999648  7.912931E-15
5079.00209792454  7.907378E-15
5081.9582758526  7.905439E-15
5084.91445378065  7.955222E-15
5087.87063170871  7.987289E-15
5090.82680963677  8.057446E-15
5093.78298756482  8.065741E-15
5096.73916549288  8.037201E-15
5099.69534342094  8.035921E-15
5102.65152134899  8.047762E-15
5105.60769927705  8.108088E-15
5108.56387720511  8.173548E-15
5111.52005513316  8.152404E-15
5114.47623306122  8.150168E-15
5117.43241098927  8.210743E-15
5120.38858891733  8.220683E-15
5123.34476684539  8.261084E-15
5126.30094477344  8.250972E-15
5129.2571227015  8.239954E-15
5132.21330062956  8.325439E-15
5135.16947855761  8.360827E-15
5138.12565648567  8.365725E-15
5141.08183441373  8.387484E-15
5144.03801234178  8.424267E-15
5146.99419026984  8.466353E-15
5149.95036819789  8.539407E-15
5152.90654612595  8.566500E-15
5155.86272405401  8.523354E-15
5158.81890198206  8.568216E-15
5161.77507991012  8.658236E-15
5164.73125783818  8.701575E-15
5167.68743576623  8.753990E-15
5170.64361369429  8.767214E-15
5173.59979162235  8.799409E-15
5176.5559695504  8.818022E-15
5179.51214747846  8.790982E-15
5182.46832540652  8.841091E-15
5185.42450333457  8.959906E-15
5188.38068126263  8.936839E-15
5191.33685919069  8.945706E-15
5194.29303711874  9.049721E-15
5197.2492150468  9.072179E-15
5200.20539297486  8.986463E-15
5203.16157090291  8.991217E-15
5206.11774883097  9.055142E-15
5209.07392675902  9.106557E-15
5212.03010468708  9.144423E-15
5214.98628261514  9.140958E-15
5217.94246054319  9.236649E-15
5220.89863847125  9.265947E-15
5223.85481639931  9.241188E-15
5226.81099432736  9.242393E-15
5229.76717225542  9.264351E-15
5232.72335018348  9.249837E-15
5235.67952811153  9.266453E-15
5238.63570603959  9.380904E-15
5241.59188396764  9.411363E-15
5244.5480618957  9.368574E-15
5247.50423982376  9.333459E-15
5250.46041775181  9.320759E-15
5253.41659567987  9.374295E-15
5256.37277360793  9.430324E-15
5259.32895153598  9.532969E-15
5262.28512946404  9.657440E-15
5265.2413073921  9.727652E-15
5268.19748532015  9.764517E-15
5271.15366324821  9.774373E-15
5274.10984117627  9.759027E-15
5277.06601910432  9.766991E-15
5280.02219703238  9.928354E-15
5282.97837496043  9.997494E-15
5285.93455288849  9.888967E-15
5288.89073081655  9.915104E-15
5291.8469087446  9.980588E-15
5294.80308667266  1.005696E-14
5297.75926460072  1.004002E-14
5300.71544252877  1.005495E-14
5303.67162045683  1.009217E-14
5306.62779838489  1.014420E-14
5309.58397631294  1.021451E-14
5312.540154241  1.024106E-14
5315.49633216905  1.028124E-14
5318.45251009711  1.028597E-14
5321.40868802517  1.028795E-14
5324.36486595322  1.029642E-14
5327.32104388128  1.029647E-14
5330.27722180934  1.023768E-14
5333.23339973739  1.030710E-14
5336.18957766545  1.037753E-14
5339.14575559351  1.041025E-14
5342.10193352156  1.047137E-14
5345.05811144962  1.052350E-14
5348.01428937768  1.055887E-14
5350.97046730573  1.065588E-14
5353.92664523379  1.066799E-14
5356.88282316184  1.059578E-14
5359.8390010899  1.054440E-14
5362.79517901796  1.056825E-14
5365.75135694601  1.062072E-14
5368.70753487407  1.063424E-14
5371.66371280213  1.067520E-14
5374.61989073018  1.072323E-14
5377.57606865824  1.078596E-14
5380.5322465863  1.071969E-14
5383.48842451435  1.064715E-14
5386.44460244241  1.070383E-14
5389.40078037047  1.080383E-14
5392.35695829852  1.079316E-14
5395.31313622658  1.076419E-14
5398.26931415464  1.076474E-14
5401.22549208269  1.080706E-14
5404.18167001075  1.088156E-14
5407.1378479388  1.092602E-14
5410.09402586686  1.093297E-14
5413.05020379492  1.085505E-14
5416.00638172297  1.079516E-14
5418.96255965103  1.085705E-14
5421.91873757909  1.081519E-14
5424.87491550714  1.077146E-14
5427.8310934352  1.080568E-14
5430.78727136326  1.081702E-14
5433.74344929131  1.076420E-14
5436.69962721937  1.076067E-14
5439.65580514742  1.082774E-14
5442.61198307548  1.083277E-14
5445.56816100354  1.074974E-14
5448.5243389316  1.070984E-14
5451.48051685965  1.071533E-14
5454.43669478771  1.063901E-14
5457.39287271576  1.059445E-14
5460.34905064382  1.055580E-14
5463.30522857188  1.049091E-14
5466.26140649993  1.049490E-14
5469.21758442799  1.044495E-14
5472.17376235605  1.038950E-14
5475.1299402841  1.045292E-14
5478.08611821216  1.040816E-14
5481.04229614022  1.026617E-14
5483.99847406827  1.026287E-14
5486.95465199633  1.023914E-14
5489.91082992439  1.019436E-14
5492.86700785244  1.018097E-14
5495.8231857805  1.010778E-14
5498.77936370855  9.999711E-15
5501.73554163661  9.994699E-15
5504.69171956467  1.003530E-14
5507.64789749272  9.976029E-15
5510.60407542078  9.965272E-15
5513.56025334884  9.988251E-15
5516.51643127689  1.002754E-14
5519.47260920495  9.955451E-15
5522.42878713301  9.876625E-15
5525.38496506106  9.844756E-15
5528.34114298912  9.806330E-15
5531.29732091718  9.782269E-15
5534.25349884523  9.759543E-15
5537.20967677329  9.733227E-15
5540.16585470134  9.687239E-15
5543.1220326294  9.688762E-15
5546.07821055746  9.655257E-15
5549.03438848551  9.528887E-15
5551.99056641357  9.576651E-15
5554.94674434163  9.529183E-15
5557.90292226968  9.363980E-15
5560.85910019774  9.310030E-15
5563.8152781258  9.303152E-15
5566.77145605385  9.164354E-15
5569.72763398191  9.055248E-15
5572.68381190996  9.243659E-15
5575.63998983802  9.350021E-15
5578.59616776608  9.268745E-15
5581.55234569413  9.105208E-15
5584.50852362219  8.933659E-15
5587.46470155025  8.849375E-15
5590.4208794783  8.843220E-15
5593.37705740636  8.886284E-15
5596.33323533442  8.846923E-15
5599.28941326247  8.759641E-15
5602.24559119053  8.692653E-15
5605.20176911859  8.715031E-15
5608.15794704664  8.778948E-15
5611.1141249747  8.768112E-15
5614.07030290275  8.671983E-15
5617.02648083081  8.646417E-15
5619.98265875887  8.710206E-15
5622.93883668692  8.715460E-15
5625.89501461498  8.681402E-15
5628.85119254304  8.683893E-15
5631.80737047109  8.645886E-15
5634.76354839915  8.633927E-15
5637.71972632721  8.683092E-15
5640.67590425526  8.688817E-15
5643.63208218332  8.688501E-15
5646.58826011138  8.689639E-15
5649.54443803943  8.663417E-15
5652.50061596749  8.605950E-15
5655.45679389554  8.627342E-15
5658.4129718236  8.709781E-15
5661.36914975166  8.749213E-15
5664.32532767971  8.726964E-15
5667.28150560777  8.650210E-15
5670.23768353583  8.560249E-15
5673.19386146388  8.573476E-15
5676.15003939194  8.577179E-15
5679.10621732  8.626043E-15
5682.06239524805  8.542874E-15
5685.01857317611  8.508702E-15
5687.97475110417  8.514244E-15
5690.93092903222  8.514356E-15
5693.88710696028  8.492491E-15
5696.84328488833  8.523258E-15
5699.79946281639  8.481822E-15
5702.75564074445  8.464440E-15
5705.71181867251  8.464785E-15
5708.66799660056  8.418614E-15
5711.62417452862  8.451844E-15
5714.58035245667  8.481295E-15
5717.53653038473  8.485637E-15
5720.49270831279  8.454580E-15
5723.44888624084  8.461346E-15
5726.4050641689  8.537879E-15
5729.36124209696  8.570967E-15
5732.31742002501  8.584064E-15
5735.27359795307  8.560068E-15
5738.22977588112  8.521742E-15
5741.18595380918  8.456285E-15
5744.14213173724  8.405010E-15
5747.09830966529  8.391377E-15
5750.05448759335  8.410406E-15
5753.01066552141  8.504406E-15
5755.96684344946  8.531649E-15
5758.92302137752  8.501611E-15
5761.87919930558  8.553180E-15
5764.83537723363  8.598122E-15
5767.79155516169  8.566735E-15
5770.74773308975  8.530498E-15
5773.7039110178  8.534905E-15
5776.66008894586  8.518881E-15
5779.61626687391  8.579859E-15
5782.57244480197  8.541588E-15
5785.52862273003  8.534837E-15
5788.48480065808  8.554840E-15
5791.44097858614  8.469238E-15
5794.3971565142  8.474385E-15
5797.35333444225  8.527674E-15
5800.30951237031  8.514272E-15
5803.26569029837  8.515942E-15
5806.22186822642  8.556955E-15
5809.17804615448  8.539095E-15
5812.13422408254  8.519014E-15
5815.09040201059  8.460920E-15
5818.04657993865  8.426082E-15
5821.00275786671  8.451220E-15
5823.95893579476  8.495430E-15
5826.91511372282  8.494857E-15
5829.87129165087  8.411412E-15
5832.82746957893  8.423858E-15
5835.78364750699  8.436983E-15
5838.73982543504  8.416764E-15
5841.6960033631  8.396997E-15
5844.65218129116  8.351634E-15
5847.60835921921  8.330625E-15
5850.56453714727  8.355090E-15
5853.52071507533  8.371555E-15
5856.47689300338  8.331178E-15
5859.43307093144  8.274894E-15
5862.38924885949  8.281134E-15
5865.34542678755  8.307820E-15
5868.30160471561  8.281463E-15
5871.25778264366  8.260514E-15
5874.21396057172  8.220541E-15
5877.17013849978  8.165769E-15
5880.12631642783  8.131263E-15
5883.08249435589  8.074215E-15
5886.03867228395  8.005450E-15
5888.994850212  7.945715E-15
5891.95102814006  7.911997E-15
5894.90720606812  7.909598E-15
5897.86338399617  7.890784E-15
5900.81956192423  7.865408E-15
5903.77573985228  7.899057E-15
5906.73191778034  7.880499E-15
5909.6880957084  7.898453E-15
5912.64427363645  7.961708E-15
5915.60045156451  7.938808E-15
5918.55662949257  7.844814E-15
5921.51280742062  7.877602E-15
5924.46898534868  7.904665E-15
5927.42516327674  7.881138E-15
5930.38134120479  7.912059E-15
5933.33751913285  7.848477E-15
5936.29369706091  7.775224E-15
5939.24987498896  7.819548E-15
5942.20605291702  7.843931E-15
5945.16223084507  7.801540E-15
5948.11840877313  7.737723E-15
5951.07458670119  7.729417E-15
5954.03076462925  7.735960E-15
5956.9869425573  7.679633E-15
5959.94312048536  7.657190E-15
5962.89929841341  7.620961E-15
5965.85547634147  7.555848E-15
5968.81165426953  7.514175E-15
5971.76783219758  7.483922E-15
5974.72401012564  7.509227E-15
5977.6801880537  7.502101E-15
5980.63636598175  7.557588E-15
5983.59254390981  7.507791E-15
5986.54872183787  7.422341E-15
5989.50489976592  7.487307E-15
5992.46107769398  7.458731E-15
5995.41725562203  7.430225E-15
5998.37343355009  7.442795E-15
6001.32961147815  7.348003E-15
6004.2857894062  7.252255E-15
6007.24196733426  7.256214E-15
6010.19814526232  7.350224E-15
6013.15432319037  7.361158E-15
6016.11050111843  7.289846E-15
6019.06667904649  7.251066E-15
6022.02285697454  7.287694E-15
6024.9790349026  7.331911E-15
6027.93521283066  7.253213E-15
6030.89139075871  7.161967E-15
6033.84756868677  7.142412E-15
6036.80374661482  7.190786E-15
6039.75992454288  7.245617E-15
6042.71610247094  7.261645E-15
6045.67228039899  7.268130E-15
6048.62845832705  7.275578E-15
6051.58463625511  7.244072E-15
6054.54081418316  7.199458E-15
6057.49699211122  7.157192E-15
6060.45317003928  7.140846E-15
6063.40934796733  7.218600E-15
6066.36552589539  7.161980E-15
6069.32170382345  7.083532E-15
6072.2778817515  7.077339E-15
6075.23405967956  7.116704E-15
6078.19023760761  7.144925E-15
6081.14641553567  7.118377E-15
6084.10259346373  7.091372E-15
6087.05877139178  7.061443E-15
6090.01494931984  7.005146E-15
6092.9711272479  6.954817E-15
6095.92730517595  6.928164E-15
6098.88348310401  6.935744E-15
6101.83966103207  6.916597E-15
6104.79583896012  6.882393E-15
6107.75201688818  6.898226E-15
6110.70819481624  6.845738E-15
6113.66437274429  6.783601E-15
6116.62055067235  6.829680E-15
6119.5767286004  6.892985E-15
6122.53290652846  6.828706E-15
6125.48908445652  6.775768E-15
6128.44526238457  6.743249E-15
6131.40144031263  6.734743E-15
6134.35761824069  6.739154E-15
6137.31379616874  6.686998E-15
6140.2699740968  6.753057E-15
6143.22615202486  6.813563E-15
6146.18232995291  6.765735E-15
6149.13850788097  6.738663E-15
6152.09468580902  6.770380E-15
6155.05086373708  6.772131E-15
6158.00704166514  6.758896E-15
6160.96321959319  6.719622E-15
6163.91939752125  6.689732E-15
6166.87557544931  6.711160E-15
6169.83175337736  6.737170E-15
6172.78793130542  6.774036E-15
6175.74410923348  6.801301E-15
6178.70028716153  6.833822E-15
6181.65646508959  6.819420E-15
6184.61264301765  6.775197E-15
6187.5688209457  6.719087E-15
6190.52499887376  6.743755E-15
6193.48117680181  6.805190E-15
6196.43735472987  6.861650E-15
6199.39353265793  6.790323E-15
6202.34971058598  6.804480E-15
6205.30588851404  6.811504E-15
6208.2620664421  6.833344E-15
6211.21824437015  6.876253E-15
6214.17442229821  6.897182E-15
6217.13060022627  6.868719E-15
6220.08677815432  6.829484E-15
6223.04295608238  6.745656E-15
6225.99913401043  6.708504E-15
6228.95531193849  6.799654E-15
6231.91148986655  6.891222E-15
6234.8676677946  6.930560E-15
6237.82384572266  6.944792E-15
6240.78002365072  6.952934E-15
6243.73620157878  6.923896E-15
6246.69237950683  6.889675E-15
6249.64855743489  6.938889E-15
6252.60473536294  7.024051E-15
6255.560913291  7.087180E-15
6258.51709121906  7.107587E-15
6261.47326914711  7.096080E-15
6264.42944707517  7.083555E-15
6267.38562500323  7.109469E-15
6270.34180293128  7.133870E-15
6273.29798085934  7.109814E-15
6276.25415878739  7.064282E-15
6279.21033671545  7.018596E-15
6282.16651464351  7.078081E-15
6285.12269257156  7.179974E-15
6288.07887049962  7.199365E-15
6291.03504842768  7.199652E-15
6293.99122635573  7.240446E-15
6296.94740428379  7.259814E-15
6299.90358221185  7.301723E-15
6302.8597601399  7.388525E-15
6305.81593806796  7.383653E-15
6308.77211599601  7.418487E-15
6311.72829392407  7.446334E-15
6314.68447185213  7.428820E-15
6317.64064978019  7.471440E-15
6320.59682770824  7.495093E-15
6323.5530056363  7.472404E-15
6326.50918356436  7.525685E-15
6329.46536149241  7.615166E-15
6332.42153942047  7.661349E-15
6335.37771734852  7.617842E-15
6338.33389527658  7.603952E-15
6341.29007320464  7.628158E-15
6344.24625113269  7.616978E-15
6347.20242906075  7.613315E-15
6350.15860698881  7.621878E-15
6353.11478491686  7.649886E-15
6356.07096284492  7.661176E-15
6359.02714077298  7.622439E-15
6361.98331870103  7.655519E-15
6364.93949662909  7.733955E-15
6367.89567455715  7.775109E-15
6370.8518524852  7.766253E-15
6373.80803041326  7.748507E-15
6376.76420834131  7.758410E-15
6379.72038626937  7.767695E-15
6382.67656419743  7.754610E-15
6385.63274212548  7.771063E-15
6388.58892005354  7.855429E-15
6391.5450979816  7.917641E-15
6394.50127590965  7.916286E-15
6397.45745383771  7.827293E-15
6400.41363176577  7.786200E-15
6403.36980969382  7.889428E-15
6406.32598762188  7.934487E-15
6409.28216554994  7.914368E-15
6412.23834347799  7.985405E-15
6415.19452140605  8.068667E-15
6418.1506993341  8.101738E-15
6421.10687726216  8.074161E-15
6424.06305519022  7.994576E-15
6427.01923311827  7.984122E-15
6429.97541104633  8.054952E-15
6432.93158897439  8.085222E-15
6435.88776690244  8.106030E-15
6438.8439448305  8.095328E-15
6441.80012275856  8.053561E-15
6444.75630068661  8.059645E-15
6447.71247861467  8.120676E-15
6450.66865654272  8.117078E-15
6453.62483447078  8.083982E-15
6456.58101239884  8.033913E-15
6459.53719032689  7.991078E-15
6462.49336825495  8.035802E-15
6465.44954618301  8.072955E-15
6468.40572411106  8.034850E-15
6471.36190203912  8.014652E-15
6474.31807996718  8.031416E-15
6477.27425789523  8.078085E-15
6480.23043582329  8.153533E-15
6483.18661375135  8.168379E-15
6486.1427916794  8.057728E-15
6489.09896960746  8.032600E-15
6492.05514753551  7.987300E-15
6495.01132546357  7.962300E-15
6497.96750339163  7.966134E-15
6500.92368131968  8.042995E-15
6503.87985924774  8.008297E-15
6506.8360371758  7.990996E-15
6509.79221510385  7.973515E-15
6512.74839303191  7.921138E-15
6515.70457095997  7.935084E-15
6518.66074888802  7.971906E-15
6521.61692681608  7.921655E-15
6524.57310474414  7.888702E-15
6527.52928267219  7.912725E-15
6530.48546060025  7.823683E-15
6533.44163852831  7.757532E-15
6536.39781645636  7.788433E-15
6539.35399438442  7.766170E-15
6542.31017231247  7.714338E-15
6545.26635024053  7.711354E-15
6548.22252816859  7.754892E-15
6551.17870609664  7.793969E-15
6554.1348840247  7.758655E-15
6557.09106195276  7.649274E-15
6560.04723988081  7.599426E-15
6563.00341780887  7.620112E-15
6565.95959573693  7.654997E-15
6568.91577366498  7.653406E-15
6571.87195159304  7.617985E-15
6574.82812952109  7.624091E-15
6577.78430744915  7.635291E-15
6580.74048537721  7.605526E-15
6583.69666330527  7.555731E-15
6586.65284123332  7.493080E-15
6589.60901916138  7.513810E-15
6592.56519708943  7.478841E-15
6595.52137501749  7.410207E-15
6598.47755294554  7.420032E-15
6601.4337308736  7.410705E-15
6604.38990880166  7.383282E-15
6607.34608672972  7.391267E-15
6610.30226465777  7.412286E-15
6613.25844258583  7.469057E-15
6616.21462051388  7.498216E-15
6619.17079844194  7.457568E-15
6622.12697637  7.390617E-15
6625.08315429805  7.299630E-15
6628.03933222611  7.211370E-15
6630.99551015417  7.161926E-15
6633.95168808222  7.124685E-15
6636.90786601028  7.101196E-15
6639.86404393833  7.138574E-15
6642.82022186639  7.144133E-15
6645.77639979445  7.086839E-15
6648.73257772251  7.005967E-15
6651.68875565056  7.031866E-15
6654.64493357862  7.108688E-15
6657.60111150667  7.121789E-15
6660.55728943473  7.142418E-15
6663.51346736279  7.108349E-15
6666.46964529084  7.000978E-15
6669.4258232189  6.953388E-15
6672.38200114696  6.986758E-15
6675.33817907501  6.964704E-15
6678.29435700307  6.880692E-15
6681.25053493113  6.894039E-15
6684.20671285918  6.937778E-15
6687.16289078724  6.902934E-15
6690.1190687153  6.855540E-15
6693.07524664335  6.838244E-15
6696.03142457141  6.809550E-15
6698.98760249946  6.801733E-15
6701.94378042752  6.803747E-15
6704.89995835558  6.802287E-15
6707.85613628363  6.817213E-15
6710.81231421169  6.752418E-15
6713.76849213975  6.690785E-15
6716.7246700678  6.724939E-15
6719.68084799586  6.707226E-15
6722.63702592392  6.616905E-15
6725.59320385197  6.607301E-15
6728.54938178003  6.660573E-15
6731.50555970808  6.639698E-15
6734.46173763614  6.560655E-15
6737.4179155642  6.501243E-15
6740.37409349225  6.467460E-15
6743.33027142031  6.493766E-15
6746.28644934837  6.509407E-15
6749.24262727642  6.540578E-15
6752.19880520448  6.513337E-15
6755.15498313254  6.484755E-15
6758.11116106059  6.493022E-15
6761.06733898865  6.479830E-15
6764.02351691671  6.420137E-15
6766.97969484476  6.310430E-15
6769.93587277282  6.253840E-15
6772.89205070088  6.301279E-15
6775.84822862893  6.361372E-15
6778.80440655699  6.382492E-15
6781.76058448504  6.344269E-15
6784.7167624131  6.329972E-15
6787.67294034116  6.333594E-15
6790.62911826921  6.306922E-15
6793.58529619727  6.265236E-15
6796.54147412533  6.198769E-15
6799.49765205338  6.193521E-15
6802.45382998144  6.220895E-15
6805.4100079095  6.216985E-15
6808.36618583755  6.247718E-15
6811.32236376561  6.231766E-15
6814.27854169367  6.150900E-15
6817.23471962172  6.119975E-15
6820.19089754978  6.085340E-15
6823.14707547783  6.057006E-15
6826.10325340589  6.125129E-15
6829.05943133395  6.158991E-15
6832.015609262  6.149325E-15
6834.97178719006  6.159281E-15
6837.92796511812  6.055376E-15
6840.88414304617  5.943423E-15
6843.84032097423  5.930441E-15
6846.79649890229  5.915377E-15
6849.75267683034  5.946256E-15
6852.7088547584  5.963204E-15
6855.66503268645  5.942139E-15
6858.62121061451  5.916080E-15
6861.57738854257  5.892175E-15
6864.53356647063  5.864909E-15
6867.48974439868  5.847701E-15
6870.44592232674  5.840809E-15
6873.40210025479  5.831938E-15
6876.35827818285  5.834568E-15
6879.31445611091  5.831965E-15
6882.27063403896  5.805648E-15
6885.22681196702  5.770320E-15
6888.18298989508  5.739561E-15
6891.13916782313  5.719703E-15
6894.09534575119  5.701632E-15
6897.05152367925  5.694713E-15
6900.0077016073  5.698609E-15
6902.96387953536  5.691880E-15
6905.92005746342  5.672267E-15
6908.87623539147  5.643213E-15
6911.83241331953  5.611127E-15
6914.78859124758  5.586075E-15
6917.74476917564  5.563012E-15
6920.7009471037  5.544179E-15
6923.65712503175  5.535523E-15
6926.61330295981  5.538019E-15
6929.56948088787  5.535975E-15
6932.52565881592  5.524965E-15
6935.48183674398  5.510273E-15
6938.43801467204  5.478728E-15
6941.39419260009  5.446882E-15
6944.35037052815  5.449915E-15
6947.30654845621  5.435961E-15
6950.26272638426  5.395436E-15
6953.21890431232  5.395228E-15
6956.17508224037  5.399428E-15
6959.13126016843  5.393641E-15
6962.08743809649  5.406963E-15
6965.04361602454  5.402284E-15
6967.9997939526  5.404570E-15
6970.95597188066  5.381897E-15
6973.91214980871  5.342637E-15
6976.86832773677  5.306315E-15
6979.82450566483  5.211478E-15
6982.78068359288  5.140138E-15
6985.73686152094  5.169229E-15
6988.693039449  5.228050E-15
6991.64921737705  5.244418E-15
6994.60539530511  5.286872E-15
6997.56157323316  5.312849E-15
7000.51775116122  5.227656E-15
7003.47392908928  5.190731E-15
7006.43010701733  5.222472E-15
7009.38628494539  5.236669E-15
7012.34246287345  5.174164E-15
7015.2986408015  5.105784E-15
7018.25481872956  5.165249E-15
7021.21099665762  5.240226E-15
7024.16717458567  5.222592E-15
7027.12335251373  5.173107E-15
7030.07953044178  5.122295E-15
7033.03570836984  5.060144E-15
7035.9918862979  5.024039E-15
7038.94806422595  5.060477E-15
7041.90424215401  5.083140E-15
7044.86042008207  5.055822E-15
7047.81659801012  5.071498E-15
7050.77277593818  5.075524E-15
7053.72895386624  5.029955E-15
7056.68513179429  4.981156E-15
7059.64130972235  4.984961E-15
7062.59748765041  5.019266E-15
7065.55366557846  4.905573E-15
7068.50984350652  4.776680E-15
7071.46602143457  4.811387E-15
7074.42219936263  4.870544E-15
7077.37837729069  4.882643E-15
7080.33455521874  4.918869E-15
7083.2907331468  4.925336E-15
7086.24691107486  4.886391E-15
7089.20308900291  4.844424E-15
7092.15926693097  4.783054E-15
7095.11544485903  4.781716E-15
7098.07162278708  4.812418E-15
7101.02780071514  4.817537E-15
7103.98397864319  4.816857E-15
7106.94015657125  4.843458E-15
7109.89633449931  4.861248E-15
7112.85251242736  4.856220E-15
7115.80869035542  4.836652E-15
7118.76486828348  4.768968E-15
7121.72104621153  4.724463E-15
7124.67722413959  4.736670E-15
7127.63340206765  4.732835E-15
7130.5895799957  4.735217E-15
7133.54575792376  4.777943E-15
7136.50193585182  4.814439E-15
7139.45811377987  4.811543E-15
7142.41429170793  4.764425E-15
7145.37046963599  4.679887E-15
7148.32664756404  4.589439E-15
7151.2828254921  4.520169E-15
7154.23900342015  4.542070E-15
7157.19518134821  4.569345E-15
7160.15135927627  4.584028E-15
7163.10753720432  4.589723E-15
7166.06371513238  4.559026E-15
7169.01989306044  4.505722E-15
7171.97607098849  4.444737E-15
7174.93224891655  4.374062E-15
7177.88842684461  4.281160E-15
7180.84460477266  4.243543E-15
7183.80078270072  4.246558E-15
7186.75696062878  4.213013E-15
7189.71313855683  4.174209E-15
7192.66931648489  4.236735E-15
7195.62549441294  4.289160E-15
7198.581672341  4.270805E-15
7201.53785026906  4.211650E-15
7204.49402819711  4.106301E-15
7207.45020612517  4.047066E-15
7210.40638405323  4.043801E-15
7213.36256198128  4.036847E-15
7216.31873990934  4.067267E-15
7219.2749178374  4.097650E-15
7222.23109576545  4.095357E-15
7225.18727369351  4.104720E-15
7228.14345162157  4.091732E-15
7231.09962954962  4.053713E-15
7234.05580747768  3.992866E-15
7237.01198540573  3.940014E-15
7239.96816333379  3.923744E-15
7242.92434126185  3.933256E-15
7245.8805191899  3.935698E-15
7248.83669711796  3.949322E-15
7251.79287504602  3.975182E-15
7254.74905297407  3.942145E-15
7257.70523090213  3.892165E-15
7260.66140883019  3.904968E-15
7263.61758675824  3.899842E-15
7266.5737646863  3.842389E-15
7269.52994261436  3.778239E-15
7272.48612054241  3.806840E-15
7275.44229847047  3.882320E-15
7278.39847639852  3.929636E-15
7281.35465432658  3.955451E-15
7284.31083225464  3.936415E-15
7287.26701018269  3.925969E-15
7290.22318811075  3.909905E-15
7293.17936603881  3.839855E-15
7296.13554396686  3.745162E-15
7299.09172189492  3.653400E-15
7302.04789982298  3.652222E-15
7305.00407775103  3.694133E-15
7307.96025567909  3.662052E-15
7310.91643360714  3.685715E-15
7313.8726115352  3.757615E-15
7316.82878946326  3.753962E-15
7319.78496739131  3.730309E-15
7322.74114531937  3.681170E-15
7325.69732324743  3.619737E-15
7328.65350117548  3.592721E-15
7331.60967910354  3.556583E-15
7334.5658570316  3.487635E-15
7337.52203495965  3.458454E-15
7340.47821288771  3.518085E-15
7343.43439081577  3.602119E-15
7346.39056874382  3.646391E-15
7349.34674667188  3.619956E-15
7352.30292459994  3.548328E-15
7355.25910252799  3.492518E-15
7358.21528045605  3.448979E-15
7361.1714583841  3.396908E-15
7364.12763631216  3.337975E-15
7367.08381424022  3.318580E-15
7370.03999216828  3.330550E-15
7372.99617009633  3.392271E-15
7375.95234802439  3.431986E-15
7378.90852595244  3.405353E-15
7381.8647038805  3.450056E-15
7384.82088180856  3.457265E-15
7387.77705973661  3.394548E-15
7390.73323766467  3.361454E-15
7393.68941559273  3.344719E-15
7396.64559352078  3.321537E-15
7399.60177144884  3.286111E-15
7402.5579493769  3.263352E-15
7405.51412730495  3.309556E-15
7408.47030523301  3.344792E-15
7411.42648316106  3.309983E-15
7414.38266108912  3.289021E-15
7417.33883901718  3.266794E-15
7420.29501694523  3.215981E-15
7423.25119487329  3.196952E-15
7426.20737280135  3.160572E-15
7429.1635507294  3.155911E-15
7432.11972865746  3.175241E-15
7435.07590658551  3.173488E-15
7438.03208451357  3.182455E-15
7440.98826244163  3.196363E-15
7443.94444036969  3.203286E-15
7446.90061829774  3.197863E-15
7449.8567962258  3.190107E-15
7452.81297415386  3.159859E-15
7455.76915208191  3.121840E-15
7458.72533000997  3.107483E-15
7461.68150793802  3.094018E-15
7464.63768586608  3.111372E-15
7467.59386379414  3.114089E-15
7470.55004172219  3.117143E-15
7473.50621965025  3.100602E-15
7476.46239757831  2.963015E-15
7479.41857550636  2.861726E-15
7482.37475343442  2.881201E-15
7485.33093136248  2.898349E-15
7488.28710929053  2.901890E-15
7491.24328721859  2.914643E-15
7494.19946514665  2.903727E-15
7497.1556430747  2.894681E-15
7500.11182100276  2.933267E-15
7503.06799893081  2.999645E-15
7506.02417685887  3.053468E-15
7508.98035478693  3.086629E-15
7511.93653271498  3.015795E-15
7514.89271064304  2.912566E-15
7517.8488885711  2.897870E-15
7520.80506649915  2.907029E-15
7523.76124442721  2.890722E-15
7526.71742235527  2.886577E-15
7529.67360028332  2.906178E-15
7532.62977821138  2.925148E-15
7535.58595613943  2.938317E-15
7538.54213406749  2.957279E-15
7541.49831199555  2.960121E-15
7544.45448992361  2.938935E-15
7547.41066785166  2.928145E-15
7550.36684577972  2.918947E-15
7553.32302370777  2.908481E-15
7556.27920163583  2.902986E-15
7559.23537956388  2.873615E-15
7562.19155749194  2.837528E-15
7565.14773542  2.853522E-15
7568.10391334806  2.876059E-15
7571.06009127611  2.899977E-15
7574.01626920417  2.936952E-15
7576.97244713222  2.925878E-15
7579.92862506028  2.880697E-15
7582.88480298834  2.855191E-15
7585.84098091639  2.868316E-15
7588.79715884445  2.902553E-15
7591.75333677251  2.954836E-15
7594.70951470056  3.017481E-15
7597.66569262862  3.061877E-15
7600.62187055668  3.095474E-15
7603.57804848473  3.118004E-15
7606.53422641279  3.111718E-15
7609.49040434084  3.056008E-15
7612.4465822689  2.960290E-15
7615.40276019696  2.895022E-15
7618.35893812501  2.890475E-15
7621.31511605307  2.921253E-15
7624.27129398113  2.974299E-15
7627.22747190918  3.036826E-15
7630.18364983724  3.081338E-15
7633.1398277653  3.089547E-15
7636.09600569335  3.069310E-15
7639.05218362141  3.027739E-15
7642.00836154947  2.975092E-15
7644.96453947752  2.968955E-15
7647.92071740558  3.070179E-15
7650.87689533363  3.174910E-15
7653.83307326169  3.131393E-15
7656.78925118975  3.035401E-15
7659.7454291178  3.020987E-15
7662.70160704586  3.054619E-15
7665.65778497392  3.071294E-15
7668.61396290197  3.046679E-15
7671.57014083003  2.990109E-15
7674.52631875809  2.920204E-15
7677.48249668614  2.840775E-15
7680.4386746142  2.782484E-15
7683.39485254226  2.760393E-15
7686.35103047031  2.771139E-15
7689.30720839837  2.779688E-15
7692.26338632642  2.753949E-15
7695.21956425448  2.768448E-15
7698.17574218254  2.845280E-15
7701.13192011059  2.939014E-15
7704.08809803865  2.980103E-15
7707.04427596671  2.973349E-15
7710.00045389476  2.975822E-15
7712.95663182282  2.983236E-15
7715.91280975088  2.958385E-15
7718.86898767893  2.871381E-15
7721.82516560699  2.787869E-15
7724.78134353505  2.767806E-15
7727.7375214631  2.797019E-15
7730.69369939116  2.860545E-15
7733.64987731921  2.903166E-15
7736.60605524727  2.921884E-15
7739.56223317533  2.968773E-15
7742.51841110339  2.984588E-15
7745.47458903144  2.939171E-15
7748.4307669595  2.887135E-15
7751.38694488755  2.835272E-15
7754.34312281561  2.796030E-15
7757.29930074367  2.804438E-15
7760.25547867172  2.829257E-15
7763.21165659978  2.835549E-15
7766.16783452784  2.876152E-15
7769.12401245589  2.955421E-15
7772.08019038395  2.993279E-15
7775.036368312  2.996330E-15
7777.99254624006  2.975492E-15
7780.94872416812  2.951053E-15
7783.90490209617  2.920828E-15
7786.86108002423  2.858423E-15
7789.81725795229  2.839154E-15
7792.77343588034  2.886541E-15
7795.7296138084  2.908254E-15
7798.68579173646  2.908507E-15
7801.64196966451  2.939489E-15
7804.59814759257  2.998407E-15
7807.55432552063  3.050410E-15
7810.51050344868  3.060354E-15
7813.46668137674  3.061781E-15
7816.4228593048  2.990871E-15
7819.37903723285  2.891689E-15
7822.33521516091  2.872726E-15
7825.29139308896  2.904655E-15
7828.24757101702  2.952245E-15
7831.20374894508  2.986419E-15
7834.15992687313  3.007977E-15
7837.11610480119  3.039275E-15
7840.07228272925  3.072285E-15
7843.0284606573  3.083591E-15
7845.98463858536  3.033983E-15
7848.94081651342  2.956440E-15
7851.89699444147  2.946151E-15
7854.85317236953  2.970900E-15
7857.80935029758  2.964291E-15
7860.76552822564  2.933548E-15
7863.7217061537  2.922542E-15
7866.67788408175  2.936428E-15
7869.63406200981  2.979118E-15
7872.59023993787  3.041740E-15
7875.54641786592  3.067674E-15
7878.50259579398  3.056880E-15
7881.45877372204  3.015441E-15
7884.41495165009  2.951201E-15
7887.37112957815  2.965121E-15
7890.32730750621  2.993843E-15
7893.28348543426  2.996761E-15
7896.23966336232  2.989941E-15
7899.19584129037  3.041207E-15
7902.15201921843  3.175079E-15
7905.10819714649  3.258272E-15
7908.06437507454  3.275313E-15
7911.0205530026  3.298395E-15
7913.97673093066  3.256295E-15
7916.93290885871  3.128039E-15
7919.88908678677  3.035772E-15
7922.84526471483  3.018715E-15
7925.80144264288  3.049762E-15
7928.75762057094  3.115334E-15
7931.713798499  3.183639E-15
7934.66997642705  3.293297E-15
7937.62615435511  3.340048E-15
7940.58233228317  3.280523E-15
7943.53851021122  3.243487E-15
7946.49468813928  3.224112E-15
7949.45086606734  3.173889E-15
7952.40704399539  3.118072E-15
7955.36322192345  3.084000E-15
7958.3193998515  3.124700E-15
7961.27557777956  3.215727E-15
7964.23175570762  3.289910E-15
7967.18793363567  3.365091E-15
7970.14411156373  3.370032E-15
7973.10028949179  3.300045E-15
7976.05646741984  3.215568E-15
7979.0126453479  3.170700E-15
7981.96882327595  3.155962E-15
7984.92500120401  3.073218E-15
7987.88117913207  2.987603E-15
7990.83735706012  3.040743E-15
7993.79353498818  3.184184E-15
7996.74971291624  3.304205E-15
7999.7058908443  3.326412E-15
8002.66206877235  3.308302E-15
8005.6182467004  3.320083E-15
8008.57442462846  3.301852E-15
8011.53060255652  3.249342E-15
8014.48678048457  3.261590E-15
8017.44295841263  3.260632E-15
8020.39913634069  3.196909E-15
8023.35531426875  3.193088E-15
8026.3114921968  3.244767E-15
8029.26767012486  3.299741E-15
8032.22384805291  3.399819E-15
8035.18002598097  3.476854E-15
8038.13620390903  3.479218E-15
8041.09238183708  3.439002E-15
8044.04855976514  3.366079E-15
8047.0047376932  3.310353E-15
8049.96091562125  3.233204E-15
8052.91709354931  3.165468E-15
8055.87327147736  3.201763E-15
8058.82944940542  3.293692E-15
8061.78562733348  3.321585E-15
8064.74180526154  3.346214E-15
8067.69798318959  3.434680E-15
8070.65416111765  3.464620E-15
8073.6103390457  3.451937E-15
8076.56651697376  3.439841E-15
8079.52269490182  3.369556E-15
8082.47887282987  3.264620E-15
8085.43505075793  3.188219E-15
8088.39122868599  3.181704E-15
8091.34740661404  3.200420E-15
8094.3035845421  3.227708E-15
8097.25976247016  3.268558E-15
8100.21594039821  3.349837E-15
8103.17211832627  3.415132E-15
8106.12829625432  3.370388E-15
8109.08447418238  3.349896E-15
8112.04065211044  3.355648E-15
8114.99683003849  3.277299E-15
8117.95300796655  3.176258E-15
8120.90918589461  3.111233E-15
8123.86536382266  3.117495E-15
8126.82154175072  3.156311E-15
8129.77771967877  3.177279E-15
8132.73389760683  3.178136E-15
8135.69007553489  3.225529E-15
8138.64625346295  3.296420E-15
8141.602431391  3.294751E-15
8144.55860931906  3.246849E-15
8147.51478724712  3.149316E-15
8150.47096517517  3.054413E-15
8153.42714310323  3.015784E-15
8156.38332103128  3.001190E-15
8159.33949895934  3.026341E-15
8162.2956768874  3.092637E-15
8165.25185481545  3.155168E-15
8168.20803274351  3.216032E-15
8171.16421067157  3.274287E-15
8174.12038859962  3.303452E-15
8177.07656652768  3.245493E-15
8180.03274445574  3.117746E-15
8182.98892238379  3.053619E-15
8185.94510031185  3.024919E-15
8188.90127823991  3.023791E-15
8191.85745616796  3.064919E-15
8194.81363409602  3.140468E-15
8197.76981202407  3.213292E-15
8200.72598995213  3.232089E-15
8203.68216788019  3.263063E-15
8206.63834580824  3.299078E-15
8209.5945237363  3.257236E-15
8212.55070166436  3.210098E-15
8215.50687959241  3.190447E-15
8218.46305752047  3.117084E-15
8221.41923544852  3.073943E-15
8224.37541337658  3.097751E-15
8227.33159130464  3.092476E-15
8230.28776923269  3.161429E-15
8233.24394716075  3.276842E-15
8236.20012508881  3.345545E-15
8239.15630301686  3.396622E-15
8242.11248094492  3.419273E-15
8245.06865887298  3.399301E-15
8248.02483680103  3.369042E-15
8250.98101472909  3.301208E-15
8253.93719265715  3.220589E-15
8256.8933705852  3.232811E-15
8259.84954851326  3.295638E-15
8262.80572644131  3.380891E-15
8265.76190436937  3.476181E-15
8268.71808229743  3.521926E-15
8271.67426022549  3.583288E-15
8274.63043815354  3.570071E-15
8277.5866160816  3.458173E-15
8280.54279400966  3.381024E-15
8283.49897193771  3.373959E-15
8286.45514986577  3.372929E-15
8289.41132779382  3.340327E-15
8292.36750572188  3.382254E-15
8295.32368364994  3.526736E-15
8298.27986157799  3.607080E-15
8301.23603950605  3.697298E-15
8304.19221743411  3.750763E-15
8307.14839536216  3.769687E-15
8310.10457329022  3.756988E-15
8313.06075121828  3.683370E-15
8316.01692914633  3.620636E-15
8318.97310707439  3.621489E-15
8321.92928500244  3.624665E-15
8324.8854629305  3.636006E-15
8327.84164085856  3.729367E-15
8330.79781878661  3.840751E-15
8333.75399671467  3.909553E-15
8336.71017464273  3.951919E-15
8339.66635257078  4.044875E-15
8342.62253049884  4.025389E-15
8345.5787084269  3.941121E-15
8348.53488635495  3.874762E-15
8351.49106428301  3.756954E-15
8354.44724221107  3.777494E-15
8357.40342013912  3.901098E-15
8360.35959806718  3.921489E-15
8363.31577599523  3.993752E-15
8366.27195392329  4.142676E-15
8369.22813185135  4.235471E-15
8372.1843097794  4.197005E-15
8375.14048770746  4.123300E-15
8378.09666563552  4.045281E-15
8381.05284356357  3.995246E-15
8384.00902149163  3.978841E-15
8386.96519941969  3.919188E-15
8389.92137734774  3.882714E-15
8392.8775552758  4.029849E-15
8395.83373320385  4.274092E-15
8398.78991113191  4.396508E-15
8401.74608905997  4.444159E-15
8404.70226698803  4.498010E-15
8407.65844491608  4.421545E-15
8410.61462284414  4.306097E-15
8413.57080077219  4.197178E-15
8416.52697870025  4.037289E-15
8419.48315662831  3.972820E-15
8422.43933455636  4.088061E-15
8425.39551248442  4.251468E-15
8428.35169041248  4.432495E-15
8431.30786834053  4.593894E-15
8434.26404626859  4.645840E-15
8437.22022419665  4.604919E-15
8440.1764021247  4.510675E-15
8443.13258005276  4.487055E-15
8446.08875798081  4.493207E-15
8449.04493590887  4.404029E-15
8452.00111383693  4.287209E-15
8454.95729176498  4.299970E-15
8457.91346969304  4.382004E-15
8460.8696476211  4.513861E-15
8463.82582554915  4.687114E-15
8466.78200347721  4.847771E-15
8469.73818140527  4.933961E-15
8472.69435933332  4.877097E-15
8475.65053726138  4.769113E-15
8478.60671518943  4.684776E-15
8481.56289311749  4.560729E-15
8484.51907104555  4.465688E-15
8487.4752489736  4.482431E-15
8490.43142690166  4.577103E-15
8493.38760482972  4.638181E-15
8496.34378275777  4.638106E-15
8499.29996068583  4.687735E-15
8502.25613861389  4.862948E-15
8505.21231654194  5.000624E-15
8508.16849447  4.970676E-15
8511.12467239805  4.886686E-15
8514.08085032611  4.803589E-15
8517.03702825417  4.724167E-15
8519.99320618222  4.660029E-15
8522.94938411028  4.602002E-15
8525.90556203834  4.555865E-15
8528.86173996639  4.485869E-15
8531.81791789445  4.581647E-15
8534.77409582251  4.745714E-15
8537.73027375056  4.840028E-15
8540.68645167862  4.939506E-15
8543.64262960668  5.058230E-15
8546.59880753473  5.092900E-15
8549.55498546279  4.950220E-15
8552.51116339085  4.787675E-15
8555.4673413189  4.690287E-15
8558.42351924696  4.638252E-15
8561.37969717501  4.647561E-15
8564.33587510307  4.736892E-15
8567.29205303113  4.783584E-15
8570.24823095918  4.759406E-15
8573.20440888724  4.797632E-15
8576.1605868153  4.942218E-15
8579.11676474335  5.051487E-15
8582.07294267141  5.073829E-15
8585.02912059947  5.061600E-15
8587.98529852752  4.953038E-15
8590.94147645558  4.808042E-15
8593.89765438364  4.738724E-15
8596.85383231169  4.754566E-15
8599.81001023975  4.711188E-15
8602.7661881678  4.639563E-15
8605.72236609586  4.671470E-15
8608.67854402392  4.826348E-15
8611.63472195197  4.951627E-15
8614.59089988003  4.998887E-15
8617.54707780809  5.056321E-15
8620.50325573614  5.062435E-15
8623.4594336642  4.959081E-15
8626.41561159226  4.823999E-15
8629.37178952031  4.700095E-15
8632.32796744837  4.640724E-15
8635.28414537643  4.637263E-15
8638.24032330448  4.657632E-15
8641.19650123254  4.613079E-15
8644.15267916059  4.574822E-15
8647.10885708865  4.666401E-15
8650.06503501671  4.854187E-15
8653.02121294477  4.933442E-15
8655.97739087282  4.911004E-15
8658.93356880088  4.957297E-15
8661.88974672893  4.931004E-15
8664.84592465699  4.791378E-15
8667.80210258505  4.639730E-15
8670.7582805131  4.541880E-15
8673.71445844116  4.518664E-15
8676.67063636922  4.485542E-15
8679.62681429727  4.493367E-15
8682.58299222533  4.527499E-15
8685.53917015339  4.501601E-15
8688.49534808144  4.556239E-15
8691.4515260095  4.683565E-15
8694.40770393756  4.754970E-15
8697.36388186561  4.793046E-15
8700.32005979367  4.688060E-15
8703.27623772172  4.515608E-15
8706.23241564978  4.366709E-15
8709.18859357784  4.277333E-15
8712.14477150589  4.276844E-15
8715.10094943395  4.232204E-15
8718.05712736201  4.128622E-15
8721.01330529006  4.044735E-15
8723.96948321812  4.094444E-15
8726.92566114618  4.238505E-15
8729.88183907423  4.353685E-15
8732.83801700229  4.435122E-15
8735.79419493034  4.444515E-15
8738.7503728584  4.380925E-15
8741.70655078646  4.269994E-15
8744.66272871451  4.206619E-15
8747.61890664257  4.083820E-15
8750.57508457063  4.005993E-15
8753.53126249869  4.005205E-15
8756.48744042674  4.076777E-15
8759.4436183548  4.079729E-15
8762.39979628285  4.090492E-15
8765.35597421091  4.219189E-15
8768.31215213897  4.266723E-15
8771.26833006702  4.258096E-15
8774.22450799508  4.263875E-15
8777.18068592313  4.191470E-15
8780.13686385119  4.130720E-15
8783.09304177925  4.099689E-15
8786.04921970731  4.010090E-15
8789.00539763536  3.918633E-15
8791.96157556342  3.859629E-15
8794.91775349147  3.799273E-15
8797.87393141953  3.763544E-15
8800.83010934759  3.769776E-15
8803.78628727564  3.816066E-15
8806.7424652037  3.877507E-15
8809.69864313176  3.889355E-15
8812.65482105981  3.938275E-15
8815.61099898787  4.064494E-15
8818.56717691592  4.070305E-15
8821.52335484398  4.061241E-15
8824.47953277204  3.922913E-15
8827.4357107001  3.761096E-15
8830.39188862815  3.717649E-15
8833.34806655621  3.656338E-15
8836.30424448426  3.607903E-15
8839.26042241232  3.636197E-15
8842.21660034038  3.674029E-15
8845.17277826843  3.722635E-15
8848.12895619649  3.763679E-15
8851.08513412455  3.790229E-15
8854.0413120526  3.862622E-15
8856.99748998066  3.947390E-15
8859.95366790872  3.945851E-15
8862.90984583677  3.803576E-15
8865.86602376483  3.603173E-15
8868.82220169288  3.402485E-15
8871.77837962094  3.373269E-15
8874.734557549  3.467645E-15
8877.69073547705  3.524899E-15
8880.64691340511  3.584902E-15
8883.60309133317  3.604420E-15
8886.55926926122  3.534573E-15
8889.51544718928  3.513750E-15
8892.47162511733  3.649488E-15
8895.42780304539  3.676855E-15
8898.38398097345  3.488212E-15
8901.3401589015  3.346393E-15
8904.29633682956  3.324500E-15
8907.25251475762  3.375623E-15
8910.20869268568  3.421478E-15
8913.16487061373  3.371012E-15
8916.12104854179  3.307811E-15
8919.07722646984  3.313151E-15
8922.0334043979  3.328814E-15
8924.98958232595  3.370934E-15
8927.94576025401  3.487927E-15
8930.90193818207  3.616683E-15
8933.85811611013  3.600930E-15
8936.81429403818  3.445563E-15
8939.77047196624  3.324231E-15
8942.7266498943  3.268723E-15
8945.68282782235  3.258774E-15
8948.63900575041  3.296384E-15
8951.59518367846  3.284971E-15
8954.55136160652  3.226327E-15
8957.50753953458  3.179032E-15
8960.46371746263  3.104887E-15
8963.41989539069  3.156072E-15
8966.37607331875  3.380346E-15
8969.3322512468  3.462698E-15
8972.28842917486  3.417207E-15
8975.24460710292  3.290715E-15
8978.20078503097  3.148196E-15
8981.15696295903  3.049266E-15
8984.11314088708  2.946453E-15
8987.06931881514  2.956239E-15
8990.0254967432  3.131032E-15
8992.98167467125  3.177512E-15
8995.93785259931  3.040684E-15
8998.89403052737  3.041971E-15
