3300.44235425501  1.634020E-15
3303.3889790536  2.697949E-15
3306.33560385219  1.463400E-15
3309.28222865078  2.927391E-15
3312.22885344938  6.060505E-16
3315.17547824797  1.364532E-15
3318.12210304656  2.775526E-15
3321.06872784515  2.369147E-16
3324.01535264375  5.415454E-16
3326.96197744234  -2.924476E-16
3329.90860224093  5.448878E-16
3332.85522703952  7.829461E-16
3335.80185183811  6.910815E-18
3338.74847663671  8.970104E-16
3341.6951014353  1.361725E-15
3344.64172623389  3.229327E-16
3347.58835103248  3.818929E-16
3350.53497583108  6.049296E-16
3353.48160062967  -2.302880E-16
3356.42822542826  1.024556E-15
3359.37485022685  1.569152E-15
3362.32147502545  1.925983E-15
3365.26809982404  1.114099E-15
3368.21472462263  1.115626E-15
3371.16134942122  8.448341E-17
3374.10797421981  -8.222165E-17
3377.05459901841  6.269350E-16
3380.001223817  4.381137E-16
3382.94784861559  6.823749E-16
3385.89447341418  7.044436E-16
3388.84109821277  1.229091E-15
3391.78772301137  1.604810E-15
3394.73434780996  7.593178E-16
3397.68097260855  4.012792E-16
3400.62759740715  1.128267E-17
3403.57422220574  2.797709E-16
3406.52084700433  4.304787E-17
3409.46747180292  -1.326567E-16
3412.41409660151  4.572062E-16
3415.36072140011  1.642426E-16
3418.3073461987  4.942267E-16
3421.25397099729  8.992040E-16
3424.20059579588  2.441930E-16
3427.14722059448  4.456587E-16
3430.09384539307  3.374078E-16
3433.04047019166  -1.608544E-16
3435.98709499025  6.438191E-16
3438.93371978884  6.658915E-16
3441.88034458744  6.610821E-16
3444.82696938603  4.635712E-16
3447.77359418462  6.202627E-16
3450.72021898321  2.259759E-16
3453.66684378181  -9.359414E-17
3456.6134685804  4.805419E-17
3459.56009337899  1.648110E-16
3462.50671817758  -1.279115E-16
3465.45334297618  -2.637270E-18
3468.39996777477  1.568667E-16
3471.34659257336  6.788528E-16
3474.29321737195  7.984450E-16
3477.23984217054  5.917005E-16
3480.18646696914  3.348272E-16
3483.13309176773  4.132320E-16
3486.07971656632  7.989063E-16
3489.02634136491  3.998788E-16
3491.97296616351  3.653343E-16
3494.9195909621  5.537268E-16
3497.86621576069  4.818446E-16
3500.81284055928  7.288308E-16
3503.75946535788  7.343360E-16
3506.70609015647  7.510370E-16
3509.65271495506  6.579929E-16
3512.59933975365  7.724000E-16
3515.54596455224  2.214161E-16
3518.49258935084  2.110326E-16
3521.43921414943  4.397364E-16
3524.38583894802  2.633781E-16
3527.33246374661  4.462029E-16
3530.27908854521  5.884562E-16
3533.2257133438  4.262935E-16
3536.17233814239  5.402396E-16
3539.11896294098  5.602627E-16
3542.06558773958  3.267665E-16
3545.01221253817  3.035473E-16
3547.95883733676  4.954708E-16
3550.90546213535  4.196955E-16
3553.85208693395  5.454382E-16
3556.79871173254  5.963371E-16
3559.74533653113  4.795892E-16
3562.69196132972  4.026744E-16
3565.63858612831  5.814972E-16
3568.58521092691  3.893193E-16
3571.5318357255  4.863350E-16
3574.47846052409  5.884471E-16
3577.42508532268  5.102418E-16
3580.37171012127  4.074470E-16
3583.31833491987  3.014427E-16
3586.26495971846  6.262076E-16
3589.21158451705  3.078150E-16
3592.15820931564  4.799896E-16
3595.10483411424  5.783014E-16
3598.05145891283  4.470350E-16
3600.99808371142  2.527967E-16
3603.94470851001  4.878759E-16
3606.89133330861  5.898561E-16
3609.8379581072  5.565806E-16
3612.78458290579  4.213983E-16
3615.73120770438  6.072908E-16
3618.67783250298  5.798012E-16
3621.62445730157  5.248059E-16
3624.57108210016  4.659000E-16
3627.51770689875  3.264078E-16
3630.46433169734  3.649696E-16
3633.41095649594  4.964493E-16
3636.35758129453  5.043017E-16
3639.30420609312  5.787135E-16
3642.25083089171  6.056965E-16
3645.19745569031  7.148694E-16
3648.1440804889  6.661009E-16
3651.09070528749  5.177969E-16
3654.03733008608  4.543527E-16
3656.98395488468  5.943219E-16
3659.93057968327  4.661238E-16
3662.87720448186  4.044872E-16
3665.82382928045  5.808236E-16
3668.77045407905  6.469425E-16
3671.71707887764  5.441063E-16
3674.66370367623  4.152377E-16
3677.61032847482  5.510532E-16
3680.55695327341  7.109101E-16
3683.50357807201  6.812351E-16
3686.4502028706  6.488947E-16
3689.39682766919  7.650332E-16
3692.34345246778  6.073389E-16
3695.29007726638  6.993739E-16
3698.23670206497  7.500893E-16
3701.18332686356  6.822287E-16
3704.12995166215  7.613273E-16
3707.07657646074  6.992749E-16
3710.02320125934  7.410366E-16
3712.96982605793  6.998230E-16
3715.91645085652  8.314711E-16
3718.86307565511  7.362070E-16
3721.80970045371  6.693063E-16
3724.7563252523  8.014145E-16
3727.70295005089  7.384482E-16
3730.64957484948  8.433887E-16
3733.59619964807  8.310517E-16
3736.54282444667  6.841346E-16
3739.48944924526  8.176894E-16
3742.43607404385  6.897277E-16
3745.38269884244  7.851777E-16
3748.32932364104  7.461912E-16
3751.27594843963  9.061725E-16
3754.22257323822  1.074273E-15
3757.16919803681  1.175741E-15
3760.11582283541  1.240851E-15
3763.062447634  1.071184E-15
3766.00907243259  8.765935E-16
3768.95569723118  8.961006E-16
3771.90232202978  7.598951E-16
3774.84894682837  8.644872E-16
3777.79557162696  9.028273E-16
3780.74219642555  8.576167E-16
3783.68882122414  7.950670E-16
3786.63544602274  7.554218E-16
3789.58207082133  8.807162E-16
3792.52869561992  8.243411E-16
3795.47532041851  8.564604E-16
3798.42194521711  8.809247E-16
3801.3685700157  9.051418E-16
3804.31519481429  8.575306E-16
3807.26181961288  7.627900E-16
3810.20844441147  3.981199E-16
3813.15506921007  -8.445813E-17
3816.10169400866  6.838957E-16
3819.04831880725  8.481332E-16
3821.99494360584  8.310503E-16
3824.94156840444  7.791246E-16
3827.88819320303  9.262292E-16
3830.83481800162  8.722870E-16
3833.78144280021  8.541514E-16
3836.72806759881  9.401459E-16
3839.6746923974  8.803585E-16
3842.62131719599  9.479960E-16
3845.56794199458  9.466680E-16
3848.51456679317  8.197870E-16
3851.46119159177  8.370506E-16
3854.40781639036  9.645103E-16
3857.35444118895  9.131621E-16
3860.30106598754  8.925105E-16
3863.24769078614  1.084404E-15
3866.19431558473  1.002721E-15
3869.14094038332  9.379390E-16
3872.08756518191  9.738618E-16
3875.03418998051  9.483910E-16
3877.9808147791  9.583590E-16
3880.92743957769  1.007614E-15
3883.87406437628  9.874390E-16
3886.82068917487  1.026250E-15
3889.76731397347  9.656042E-16
3892.71393877206  1.080630E-15
3895.66056357065  1.013124E-15
3898.60718836924  1.109349E-15
3901.55381316784  1.165508E-15
3904.50043796643  1.149512E-15
3907.44706276502  1.219884E-15
3910.39368756361  1.167169E-15
3913.34031236221  1.240436E-15
3916.2869371608  1.158006E-15
3919.23356195939  1.131564E-15
3922.18018675798  1.147128E-15
3925.12681155657  1.149238E-15
3928.07343635517  1.215996E-15
3931.02006115376  1.247566E-15
3933.96668595235  1.298808E-15
3936.91331075094  1.213126E-15
3939.85993554954  1.264791E-15
3942.80656034813  1.219768E-15
3945.75318514672  1.277143E-15
3948.69980994531  1.374517E-15
3951.64643474391  1.553804E-15
3954.5930595425  1.414930E-15
3957.53968434109  1.419815E-15
3960.48630913968  1.424488E-15
3963.43293393827  1.302624E-15
3966.37955873687  1.281216E-15
3969.32618353546  1.282387E-15
3972.27280833405  1.261644E-15
3975.21943313264  1.243709E-15
3978.16605793124  1.268005E-15
3981.11268272983  1.351550E-15
3984.05930752842  1.282396E-15
3987.00593232701  1.223537E-15
3989.95255712561  1.293194E-15
3992.8991819242  1.370711E-15
3995.84580672279  1.271242E-15
3998.79243152138  1.304146E-15
4001.73905631997  1.304168E-15
4004.68568111857  1.411748E-15
4007.63230591716  1.352084E-15
4010.57893071575  1.357667E-15
4013.52555551434  1.266120E-15
4016.47218031294  1.280011E-15
4019.41880511153  1.258038E-15
4022.36542991012  1.259000E-15
4025.31205470871  1.282596E-15
4028.25867950731  1.261215E-15
4031.2053043059  1.297156E-15
4034.15192910449  1.256615E-15
4037.09855390308  1.287892E-15
4040.04517870167  1.265721E-15
4042.99180350027  1.280167E-15
4045.93842829886  1.319930E-15
4048.88505309745  1.301522E-15
4051.83167789604  1.317718E-15
4054.77830269464  1.264614E-15
4057.72492749323  1.245655E-15
4060.67155229182  1.269635E-15
4063.61817709041  1.242807E-15
4066.56480188901  1.265083E-15
4069.5114266876  1.323851E-15
4072.45805148619  1.322035E-15
4075.40467628478  1.266943E-15
4078.35130108338  1.300837E-15
4081.29792588197  1.223784E-15
4084.24455068056  1.242359E-15
4087.19117547915  1.264132E-15
4090.13780027774  1.250891E-15
4093.08442507634  1.288887E-15
4096.03104987493  1.195456E-15
4098.97767467352  1.283458E-15
4101.92429947211  1.226219E-15
4104.8709242707  1.294204E-15
4107.8175490693  1.257961E-15
4110.76417386789  1.164795E-15
4113.71079866648  1.192841E-15
4116.65742346507  1.209538E-15
4119.60404826367  1.224603E-15
4122.55067306226  1.155512E-15
4125.49729786085  1.204314E-15
4128.44392265944  1.174430E-15
4131.39054745803  1.115760E-15
4134.33717225663  1.171344E-15
4137.28379705522  1.206741E-15
4140.23042185381  1.179567E-15
4143.17704665241  1.160531E-15
4146.123671451  1.199242E-15
4149.07029624959  1.132816E-15
4152.01692104818  1.144101E-15
4154.96354584677  1.081318E-15
4157.91017064537  1.089053E-15
4160.85679544396  1.117277E-15
4163.80342024255  1.146927E-15
4166.75004504114  1.124746E-15
4169.69666983974  1.114714E-15
4172.64329463833  1.188692E-15
4175.58991943692  1.114493E-15
4178.53654423551  1.136125E-15
4181.4831690341  1.112203E-15
4184.4297938327  1.126648E-15
4187.37641863129  1.129728E-15
4190.32304342988  1.113084E-15
4193.26966822847  1.125069E-15
4196.21629302706  1.019456E-15
4199.16291782566  1.051146E-15
4202.10954262425  1.119302E-15
4205.05616742284  1.150806E-15
4208.00279222144  1.067285E-15
4210.94941702003  1.095598E-15
4213.89604181862  1.192387E-15
4216.84266661721  1.134345E-15
4219.7892914158  1.131691E-15
4222.7359162144  1.149145E-15
4225.68254101299  1.147684E-15
4228.62916581158  1.125755E-15
4231.57579061017  1.140583E-15
4234.52241540877  1.116232E-15
4237.46904020736  1.090421E-15
4240.41566500595  1.119669E-15
4243.36228980454  1.089539E-15
4246.30891460313  1.128939E-15
4249.25553940173  1.125848E-15
4252.20216420032  1.088357E-15
4255.14878899891  1.156835E-15
4258.0954137975  1.140794E-15
4261.0420385961  1.071323E-15
4263.98866339469  1.095525E-15
4266.93528819328  1.079425E-15
4269.88191299187  1.042084E-15
4272.82853779047  1.144633E-15
4275.77516258906  1.116130E-15
4278.72178738765  1.123534E-15
4281.66841218624  1.112884E-15
4284.61503698483  1.107914E-15
4287.56166178343  1.107132E-15
4290.50828658202  1.114579E-15
4293.45491138061  1.088660E-15
4296.4015361792  1.116185E-15
4299.3481609778  1.087472E-15
4302.29478577639  1.139757E-15
4305.24141057498  1.141747E-15
4308.18803537357  1.096246E-15
4311.13466017217  1.105084E-15
4314.08128497076  1.088645E-15
4317.02790976935  1.063058E-15
4319.97453456794  1.124985E-15
4322.92115936654  1.116883E-15
4325.86778416513  1.096730E-15
4328.81440896372  1.114011E-15
4331.76103376231  1.131843E-15
4334.7076585609  1.086759E-15
4337.6542833595  1.140716E-15
4340.60090815809  1.118486E-15
4343.54753295668  1.130493E-15
4346.49415775527  1.182188E-15
4349.44078255387  1.148235E-15
4352.38740735246  1.098621E-15
4355.33403215105  1.099549E-15
4358.28065694964  1.113860E-15
4361.22728174824  1.081616E-15
4364.17390654683  1.120596E-15
4367.12053134542  1.168953E-15
4370.06715614401  1.125217E-15
4373.0137809426  1.130780E-15
4375.9604057412  1.140756E-15
4378.90703053979  1.175749E-15
4381.85365533838  1.177932E-15
4384.80028013697  1.206952E-15
4387.74690493557  1.239420E-15
4390.69352973416  1.218143E-15
4393.64015453275  1.204691E-15
4396.58677933134  1.162549E-15
4399.53340412994  1.189961E-15
4402.48002892853  1.192300E-15
4405.42665372712  1.132386E-15
4408.37327852571  1.201972E-15
4411.3199033243  1.204177E-15
4414.2665281229  1.186491E-15
4417.21315292149  1.197516E-15
4420.15977772008  1.194079E-15
4423.10640251867  1.212106E-15
4426.05302731726  1.215964E-15
4428.99965211586  1.256245E-15
4431.94627691445  1.262457E-15
4434.89290171304  1.214068E-15
4437.83952651163  1.254641E-15
4440.78615131023  1.355501E-15
4443.73277610882  1.242307E-15
4446.67940090741  1.280535E-15
4449.626025706  1.254955E-15
4452.5726505046  1.273202E-15
4455.51927530319  1.333923E-15
4458.46590010178  1.278035E-15
4461.41252490037  1.290652E-15
4464.35914969897  1.321917E-15
4467.30577449756  1.299896E-15
4470.25239929615  1.371944E-15
4473.19902409474  1.392274E-15
4476.14564889333  1.366182E-15
4479.09227369193  1.331744E-15
4482.03889849052  1.340265E-15
4484.98552328911  1.411200E-15
4487.9321480877  1.458363E-15
4490.8787728863  1.417644E-15
4493.82539768489  1.412066E-15
4496.77202248348  1.484837E-15
4499.71864728207  1.499081E-15
4502.66527208066  1.431616E-15
4505.61189687926  1.410485E-15
4508.55852167785  1.488724E-15
4511.50514647644  1.507942E-15
4514.45177127504  1.490711E-15
4517.39839607363  1.489406E-15
4520.34502087222  1.552420E-15
4523.29164567081  1.554217E-15
4526.2382704694  1.532224E-15
4529.184895268  1.542445E-15
4532.13152006659  1.562587E-15
4535.07814486518  1.607235E-15
4538.02476966377  1.572023E-15
4540.97139446237  1.560997E-15
4543.91801926096  1.661177E-15
4546.86464405955  1.695313E-15
4549.81126885814  1.673704E-15
4552.75789365673  1.642094E-15
4555.70451845533  1.594851E-15
4558.65114325392  1.647104E-15
4561.59776805251  1.662205E-15
4564.5443928511  1.695847E-15
4567.4910176497  1.655860E-15
4570.43764244829  1.614938E-15
4573.38426724688  1.670861E-15
4576.33089204547  1.698469E-15
4579.27751684407  1.776855E-15
4582.22414164266  1.713649E-15
4585.17076644125  1.683428E-15
4588.11739123984  1.649744E-15
4591.06401603843  1.634591E-15
4594.01064083703  1.659556E-15
4596.95726563562  1.627717E-15
4599.90389043421  1.652158E-15
4602.8505152328  1.655693E-15
4605.7971400314  1.626728E-15
4608.74376482999  1.688021E-15
4611.69038962858  1.680661E-15
4614.63701442717  1.638179E-15
4617.58363922576  1.580506E-15
4620.53026402436  1.638921E-15
4623.47688882295  1.668100E-15
4626.42351362154  1.575007E-15
4629.37013842013  1.608004E-15
4632.31676321873  1.627057E-15
4635.26338801732  1.594608E-15
4638.21001281591  1.563895E-15
4641.1566376145  1.509826E-15
4644.1032624131  1.550555E-15
4647.04988721169  1.566240E-15
4649.99651201028  1.523725E-15
4652.94313680887  1.542177E-15
4655.88976160746  1.520616E-15
4658.83638640606  1.520587E-15
4661.78301120465  1.523231E-15
4664.72963600324  1.479425E-15
4667.67626080183  1.513044E-15
4670.62288560043  1.538552E-15
4673.56951039902  1.477129E-15
4676.51613519761  1.450539E-15
4679.4627599962  1.356134E-15
4682.4093847948  1.384151E-15
4685.35600959339  1.410616E-15
4688.30263439198  1.441378E-15
4691.24925919057  1.400176E-15
4694.19588398917  1.392217E-15
4697.14250878776  1.364963E-15
4700.08913358635  1.325286E-15
4703.03575838494  1.310812E-15
4705.98238318353  1.351112E-15
4708.92900798213  1.380154E-15
4711.87563278072  1.364033E-15
4714.82225757931  1.353899E-15
4717.7688823779  1.365111E-15
4720.7155071765  1.318856E-15
4723.66213197509  1.293695E-15
4726.60875677368  1.291635E-15
4729.55538157227  1.310736E-15
4732.50200637087  1.299009E-15
4735.44863116946  1.267620E-15
4738.39525596805  1.258514E-15
4741.34188076664  1.206295E-15
4744.28850556523  1.208532E-15
4747.23513036383  1.226659E-15
4750.18175516242  1.208558E-15
4753.12837996101  1.202905E-15
4756.0750047596  1.191388E-15
4759.0216295582  1.217995E-15
4761.96825435679  1.221825E-15
4764.91487915538  1.187495E-15
4767.86150395397  1.185886E-15
4770.80812875257  1.215124E-15
4773.75475355116  1.204582E-15
4776.70137834975  1.182916E-15
4779.64800314834  1.151419E-15
4782.59462794693  1.178344E-15
4785.54125274553  1.211032E-15
4788.48787754412  1.189513E-15
4791.43450234271  1.184552E-15
4794.3811271413  1.211016E-15
4797.3277519399  1.184811E-15
4800.27437673849  1.163307E-15
4803.22100153708  1.178670E-15
4806.16762633567  1.153304E-15
4809.11425113426  1.195464E-15
4812.06087593286  1.184558E-15
4815.00750073145  1.195894E-15
4817.95412553004  1.190964E-15
4820.90075032864  1.204761E-15
4823.84737512723  1.196333E-15
4826.79399992582  1.235165E-15
4829.74062472441  1.219265E-15
4832.687249523  1.234371E-15
4835.63387432159  1.255763E-15
4838.58049912019  1.252682E-15
4841.52712391878  1.261059E-15
4844.47374871737  1.245174E-15
4847.42037351596  1.256236E-15
4850.36699831456  1.245243E-15
4853.31362311315  1.241271E-15
4856.26024791174  1.256065E-15
4859.20687271033  1.215632E-15
4862.15349750893  1.226896E-15
4865.10012230752  1.263945E-15
4868.04674710611  1.283403E-15
4870.9933719047  1.272861E-15
4873.93999670329  1.313641E-15
4876.88662150189  1.249101E-15
4879.83324630048  1.244377E-15
4882.77987109907  1.274610E-15
4885.72649589766  1.304776E-15
4888.67312069626  1.309701E-15
4891.61974549485  1.275344E-15
4894.56637029344  1.293492E-15
4897.51299509203  1.249364E-15
4900.45961989063  1.244799E-15
4903.40624468922  1.238267E-15
4906.35286948781  1.289808E-15
4909.2994942864  1.350458E-15
4912.246119085  1.352899E-15
4915.19274388359  1.321902E-15
4918.13936868218  1.336616E-15
4921.08599348077  1.333360E-15
4924.03261827936  1.333272E-15
4926.97924307796  1.341099E-15
4929.92586787655  1.297451E-15
4932.87249267514  1.293750E-15
4935.81911747373  1.323073E-15
4938.76574227232  1.314066E-15
4941.71236707092  1.334468E-15
4944.65899186951  1.319643E-15
4947.6056166681  1.319008E-15
4950.5522414667  1.370171E-15
4953.49886626529  1.330903E-15
4956.44549106388  1.346409E-15
4959.39211586247  1.327461E-15
4962.33874066106  1.330351E-15
4965.28536545966  1.354850E-15
4968.23199025825  1.399035E-15
4971.17861505684  1.412824E-15
4974.12523985543  1.349483E-15
4977.07186465403  1.385587E-15
4980.01848945262  1.389591E-15
4982.96511425121  1.385871E-15
4985.9117390498  1.372282E-15
4988.85836384839  1.370897E-15
4991.80498864699  1.354209E-15
4994.75161344558  1.370760E-15
4997.69823824417  1.386367E-15
5000.64486304276  1.400382E-15
5003.59148784136  1.431814E-15
5006.53811263995  1.401323E-15
5009.48473743854  1.390101E-15
5012.43136223713  1.412239E-15
5015.37798703573  1.430925E-15
5018.32461183432  1.382036E-15
5021.27123663291  1.347107E-15
5024.2178614315  1.336295E-15
5027.1644862301  1.344819E-15
5030.11111102869  1.388099E-15
5033.05773582728  1.385450E-15
5036.00436062587  1.388243E-15
5038.95098542446  1.360609E-15
5041.89761022306  1.366613E-15
5044.84423502165  1.373327E-15
5047.79085982024  1.461649E-15
5050.73748461883  1.547750E-15
5053.68410941743  1.585375E-15
5056.63073421602  1.553707E-15
5059.57735901461  1.525663E-15
5062.5239838132  1.481621E-15
5065.4706086118  1.422589E-15
5068.41723341039  1.401765E-15
5071.36385820898  1.374296E-15
5074.31048300757  1.372159E-15
5077.25710780616  1.383074E-15
5080.20373260476  1.378888E-15
5083.15035740335  1.331494E-15
5086.09698220194  1.351351E-15
5089.04360700053  1.369200E-15
5091.99023179913  1.385840E-15
5094.93685659772  1.346362E-15
5097.88348139631  1.376890E-15
5100.8301061949  1.343996E-15
5103.7767309935  1.376984E-15
5106.72335579209  1.387909E-15
5109.66998059068  1.373366E-15
5112.61660538927  1.371046E-15
5115.56323018786  1.404720E-15
5118.50985498646  1.408887E-15
5121.45647978505  1.414395E-15
5124.40310458364  1.449420E-15
5127.34972938223  1.417010E-15
5130.29635418083  1.434409E-15
5133.24297897942  1.447430E-15
5136.18960377801  1.448878E-15
5139.1362285766  1.427254E-15
5142.0828533752  1.445718E-15
5145.02947817379  1.468701E-15
5147.97610297238  1.462717E-15
5150.92272777097  1.480944E-15
5153.86935256956  1.485399E-15
5156.81597736816  1.495564E-15
5159.76260216675  1.471622E-15
5162.70922696534  1.509386E-15
5165.65585176393  1.553776E-15
5168.60247656253  1.518117E-15
5171.54910136112  1.515803E-15
5174.49572615971  1.557704E-15
5177.4423509583  1.555039E-15
5180.38897575689  1.576168E-15
5183.33560055549  1.543230E-15
5186.28222535408  1.553438E-15
5189.22885015267  1.612766E-15
5192.17547495126  1.595569E-15
5195.12209974986  1.599665E-15
5198.06872454845  1.642793E-15
5201.01534934704  1.660264E-15
5203.96197414563  1.647805E-15
5206.90859894423  1.653851E-15
5209.85522374282  1.669482E-15
5212.80184854141  1.708537E-15
5215.74847334  1.742256E-15
5218.6950981386  1.734395E-15
5221.64172293719  1.714056E-15
5224.58834773578  1.716977E-15
5227.53497253437  1.746191E-15
5230.48159733296  1.669931E-15
5233.42822213156  1.613025E-15
5236.37484693015  1.652485E-15
5239.32147172874  1.710877E-15
5242.26809652733  1.766126E-15
5245.21472132593  1.752754E-15
5248.16134612452  1.812872E-15
5251.10797092311  1.821358E-15
5254.0545957217  1.832380E-15
5257.00122052029  1.848368E-15
5259.94784531889  1.805571E-15
5262.89447011748  1.836360E-15
5265.84109491607  1.873705E-15
5268.78771971466  1.877744E-15
5271.73434451326  1.868469E-15
5274.68096931185  1.848447E-15
5277.62759411044  1.896777E-15
5280.57421890903  1.889826E-15
5283.52084370763  1.915903E-15
5286.46746850622  1.872715E-15
5289.41409330481  1.921531E-15
5292.3607181034  1.931358E-15
5295.30734290199  1.936794E-15
5298.25396770059  1.915906E-15
5301.20059249918  1.951158E-15
5304.14721729777  1.925759E-15
5307.09384209636  1.905336E-15
5310.04046689496  1.890502E-15
5312.98709169355  1.852437E-15
5315.93371649214  1.799054E-15
5318.88034129073  1.893032E-15
5321.82696608933  1.916540E-15
5324.77359088792  1.961698E-15
5327.72021568651  1.986814E-15
5330.6668404851  1.925208E-15
5333.61346528369  1.978940E-15
5336.56009008229  1.981069E-15
5339.50671488088  1.965064E-15
5342.45333967947  1.930792E-15
5345.39996447806  1.952508E-15
5348.34658927666  1.976939E-15
5351.29321407525  1.953300E-15
5354.23983887384  1.932647E-15
5357.18646367243  1.917176E-15
5360.13308847102  1.925170E-15
5363.07971326962  1.971503E-15
5366.02633806821  1.935953E-15
5368.9729628668  1.927670E-15
5371.91958766539  1.890748E-15
5374.86621246399  1.943640E-15
5377.81283726258  1.945731E-15
5380.75946206117  1.922928E-15
5383.70608685976  1.957960E-15
5386.65271165836  1.901722E-15
5389.59933645695  1.922312E-15
5392.54596125554  1.915688E-15
5395.49258605413  1.857942E-15
5398.43921085273  1.852094E-15
5401.38583565132  1.931453E-15
5404.33246044991  1.905867E-15
5407.2790852485  1.911191E-15
5410.22571004709  1.912449E-15
5413.17233484569  1.912175E-15
5416.11895964428  1.880831E-15
5419.06558444287  1.937584E-15
5422.01220924146  1.906839E-15
5424.95883404006  1.889363E-15
5427.90545883865  1.901432E-15
5430.85208363724  1.876768E-15
5433.79870843583  1.887075E-15
5436.74533323443  1.913954E-15
5439.69195803302  1.904974E-15
5442.63858283161  1.871470E-15
5445.5852076302  1.899378E-15
5448.53183242879  1.907993E-15
5451.47845722739  1.908548E-15
5454.42508202598  1.959770E-15
5457.37170682457  1.967677E-15
5460.31833162316  1.921435E-15
5463.26495642176  1.943741E-15
5466.21158122035  1.943425E-15
5469.15820601894  1.919766E-15
5472.10483081753  1.901722E-15
5475.05145561612  1.908300E-15
5477.99808041472  1.888095E-15
5480.94470521331  1.851982E-15
5483.8913300119  1.874227E-15
5486.83795481049  1.895231E-15
5489.78457960909  1.902719E-15
5492.73120440768  1.851545E-15
5495.67782920627  1.848348E-15
5498.62445400486  1.847874E-15
5501.57107880346  1.830740E-15
5504.51770360205  1.798324E-15
5507.46432840064  1.769618E-15
5510.41095319923  1.813441E-15
5513.35757799783  1.781069E-15
5516.30420279642  1.736079E-15
5519.25082759501  1.723754E-15
5522.1974523936  1.685594E-15
5525.14407719219  1.674695E-15
5528.09070199079  1.641725E-15
5531.03732678938  1.624249E-15
5533.98395158797  1.647531E-15
5536.93057638656  1.604797E-15
5539.87720118516  1.610279E-15
5542.82382598375  1.656828E-15
5545.77045078234  1.612679E-15
5548.71707558093  1.567543E-15
5551.66370037952  1.558575E-15
5554.61032517812  1.546132E-15
5557.55694997671  1.513448E-15
5560.5035747753  1.499988E-15
5563.45019957389  1.474850E-15
5566.39682437249  1.421343E-15
5569.34344917108  1.460792E-15
5572.29007396967  1.466463E-15
5575.23669876826  1.410876E-15
5578.18332356685  1.422270E-15
5581.12994836545  1.422309E-15
5584.07657316404  1.427271E-15
5587.02319796263  1.372682E-15
5589.96982276123  1.321471E-15
5592.91644755982  1.320056E-15
5595.86307235841  1.354560E-15
5598.809697157  1.334693E-15
5601.75632195559  1.301645E-15
5604.70294675419  1.266522E-15
5607.64957155278  1.269285E-15
5610.59619635137  1.280197E-15
5613.54282114996  1.253879E-15
5616.48944594856  1.257670E-15
5619.43607074715  1.235311E-15
5622.38269554574  1.202078E-15
5625.32932034433  1.205551E-15
5628.27594514292  1.202958E-15
5631.22256994152  1.205584E-15
5634.16919474011  1.216775E-15
5637.1158195387  1.184756E-15
5640.06244433729  1.153324E-15
5643.00906913589  1.144047E-15
5645.95569393448  1.139886E-15
5648.90231873307  1.119268E-15
5651.84894353166  1.111850E-15
5654.79556833026  1.116968E-15
5657.74219312885  1.088572E-15
5660.68881792744  1.065746E-15
5663.63544272603  1.071132E-15
5666.58206752462  1.078484E-15
5669.52869232322  1.069587E-15
5672.47531712181  1.054249E-15
5675.4219419204  1.028434E-15
5678.36856671899  9.978471E-16
5681.31519151759  1.019822E-15
5684.26181631618  1.028629E-15
5687.20844111477  1.048038E-15
5690.15506591336  1.056457E-15
5693.10169071195  1.018896E-15
5696.04831551055  1.053228E-15
5698.99494030914  1.020959E-15
5701.94156510773  1.051014E-15
5704.88818990632  1.049049E-15
5707.83481470492  1.000381E-15
5710.78143950351  1.037900E-15
5713.7280643021  1.022556E-15
5716.67468910069  9.749279E-16
5719.62131389929  9.622255E-16
5722.56793869788  9.879100E-16
5725.51456349647  9.869652E-16
5728.46118829506  9.865595E-16
5731.40781309365  9.767775E-16
5734.35443789225  9.894691E-16
5737.30106269084  9.989078E-16
5740.24768748943  9.720848E-16
5743.19431228802  1.014376E-15
5746.14093708662  1.019840E-15
5749.08756188521  9.700280E-16
5752.0341866838  9.717999E-16
5754.98081148239  9.967442E-16
5757.92743628099  1.010015E-15
5760.87406107958  1.003062E-15
5763.82068587817  9.781404E-16
5766.76731067676  9.679812E-16
5769.71393547535  1.002421E-15
5772.66056027395  1.042931E-15
5775.60718507254  1.045069E-15
5778.55380987113  1.053228E-15
5781.50043466972  1.058273E-15
5784.44705946832  1.036595E-15
5787.39368426691  1.044203E-15
5790.3403090655  1.071906E-15
5793.28693386409  1.091754E-15
5796.23355866269  1.087036E-15
5799.18018346128  1.074911E-15
5802.12680825987  1.076052E-15
5805.07343305846  1.101025E-15
5808.02005785705  1.131505E-15
5810.96668265565  1.159654E-15
5813.91330745424  1.149466E-15
5816.85993225283  1.121057E-15
5819.80655705142  1.143303E-15
5822.75318185002  1.147902E-15
5825.69980664861  1.174698E-15
5828.6464314472  1.166440E-15
5831.59305624579  1.209657E-15
5834.53968104439  1.216970E-15
5837.48630584298  1.203125E-15
5840.43293064157  1.198492E-15
5843.37955544016  1.205565E-15
5846.32618023876  1.255829E-15
5849.27280503735  1.246882E-15
5852.21942983594  1.280673E-15
5855.16605463453  1.327260E-15
5858.11267943312  1.308498E-15
5861.05930423172  1.295096E-15
5864.00592903031  1.329098E-15
5866.9525538289  1.332587E-15
5869.89917862749  1.350593E-15
5872.84580342608  1.360372E-15
5875.79242822468  1.357005E-15
5878.73905302327  1.378200E-15
5881.68567782186  1.372621E-15
5884.63230262045  1.375905E-15
5887.57892741905  1.378170E-15
5890.52555221764  1.410563E-15
5893.47217701623  1.389217E-15
5896.41880181482  1.403751E-15
5899.36542661342  1.421101E-15
5902.31205141201  1.417076E-15
5905.2586762106  1.462499E-15
5908.20530100919  1.491657E-15
5911.15192580779  1.451733E-15
5914.09855060638  1.418729E-15
5917.04517540497  1.456523E-15
5919.99180020356  1.450940E-15
5922.93842500215  1.496838E-15
5925.88504980075  1.531756E-15
5928.83167459934  1.520537E-15
5931.77829939793  1.474867E-15
5934.72492419652  1.506794E-15
5937.67154899512  1.518717E-15
5940.61817379371  1.509337E-15
5943.5647985923  1.498576E-15
5946.51142339089  1.496437E-15
5949.45804818948  1.518124E-15
5952.40467298808  1.516171E-15
5955.35129778667  1.497969E-15
5958.29792258526  1.471852E-15
5961.24454738386  1.458340E-15
5964.19117218245  1.482790E-15
5967.13779698104  1.489895E-15
5970.08442177963  1.467928E-15
5973.03104657822  1.437208E-15
5975.97767137682  1.445192E-15
5978.92429617541  1.458792E-15
5981.870920974  1.426053E-15
5984.81754577259  1.424777E-15
5987.76417057118  1.406740E-15
5990.71079536978  1.391958E-15
5993.65742016837  1.417574E-15
5996.60404496696  1.391057E-15
5999.55066976555  1.367715E-15
6002.49729456415  1.361397E-15
6005.44391936274  1.343067E-15
6008.39054416133  1.353638E-15
6011.33716895992  1.359936E-15
6014.28379375852  1.310682E-15
6017.23041855711  1.310574E-15
6020.1770433557  1.334405E-15
6023.12366815429  1.336426E-15
6026.07029295288  1.326458E-15
6029.01691775148  1.299262E-15
6031.96354255007  1.313692E-15
6034.91016734866  1.336037E-15
6037.85679214725  1.316990E-15
6040.80341694585  1.287201E-15
6043.75004174444  1.271225E-15
6046.69666654303  1.274691E-15
6049.64329134162  1.263836E-15
6052.58991614022  1.284387E-15
6055.53654093881  1.276566E-15
6058.4831657374  1.290695E-15
6061.42979053599  1.279616E-15
6064.37641533458  1.292955E-15
6067.32304013318  1.286498E-15
6070.26966493177  1.286973E-15
6073.21628973036  1.300050E-15
6076.16291452895  1.306222E-15
6079.10953932755  1.286290E-15
6082.05616412614  1.292024E-15
6085.00278892473  1.280353E-15
6087.94941372332  1.278038E-15
6090.89603852192  1.299654E-15
6093.84266332051  1.269226E-15
6096.7892881191  1.281139E-15
6099.73591291769  1.328940E-15
6102.68253771628  1.298907E-15
6105.62916251488  1.256340E-15
6108.57578731347  1.241727E-15
6111.52241211206  1.221330E-15
6114.46903691065  1.234803E-15
6117.41566170925  1.254393E-15
6120.36228650784  1.228528E-15
6123.30891130643  1.211094E-15
6126.25553610502  1.214287E-15
6129.20216090362  1.193643E-15
6132.14878570221  1.208105E-15
6135.0954105008  1.223425E-15
6138.04203529939  1.238043E-15
6140.98866009799  1.231587E-15
6143.93528489658  1.281827E-15
6146.88190969517  1.251747E-15
6149.82853449376  1.259397E-15
6152.77515929235  1.276309E-15
6155.72178409095  1.269983E-15
6158.66840888954  1.241720E-15
6161.61503368813  1.247286E-15
6164.56165848672  1.266742E-15
6167.50828328532  1.241902E-15
6170.45490808391  1.254318E-15
6173.4015328825  1.277707E-15
6176.34815768109  1.281359E-15
6179.29478247969  1.280746E-15
6182.24140727828  1.257419E-15
6185.18803207687  1.276368E-15
6188.13465687546  1.282814E-15
6191.08128167405  1.273882E-15
6194.02790647265  1.266159E-15
6196.97453127124  1.250025E-15
6199.92115606983  1.248264E-15
6202.86778086842  1.233792E-15
6205.81440566702  1.287050E-15
6208.76103046561  1.279968E-15
6211.7076552642  1.304103E-15
6214.65428006279  1.281969E-15
6217.60090486139  1.254936E-15
6220.54752965998  1.276870E-15
6223.49415445857  1.278042E-15
6226.44077925716  1.228392E-15
6229.38740405575  1.256572E-15
6232.33402885435  1.308404E-15
6235.28065365294  1.299728E-15
6238.22727845153  1.277733E-15
6241.17390325012  1.262984E-15
6244.12052804871  1.276796E-15
6247.06715284731  1.327618E-15
6250.0137776459  1.347577E-15
6252.96040244449  1.336287E-15
6255.90702724308  1.365042E-15
6258.85365204168  1.337549E-15
6261.80027684027  1.322809E-15
6264.74690163886  1.338879E-15
6267.69352643745  1.356888E-15
6270.64015123605  1.347231E-15
6273.58677603464  1.347011E-15
6276.53340083323  1.353073E-15
6279.48002563182  1.353733E-15
6282.42665043041  1.336709E-15
6285.37327522901  1.323223E-15
6288.3199000276  1.359391E-15
6291.26652482619  1.375157E-15
6294.21314962478  1.410270E-15
6297.15977442338  1.436586E-15
6300.10639922197  1.413969E-15
6303.05302402056  1.396510E-15
6305.99964881916  1.394772E-15
6308.94627361775  1.402777E-15
6311.89289841634  1.405096E-15
6314.83952321493  1.445715E-15
6317.78614801352  1.428613E-15
6320.73277281211  1.442219E-15
6323.67939761071  1.435084E-15
6326.6260224093  1.440444E-15
6329.57264720789  1.462899E-15
6332.51927200649  1.465819E-15
6335.46589680508  1.490632E-15
6338.41252160367  1.505905E-15
6341.35914640226  1.506635E-15
6344.30577120085  1.540915E-15
6347.25239599945  1.537031E-15
6350.19902079804  1.559567E-15
6353.14564559663  1.560445E-15
6356.09227039522  1.533304E-15
6359.03889519381  1.580925E-15
6361.98551999241  1.603355E-15
6364.932144791  1.583212E-15
6367.87876958959  1.610003E-15
6370.82539438818  1.608589E-15
6373.77201918678  1.613201E-15
6376.71864398537  1.633668E-15
6379.66526878396  1.620240E-15
6382.61189358255  1.639516E-15
6385.55851838115  1.608177E-15
6388.50514317974  1.642277E-15
6391.45176797833  1.592104E-15
6394.39839277692  1.581877E-15
6397.34501757552  1.665777E-15
6400.29164237411  1.703693E-15
6403.2382671727  1.619883E-15
6406.18489197129  1.598249E-15
6409.13151676988  1.646319E-15
6412.07814156848  1.637643E-15
6415.02476636707  1.617340E-15
6417.97139116566  1.611692E-15
6420.91801596425  1.623960E-15
6423.86464076285  1.644165E-15
6426.81126556144  1.614819E-15
6429.75789036003  1.630796E-15
6432.70451515862  1.624200E-15
6435.65113995721  1.670469E-15
6438.59776475581  1.683307E-15
6441.5443895544  1.657357E-15
6444.49101435299  1.616901E-15
6447.43763915158  1.613609E-15
6450.38426395018  1.603802E-15
6453.33088874877  1.604224E-15
6456.27751354736  1.615232E-15
6459.22413834595  1.601971E-15
6462.17076314455  1.603749E-15
6465.11738794314  1.598034E-15
6468.06401274173  1.580892E-15
6471.01063754032  1.572890E-15
6473.95726233891  1.575488E-15
6476.90388713751  1.595026E-15
6479.8505119361  1.551328E-15
6482.79713673469  1.504665E-15
6485.74376153328  1.531382E-15
6488.69038633188  1.513385E-15
6491.63701113047  1.504353E-15
6494.58363592906  1.496635E-15
6497.53026072765  1.507889E-15
6500.47688552624  1.501591E-15
6503.42351032484  1.500026E-15
6506.37013512343  1.506113E-15
6509.31675992202  1.493062E-15
6512.26338472062  1.470376E-15
6515.21000951921  1.482599E-15
6518.1566343178  1.492709E-15
6521.10325911639  1.458026E-15
6524.04988391498  1.452133E-15
6526.99650871358  1.471562E-15
6529.94313351217  1.455291E-15
6532.88975831076  1.457570E-15
6535.83638310935  1.431791E-15
6538.78300790795  1.393124E-15
6541.72963270654  1.410275E-15
6544.67625750513  1.418652E-15
6547.62288230372  1.432338E-15
6550.56950710231  1.423120E-15
6553.51613190091  1.408116E-15
6556.4627566995  1.366087E-15
6559.40938149809  1.383366E-15
6562.35600629668  1.391947E-15
6565.30263109528  1.364017E-15
6568.24925589387  1.333879E-15
6571.19588069246  1.327022E-15
6574.14250549105  1.331125E-15
6577.08913028965  1.349771E-15
6580.03575508824  1.364367E-15
6582.98237988683  1.320307E-15
6585.92900468542  1.312341E-15
6588.87562948401  1.307393E-15
6591.82225428261  1.316369E-15
6594.7688790812  1.291801E-15
6597.71550387979  1.297087E-15
6600.66212867838  1.272869E-15
6603.60875347698  1.268534E-15
6606.55537827557  1.290942E-15
6609.50200307416  1.349811E-15
6612.44862787275  1.382724E-15
6615.39525267134  1.425345E-15
6618.34187746994  1.465647E-15
6621.28850226853  1.437727E-15
6624.23512706712  1.338805E-15
6627.18175186571  1.236096E-15
6630.12837666431  1.205693E-15
6633.0750014629  1.203674E-15
6636.02162626149  1.182658E-15
6638.96825106008  1.168328E-15
6641.91487585868  1.187453E-15
6644.86150065727  1.155934E-15
6647.80812545586  1.141559E-15
6650.75475025445  1.160780E-15
6653.70137505305  1.150960E-15
6656.64799985164  1.128519E-15
6659.59462465023  1.116864E-15
6662.54124944882  1.114107E-15
6665.48787424741  1.094770E-15
6668.43449904601  1.107859E-15
6671.3811238446  1.119641E-15
6674.32774864319  1.102000E-15
6677.27437344178  1.101175E-15
6680.22099824038  1.086988E-15
6683.16762303897  1.081512E-15
6686.11424783756  1.073264E-15
6689.06087263615  1.078554E-15
6692.00749743474  1.064277E-15
6694.95412223334  1.072256E-15
6697.90074703193  1.038625E-15
6700.84737183052  1.022958E-15
6703.79399662911  1.014211E-15
6706.7406214277  1.038832E-15
6709.6872462263  1.041055E-15
6712.63387102489  1.026374E-15
6715.58049582348  1.029018E-15
6718.52712062208  1.021183E-15
6721.47374542067  9.940074E-16
6724.42037021926  9.630520E-16
6727.36699501785  9.672601E-16
6730.31361981645  1.009672E-15
6733.26024461504  9.838482E-16
6736.20686941363  9.435836E-16
6739.15349421222  9.591344E-16
6742.10011901081  9.375686E-16
6745.04674380941  9.390704E-16
6747.993368608  9.332340E-16
6750.93999340659  9.406185E-16
6753.88661820518  9.225227E-16
6756.83324300378  9.375366E-16
6759.77986780237  9.396639E-16
6762.72649260096  9.363484E-16
6765.67311739955  9.769266E-16
6768.61974219815  9.855623E-16
6771.56636699674  9.469472E-16
6774.51299179533  9.378911E-16
6777.45961659392  9.519532E-16
6780.40624139251  9.397841E-16
6783.35286619111  9.121256E-16
6786.2994909897  8.856145E-16
6789.24611578829  9.051022E-16
6792.19274058688  9.062610E-16
6795.13936538548  8.571352E-16
6798.08599018407  8.522382E-16
6801.03261498266  8.777946E-16
6803.97923978125  8.571787E-16
6806.92586457984  8.133923E-16
6809.87248937844  8.156981E-16
6812.81911417703  8.453241E-16
6815.76573897562  8.401601E-16
6818.71236377421  8.233962E-16
6821.65898857281  8.419991E-16
6824.6056133714  8.527778E-16
6827.55223816999  8.243519E-16
6830.49886296858  8.102223E-16
6833.44548776717  8.131654E-16
6836.39211256577  8.264940E-16
6839.33873736436  8.230752E-16
6842.28536216295  7.912474E-16
6845.23198696154  7.870768E-16
6848.17861176014  8.011439E-16
6851.12523655873  8.084580E-16
6854.07186135732  8.302761E-16
6857.01848615591  8.473354E-16
6859.96511095451  8.480794E-16
6862.9117357531  8.541750E-16
6865.85836055169  8.271961E-16
6868.80498535028  8.017346E-16
6871.75161014887  8.336032E-16
6874.69823494747  7.841827E-16
6877.64485974606  7.719702E-16
6880.59148454465  7.876130E-16
6883.53810934325  8.123304E-16
6886.48473414184  8.520990E-16
6889.43135894043  8.312637E-16
6892.37798373902  8.495619E-16
6895.32460853761  8.362925E-16
6898.27123333621  8.052265E-16
6901.2178581348  8.218242E-16
6904.16448293339  8.153034E-16
6907.11110773198  8.152569E-16
6910.05773253058  8.498439E-16
6913.00435732917  8.456061E-16
6915.95098212776  8.500710E-16
6918.89760692635  8.629742E-16
6921.84423172494  8.476465E-16
6924.79085652354  8.645730E-16
6927.73748132213  8.976902E-16
6930.68410612072  8.671713E-16
6933.63073091931  8.612822E-16
6936.57735571791  8.970749E-16
6939.5239805165  9.122134E-16
6942.47060531509  9.006088E-16
6945.41723011368  8.855718E-16
6948.36385491228  8.951011E-16
6951.31047971087  9.266116E-16
6954.25710450946  9.340731E-16
6957.20372930805  9.233683E-16
6960.15035410664  9.298808E-16
6963.09697890524  9.640132E-16
6966.04360370383  9.498616E-16
6968.99022850242  9.644314E-16
6971.93685330101  9.670695E-16
6974.88347809961  9.518074E-16
6977.8301028982  9.877957E-16
6980.77672769679  9.971257E-16
6983.72335249538  9.509051E-16
6986.66997729397  9.472744E-16
6989.61660209257  9.548923E-16
6992.56322689116  9.648314E-16
6995.50985168975  1.003282E-15
6998.45647648834  9.717511E-16
7001.40310128694  9.860894E-16
7004.34972608553  1.025996E-15
7007.29635088412  1.035505E-15
7010.24297568271  9.944598E-16
7013.18960048131  1.007466E-15
7016.1362252799  1.022746E-15
7019.08285007849  1.026603E-15
7022.02947487708  1.053668E-15
7024.97609967568  1.074334E-15
7027.92272447427  1.036513E-15
7030.86934927286  1.021044E-15
7033.81597407145  1.047504E-15
7036.76259887004  1.058108E-15
7039.70922366864  1.090778E-15
7042.65584846723  1.097398E-15
7045.60247326582  1.091187E-15
7048.54909806441  1.078805E-15
7051.495722863  1.095193E-15
7054.4423476616  1.126219E-15
7057.38897246019  1.139412E-15
7060.33559725878  1.105102E-15
7063.28222205737  1.128006E-15
7066.22884685597  1.154654E-15
7069.17547165456  1.151548E-15
7072.12209645315  1.158377E-15
7075.06872125174  1.159352E-15
7078.01534605034  1.159549E-15
7080.96197084893  1.170047E-15
7083.90859564752  1.175806E-15
7086.85522044611  1.196258E-15
7089.80184524471  1.209939E-15
7092.7484700433  1.216425E-15
7095.69509484189  1.200233E-15
7098.64171964048  1.198325E-15
7101.58834443907  1.193545E-15
7104.53496923767  1.186581E-15
7107.48159403626  1.217075E-15
7110.42821883485  1.216593E-15
7113.37484363344  1.219800E-15
7116.32146843204  1.227714E-15
7119.26809323063  1.179855E-15
7122.21471802922  1.183658E-15
7125.16134282781  1.207169E-15
7128.1079676264  1.173894E-15
7131.054592425  1.150922E-15
7134.00121722359  1.157100E-15
7136.94784202218  1.201302E-15
7139.89446682078  1.203205E-15
7142.84109161937  1.212348E-15
7145.78771641796  1.200879E-15
7148.73434121655  1.188737E-15
7151.68096601514  1.197484E-15
7154.62759081374  1.168956E-15
7157.57421561233  1.157469E-15
7160.52084041092  1.154740E-15
7163.46746520951  1.048165E-15
7166.4140900081  9.006225E-16
7169.3607148067  7.598073E-16
7172.30733960529  9.440697E-16
7175.25396440388  1.085649E-15
7178.20058920247  1.132218E-15
7181.14721400107  1.134743E-15
7184.09383879966  1.093351E-15
7187.04046359825  1.089481E-15
7189.98708839684  1.086278E-15
7192.93371319544  1.078936E-15
7195.88033799403  1.091556E-15
7198.82696279262  1.110632E-15
7201.77358759121  1.139515E-15
7204.72021238981  1.149646E-15
7207.6668371884  1.165358E-15
7210.61346198699  1.189305E-15
7213.56008678558  1.173377E-15
7216.50671158417  1.183505E-15
7219.45333638277  1.166157E-15
7222.39996118136  1.123104E-15
7225.34658597995  1.121204E-15
7228.29321077854  1.150532E-15
7231.23983557714  1.176482E-15
7234.18646037573  1.175071E-15
7237.13308517432  1.183466E-15
7240.07970997291  1.216568E-15
7243.02633477151  1.199123E-15
7245.9729595701  1.167692E-15
7248.91958436869  1.184335E-15
7251.86620916728  1.162653E-15
7254.81283396587  1.177129E-15
7257.75945876447  1.186064E-15
7260.70608356306  1.206282E-15
7263.65270836165  1.240726E-15
7266.59933316024  1.239635E-15
7269.54595795884  1.244276E-15
7272.49258275743  1.218376E-15
7275.43920755602  1.188045E-15
7278.38583235461  1.202832E-15
7281.33245715321  1.194840E-15
7284.2790819518  1.180942E-15
7287.22570675039  1.191129E-15
7290.17233154898  1.217282E-15
7293.11895634757  1.225530E-15
7296.06558114617  1.232609E-15
7299.01220594476  1.266196E-15
7301.95883074335  1.248690E-15
7304.90545554194  1.210318E-15
7307.85208034054  1.180431E-15
7310.79870513913  1.204909E-15
7313.74532993772  1.197560E-15
7316.69195473631  1.172195E-15
7319.63857953491  1.214757E-15
7322.5852043335  1.226282E-15
7325.53182913209  1.224059E-15
7328.47845393068  1.218928E-15
7331.42507872927  1.232956E-15
7334.37170352787  1.178513E-15
7337.31832832646  1.193921E-15
7340.26495312505  1.186443E-15
7343.21157792364  1.198186E-15
7346.15820272224  1.194183E-15
7349.10482752083  1.183920E-15
7352.05145231942  1.188690E-15
7354.99807711801  1.211001E-15
7357.94470191661  1.235654E-15
7360.8913267152  1.217109E-15
7363.83795151379  1.187351E-15
7366.78457631238  1.152670E-15
7369.73120111098  1.152208E-15
7372.67782590957  1.152293E-15
7375.62445070816  1.104542E-15
7378.57107550675  1.118992E-15
7381.51770030534  1.150725E-15
7384.46432510393  1.182846E-15
7387.41094990253  1.180160E-15
7390.35757470112  1.163015E-15
7393.30419949971  1.166472E-15
7396.2508242983  1.154119E-15
7399.1974490969  1.099508E-15
7402.14407389549  1.048747E-15
7405.09069869408  1.079805E-15
7408.03732349267  1.090297E-15
7410.98394829127  1.097025E-15
7413.93057308986  1.119364E-15
7416.87719788845  1.112171E-15
7419.82382268704  1.130186E-15
7422.77044748563  1.141409E-15
7425.71707228423  1.133421E-15
7428.66369708282  1.111021E-15
7431.61032188141  1.052396E-15
7434.55694668  1.017243E-15
7437.5035714786  1.028316E-15
7440.45019627719  1.013889E-15
7443.39682107578  1.028642E-15
7446.34344587437  1.039787E-15
7449.29007067297  1.057553E-15
7452.23669547156  1.056944E-15
7455.18332027015  1.024361E-15
7458.12994506874  1.023812E-15
7461.07656986734  9.982023E-16
7464.02319466593  9.530615E-16
7466.96981946452  9.214863E-16
7469.91644426311  8.545580E-16
7472.8630690617  7.846840E-16
7475.8096938603  8.005517E-16
7478.75631865889  8.140457E-16
7481.70294345748  7.941446E-16
7484.64956825607  9.184698E-16
7487.59619305467  9.520186E-16
7490.54281785326  9.050808E-16
7493.48944265185  9.107554E-16
7496.43606745044  8.991508E-16
7499.38269224903  8.501573E-16
7502.32931704763  8.376604E-16
7505.27594184622  8.442555E-16
7508.22256664481  8.554005E-16
7511.1691914434  8.621447E-16
7514.115816242  8.395758E-16
7517.06244104059  8.576327E-16
7520.00906583918  8.750495E-16
7522.95569063777  8.846288E-16
7525.90231543637  8.402160E-16
7528.84894023496  8.189490E-16
7531.79556503355  7.861963E-16
7534.74218983214  7.542300E-16
7537.68881463074  7.459202E-16
7540.63543942933  7.707387E-16
7543.58206422792  7.806383E-16
7546.52868902651  7.584922E-16
7549.4753138251  7.877189E-16
7552.4219386237  8.393661E-16
7555.36856342229  8.072454E-16
7558.31518822088  7.839143E-16
7561.26181301947  7.499801E-16
7564.20843781807  7.352398E-16
7567.15506261666  7.281129E-16
7570.10168741525  7.009787E-16
7573.04831221384  7.180001E-16
7575.99493701244  7.298802E-16
7578.94156181103  7.102165E-16
7581.88818660962  7.109208E-16
7584.83481140821  7.466553E-16
7587.7814362068  7.836924E-16
7590.7280610054  7.969569E-16
7593.67468580399  8.438948E-16
7596.62131060258  8.548642E-16
7599.56793540117  8.457456E-16
7602.51456019977  7.471151E-16
7605.46118499836  6.359057E-16
7608.40780979695  5.718091E-16
7611.35443459554  5.563635E-16
7614.30105939413  6.113090E-16
7617.24768419273  6.661854E-16
7620.19430899132  7.315721E-16
7623.14093378991  7.788355E-16
7626.0875585885  7.372363E-16
7629.0341833871  7.635179E-16
7631.98080818569  7.287894E-16
7634.92743298428  6.652363E-16
7637.87405778287  6.492829E-16
7640.82068258147  6.574565E-16
7643.76730738006  6.580481E-16
7646.71393217865  6.641589E-16
7649.66055697724  7.048234E-16
7652.60718177583  7.297569E-16
7655.55380657443  7.450688E-16
7658.50043137302  7.707974E-16
7661.44705617161  7.430936E-16
7664.3936809702  6.977605E-16
7667.3403057688  7.040844E-16
7670.28693056739  6.987048E-16
7673.23355536598  7.405649E-16
7676.18018016457  7.795471E-16
7679.12680496317  7.635269E-16
7682.07342976176  8.044682E-16
7685.02005456035  8.413481E-16
7687.96667935894  8.478886E-16
7690.91330415754  8.383618E-16
7693.85992895613  8.028185E-16
7696.80655375472  7.961807E-16
7699.75317855331  8.213568E-16
7702.6998033519  8.287181E-16
7705.6464281505  8.524438E-16
7708.59305294909  8.654202E-16
7711.53967774768  8.805411E-16
7714.48630254627  9.121821E-16
7717.43292734487  9.175730E-16
7720.37955214346  8.895376E-16
7723.32617694205  8.708032E-16
7726.27280174064  8.492496E-16
7729.21942653923  8.225402E-16
7732.16605133783  8.000440E-16
7735.11267613642  7.921853E-16
7738.05930093501  8.298830E-16
7741.0059257336  8.418454E-16
7743.9525505322  8.590875E-16
7746.89917533079  8.689163E-16
7749.84580012938  8.666203E-16
7752.79242492797  8.395676E-16
7755.73904972656  8.029693E-16
7758.68567452516  7.553422E-16
7761.63229932375  7.592245E-16
7764.57892412234  7.708100E-16
7767.52554892093  7.484194E-16
7770.47217371953  7.600881E-16
7773.41879851812  7.873253E-16
7776.36542331671  8.138248E-16
7779.3120481153  8.127308E-16
7782.2586729139  8.410721E-16
7785.20529771249  7.939703E-16
7788.15192251108  7.052150E-16
7791.09854730967  6.958437E-16
7794.04517210827  7.025260E-16
7796.99179690686  6.581333E-16
7799.93842170545  6.583356E-16
7802.88504650404  6.922548E-16
7805.83167130263  7.053400E-16
7808.77829610123  7.540683E-16
7811.72492089982  7.545612E-16
7814.67154569841  7.286242E-16
7817.618170497  7.400463E-16
7820.5647952956  7.049708E-16
7823.51142009419  7.095245E-16
7826.45804489278  6.993002E-16
7829.40466969137  6.703546E-16
7832.35129448997  6.481749E-16
7835.29791928856  6.418650E-16
7838.24454408715  6.823828E-16
7841.19116888574  7.202249E-16
7844.13779368433  7.047809E-16
7847.08441848293  7.153488E-16
7850.03104328152  7.198684E-16
7852.97766808011  7.041098E-16
7855.9242928787  6.295243E-16
7858.8709176773  6.055299E-16
7861.81754247589  6.056556E-16
7864.76416727448  5.926746E-16
7867.71079207307  5.975816E-16
7870.65741687166  6.478414E-16
7873.60404167026  6.695297E-16
7876.55066646885  6.606486E-16
7879.49729126744  6.815304E-16
7882.44391606603  6.573362E-16
7885.39054086463  6.315509E-16
7888.33716566322  6.159142E-16
7891.28379046181  6.004171E-16
7894.2304152604  5.511722E-16
7897.177040059  5.341851E-16
7900.12366485759  5.354009E-16
7903.07028965618  5.596288E-16
7906.01691445477  5.856415E-16
7908.96353925337  5.812589E-16
7911.91016405196  5.763180E-16
7914.85678885055  5.834407E-16
7917.80341364914  5.735330E-16
7920.75003844773  5.401418E-16
7923.69666324633  5.052303E-16
7926.64328804492  5.320507E-16
7929.58991284351  5.213759E-16
7932.5365376421  4.620770E-16
7935.4831624407  4.707673E-16
7938.42978723929  5.383441E-16
7941.37641203788  5.453295E-16
7944.32303683647  5.238212E-16
7947.26966163507  5.220024E-16
7950.21628643366  5.030144E-16
7953.16291123225  5.066652E-16
7956.10953603084  4.975404E-16
7959.05616082943  4.696778E-16
7962.00278562803  4.486543E-16
7964.94941042662  4.438626E-16
7967.89603522521  4.229036E-16
7970.8426600238  4.486381E-16
7973.78928482239  4.950219E-16
7976.73590962099  5.078377E-16
7979.68253441958  5.173621E-16
7982.62915921817  5.225834E-16
7985.57578401676  4.791919E-16
7988.52240881536  4.405469E-16
7991.46903361395  4.461928E-16
7994.41565841254  4.167271E-16
7997.36228321113  4.367706E-16
8000.30890800973  4.254068E-16
8003.25553280832  4.126314E-16
8006.20215760691  4.271721E-16
8009.1487824055  4.601343E-16
8012.0954072041  4.626979E-16
8015.04203200269  4.549106E-16
8017.98865680128  4.471548E-16
8020.93528159987  4.124222E-16
8023.88190639846  3.877428E-16
8026.82853119706  3.547131E-16
8029.77515599565  3.762037E-16
8032.72178079424  3.754294E-16
8035.66840559283  3.719896E-16
8038.61503039143  3.909640E-16
8041.56165519002  4.341876E-16
8044.50827998861  4.502539E-16
8047.4549047872  4.492185E-16
8050.4015295858  4.228430E-16
8053.34815438439  3.776923E-16
8056.29477918298  3.757205E-16
8059.24140398157  3.749830E-16
8062.18802878017  3.521185E-16
8065.13465357876  3.503718E-16
8068.08127837735  3.917495E-16
8071.02790317594  3.792325E-16
8073.97452797453  3.774860E-16
8076.92115277313  3.746637E-16
8079.86777757172  4.029526E-16
8082.81440237031  4.285214E-16
8085.7610271689  3.898387E-16
8088.70765196749  3.456742E-16
8091.65427676609  3.523882E-16
8094.60090156468  3.549763E-16
8097.54752636327  3.148624E-16
8100.49415116186  3.402571E-16
8103.44077596046  3.746029E-16
8106.38740075905  3.499658E-16
8109.33402555764  3.617938E-16
8112.28065035623  3.877158E-16
8115.22727515483  3.706426E-16
8118.17389995342  3.547913E-16
8121.12052475201  3.400348E-16
8124.0671495506  3.213911E-16
8127.01377434919  3.382270E-16
8129.96039914779  3.259211E-16
8132.90702394638  2.912536E-16
8135.85364874497  3.269585E-16
8138.80027354356  3.497109E-16
8141.74689834216  3.381992E-16
8144.69352314075  3.434506E-16
8147.64014793934  3.611293E-16
8150.58677273793  3.354363E-16
8153.53339753653  3.172906E-16
8156.48002233512  3.221668E-16
8159.42664713371  3.052588E-16
8162.3732719323  2.951725E-16
8165.3198967309  2.930411E-16
8168.26652152949  3.013478E-16
8171.21314632808  3.022290E-16
8174.15977112667  3.420773E-16
8177.10639592526  3.361480E-16
8180.05302072386  3.148945E-16
8182.99964552245  3.233484E-16
8185.94627032104  3.336591E-16
8188.89289511963  3.455113E-16
8191.83951991822  3.504183E-16
8194.78614471682  3.333783E-16
8197.73276951541  3.090753E-16
8200.679394314  2.820530E-16
8203.62601911259  3.240462E-16
8206.57264391119  3.592301E-16
8209.51926870978  3.663340E-16
8212.46589350837  3.682887E-16
8215.41251830696  3.280099E-16
8218.35914310556  2.863153E-16
8221.30576790415  2.815856E-16
8224.25239270274  3.006606E-16
8227.19901750133  3.077080E-16
8230.14564229993  2.899835E-16
8233.09226709852  2.831995E-16
8236.03889189711  2.913408E-16
8238.9855166957  2.999068E-16
8241.93214149429  3.446282E-16
8244.87876629289  3.799499E-16
8247.82539109148  3.871785E-16
8250.77201589007  3.397454E-16
8253.71864068866  3.350963E-16
8256.66526548726  3.431935E-16
8259.61189028585  3.183273E-16
8262.55851508444  3.063394E-16
8265.50513988303  3.193523E-16
8268.45176468163  3.382212E-16
8271.39838948022  3.420212E-16
8274.34501427881  3.964726E-16
8277.2916390774  4.149353E-16
8280.238263876  3.983182E-16
8283.18488867459  3.773755E-16
8286.13151347318  3.657790E-16
8289.07813827177  3.582802E-16
8292.02476307036  3.420326E-16
8294.97138786896  3.252156E-16
8297.91801266755  3.216313E-16
8300.86463746614  3.350739E-16
8303.81126226473  3.630454E-16
8306.75788706333  3.875130E-16
8309.70451186192  4.198846E-16
8312.65113666051  4.273487E-16
8315.5977614591  4.033319E-16
8318.54438625769  3.809603E-16
8321.49101105629  3.670460E-16
8324.43763585488  3.653894E-16
8327.38426065347  3.500848E-16
8330.33088545206  3.529513E-16
8333.27751025066  3.821604E-16
8336.22413504925  3.836496E-16
8339.17075984784  4.218818E-16
8342.11738464643  4.807999E-16
8345.06400944503  4.727574E-16
8348.01063424362  4.923314E-16
8350.95725904221  4.740453E-16
8353.9038838408  4.293034E-16
8356.85050863939  4.021954E-16
8359.79713343799  3.886578E-16
8362.74375823658  3.863121E-16
8365.69038303517  4.070725E-16
8368.63700783377  4.454343E-16
8371.58363263236  4.932918E-16
8374.53025743095  5.304516E-16
8377.47688222954  5.125760E-16
8380.42350702813  5.097861E-16
8383.37013182673  5.550923E-16
8386.31675662532  4.909839E-16
8389.26338142391  4.866515E-16
8392.2100062225  4.658264E-16
8395.1566310211  4.490020E-16
8398.10325581969  4.716153E-16
8401.04988061828  4.868669E-16
8403.99650541687  5.419082E-16
8406.94313021546  5.851796E-16
8409.88975501405  5.705586E-16
8412.83637981265  6.142797E-16
8415.78300461124  6.714561E-16
8418.72962940983  6.210316E-16
8421.67625420843  6.189332E-16
8424.62287900702  6.238628E-16
8427.56950380561  5.524382E-16
8430.5161286042  5.286502E-16
8433.46275340279  5.849562E-16
8436.40937820139  6.534767E-16
8439.35600299998  7.217495E-16
8442.30262779857  7.610097E-16
8445.24925259716  8.222116E-16
8448.19587739576  8.811779E-16
8451.14250219435  8.750122E-16
8454.08912699294  8.388172E-16
8457.03575179153  8.118048E-16
8459.98237659012  8.153742E-16
8462.92900138872  8.412362E-16
8465.87562618731  8.291249E-16
8468.8222509859  7.838806E-16
8471.76887578449  8.080305E-16
8474.71550058309  8.955293E-16
8477.66212538168  9.447052E-16
8480.60875018027  1.008681E-15
8483.55537497886  1.083192E-15
8486.50199977745  1.134987E-15
8489.44862457605  1.090587E-15
8492.39524937464  1.077208E-15
8495.34187417323  1.045353E-15
8498.28849897182  1.014258E-15
8501.23512377042  1.005909E-15
8504.18174856901  1.007812E-15
8507.1283733676  1.047493E-15
8510.07499816619  1.105732E-15
8513.02162296479  1.195470E-15
8515.96824776338  1.302218E-15
8518.91487256197  1.320215E-15
8521.86149736056  1.355506E-15
8524.80812215915  1.363256E-15
8527.75474695775  1.363609E-15
8530.70137175634  1.306247E-15
8533.64799655493  1.197505E-15
8536.59462135352  1.197859E-15
8539.54124615212  1.295751E-15
8542.48787095071  1.332073E-15
8545.4344957493  1.345322E-15
8548.38112054789  1.431347E-15
8551.32774534649  1.571470E-15
8554.27437014508  1.686501E-15
8557.22099494367  1.773257E-15
8560.16761974226  1.759066E-15
8563.11424454085  1.715331E-15
8566.06086933945  1.678098E-15
8569.00749413804  1.598293E-15
8571.95411893663  1.537479E-15
8574.90074373522  1.525750E-15
8577.84736853382  1.544383E-15
8580.79399333241  1.639452E-15
8583.740618131  1.704015E-15
8586.6872429296  1.781422E-15
8589.63386772819  1.871271E-15
8592.58049252678  1.982172E-15
8595.52711732537  2.010502E-15
8598.47374212396  1.984761E-15
8601.42036692256  1.919539E-15
8604.36699172115  1.887929E-15
8607.31361651974  1.831862E-15
8610.26024131833  1.702200E-15
8613.20686611693  1.686730E-15
8616.15349091552  1.756677E-15
8619.10011571411  1.766814E-15
8622.0467405127  1.841787E-15
8624.99336531129  1.944888E-15
8627.93999010989  2.150600E-15
8630.88661490848  2.245273E-15
8633.83323970707  2.157409E-15
8636.77986450566  2.151175E-15
8639.72648930426  2.114450E-15
8642.67311410285  1.958651E-15
8645.61973890144  1.885006E-15
8648.56636370003  1.850108E-15
8651.51298849862  1.802591E-15
8654.45961329722  1.775253E-15
8657.40623809581  1.812644E-15
8660.3528628944  1.911636E-15
8663.29948769299  2.067273E-15
8666.24611249159  2.153866E-15
8669.19273729018  2.211901E-15
8672.13936208877  2.192776E-15
8675.08598688736  2.143039E-15
8678.03261168595  2.090416E-15
8680.97923648455  1.983540E-15
8683.92586128314  1.871766E-15
8686.87248608173  1.730939E-15
8689.81911088032  1.745207E-15
8692.76573567892  1.691766E-15
8695.71236047751  1.656335E-15
8698.6589852761  1.755533E-15
8701.60561007469  1.889686E-15
8704.55223487329  1.953307E-15
8707.49885967188  1.985260E-15
8710.44548447047  2.018120E-15
8713.39210926906  2.016021E-15
8716.33873406766  1.930462E-15
8719.28535886625  1.765873E-15
8722.23198366484  1.637500E-15
8725.17860846343  1.599622E-15
8728.12523326202  1.581099E-15
8731.07185806062  1.521655E-15
8734.01848285921  1.526429E-15
8736.9651076578  1.585650E-15
8739.91173245639  1.630128E-15
8742.85835725499  1.732178E-15
8745.80498205358  1.849022E-15
8748.75160685217  1.899907E-15
8751.69823165076  1.937712E-15
8754.64485644936  1.896670E-15
8757.59148124795  1.737451E-15
8760.53810604654  1.613055E-15
8763.48473084513  1.573400E-15
8766.43135564372  1.503301E-15
8769.37798044232  1.425702E-15
8772.32460524091  1.466868E-15
8775.2712300395  1.538858E-15
8778.21785483809  1.599855E-15
8781.16447963668  1.638092E-15
8784.11110443528  1.660249E-15
8787.05772923387  1.756435E-15
8790.00435403246  1.832475E-15
8792.95097883105  1.788155E-15
8795.89760362965  1.688770E-15
8798.84422842824  1.556287E-15
8801.79085322683  1.451095E-15
8804.73747802543  1.421300E-15
8807.68410282402  1.306969E-15
8810.63072762261  1.272205E-15
8813.5773524212  1.288932E-15
8816.52397721979  1.335326E-15
8819.47060201838  1.456724E-15
8822.41722681698  1.453314E-15
8825.36385161557  1.470227E-15
8828.31047641416  1.543950E-15
8831.25710121276  1.453756E-15
8834.20372601135  1.411526E-15
8837.15035080994  1.354102E-15
8840.09697560853  1.273137E-15
8843.04360040713  1.211233E-15
8845.99022520571  1.162444E-15
8848.93685000431  1.100490E-15
8851.8834748029  1.045940E-15
8854.83009960149  1.089350E-15
8857.77672440009  1.161277E-15
8860.72334919868  1.108563E-15
8863.66997399727  1.186034E-15
8866.61659879586  1.324427E-15
8869.56322359445  1.311247E-15
8872.50984839305  1.299691E-15
8875.45647319164  1.209543E-15
8878.40309799023  1.096327E-15
8881.34972278882  1.082270E-15
8884.29634758742  1.049686E-15
8887.24297238601  9.729977E-16
8890.1895971846  9.796774E-16
8893.13622198319  9.732009E-16
8896.08284678178  9.210736E-16
8899.02947158038  1.025632E-15
8901.97609637897  1.082906E-15
8904.92272117756  1.115067E-15
8907.86934597615  1.236341E-15
8910.81597077475  1.197307E-15
8913.76259557334  1.114880E-15
8916.70922037193  1.078912E-15
8919.65584517052  9.943758E-16
8922.60246996912  9.029126E-16
8925.54909476771  8.623528E-16
8928.4957195663  8.369016E-16
8931.44234436489  8.371300E-16
8934.38896916349  8.481871E-16
8937.33559396208  8.710907E-16
8940.28221876067  9.450973E-16
8943.22884355926  9.732037E-16
8946.17546835785  1.007236E-15
8949.12209315645  1.027420E-15
8952.06871795504  9.860031E-16
8955.01534275363  9.421096E-16
8957.96196755222  8.877810E-16
8960.90859235082  7.886292E-16
8963.85521714941  7.586016E-16
8966.801841948  7.986872E-16
8969.74846674659  7.599872E-16
8972.69509154519  7.156842E-16
8975.64171634378  7.560474E-16
8978.58834114237  7.771827E-16
8981.53496594096  8.598300E-16
8984.48159073955  8.389631E-16
8987.42821553815  8.040944E-16
8990.37484033674  7.686731E-16
8993.32146513533  7.057263E-16
8996.26808993392  7.255654E-16
8999.21471473252  6.794123E-16
9002.16133953111  6.217804E-16
9005.1079643297  6.670767E-16
9008.05458912829  7.130560E-16
9011.00121392688  7.598580E-16
9013.94783872548  8.212718E-16
9016.89446352407  8.659647E-16
9019.84108832266  8.442105E-16
9022.78771312125  7.637869E-16
9025.73433791985  7.280214E-16
9028.68096271844  7.059976E-16
9031.62758751703  6.712776E-16
9034.57421231562  7.077936E-16
9037.52083711421  6.824439E-16
9040.46746191281  6.713711E-16
