3948 0.144563004374504
3950 0.129502505064011
3952 0.114441998302937
3954 0.0954791978001595
3956 0.0765163972973824
3958 0.139494702219963
3960 0.202472999691963
3962 0.176137998700142
3964 0.149802997708321
3966 0.153002500534058
3968 0.156202003359795
3970 0.128544494509697
3972 0.10088700056076
3974 0.133517503738403
3976 0.166148006916046
3978 0.182224497199059
3980 0.198301002383232
3982 0.197195500135422
3984 0.196089997887611
3986 0.174105003476143
3988 0.152119994163513
3990 0.132822006940842
3992 0.113523997366428
3994 0.145873501896858
3996 0.178222998976707
3998 0.189948499202728
4000 0.201673999428749
4002 0.161145493388176
4004 0.120617002248764
4006 0.132421001791954
4008 0.144225001335144
4010 0.121250003576279
4012 0.0982749983668327
4014 0.124762997031212
4016 0.151251003146172
4018 0.134923502802849
4020 0.118596002459526
4022 0.119876496493816
4024 0.121156997978687
4026 0.12907700240612
4028 0.136996999382973
4030 0.176512002944946
4032 0.21602700650692
4034 0.195168495178223
4036 0.174309998750687
4038 0.175284504890442
4040 0.176258996129036
4042 0.182832002639771
4044 0.189404994249344
4046 0.190922006964684
4048 0.192439004778862
4050 0.149911001324654
4052 0.107382997870445
4054 0.158788502216339
4056 0.210194006562233
4058 0.207696005702019
4060 0.205198004841805
4062 0.212019994854927
4064 0.218841999769211
4066 0.190290495753288
4068 0.161739006638527
4070 0.166335493326187
4072 0.170931994915009
4074 0.164847999811172
4076 0.158764004707336
4078 0.146984502673149
4080 0.135205000638962
4082 0.160316005349159
4084 0.185426995158195
4086 0.182433992624283
4088 0.179441004991531
4090 0.158972501754761
4092 0.13850399851799
4094 0.135525494813919
4096 0.132547006011009
4098 0.145367503166199
4100 0.158188000321388
4102 0.155894994735718
4104 0.153602004051208
4106 0.162006005644798
4108 0.170410007238388
4110 0.177179500460625
4112 0.183948993682861
4114 0.161486998200417
4116 0.139025002717972
4118 0.126768499612808
4120 0.114511996507645
4122 0.147195994853973
4124 0.179879993200302
4126 0.182945504784584
4128 0.186011001467705
4130 0.182817995548248
4132 0.179625004529953
4134 0.175660505890846
4136 0.17169600725174
4138 0.172762006521225
4140 0.17382800579071
4142 0.174432501196861
4144 0.175036996603012
4146 0.162545502185822
4148 0.15005399286747
4150 0.14937749505043
4152 0.148700997233391
4154 0.167446494102478
4156 0.186192005872726
4158 0.188086494803429
4160 0.189980998635292
4162 0.190156504511833
4164 0.190331995487213
4166 0.197938993573189
4168 0.205546006560326
4170 0.206118494272232
4172 0.2066909968853
4174 0.208262503147125
4176 0.20983399450779
4178 0.217713996767998
4180 0.225593999028206
4182 0.227137506008148
4184 0.228680998086929
4186 0.210997998714447
4188 0.193314999341965
4190 0.187644496560097
4192 0.181973993778229
4194 0.196540996432304
4196 0.21110799908638
4198 0.209056496620178
4200 0.207004994153976
4202 0.191787496209145
4204 0.176569998264313
4206 0.180597499012947
4208 0.184624999761581
4210 0.191290497779846
4212 0.197955995798111
4214 0.201278999447823
4216 0.204602003097534
4218 0.213470503687859
4220 0.222339004278183
4222 0.201369494199753
4224 0.180399999022484
4226 0.179649993777275
4228 0.178900003433228
4230 0.198038503527641
4232 0.217177003622055
4234 0.220930501818657
4236 0.224684000015259
4238 0.227047994732857
4240 0.229412004351616
4242 0.208064004778862
4244 0.186716005206108
4246 0.170563504099846
4248 0.154411002993584
4250 0.172192499041557
4252 0.189973995089531
4254 0.206851005554199
4256 0.223728001117706
4258 0.216510996222496
4260 0.209294006228447
4262 0.193809494376183
4264 0.178324997425079
4266 0.181915998458862
4268 0.185506999492645
4270 0.204776495695114
4272 0.224046006798744
4274 0.226777493953705
4276 0.229508996009827
4278 0.215538501739502
4280 0.201567992568016
4282 0.197846502065659
4284 0.19412499666214
4286 0.208179503679276
4288 0.22223399579525
4290 0.221387505531311
4292 0.220541000366211
4294 0.206000998616219
4296 0.191460996866226
4298 0.199137002229691
4300 0.206812992691994
4302 0.208084493875504
4304 0.209355995059013
4306 0.213443994522095
4308 0.217531993985176
4310 0.207173496484756
4312 0.196814998984337
4314 0.227082997560501
4316 0.257351011037827
4318 0.243572503328323
4320 0.22979399561882
4322 0.212207496166229
4324 0.194620996713638
4326 0.200515493750572
4328 0.206410005688667
4330 0.190777495503426
4332 0.175145000219345
4334 0.157937005162239
4336 0.140728995203972
4338 0.169846996665001
4340 0.19896499812603
4342 0.191852495074272
4344 0.184740006923676
4346 0.202803507447243
4348 0.220866993069649
4350 0.224687501788139
4352 0.228507995605469
4354 0.204157501459122
4356 0.179807007312775
4358 0.204684004187584
4360 0.229561001062393
4362 0.225133001804352
4364 0.22070500254631
4366 0.234450995922089
4368 0.248197004199028
4370 0.263877987861633
4372 0.2795589864254
4374 0.252706497907639
4376 0.225853994488716
4378 0.215718999505043
4380 0.20558400452137
4382 0.211913004517555
4384 0.218242004513741
4386 0.227301001548767
4388 0.236359998583794
4390 0.258933514356613
4392 0.281506985425949
4394 0.262884497642517
4396 0.244261994957924
4398 0.234658494591713
4400 0.225054994225502
4402 0.213909506797791
4404 0.202764004468918
4406 0.195901498198509
4408 0.189039006829262
4410 0.193305507302284
4412 0.197571992874146
4414 0.199077501893044
4416 0.20058299601078
4418 0.207130998373032
4420 0.213679000735283
4422 0.216653004288673
4424 0.219626992940903
4426 0.251131504774094
4428 0.282635986804962
4430 0.245636001229286
4432 0.208636000752449
4434 0.201973497867584
4436 0.195310994982719
4438 0.200690001249313
4440 0.206068992614746
4442 0.206811502575874
4444 0.207553997635841
4446 0.239377498626709
4448 0.271201014518738
4450 0.241687998175621
4452 0.212174996733665
4454 0.206883504986763
4456 0.201591998338699
4458 0.210304006934166
4460 0.219016000628471
4462 0.222282499074936
4464 0.2255489975214
4466 0.229548007249832
4468 0.233547002077103
4470 0.219182997941971
4472 0.204818993806839
4474 0.206392005085945
4476 0.20796500146389
4478 0.208734005689621
4480 0.209502995014191
4482 0.225098505616188
4484 0.240694001317024
4486 0.217692494392395
4488 0.194691002368927
4490 0.199856504797935
4492 0.205022007226944
4494 0.200937002897263
4496 0.196851998567581
4498 0.22664700448513
4500 0.256442010402679
4502 0.247179001569748
4504 0.237915992736816
4506 0.244463503360748
4508 0.25101101398468
4510 0.261413514614105
4512 0.271815985441208
4514 0.279190987348557
4516 0.286565989255905
4518 0.252981513738632
4520 0.219396993517876
4522 0.223432004451752
4524 0.227467000484467
4526 0.237962499260902
4528 0.248457998037338
4530 0.262320995330811
4532 0.276183992624283
4534 0.266448497772217
4536 0.256713002920151
4538 0.268441498279572
4540 0.280169993638992
4542 0.288913995027542
4544 0.297657996416092
4546 0.288403004407883
4548 0.279148012399673
4550 0.27581050992012
4552 0.272473007440567
4554 0.281717509031296
4556 0.290962010622025
4558 0.292476505041122
4560 0.29399099946022
4562 0.272570490837097
4564 0.251150012016296
4566 0.263147503137589
4568 0.275144994258881
4570 0.288784503936768
4572 0.302424013614655
4574 0.286796510219574
4576 0.271169006824493
4578 0.29620549082756
4580 0.32124200463295
4582 0.316877007484436
4584 0.312512010335922
4586 0.292781502008438
4588 0.273050993680954
4590 0.280016988515854
4592 0.286983013153076
4594 0.297507494688034
4596 0.308032006025314
4598 0.305674493312836
4600 0.303317010402679
4602 0.317267000675201
4604 0.331216990947723
4606 0.336517006158829
4608 0.341816991567612
4610 0.335920989513397
4612 0.330024987459183
4614 0.300845503807068
4616 0.271665990352631
4618 0.278160005807877
4620 0.2846539914608
4622 0.302135497331619
4624 0.319617003202438
4626 0.310069501399994
4628 0.300521999597549
4630 0.31496199965477
4632 0.32940199971199
4634 0.326754510402679
4636 0.324106991291046
4638 0.32650101184845
4640 0.328895002603531
4642 0.317214012145996
4644 0.305532991886139
4646 0.305402487516403
4648 0.30527201294899
4650 0.296086013317108
4652 0.286900013685226
4654 0.288866996765137
4656 0.290834009647369
4658 0.296193987131119
4660 0.301553994417191
4662 0.312613993883133
4664 0.323673993349075
4666 0.328432500362396
4668 0.333191007375717
4670 0.317740499973297
4672 0.302289992570877
4674 0.293278992176056
4676 0.284267991781235
4678 0.288170993328094
4680 0.292073994874954
4682 0.298777997493744
4684 0.305482000112534
4686 0.308667004108429
4688 0.311852008104324
4690 0.283860504627228
4692 0.255869001150131
4694 0.262293487787247
4696 0.268718004226685
4698 0.272651493549347
4700 0.276585012674332
4702 0.277902007102966
4704 0.279219001531601
4706 0.286527514457703
4708 0.293835997581482
4710 0.292054504156113
4712 0.290273010730743
4714 0.280726492404938
4716 0.271180003881454
4718 0.267223507165909
4720 0.263267010450363
4722 0.278981000185013
4724 0.294694989919662
4726 0.298783004283905
4728 0.302870988845825
4730 0.281843513250351
4732 0.260816007852554
4734 0.256080001592636
4736 0.251343995332718
4738 0.269660502672195
4740 0.287977010011673
4742 0.294791013002396
4744 0.301604986190796
4746 0.289806008338928
4748 0.278007000684738
4750 0.278136998414993
4752 0.278266996145248
4754 0.293583512306213
4756 0.308899998664856
4758 0.303021997213364
4760 0.297143995761871
4762 0.289732992649078
4764 0.282321989536285
4766 0.285468995571136
4768 0.288616001605988
4770 0.282564014196396
4772 0.276511996984482
4774 0.280838996171951
4776 0.285165995359421
4778 0.28583750128746
4780 0.2865090072155
4782 0.279566496610641
4784 0.272623986005783
4786 0.265259504318237
4788 0.257894992828369
4790 0.260807991027832
4792 0.263720989227295
4794 0.273816496133804
4796 0.283912003040314
4798 0.284956514835358
4800 0.286000996828079
4802 0.280423492193222
4804 0.274845987558365
4806 0.258639007806778
4808 0.242431998252869
4810 0.250468492507935
4812 0.258504986763
4814 0.271134495735168
4816 0.283764004707336
4818 0.278548985719681
4820 0.273333996534348
4822 0.269004493951797
4824 0.264674991369247
4826 0.256465494632721
4828 0.248255997896194
4830 0.243449494242668
4832 0.238643005490303
4834 0.251053988933563
4836 0.263464987277985
4838 0.260055005550385
4840 0.256644994020462
4842 0.262482494115829
4844 0.268319994211197
4846 0.268503993749619
4848 0.26868799328804
4850 0.261019498109818
4852 0.253351002931595
4854 0.262416511774063
4856 0.271481990814209
4858 0.282404989004135
4860 0.293327987194061
4862 0.290690004825592
4864 0.2880519926548
4866 0.287820011377335
4868 0.287588000297546
4870 0.27819949388504
4872 0.268810987472534
4874 0.263040512800217
4876 0.257270008325577
4878 0.260481506586075
4880 0.263693004846573
4882 0.266669005155563
4884 0.269645005464554
4886 0.272990494966507
4888 0.276336014270782
4890 0.294055491685867
4892 0.311774998903275
4894 0.348583996295929
4896 0.385392993688583
4898 0.378699988126755
4900 0.372007012367249
4902 0.327621012926102
4904 0.283235013484955
4906 0.269960999488831
4908 0.256686985492706
4910 0.265374004840851
4912 0.274060994386673
4914 0.276463001966476
4916 0.27886500954628
4918 0.281089007854462
4920 0.283313006162643
4922 0.276632487773895
4924 0.269951999187469
4926 0.25874051451683
4928 0.247529000043869
4930 0.24948750436306
4932 0.251446008682251
4934 0.254361510276794
4936 0.257277011871338
4938 0.262964010238647
4940 0.268651008605957
4942 0.276014506816864
4944 0.283378005027771
4946 0.279589504003525
4948 0.275801002979279
4950 0.273228496313095
4952 0.270655989646912
4954 0.269495993852615
4956 0.268335998058319
4958 0.269852995872498
4960 0.271369993686676
4962 0.276277512311935
4964 0.281185001134872
4966 0.292093992233276
4968 0.303003013134003
4970 0.309246510267258
4972 0.315490007400513
4974 0.315452992916107
4976 0.315416008234024
4978 0.311244994401932
4980 0.307074010372162
4982 0.309964001178741
4984 0.312853991985321
4986 0.3194600045681
4988 0.326065987348557
4990 0.324408501386642
4992 0.322750985622406
4994 0.320539504289627
4996 0.318327993154526
4998 0.327885985374451
5000 0.337444007396698
5002 0.343010991811752
5004 0.348578006029129
5006 0.345493495464325
5008 0.342409014701843
5010 0.33543598651886
5012 0.328462988138199
5014 0.336008489131927
5016 0.343553990125656
5018 0.339365988969803
5020 0.33517798781395
5022 0.332050502300262
5024 0.328922986984253
5026 0.340120494365692
5028 0.351318001747131
5030 0.342065989971161
5032 0.332814007997513
5034 0.324869990348816
5036 0.316926002502441
5038 0.316962003707886
5040 0.31699800491333
5042 0.321364998817444
5044 0.325731992721558
5046 0.324782490730286
5048 0.323832988739014
5050 0.3080815076828
5052 0.292329996824265
5054 0.284038007259369
5056 0.275745987892151
5058 0.282570004463196
5060 0.289393991231918
5062 0.292859494686127
5064 0.296324998140335
5066 0.289838999509811
5068 0.283353000879288
5070 0.274610489606857
5072 0.265868008136749
5074 0.265653014183044
5076 0.265437990427017
5078 0.262372493743896
5080 0.259306997060776
5082 0.256336510181427
5084 0.253365993499756
5086 0.25271201133728
5088 0.252057999372482
5090 0.259476006031036
5092 0.26689401268959
5094 0.272768497467041
5096 0.278643012046814
5098 0.27718049287796
5100 0.275718003511429
5102 0.273559004068375
5104 0.27140000462532
5106 0.273827493190765
5108 0.276255011558533
5110 0.270768493413925
5112 0.26528200507164
5114 0.273122996091843
5116 0.280963987112045
5118 0.272423505783081
5120 0.263882994651794
5122 0.263612508773804
5124 0.263341993093491
5126 0.274627506732941
5128 0.285912990570068
5130 0.298736989498138
5132 0.311560988426208
5134 0.306847512722015
5136 0.3021340072155
5138 0.298278987407684
5140 0.294423997402191
5142 0.305303990840912
5144 0.316184014081955
5146 0.311632513999939
5148 0.307081013917923
5150 0.308135002851486
5152 0.309188991785049
5154 0.318901509046555
5156 0.328613996505737
5158 0.325716495513916
5160 0.322818994522095
5162 0.317934513092041
5164 0.313050001859665
5166 0.319852501153946
5168 0.326655000448227
5170 0.325150012969971
5172 0.323644995689392
5174 0.326726496219635
5176 0.329807996749878
5178 0.326739996671677
5180 0.323671996593475
5182 0.31997349858284
5184 0.316275000572205
5186 0.308578491210938
5188 0.300882011651993
5190 0.306524008512497
5192 0.312166005373001
5194 0.320844501256943
5196 0.329522997140884
5198 0.346112012863159
5200 0.362700998783112
5202 0.337570011615753
5204 0.312438994646072
5206 0.321648508310318
5208 0.330857992172241
5210 0.325789511203766
5212 0.320721000432968
5214 0.32710000872612
5216 0.333478987216949
5218 0.33474600315094
5220 0.336012989282608
5222 0.345232486724854
5224 0.354452013969421
5226 0.34553650021553
5228 0.336620986461639
5230 0.334110498428345
5232 0.33160001039505
5234 0.346985995769501
5236 0.362372010946274
5238 0.367852985858917
5240 0.373333990573883
5242 0.349958509206772
5244 0.326582998037338
5246 0.341226488351822
5248 0.355870008468628
5250 0.348740994930267
5252 0.341612011194229
5254 0.332057505846024
5256 0.322503000497818
5258 0.33848649263382
5260 0.354470014572144
5262 0.338510006666183
5264 0.322549998760223
5266 0.348811000585556
5268 0.375072002410889
5270 0.376525014638901
5272 0.37797799706459
5274 0.387575507164001
5276 0.39717298746109
5278 0.379880011081696
5280 0.362587004899979
5282 0.375157505273819
5284 0.387728005647659
5286 0.37839749455452
5288 0.369067013263702
5290 0.37474000453949
5292 0.380412995815277
5294 0.392784506082535
5296 0.40515598654747
5298 0.391941010951996
5300 0.378726005554199
5302 0.376006990671158
5304 0.373288005590439
5306 0.374944001436234
5308 0.376599997282028
5310 0.366849988698959
5312 0.357100009918213
5314 0.379043996334076
5316 0.400988012552261
5318 0.384362488985062
5320 0.367736995220184
5322 0.385607004165649
5324 0.403477013111115
5326 0.407069504261017
5328 0.410661995410919
5330 0.40863248705864
5332 0.406603008508682
5334 0.403474003076553
5336 0.400344997644424
5338 0.40658101439476
5340 0.412817001342773
5342 0.422728508710861
5344 0.432639986276627
5346 0.422042489051819
5348 0.411444991827011
5350 0.399366497993469
5352 0.387288004159927
5354 0.393237501382828
5356 0.399186998605728
5358 0.40632951259613
5360 0.41347199678421
5362 0.416541993618011
5364 0.419611990451813
5366 0.403313994407654
5368 0.387015998363495
5370 0.380984485149384
5372 0.374953001737595
5374 0.397236496210098
5376 0.419519990682602
5378 0.404026508331299
5380 0.388532996177673
5382 0.404909998178482
5384 0.421287000179291
5386 0.412459999322891
5388 0.403632998466492
5390 0.408374011516571
5392 0.413114994764328
5394 0.417909502983093
5396 0.422704011201859
5398 0.414323002099991
5400 0.405941992998123
5402 0.394076496362686
5404 0.382210999727249
5406 0.401113510131836
5408 0.4200159907341
5410 0.41549950838089
5412 0.410982996225357
5414 0.403730005025864
5416 0.39647701382637
5418 0.401785492897034
5420 0.40709400177002
5422 0.408439993858337
5424 0.409785985946655
5426 0.394437998533249
5428 0.379090011119843
5430 0.376986503601074
5432 0.374882996082306
5434 0.384103000164032
5436 0.393323004245758
5438 0.398544996976852
5440 0.403766989707947
5442 0.397815495729446
5444 0.391864001750946
5446 0.36921900510788
5448 0.346574008464813
5450 0.348017990589142
5452 0.349462002515793
5454 0.374027490615845
5456 0.398593008518219
5458 0.405462503433228
5460 0.412331998348236
5462 0.415158003568649
5464 0.417984008789062
5466 0.392437994480133
5468 0.366892009973526
5470 0.358514487743378
5472 0.350136995315552
5474 0.361882001161575
5476 0.373627007007599
5478 0.380725502967834
5480 0.38782399892807
5482 0.377776503562927
5484 0.367729008197784
5486 0.381085991859436
5488 0.39444300532341
5490 0.392053514719009
5492 0.389663994312286
5494 0.381703495979309
5496 0.373742997646332
5498 0.37549901008606
5500 0.377254992723465
5502 0.395050495862961
5504 0.412845999002457
5506 0.417258501052856
5508 0.421671003103256
5510 0.412885993719101
5512 0.404101014137268
5514 0.38621199131012
5516 0.368322998285294
5518 0.376593500375748
5520 0.384864002466202
5522 0.394999504089355
5524 0.405135005712509
5526 0.39979499578476
5528 0.39445498585701
5530 0.39690899848938
5532 0.39936301112175
5534 0.396403014659882
5536 0.393442988395691
5538 0.394571989774704
5540 0.395700991153717
5542 0.39851450920105
5544 0.40132799744606
5546 0.408674001693726
5548 0.416020005941391
5550 0.416184514760971
5552 0.416348993778229
5554 0.411159485578537
5556 0.405970007181168
5558 0.4087955057621
5560 0.411621004343033
5562 0.413976490497589
5564 0.416332006454468
5566 0.41117450594902
5568 0.406017005443573
5570 0.407018005847931
5572 0.408019006252289
5574 0.40303099155426
5576 0.398043006658554
5578 0.392598986625671
5580 0.387154996395111
5582 0.392744511365891
5584 0.398333996534348
5586 0.395056486129761
5588 0.391779005527496
5590 0.397653490304947
5592 0.40352800488472
5594 0.403427511453629
5596 0.403326988220215
5598 0.386352986097336
5600 0.369379013776779
5602 0.367301493883133
5604 0.365224003791809
5606 0.369028508663177
5608 0.372833013534546
5610 0.371540993452072
5612 0.370249003171921
5614 0.370124995708466
5616 0.37000098824501
5618 0.367235988378525
5620 0.364470988512039
5622 0.361520498991013
5624 0.358570009469986
5626 0.360864490270615
5628 0.363159000873566
5630 0.363381505012512
5632 0.363604009151459
5634 0.359174013137817
5636 0.354743987321854
5638 0.347437500953674
5640 0.340131014585495
5642 0.34510600566864
5644 0.350080996751785
5646 0.3583604991436
5648 0.366640001535416
5650 0.359153002500534
5652 0.351666003465652
5654 0.344641000032425
5656 0.337615996599197
5658 0.346134006977081
5660 0.354651987552643
5662 0.358478009700775
5664 0.362304002046585
5666 0.364587008953094
5668 0.366869986057281
5670 0.360796988010406
5672 0.354723989963531
5674 0.34612500667572
5676 0.337525993585587
5678 0.332911491394043
5680 0.328296989202499
5682 0.32830348610878
5684 0.328310012817383
5686 0.327173501253128
5688 0.326036989688873
5690 0.32311949133873
5692 0.320201992988586
5694 0.317034006118774
5696 0.31386598944664
5698 0.307344496250153
5700 0.300823003053665
5702 0.300395011901855
5704 0.299966990947723
5706 0.306863486766815
5708 0.313760012388229
5710 0.307135999202728
5712 0.300511986017227
5714 0.285421997308731
5716 0.270332008600235
5718 0.272951513528824
5720 0.27557098865509
5722 0.273075997829437
5724 0.270581007003784
5726 0.263831496238708
5728 0.257081985473633
5730 0.258385509252548
5732 0.259689003229141
5734 0.258148998022079
5736 0.256608992815018
5738 0.25756898522377
5740 0.258529007434845
5742 0.252366989850998
5744 0.246205002069473
5746 0.248019993305206
5748 0.249834999442101
5750 0.251112014055252
5752 0.252389013767242
5754 0.249970003962517
5756 0.247550994157791
5758 0.249503001570702
5760 0.251455008983612
5762 0.255879491567612
5764 0.260304003953934
5766 0.271096497774124
5768 0.281888991594315
5770 0.277153491973877
5772 0.272417992353439
5774 0.267340987920761
5776 0.262264013290405
5778 0.266006499528885
5780 0.269748985767365
5782 0.27513399720192
5784 0.280519008636475
5786 0.286484986543655
5788 0.292450994253159
5790 0.298029989004135
5792 0.303609013557434
5794 0.309044510126114
5796 0.314480006694794
5798 0.307668507099152
5800 0.30085700750351
5802 0.30232098698616
5804 0.303784996271133
5806 0.312447994947433
5808 0.321110993623734
5810 0.322420001029968
5812 0.323729008436203
5814 0.319739997386932
5816 0.315750986337662
5818 0.306414008140564
5820 0.297077000141144
5822 0.300868004560471
5824 0.304659008979797
5826 0.310160994529724
5828 0.315663009881973
5830 0.322634488344193
5832 0.329605996608734
5834 0.322709500789642
5836 0.315813004970551
5838 0.314107000827789
5840 0.312400996685028
5842 0.329236000776291
5844 0.346071004867554
5846 0.344036012887955
5848 0.342000991106033
5850 0.34927698969841
5852 0.356552988290787
5854 0.357504993677139
5856 0.358456999063492
5858 0.346441507339478
5860 0.334425985813141
5862 0.337731003761292
5864 0.34103599190712
5866 0.35817751288414
5868 0.375319004058838
5870 0.378084987401962
5872 0.380851000547409
5874 0.371235489845276
5876 0.361620008945465
5878 0.378219485282898
5880 0.394818991422653
5882 0.385535508394241
5884 0.376251995563507
5886 0.363782495260239
5888 0.35131299495697
5890 0.362343013286591
5892 0.373373001813889
5894 0.370812505483627
5896 0.368252009153366
5898 0.375222504138947
5900 0.382192999124527
5902 0.393664002418518
5904 0.405135005712509
5906 0.408069491386414
5908 0.41100400686264
5910 0.405888497829437
5912 0.400772988796234
5914 0.39691299200058
5916 0.393052995204926
5918 0.404934495687485
5920 0.416815996170044
5922 0.400351494550705
5924 0.383886992931366
5926 0.372760504484177
5928 0.361633986234665
5930 0.311775505542755
5932 0.261916995048523
5934 0.230034500360489
5936 0.198152005672455
5938 0.201636001467705
5940 0.205119997262955
5942 0.256096005439758
5944 0.307072013616562
5946 0.362053990364075
5948 0.41703599691391
5950 0.416260004043579
5952 0.415484011173248
5954 0.399648994207382
5956 0.383814007043839
5958 0.383172988891602
5960 0.382532000541687
5962 0.390662491321564
5964 0.398793011903763
5966 0.395787000656128
5968 0.392780989408493
5970 0.403709501028061
5972 0.414638012647629
5974 0.415367007255554
5976 0.41609600186348
5978 0.411556005477905
5980 0.407016009092331
5982 0.419900000095367
5984 0.432783991098404
5986 0.42561599612236
5988 0.418448001146317
5990 0.423705011606216
5992 0.428961992263794
5994 0.411362498998642
5996 0.39376300573349
5998 0.406836003065109
6000 0.419909000396729
6002 0.413023501634598
6004 0.406138002872467
6006 0.391124993562698
6008 0.376112014055252
6010 0.379211992025375
6012 0.382311999797821
6014 0.370003491640091
6016 0.357695013284683
6018 0.359807014465332
6020 0.361918985843658
6022 0.374732494354248
6024 0.387546002864838
6026 0.396173000335693
6028 0.404799997806549
6030 0.391142994165421
6032 0.377485990524292
6034 0.375976502895355
6036 0.374466985464096
6038 0.385675013065338
6040 0.396883010864258
6042 0.386891514062881
6044 0.376899987459183
6046 0.389409005641937
6048 0.401917994022369
6050 0.393870502710342
6052 0.385823011398315
6054 0.373104989528656
6056 0.360386997461319
6058 0.369974493980408
6060 0.379561990499496
6062 0.36217999458313
6064 0.344797998666763
6066 0.343865513801575
6068 0.342932999134064
6070 0.34789851307869
6072 0.352863997220993
6074 0.357575505971909
6076 0.362287014722824
6078 0.374882996082306
6080 0.38747900724411
6082 0.368750512599945
6084 0.350021988153458
6086 0.352955013513565
6088 0.35588800907135
6090 0.359741985797882
6092 0.363595992326736
6094 0.363920003175735
6096 0.364244014024734
6098 0.356698006391525
6100 0.349151998758316
6102 0.358404487371445
6104 0.367657005786896
6106 0.351126998662949
6108 0.334596991539001
6110 0.340761989355087
6112 0.346926987171173
6114 0.370568513870239
6116 0.394210010766983
6118 0.387142986059189
6120 0.380075991153717
6122 0.36642399430275
6124 0.352771997451782
6126 0.351117491722107
6128 0.349462985992432
6130 0.361842513084412
6132 0.374222010374069
6134 0.373898506164551
6136 0.373575001955032
6138 0.35911500453949
6140 0.344655007123947
6142 0.343177497386932
6144 0.341699987649918
6146 0.351216495037079
6148 0.36073300242424
6150 0.357652485370636
6152 0.354571998119354
6154 0.356095492839813
6156 0.357618987560272
6158 0.353828012943268
6160 0.350037008523941
6162 0.358806014060974
6164 0.367574989795685
6166 0.363314509391785
6168 0.359053999185562
6170 0.36736848950386
6172 0.375683009624481
6174 0.376570492982864
6176 0.37745800614357
6178 0.368088990449905
6180 0.358720004558563
6182 0.353242993354797
6184 0.347766011953354
6186 0.353587508201599
6188 0.359409004449844
6190 0.373756498098373
6192 0.388103991746902
6194 0.382057011127472
6196 0.376010000705719
6198 0.365422010421753
6200 0.354833990335464
6202 0.362302005290985
6204 0.369769990444183
6206 0.376130998134613
6208 0.382492005825043
6210 0.374136507511139
6212 0.365781009197235
6214 0.376940011978149
6216 0.388099014759064
6218 0.383208990097046
6220 0.37831899523735
6222 0.397964507341385
6224 0.417609989643097
6226 0.430990487337112
6228 0.44437101483345
6230 0.42629200220108
6232 0.40821298956871
6234 0.403963506221771
6236 0.39971399307251
6238 0.40896800160408
6240 0.418222010135651
6242 0.424392998218536
6244 0.430563986301422
6246 0.428703486919403
6248 0.426842987537384
6250 0.434162497520447
6252 0.44148200750351
6254 0.454291492700577
6256 0.467101007699966
6258 0.487998992204666
6260 0.508897006511688
6262 0.517295479774475
6264 0.525694012641907
6266 0.536148488521576
6268 0.54660302400589
6270 0.554363489151001
6272 0.562124013900757
6274 0.56268298625946
6276 0.563242018222809
6278 0.567861497402191
6280 0.572480976581573
6282 0.582670509815216
6284 0.592859983444214
6286 0.576759994029999
6288 0.560660004615784
6290 0.55459600687027
6292 0.548532009124756
6294 0.56311047077179
6296 0.577688992023468
6298 0.563353478908539
6300 0.549018025398254
6302 0.539897501468658
6304 0.530776977539062
6306 0.536395490169525
6308 0.542014002799988
6310 0.53177797794342
6312 0.521542012691498
6314 0.513706028461456
6316 0.50586998462677
6318 0.508313477039337
6320 0.510757029056549
6322 0.509643971920013
6324 0.508530974388123
6326 0.513930976390839
6328 0.519330978393555
6330 0.524436473846436
6332 0.529542028903961
6334 0.517448484897614
6336 0.505355000495911
6338 0.518431007862091
6340 0.531507015228271
6342 0.545597493648529
6344 0.559687972068787
6346 0.562390983104706
6348 0.565093994140625
6350 0.558682024478912
6352 0.552269995212555
6354 0.539726972579956
6356 0.527184009552002
6358 0.521779000759125
6360 0.516373991966248
6362 0.511074483394623
6364 0.505774974822998
6366 0.505581021308899
6368 0.505387008190155
6370 0.507963478565216
6372 0.510540008544922
6374 0.505470991134644
6376 0.500401973724365
6378 0.504940509796143
6380 0.509478986263275
6382 0.495526999235153
6384 0.481575012207031
6386 0.470947504043579
6388 0.460319995880127
6390 0.466298490762711
6392 0.472276985645294
6394 0.479328989982605
6396 0.486380994319916
6398 0.490327000617981
6400 0.494273006916046
6402 0.495519012212753
6404 0.496764987707138
6406 0.49753999710083
6408 0.498315006494522
6410 0.501773476600647
6412 0.505231976509094
6414 0.515322029590607
6416 0.525412023067474
6418 0.515680015087128
6420 0.505948007106781
6422 0.499525994062424
6424 0.493104010820389
6426 0.499466985464096
6428 0.505829989910126
6430 0.503696024417877
6432 0.501561999320984
6434 0.493446499109268
6436 0.485330998897552
6438 0.481938987970352
6440 0.478547006845474
6442 0.488912999629974
6444 0.499278992414474
6446 0.491376489400864
6448 0.483473986387253
6450 0.48436450958252
6452 0.485255002975464
6454 0.488474011421204
6456 0.491692990064621
6458 0.491744995117188
6460 0.491797000169754
6462 0.49812650680542
6464 0.504455983638763
6466 0.497321486473083
6468 0.490186989307404
6470 0.484041512012482
6472 0.477896004915237
6474 0.474029511213303
6476 0.470162987709045
6478 0.468942493200302
6480 0.467721998691559
6482 0.468712508678436
6484 0.469702988862991
6486 0.474913001060486
6488 0.48012301325798
6490 0.473039001226425
6492 0.46595498919487
6494 0.465537011623383
6496 0.465119004249573
6498 0.47528201341629
6500 0.485444992780685
6502 0.473943501710892
6504 0.462442010641098
6506 0.465844511985779
6508 0.46924701333046
6510 0.461061507463455
6512 0.452876001596451
6514 0.45390048623085
6516 0.454925000667572
6518 0.459903001785278
6520 0.464881002902985
6522 0.456309497356415
6524 0.447737991809845
6526 0.448313504457474
6528 0.44888898730278
6530 0.443555504083633
6532 0.438221991062164
6534 0.438421487808228
6536 0.438621014356613
6538 0.435245990753174
6540 0.431870996952057
6542 0.420538008213043
6544 0.409204989671707
6546 0.430938512086868
6548 0.452672004699707
6550 0.447701513767242
6552 0.442730993032455
6554 0.445898503065109
6556 0.449066013097763
6558 0.438773512840271
6560 0.428481012582779
6562 0.431376993656158
6564 0.43427300453186
6566 0.435951501131058
6568 0.437629997730255
6570 0.432757496833801
6572 0.427884995937347
6574 0.439993500709534
6576 0.45210200548172
6578 0.432293504476547
6580 0.412485003471375
6582 0.425433993339539
6584 0.438383013010025
6586 0.422229498624802
6588 0.406076014041901
6590 0.436030000448227
6592 0.465983986854553
6594 0.491473495960236
6596 0.516963005065918
6598 0.501587510108948
6600 0.486211985349655
6602 0.534298479557037
6604 0.582385003566742
6606 0.840767502784729
6608 1.09914994239807
6610 1.27442502975464
6612 1.44969999790192
6614 1.25489497184753
6616 1.06008994579315
6618 0.81107497215271
6620 0.562059998512268
6622 0.494412511587143
6624 0.426764994859695
6626 0.472831010818481
6628 0.518896996974945
6630 0.575499475002289
6632 0.632102012634277
6634 0.605308473110199
6636 0.578514993190765
6638 0.514914989471436
6640 0.451314985752106
6642 0.426616013050079
6644 0.401917010545731
6646 0.394078999757767
6648 0.386240988969803
6650 0.387086510658264
6652 0.387932002544403
6654 0.383992999792099
6656 0.380053997039795
6658 0.368398010730743
6660 0.35674199461937
6662 0.371468514204025
6664 0.386195003986359
6666 0.371812999248505
6668 0.357430994510651
6670 0.372236013412476
6672 0.387041002511978
6674 0.385425508022308
6676 0.383810013532639
6678 0.37432599067688
6680 0.364841997623444
6682 0.36081999540329
6684 0.356797993183136
6686 0.352430492639542
6688 0.348062992095947
6690 0.344999492168427
6692 0.341935992240906
6694 0.341511487960815
6696 0.341087013483047
6698 0.354241490364075
6700 0.367395997047424
6702 0.350859999656677
6704 0.33432400226593
6706 0.344720005989075
6708 0.355116009712219
6710 0.354802012443542
6712 0.354487985372543
6714 0.340903013944626
6716 0.327318012714386
6718 0.317681014537811
6720 0.308043986558914
6722 0.319653987884521
6724 0.331263989210129
6726 0.332557499408722
6728 0.333851009607315
6730 0.329957991838455
6732 0.326065003871918
6734 0.329984486103058
6736 0.33390399813652
6738 0.319101512432098
6740 0.304298996925354
6742 0.29959699511528
6744 0.294894993305206
6746 0.297693490982056
6748 0.300491988658905
6750 0.309311509132385
6752 0.318130999803543
6754 0.31258749961853
6756 0.307043999433517
6758 0.321177989244461
6760 0.335312008857727
6762 0.344861000776291
6764 0.354409992694855
6766 0.35062649846077
6768 0.346843004226685
6770 0.335220009088516
6772 0.323597013950348
6774 0.324200510978699
6776 0.32480400800705
6778 0.330072492361069
6780 0.33534100651741
6782 0.334563493728638
6784 0.333786010742188
6786 0.326788514852524
6788 0.319790989160538
6790 0.303661495447159
6792 0.28753200173378
6794 0.285176485776901
6796 0.282820999622345
6798 0.286002486944199
6800 0.289184004068375
6802 0.28941398859024
6804 0.289644002914429
6806 0.291000992059708
6808 0.292358011007309
6810 0.291677504777908
6812 0.290996998548508
6814 0.284974008798599
6816 0.278950989246368
6818 0.280500501394272
6820 0.282050013542175
6822 0.284084498882294
6824 0.286119014024734
6826 0.28361651301384
6828 0.281114012002945
6830 0.278809010982513
6832 0.276504009962082
6834 0.278066486120224
6836 0.279628992080688
6838 0.280221492052078
6840 0.280813992023468
6842 0.281910002231598
6844 0.283006012439728
6846 0.284801006317139
6848 0.28659600019455
6850 0.289217501878738
6852 0.291839003562927
6854 0.289506494998932
6856 0.287173986434937
6858 0.287082493305206
6860 0.286991000175476
6862 0.293038487434387
6864 0.299086004495621
6866 0.293297499418259
6868 0.287508994340897
6870 0.289088487625122
6872 0.29066801071167
6874 0.290810495615005
6876 0.290953010320663
6878 0.289106488227844
6880 0.287259995937347
6882 0.28676450252533
6884 0.286269009113312
6886 0.282228499650955
6888 0.278187990188599
6890 0.278606504201889
6892 0.279024988412857
6894 0.278510510921478
6896 0.277996003627777
6898 0.277794003486633
6900 0.27759200334549
6902 0.279076009988785
6904 0.280559986829758
6906 0.273803502321243
6908 0.267046988010406
6910 0.266699492931366
6912 0.266351997852325
6914 0.268092006444931
6916 0.269831985235214
6918 0.281334489583969
6920 0.292836993932724
6922 0.293126493692398
6924 0.293415993452072
6926 0.284761995077133
6928 0.276107996702194
6930 0.266641497612
6932 0.257174998521805
6934 0.267607510089874
6936 0.278039991855621
6938 0.286725491285324
6940 0.295410990715027
6942 0.294319003820419
6944 0.293226987123489
6946 0.284729510545731
6948 0.276232004165649
6950 0.276565998792648
6952 0.276899993419647
6954 0.283477485179901
6956 0.290055006742477
6958 0.287934005260468
6960 0.285813003778458
6962 0.284664511680603
6964 0.283515989780426
6966 0.279580503702164
6968 0.275644987821579
6970 0.279992014169693
6972 0.284339010715485
6974 0.292226493358612
6976 0.300114005804062
6978 0.29491800069809
6980 0.289721995592117
6982 0.288836985826492
6984 0.28795200586319
6986 0.290565490722656
6988 0.293179005384445
6990 0.289567500352859
6992 0.285955995321274
6994 0.28600400686264
6996 0.286051988601685
6998 0.286846995353699
7000 0.287642002105713
7002 0.290098488330841
7004 0.292555004358292
7006 0.297539502382278
7008 0.302524000406265
7010 0.306319504976273
7012 0.31011500954628
7014 0.308696001768112
7016 0.307276993989944
7018 0.304502487182617
7020 0.301728010177612
7022 0.301059991121292
7024 0.300392001867294
7026 0.298367500305176
7028 0.296342998743057
7030 0.298220485448837
7032 0.30009800195694
7034 0.304468989372253
7036 0.30884000658989
7038 0.307304501533508
7040 0.305768996477127
7042 0.306242495775223
7044 0.306715995073318
7046 0.308875501155853
7048 0.311035007238388
7050 0.305579990148544
7052 0.300125002861023
7054 0.294979512691498
7056 0.28983399271965
7058 0.30085301399231
7060 0.311872005462646
7062 0.319290995597839
7064 0.326709985733032
7066 0.323939502239227
7068 0.3211689889431
7070 0.316645503044128
7072 0.312121987342834
7074 0.310301512479782
7076 0.308481007814407
7078 0.308805495500565
7080 0.309130012989044
7082 0.315883010625839
7084 0.322636008262634
7086 0.321734488010406
7088 0.320832997560501
7090 0.326445996761322
7092 0.332058995962143
7094 0.335745006799698
7096 0.33943098783493
7098 0.336605995893478
7100 0.333781003952026
7102 0.331806510686874
7104 0.3298319876194
7106 0.328119993209839
7108 0.326407998800278
7110 0.320797502994537
7112 0.315187007188797
7114 0.314307987689972
7116 0.313428997993469
7118 0.316720992326736
7120 0.320012986660004
7122 0.325329005718231
7124 0.330644994974136
7126 0.333157509565353
7128 0.335669994354248
7130 0.332322508096695
7132 0.328974992036819
7134 0.326465994119644
7136 0.323956996202469
7138 0.319700986146927
7140 0.315445005893707
7142 0.317924499511719
7144 0.32040399312973
7146 0.327237993478775
7148 0.33407199382782
7150 0.328236490488052
7152 0.322400987148285
7154 0.315252989530563
7156 0.308104991912842
7158 0.312975496053696
7160 0.31784600019455
7162 0.329849511384964
7164 0.341852992773056
7166 0.341187000274658
7168 0.34052100777626
7170 0.331992506980896
7172 0.323464006185532
7174 0.327811002731323
7176 0.332157999277115
7178 0.338670998811722
7180 0.345183998346329
7182 0.34459400177002
7184 0.34400400519371
7186 0.342258989810944
7188 0.340514004230499
7190 0.336400508880615
7192 0.332287013530731
7194 0.333110004663467
7196 0.333932995796204
7198 0.337316006422043
7200 0.34069898724556
7202 0.337244987487793
7204 0.333790987730026
7206 0.338779985904694
7208 0.343769013881683
7210 0.341596990823746
7212 0.33942499756813
7214 0.337984502315521
7216 0.336544007062912
7218 0.342058002948761
7220 0.34757199883461
7222 0.34748050570488
7224 0.34738901257515
7226 0.339536488056183
7228 0.331683993339539
7230 0.331710994243622
7232 0.331737995147705
7234 0.338308990001678
7236 0.344880014657974
7238 0.360068500041962
7240 0.375256985425949
7242 0.378776997327805
7244 0.38229700922966
7246 0.381080508232117
7248 0.379864007234573
7250 0.38128799200058
7252 0.382712006568909
7254 0.382330000400543
7256 0.381947994232178
7258 0.38416001200676
7260 0.386371999979019
7262 0.387293487787247
7264 0.388215005397797
7266 0.401546508073807
7268 0.414878010749817
7270 0.420635491609573
7272 0.426393002271652
7274 0.425166994333267
7276 0.423940986394882
7278 0.424617499113083
7280 0.425294011831284
7282 0.440707504749298
7284 0.456120997667313
7286 0.460579514503479
7288 0.465038001537323
7290 0.463352501392365
7292 0.461667001247406
7294 0.467885494232178
7296 0.474103987216949
7298 0.477103501558304
7300 0.480102986097336
7302 0.479416996240616
7304 0.478731006383896
7306 0.482773989439011
7308 0.486817002296448
7310 0.489818006753922
7312 0.492819011211395
7314 0.491239994764328
7316 0.489661008119583
7318 0.493222504854202
7320 0.496784001588821
7322 0.490817010402679
7324 0.484849989414215
7326 0.476542502641678
7328 0.468234986066818
7330 0.473770499229431
7332 0.479306012392044
7334 0.475434511899948
7336 0.471563011407852
7338 0.465956509113312
7340 0.460350006818771
7342 0.468655496835709
7344 0.476960986852646
7346 0.474467992782593
7348 0.47197499871254
7350 0.464832991361618
7352 0.457691013813019
7354 0.465714991092682
7356 0.473738998174667
7358 0.471228986978531
7360 0.468719005584717
7362 0.466559499502182
7364 0.464399993419647
7366 0.468629509210587
7368 0.472858995199203
7370 0.461033999919891
7372 0.449209004640579
7374 0.457552999258041
7376 0.465896993875504
7378 0.464999496936798
7380 0.464101999998093
7382 0.453200489282608
7384 0.442299008369446
7386 0.447215497493744
7388 0.452131986618042
7390 0.449997991323471
7392 0.4478639960289
7394 0.456267505884171
7396 0.464670985937119
7398 0.466913014650345
7400 0.469155013561249
7402 0.462454497814178
7404 0.455754011869431
7406 0.449528992176056
7408 0.443304002285004
7410 0.445324510335922
7412 0.447344988584518
7414 0.442388504743576
7416 0.437431991100311
7418 0.434003502130508
7420 0.430575013160706
7422 0.428011506795883
7424 0.425448000431061
7426 0.428657501935959
7428 0.431867003440857
7430 0.432726502418518
7432 0.433586001396179
7434 0.438237994909286
7436 0.442889988422394
7438 0.430236011743546
7440 0.417582005262375
7442 0.422109514474869
7444 0.42663699388504
7446 0.4271439909935
7448 0.427650988101959
7450 0.418938010931015
7452 0.410225003957748
7454 0.410458505153656
7456 0.410692006349564
7458 0.407130509614944
7460 0.403569012880325
7462 0.399666488170624
7464 0.395763993263245
7466 0.395274490118027
7468 0.394784986972809
7470 0.378926008939743
7472 0.363067001104355
7474 0.37501049041748
7476 0.386954009532928
7478 0.380440503358841
7480 0.373926997184753
7482 0.364032506942749
7484 0.354137986898422
7486 0.372892498970032
7488 0.391647011041641
7490 0.38773500919342
7492 0.3838230073452
7494 0.379091501235962
7496 0.374359995126724
7498 0.376545011997223
7500 0.378729999065399
7502 0.373870998620987
7504 0.369011998176575
7506 0.366645485162735
7508 0.364279001951218
7510 0.351042509078979
7512 0.337805986404419
7514 0.339899510145187
7516 0.341993004083633
7518 0.352317005395889
7520 0.362641006708145
7522 0.360590994358063
7524 0.358541011810303
7526 0.354986488819122
7528 0.351431995630264
7530 0.335484504699707
7532 0.31953701376915
7534 0.322062492370605
7536 0.324588000774384
7538 0.328168511390686
7540 0.331748992204666
7542 0.328350007534027
7544 0.324950993061066
7546 0.320942014455795
7548 0.316933006048203
7550 0.319472998380661
7552 0.32201299071312
7554 0.319142997264862
7556 0.316273003816605
7558 0.311866492033005
7560 0.307460010051727
7562 0.310601502656937
7564 0.313742995262146
7566 0.314098000526428
7568 0.31445300579071
7570 0.312472999095917
7572 0.310492992401123
7574 0.307855010032654
7576 0.305216997861862
7578 0.314265996217728
7580 0.323314994573593
7582 0.315421491861343
7584 0.307527989149094
7586 0.294551014900208
7588 0.281574010848999
7590 0.285515993833542
7592 0.289458006620407
7594 0.28812050819397
7596 0.286783009767532
7598 0.283436506986618
7600 0.280090004205704
7602 0.304434508085251
7604 0.328779011964798
7606 0.358108997344971
7608 0.387439012527466
7610 0.368919491767883
7612 0.350400000810623
7614 0.330267995595932
7616 0.310135990381241
7618 0.299409002065659
7620 0.288682013750076
7622 0.286270499229431
7624 0.283859014511108
7626 0.291507512331009
7628 0.299156010150909
7630 0.299454003572464
7632 0.299751996994019
7634 0.313064008951187
7636 0.326375991106033
7638 0.315255492925644
7640 0.304134994745255
7642 0.294979989528656
7644 0.28582501411438
7646 0.295498996973038
7648 0.305173009634018
7650 0.309657514095306
7652 0.314141988754272
7654 0.324923485517502
7656 0.335705012083054
7658 0.334132492542267
7660 0.332560002803802
7662 0.331277012825012
7664 0.3299939930439
7666 0.322162508964539
7668 0.314330995082855
7670 0.313896000385284
7672 0.313461005687714
7674 0.315530002117157
7676 0.3175989985466
7678 0.326872497797012
7680 0.336145997047424
7682 0.32388100028038
7684 0.311616003513336
7686 0.31581050157547
7688 0.320004999637604
7690 0.326184004545212
7692 0.33236300945282
7694 0.327202498912811
7696 0.322041988372803
7698 0.343413501977921
7700 0.364784985780716
7702 0.354941487312317
7704 0.345097988843918
7706 0.34706050157547
7708 0.349023014307022
7710 0.347873985767365
7712 0.346724987030029
7714 0.323572486639023
7716 0.300419986248016
7718 0.300881505012512
7720 0.301342993974686
7722 0.313889503479004
7724 0.326436012983322
7726 0.324460506439209
7728 0.322484999895096
7730 0.329676985740662
7732 0.33686900138855
7734 0.336800992488861
7736 0.336733013391495
7738 0.340404510498047
7740 0.344076007604599
7742 0.361976504325867
7744 0.379877001047134
7746 0.369421988725662
7748 0.358967006206512
7750 0.352080494165421
7752 0.345194011926651
7754 0.356256991624832
7756 0.367320001125336
7758 0.365790486335754
7760 0.364261001348495
7762 0.359018504619598
7764 0.353776007890701
7766 0.354878008365631
7768 0.355980008840561
7770 0.362114489078522
7772 0.368248999118805
7774 0.360381513834
7776 0.352513998746872
7778 0.357976496219635
7780 0.363438993692398
7782 0.37092000246048
7784 0.378401011228561
7786 0.38248398900032
7788 0.386566996574402
7790 0.374310493469238
7792 0.362053990364075
7794 0.364182502031326
7796 0.366311013698578
7798 0.375438988208771
7800 0.384566992521286
7802 0.377233505249023
7804 0.369899988174438
7806 0.36956998705864
7808 0.369239985942841
7810 0.369336009025574
7812 0.369432002305984
7814 0.369263499975204
7816 0.369094997644424
7818 0.356303989887238
7820 0.343513011932373
7822 0.351040005683899
7824 0.358566999435425
7826 0.373697012662888
7828 0.388826996088028
7830 0.383377999067307
7832 0.377929002046585
7834 0.371794492006302
7836 0.365660011768341
7838 0.366962492465973
7840 0.368265002965927
7842 0.372294485569
7844 0.376323997974396
7846 0.379387497901917
7848 0.382450997829437
7850 0.372752010822296
7852 0.363052994012833
7854 0.357547998428345
7856 0.352043002843857
7858 0.352569997310638
7860 0.35309699177742
7862 0.361076503992081
7864 0.369055986404419
7866 0.365884989500046
7868 0.362713992595673
7870 0.364926993846893
7872 0.367139995098114
7874 0.366887003183365
7876 0.366634011268616
7878 0.370232999324799
7880 0.373831987380981
7882 0.368001997470856
7884 0.36217200756073
7886 0.352762013673782
7888 0.343351989984512
7890 0.347941488027573
7892 0.352530986070633
7894 0.358177989721298
7896 0.363824993371964
7898 0.360686004161835
7900 0.357546985149384
7902 0.360458493232727
7904 0.363370001316071
7906 0.369599491357803
7908 0.375829011201859
7910 0.366549491882324
7912 0.357270002365112
7914 0.345849007368088
7916 0.334428012371063
7918 0.333653002977371
7920 0.332877993583679
7922 0.343136489391327
7924 0.353394985198975
7926 0.354826509952545
7928 0.356258004903793
7930 0.355283498764038
7932 0.354308992624283
7934 0.353266507387161
7936 0.352223992347717
7938 0.351864993572235
7940 0.351505994796753
7942 0.346421003341675
7944 0.341336011886597
7946 0.342251986265182
7948 0.343167990446091
7950 0.353119999170303
7952 0.363072007894516
7954 0.36132749915123
7956 0.359582990407944
7958 0.359593987464905
7960 0.359605014324188
7962 0.344105988740921
7964 0.328606992959976
7966 0.315869987010956
7968 0.303133010864258
7970 0.31190299987793
7972 0.320672988891602
7974 0.321061998605728
7976 0.321451008319855
7978 0.321316510438919
7980 0.321182012557983
7982 0.324622988700867
7984 0.328063994646072
7986 0.332584500312805
7988 0.337105005979538
7990 0.338961988687515
7992 0.340819001197815
7994 0.32497450709343
7996 0.309130012989044
7998 0.304268002510071
8000 0.299405992031097
8002 0.309650987386703
8004 0.319896012544632
8006 0.317234992980957
8008 0.314574003219604
8010 0.307790994644165
8012 0.301007986068726
8014 0.309395492076874
8016 0.317782998085022
8018 0.319092512130737
8020 0.32040199637413
8022 0.305333495140076
8024 0.290264993906021
8026 0.287812501192093
8028 0.285360008478165
8030 0.287661492824554
8032 0.289963006973267
8034 0.297999501228333
8036 0.306035995483398
8038 0.303897500038147
8040 0.301759004592896
8042 0.303966999053955
8044 0.306174993515015
8046 0.309893488883972
8048 0.313612014055252
8050 0.312099486589432
8052 0.310586988925934
8054 0.305013000965118
8056 0.299439013004303
8058 0.297787994146347
8060 0.296137005090714
8062 0.302236497402191
8064 0.308335989713669
8066 0.303898513317108
8068 0.299461007118225
8070 0.301795989274979
8072 0.304131001234055
8074 0.292164504528046
8076 0.280198007822037
8078 0.272962510585785
8080 0.265727013349533
8082 0.269773989915848
8084 0.273820996284485
8086 0.280798494815826
8088 0.287775993347168
8090 0.289265006780624
8092 0.290753990411758
8094 0.291111499071121
8096 0.291469007730484
8098 0.304359495639801
8100 0.31725001335144
8102 0.320573002099991
8104 0.323895990848541
8106 0.314892500638962
8108 0.305889010429382
8110 0.301487505435944
8112 0.297086000442505
8114 0.300206989049911
8116 0.303328007459641
8118 0.303272992372513
8120 0.303218007087708
8122 0.295612007379532
8124 0.288006007671356
8126 0.288425505161285
8128 0.288845002651215
8130 0.295785486698151
8132 0.302726000547409
8134 0.295002490282059
8136 0.287279009819031
8138 0.291361004114151
8140 0.295442998409271
8142 0.291995495557785
8144 0.288547992706299
8146 0.285600513219833
8148 0.282653003931046
8150 0.288542002439499
8152 0.294431000947952
8154 0.298882514238358
8156 0.30333399772644
8158 0.301057010889053
8160 0.298779994249344
8162 0.294966489076614
8164 0.291153013706207
8166 0.292792499065399
8168 0.294432014226913
8170 0.297354012727737
8172 0.300276011228561
8174 0.296165496110916
8176 0.292055010795593
8178 0.283248007297516
8180 0.274441003799438
8182 0.27487251162529
8184 0.275303989648819
8186 0.278259992599487
8188 0.281215995550156
8190 0.276802510023117
8192 0.272388994693756
8194 0.292392492294312
8196 0.312395989894867
8198 0.308432012796402
8200 0.304468005895615
8202 0.292110502719879
8204 0.279752999544144
8206 0.290500491857529
8208 0.301248013973236
8210 0.301485508680344
8212 0.301723003387451
8214 0.303766995668411
8216 0.305810987949371
8218 0.29492250084877
8220 0.284034013748169
8222 0.280694991350174
8224 0.277355998754501
8226 0.290711492300034
8228 0.304066985845566
8230 0.306952506303787
8232 0.309837996959686
8234 0.304519504308701
8236 0.299201011657715
8238 0.29060098528862
8240 0.282000988721848
8242 0.294063985347748
8244 0.30612701177597
8246 0.31088849902153
8248 0.31564998626709
8250 0.307701498270035
8252 0.29975301027298
8254 0.298209011554718
8256 0.296665012836456
8258 0.298797994852066
8260 0.300931006669998
8262 0.296950995922089
8264 0.292970985174179
8266 0.278341501951218
8268 0.263711988925934
8270 0.269567012786865
8272 0.275422006845474
8274 0.280589014291763
8276 0.28575599193573
8278 0.280391991138458
8280 0.275027990341187
8282 0.27317750453949
8284 0.271326988935471
8286 0.270305991172791
8288 0.26928499341011
8290 0.269358485937119
8292 0.269432008266449
8294 0.260245501995087
8296 0.251058995723724
8298 0.255409002304077
8300 0.25975900888443
8302 0.263839513063431
8304 0.267919987440109
8306 0.261296004056931
8308 0.254671990871429
8310 0.25679150223732
8312 0.25891101360321
8314 0.257859498262405
8316 0.256808012723923
8318 0.25959700345993
8320 0.262385994195938
8322 0.259495496749878
8324 0.256604999303818
8326 0.251077502965927
8328 0.245550006628036
8330 0.253533989191055
8332 0.261518001556396
8334 0.262759506702423
8336 0.26400101184845
8338 0.271180003881454
8340 0.278358995914459
8342 0.265307486057281
8344 0.252256006002426
8346 0.225879997014999
8348 0.199504002928734
8350 0.218422994017601
8352 0.237342000007629
8354 0.247445493936539
8356 0.257548987865448
8358 0.256877988576889
8360 0.25620698928833
8362 0.255501985549927
8364 0.254797011613846
8366 0.260005503892899
8368 0.265213996171951
8370 0.265293002128601
8372 0.265372008085251
8374 0.253717005252838
8376 0.242062002420425
8378 0.246824502944946
8380 0.251587003469467
8382 0.255142986774445
8384 0.258698999881744
8386 0.260062992572784
8388 0.261426985263824
8390 0.261402010917664
8392 0.26137700676918
8394 0.254534006118774
8396 0.247691005468369
8398 0.256233990192413
8400 0.264777004718781
8402 0.272520989179611
8404 0.280265003442764
8406 0.27818951010704
8408 0.276113986968994
8410 0.280896991491318
8412 0.285679996013641
8414 0.280649989843369
8416 0.275620013475418
8418 0.278904497623444
8420 0.282189011573792
8422 0.286081492900848
8424 0.289974004030228
8426 0.295152485370636
8428 0.300330996513367
8430 0.291209489107132
8432 0.28208801150322
8434 0.284275501966476
8436 0.286462992429733
8438 0.281011998653412
8440 0.27556100487709
8442 0.274303495883942
8444 0.273045986890793
8446 0.283467501401901
8448 0.293888986110687
8450 0.288634985685349
8452 0.28338098526001
8454 0.281096994876862
8456 0.278813004493713
8458 0.300893992185593
8460 0.322975009679794
8462 0.307507008314133
8464 0.292039006948471
8466 0.273755490779877
8468 0.255472004413605
8470 0.269984006881714
8472 0.284496009349823
8474 0.289934009313583
8476 0.295372009277344
8478 0.301399499177933
8480 0.307426989078522
8482 0.309849500656128
8484 0.312272012233734
8486 0.320436507463455
8488 0.328601002693176
8490 0.305212497711182
8492 0.281823992729187
8494 0.29449000954628
8496 0.30715599656105
8498 0.316058486700058
8500 0.324961006641388
8502 0.313607513904572
8504 0.302253991365433
8506 0.293561011552811
8508 0.284868001937866
8510 0.31054100394249
8512 0.336214005947113
8514 0.344240486621857
8516 0.352266997098923
8518 0.3480064868927
8520 0.3437460064888
8522 0.336644500494003
8524 0.329542994499207
8526 0.328907012939453
8528 0.328271001577377
8530 0.323569506406784
8532 0.318868011236191
8534 0.323130995035172
8536 0.327394008636475
8538 0.346724510192871
8540 0.366055011749268
8542 0.369933992624283
8544 0.37381300330162
8546 0.370313495397568
8548 0.366813987493515
8550 0.363846987485886
8552 0.360879987478256
8554 0.369821012020111
8556 0.378762006759644
8558 0.392538011074066
8560 0.406313985586166
8562 0.398622006177902
8564 0.390929996967316
8566 0.400623500347137
8568 0.410317003726959
8570 0.411145508289337
8572 0.411974012851715
8574 0.420319497585297
8576 0.428665012121201
8578 0.434940487146378
8580 0.441215991973877
8582 0.452201008796692
8584 0.463185995817184
8586 0.474299013614655
8588 0.485412001609802
8590 0.506467521190643
8592 0.52752298116684
8594 0.518671989440918
8596 0.509820997714996
8598 0.499166995286942
8600 0.488512992858887
8602 0.493674010038376
8604 0.498834997415543
8606 0.492198497056961
8608 0.48556199669838
8610 0.505175471305847
8612 0.524788975715637
8614 0.531141996383667
8616 0.537495017051697
8618 0.550408482551575
8620 0.563322007656097
8622 0.595034003257751
8624 0.626745998859406
8626 0.636932492256165
8628 0.647118985652924
8630 0.645627975463867
8632 0.644137024879456
8634 0.671979010105133
8636 0.699820995330811
8638 0.691669523715973
8640 0.68351799249649
8642 0.698167979717255
8644 0.712818026542664
8646 0.731082022190094
8648 0.749346017837524
8650 0.753963470458984
8652 0.758580982685089
8654 0.770822525024414
8656 0.783064007759094
8658 0.791207015514374
8660 0.799350023269653
8662 0.825521528720856
8664 0.851692974567413
8666 0.85078352689743
8668 0.849874019622803
8670 0.847901523113251
8672 0.845929026603699
8674 0.853948473930359
8676 0.861967980861664
8678 0.885491013526917
8680 0.909013986587524
8682 0.890712022781372
8684 0.872409999370575
8686 0.869132995605469
8688 0.865855991840363
8690 0.865483522415161
8692 0.865110993385315
8694 0.864732980728149
8696 0.864355027675629
8698 0.866955995559692
8700 0.869557023048401
8702 0.872031986713409
8704 0.874507009983063
8706 0.871227502822876
8708 0.867947995662689
8710 0.860511004924774
8712 0.853074014186859
8714 0.844851016998291
8716 0.836628019809723
8718 0.819791495800018
8720 0.802954971790314
8722 0.789393484592438
8724 0.775831997394562
8726 0.781015515327454
8728 0.786198973655701
8730 0.770327985286713
8732 0.754456996917725
8734 0.748506009578705
8736 0.742555022239685
8738 0.74975049495697
8740 0.7569460272789
8742 0.741374492645264
8744 0.725803017616272
8746 0.743571519851685
8748 0.761340022087097
8750 0.754969000816345
8752 0.748597979545593
8754 0.741973996162415
8756 0.735350012779236
8758 0.73464298248291
8760 0.733936011791229
8762 0.737043976783752
8764 0.74015200138092
8766 0.729792475700378
8768 0.719433009624481
8770 0.72127902507782
8772 0.723124980926514
8774 0.72578501701355
8776 0.728444993495941
8778 0.735364019870758
8780 0.74228298664093
8782 0.732105016708374
8784 0.721926987171173
8786 0.718396008014679
8788 0.714865028858185
8790 0.727636992931366
8792 0.740409016609192
8794 0.740851521492004
8796 0.741294026374817
8798 0.726466476917267
8800 0.711638987064362
8802 0.706725001335144
8804 0.701811015605927
8806 0.69266802072525
8808 0.683525025844574
8810 0.676597476005554
8812 0.669669985771179
8814 0.672604501247406
8816 0.675539016723633
8818 0.676926493644714
8820 0.678313970565796
8822 0.672402501106262
8824 0.666490972042084
8826 0.65473347902298
8828 0.642975986003876
8830 0.649900496006012
8832 0.656825006008148
8834 0.655621528625488
8836 0.654417991638184
8838 0.657846987247467
8840 0.66127598285675
8842 0.666214525699615
8844 0.671153008937836
8846 0.658086478710175
8848 0.645020008087158
8850 0.641746520996094
8852 0.638472974300385
8854 0.640139520168304
8856 0.64180600643158
8858 0.64104700088501
8860 0.64028799533844
8862 0.650093019008636
8864 0.659897983074188
8866 0.663887023925781
8868 0.667876005172729
8870 0.640320003032684
8872 0.612764000892639
8874 0.596494495868683
8876 0.580224990844727
8878 0.587357997894287
8880 0.594491004943848
8882 0.594893991947174
8884 0.5952969789505
8886 0.583778977394104
8888 0.572260975837708
8890 0.560419976711273
8892 0.548578977584839
8894 0.548214972019196
8896 0.547851026058197
8898 0.539533972740173
8900 0.531216979026794
8902 0.533044993877411
8904 0.534873008728027
8906 0.540616989135742
8908 0.546361029148102
8910 0.537111520767212
8912 0.527862012386322
8914 0.5207200050354
8916 0.513577997684479
8918 0.50592702627182
8920 0.498275995254517
8922 0.486044496297836
8924 0.473812997341156
8926 0.467289507389069
8928 0.460765987634659
8930 0.458917498588562
8932 0.457069009542465
8934 0.439402997493744
8936 0.421736985445023
8938 0.413852989673615
8940 0.405968993902206
8942 0.410539507865906
8944 0.415109992027283
8946 0.425651997327805
8948 0.436194002628326
8950 0.423528999090195
8952 0.410863995552063
8954 0.406600505113602
8956 0.40233701467514
8958 0.417704999446869
8960 0.43307301402092
8962 0.430158495903015
8964 0.427244007587433
8966 0.421083509922028
8968 0.414923012256622
8970 0.413673013448715
8972 0.412423014640808
8974 0.405952513217926
8976 0.399482011795044
8978 0.389892995357513
8980 0.380304008722305
8982 0.372228503227234
8984 0.364152997732162
8986 0.367943495512009
8988 0.371733993291855
8990 0.375524997711182
8992 0.379316002130508
8994 0.36785900592804
8996 0.356402009725571
8998 0.364518493413925
9000 0.372635006904602
9002 0.376278012990952
9004 0.379920989274979
9006 0.384893506765366
9008 0.38986599445343
9010 0.387277007102966
9012 0.38468798995018
9014 0.387333005666733
9016 0.389977991580963
9018 0.391036003828049
9020 0.392093986272812
9022 0.379281997680664
9024 0.366470009088516
9026 0.354716002941132
9028 0.342961996793747
9030 0.351404011249542
9032 0.359845995903015
9034 0.356048494577408
9036 0.352250993251801
9038 0.348181992769241
9040 0.344112992286682
9042 0.354442000389099
9044 0.364771008491516
9046 0.358842492103577
9048 0.35291400551796
9050 0.350748509168625
9052 0.34858301281929
9054 0.358765006065369
9056 0.368946999311447
9058 0.363095998764038
9060 0.357244998216629
9062 0.346383988857269
9064 0.335523009300232
9066 0.340620011091232
9068 0.345717012882233
9070 0.344467014074326
9072 0.343216985464096
9074 0.346138000488281
9076 0.349058985710144
9078 0.343355000019073
9080 0.337651014328003
9082 0.334026992321014
9084 0.330403000116348
9086 0.33840548992157
9088 0.346408009529114
9090 0.348347514867783
9092 0.350286990404129
9094 0.345046997070312
9096 0.339807003736496
9098 0.348946988582611
9100 0.358087003231049
9102 0.363624006509781
9104 0.369161009788513
9106 0.365903496742249
9108 0.362646013498306
9110 0.359997004270554
9112 0.357347995042801
9114 0.363681495189667
9116 0.370014995336533
9118 0.372602999210358
9120 0.375191003084183
9122 0.365893006324768
9124 0.356595009565353
9126 0.368281006813049
9128 0.379967004060745
9130 0.38628950715065
9132 0.392612010240555
9134 0.384699493646622
9136 0.376787006855011
9138 0.365902006626129
9140 0.355017006397247
9142 0.352719485759735
9144 0.350421994924545
9146 0.347160488367081
9148 0.343899011611938
9150 0.341907501220703
9152 0.339915990829468
9154 0.341260492801666
9156 0.342604994773865
9158 0.359253495931625
9160 0.375901997089386
9162 0.382329493761063
9164 0.388756990432739
9166 0.376715511083603
9168 0.364674001932144
9170 0.366106510162354
9172 0.36753898859024
9174 0.379667490720749
9176 0.391795992851257
9178 0.386483490467072
9180 0.381170988082886
9182 0.372339487075806
9184 0.363507986068726
9186 0.362475991249084
9188 0.361443996429443
9190 0.36174800992012
9192 0.362051993608475
9194 0.35224449634552
9196 0.342436999082565
9198 0.349627494812012
9200 0.356817990541458
9202 0.373750507831573
9204 0.390682995319366
9206 0.385627001523972
9208 0.380571007728577
9210 0.376166492700577
9212 0.371762007474899
9214 0.373865008354187
9216 0.375968009233475
9218 0.376221001148224
9220 0.376473993062973
9222 0.389465987682343
9224 0.402458012104034
9226 0.414378494024277
9228 0.426299005746841
9230 0.416159510612488
9232 0.406019985675812
9234 0.398910492658615
9236 0.391800999641418
9238 0.389571994543076
9240 0.387342989444733
9242 0.384714514017105
9244 0.382086008787155
9246 0.382758498191833
9248 0.383430987596512
9250 0.388337999582291
9252 0.393245011568069
9254 0.396178990602493
9256 0.39911299943924
9258 0.403721988201141
9260 0.408331006765366
9262 0.405609488487244
9264 0.402888000011444
9266 0.396779507398605
9268 0.390671014785767
9270 0.392100989818573
9272 0.393530994653702
9274 0.386090010404587
9276 0.378648996353149
9278 0.384858012199402
9280 0.391066998243332
9282 0.387603014707565
9284 0.384139001369476
9286 0.387867510318756
9288 0.391595989465714
9290 0.397988498210907
9292 0.4043810069561
9294 0.399277001619339
9296 0.394172996282578
9298 0.400200992822647
9300 0.406228989362717
9302 0.401145488023758
9304 0.396061986684799
9306 0.381361991167068
9308 0.366661995649338
9310 0.35121950507164
9312 0.335777014493942
9314 0.34595999121666
9316 0.356142997741699
9318 0.384609013795853
9320 0.413075000047684
9322 0.388554006814957
9324 0.36403301358223
9326 0.346331000328064
9328 0.328628987073898
9330 0.351684987545013
9332 0.374740988016129
9334 0.390992492437363
9336 0.407243996858597
9338 0.420135498046875
9340 0.433026999235153
9342 0.434328496456146
9344 0.435629993677139
9346 0.425763487815857
9348 0.415897011756897
9350 0.422818511724472
9352 0.429740011692047
9354 0.442546486854553
9356 0.455352991819382
9358 0.441368013620377
9360 0.427383005619049
9362 0.420441508293152
9364 0.413500010967255
9366 0.431018501520157
9368 0.448536992073059
9370 0.494904488325119
9372 0.541271984577179
9374 0.497086495161057
9376 0.452901005744934
9378 0.383718997240067
9380 0.314536988735199
9382 0.331425487995148
9384 0.348313987255096
9386 0.381563514471054
9388 0.414813011884689
9390 0.410262495279312
9392 0.405712008476257
9394 0.390514999628067
9396 0.375317990779877
9398 0.390066504478455
9400 0.40481498837471
9402 0.435723513364792
9404 0.466632008552551
9406 0.46730101108551
9408 0.467970013618469
9410 0.464324504137039
9412 0.460678994655609
9414 0.457040995359421
9416 0.453402996063232
9418 0.449770987033844
9420 0.446139007806778
9422 0.442512005567551
9424 0.438885003328323
9426 0.435265004634857
9428 0.431645005941391
9430 0.431461989879608
9432 0.431279003620148
9434 0.445404499769211
9436 0.459529995918274
9438 0.431849986314774
9440 0.404170006513596
9442 0.387896507978439
9444 0.371623009443283
9446 0.382864505052567
9448 0.39410600066185
9450 0.403229504823685
9452 0.412353008985519
9454 0.401596993207932
9456 0.390841007232666
9458 0.3914814889431
9460 0.392122000455856
9462 0.380679994821548
9464 0.369237989187241
9466 0.378218501806259
9468 0.387199014425278
9470 0.408748507499695
9472 0.430298000574112
9474 0.421793013811111
9476 0.413287997245789
9478 0.379952013492584
9480 0.346615999937057
9482 0.34401199221611
9484 0.341408014297485
9486 0.337819010019302
9488 0.334230005741119
9490 0.345993012189865
9492 0.357755988836288
9494 0.383976012468338
9496 0.410196006298065
9498 0.429473996162415
9500 0.448751986026764
9502 0.418567508459091
9504 0.388383001089096
9506 0.36643049120903
9508 0.344478011131287
9510 0.354033499956131
9512 0.363588988780975
9514 0.371066987514496
9516 0.378544986248016
9518 0.362238496541977
9520 0.345932006835938
9522 0.357041001319885
9524 0.368149995803833
9526 0.38408750295639
9528 0.400025010108948
9530 0.399616003036499
9532 0.39920699596405
9534 0.394401013851166
9536 0.389595001935959
9538 0.386828005313873
9540 0.384061008691788
9542 0.401978999376297
9544 0.419896990060806
9546 0.410295993089676
9548 0.400694996118546
9550 0.396010994911194
9552 0.391326993703842
9554 0.387751013040543
9556 0.384175002574921
9558 0.374668508768082
9560 0.36516198515892
9562 0.375402510166168
9564 0.385643005371094
9566 0.383885502815247
9568 0.382128000259399
9570 0.376299500465393
9572 0.370471000671387
9574 0.369913995265961
9576 0.369356989860535
9578 0.384160488843918
9580 0.398963987827301
9582 0.395300000905991
9584 0.39163601398468
9586 0.372433006763458
9588 0.353229999542236
9590 0.368059992790222
9592 0.382889986038208
9594 0.3887679874897
9596 0.394645988941193
9598 0.376572489738464
9600 0.358498990535736
9602 0.35962849855423
9604 0.360758006572723
9606 0.375554502010345
9608 0.390350997447968
9610 0.39189401268959
9612 0.393436998128891
9614 0.404394000768661
9616 0.415351003408432
9618 0.421389997005463
9620 0.427428990602493
9622 0.407983005046844
9624 0.388536989688873
9626 0.37508350610733
9628 0.361629992723465
9630 0.347416996955872
9632 0.333204001188278
9634 0.336825489997864
9636 0.340447008609772
9638 0.348607510328293
9640 0.356768012046814
9642 0.356714010238647
9644 0.356660008430481
9646 0.376744002103806
9648 0.39682799577713
9650 0.386834502220154
9652 0.376841008663177
9654 0.359675496816635
9656 0.342510014772415
9658 0.376026004552841
9660 0.409541994333267
9662 0.441830486059189
9664 0.474119007587433
9666 0.473033010959625
9668 0.471947014331818
9670 0.445524513721466
9672 0.419102013111115
9674 0.386272490024567
9676 0.353442996740341
9678 0.336714506149292
9680 0.31998598575592
9682 0.339426010847092
9684 0.358866006135941
9686 0.386256009340286
9688 0.413646012544632
9690 0.417791992425919
9692 0.421938002109528
9694 0.415908992290497
9696 0.409880012273788
9698 0.410205006599426
9700 0.410530000925064
9702 0.381337493658066
9704 0.352144986391068
9706 0.33772349357605
9708 0.323302000761032
9710 0.352737486362457
9712 0.382173001766205
9714 0.382496505975723
9716 0.382820010185242
9718 0.383134007453918
9720 0.383448004722595
9722 0.403436988592148
9724 0.423426002264023
9726 0.412681013345718
9728 0.401935994625092
9730 0.384274512529373
9732 0.366613000631332
9734 0.379094004631042
9736 0.391575008630753
9738 0.394535005092621
9740 0.397495001554489
9742 0.39717099070549
9744 0.396847009658813
9746 0.39767649769783
9748 0.398505985736847
9750 0.378919005393982
9752 0.359331995248795
9754 0.35665899515152
9756 0.353985995054245
9758 0.358893513679504
9760 0.363801002502441
9762 0.374940991401672
9764 0.386081010103226
9766 0.38527250289917
9768 0.384463995695114
9770 0.374249488115311
9772 0.36403501033783
9774 0.377391993999481
9776 0.390749007463455
9778 0.39511650800705
9780 0.399484008550644
9782 0.442550003528595
9784 0.485615998506546
9786 0.494839489459991
9788 0.504063010215759
9790 0.455519497394562
9792 0.406976014375687
9794 0.396820485591888
9796 0.386664986610413
9798 0.382019996643066
