3099.3999023438  1.934010E-16
3103.1478426457  5.224502E-16
3106.89578294759  1.982243E-16
3110.64372324949  4.127497E-16
3114.39166355138  3.342696E-16
3118.13960385328  4.541822E-16
3121.88754415517  4.160442E-16
3125.63548445707  -1.176353E-16
3129.38342475896  1.595017E-16
3133.13136506086  5.196277E-16
3136.87930536275  1.155381E-16
3140.62724566465  -1.953895E-16
3144.37518596654  6.745512E-17
3148.12312626844  2.612393E-16
3151.87106657033  3.546843E-16
3155.61900687223  5.448656E-16
3159.36694717412  4.477408E-16
3163.11488747602  2.813424E-16
3166.86282777792  4.737093E-16
3170.61076807981  4.218193E-16
3174.3587083817  2.043875E-16
3178.1066486836  1.851703E-16
3181.8545889855  2.642869E-17
3185.60252928739  3.170422E-16
3189.35046958929  1.699395E-16
3193.09840989118  1.498792E-16
3196.84635019308  2.365992E-16
3200.59429049497  5.771614E-16
3204.34223079687  5.645397E-16
3208.09017109876  2.271806E-16
3211.83811140066  7.351363E-17
3215.58605170255  8.301222E-17
3219.33399200445  -1.018337E-16
3223.08193230634  1.754058E-16
3226.82987260824  4.744737E-17
3230.57781291013  3.052147E-16
3234.32575321203  4.395145E-16
3238.07369351392  2.204708E-16
3241.82163381582  2.597758E-16
3245.56957411771  2.621394E-16
3249.31751441961  5.592616E-17
3253.0654547215  -5.444041E-18
3256.8133950234  1.909811E-16
3260.56133532529  2.154251E-16
3264.30927562719  6.067971E-17
3268.05721592908  2.327090E-16
3271.80515623098  3.851051E-16
3275.55309653287  3.193387E-16
3279.30103683477  1.835605E-16
3283.04897713666  -2.500984E-17
3286.79691743856  3.465164E-17
3290.54485774045  1.701899E-16
3294.29279804235  1.330908E-16
3298.04073834424  1.367320E-16
3301.78867864614  6.822647E-17
3305.53661894803  5.135382E-17
3309.28455924993  2.206859E-16
3313.03249955182  1.701445E-16
3316.78043985372  3.637487E-17
3320.52838015561  1.181642E-16
3324.27632045751  8.251993E-17
3328.0242607594  7.192710E-17
3331.7722010613  3.086568E-16
3335.52014136319  2.962006E-16
3339.26808166509  1.821825E-16
3343.01602196699  1.606318E-16
3346.76396226888  1.294897E-16
3350.51190257078  8.101651E-17
3354.25984287267  1.148696E-16
3358.00778317457  2.006095E-16
3361.75572347646  2.294471E-16
3365.50366377836  9.422929E-17
3369.25160408025  1.300231E-16
3372.99954438215  2.069493E-16
3376.74748468404  1.257943E-16
3380.49542498594  9.262927E-17
3384.24336528783  1.612416E-16
3387.99130558973  2.004413E-16
3391.73924589162  1.601946E-16
3395.48718619352  1.773097E-16
3399.23512649541  1.124540E-16
3402.98306679731  8.514313E-17
3406.7310070992  2.225344E-16
3410.4789474011  2.459958E-16
3414.22688770299  1.205224E-16
3417.97482800489  7.452794E-17
3421.72276830678  9.403463E-17
3425.47070860868  1.444377E-16
3429.21864891057  2.410790E-16
3432.96658921247  2.226543E-16
3436.71452951436  1.609501E-16
3440.46246981626  2.056530E-16
3444.21041011815  2.715204E-16
3447.95835042005  2.774759E-16
3451.70629072194  2.223572E-16
3455.45423102384  2.388294E-16
3459.20217132573  2.296742E-16
3462.95011162763  1.990047E-16
3466.69805192952  2.182150E-16
3470.44599223142  2.031184E-16
3474.19393253331  1.629418E-16
3477.94187283521  1.548766E-16
3481.6898131371  1.516136E-16
3485.437753439  1.721195E-16
3489.18569374089  2.135630E-16
3492.93363404279  1.959026E-16
3496.68157434468  2.104460E-16
3500.42951464658  2.124751E-16
3504.17745494847  2.548115E-16
3507.92539525037  2.660240E-16
3511.67333555226  2.565036E-16
3515.42127585416  2.514730E-16
3519.16921615605  2.574939E-16
3522.91715645795  2.014402E-16
3526.66509675985  2.354360E-16
3530.41303706174  2.759659E-16
3534.16097736364  2.302642E-16
3537.90891766553  1.748965E-16
3541.65685796743  1.744611E-16
3545.40479826932  1.978841E-16
3549.15273857122  1.484547E-16
3552.90067887311  1.006811E-16
3556.64861917501  1.929768E-16
3560.3965594769  2.444476E-16
3564.1444997788  1.771280E-16
3567.89244008069  1.191123E-16
3571.64038038259  1.144618E-16
3575.38832068448  1.476931E-16
3579.13626098638  1.901621E-16
3582.88420128827  1.914078E-16
3586.63214159017  1.688659E-16
3590.38008189206  1.912763E-16
3594.12802219396  2.198864E-16
3597.87596249585  2.048948E-16
3601.62390279775  1.562867E-16
3605.37184309964  1.778786E-16
3609.11978340154  2.543293E-16
3612.86772370343  2.197448E-16
3616.61566400533  1.905732E-16
3620.36360430722  2.218298E-16
3624.11154460912  2.194444E-16
3627.85948491101  1.877238E-16
3631.60742521291  1.661949E-16
3635.3553655148  1.856820E-16
3639.1033058167  1.972794E-16
3642.85124611859  1.903372E-16
3646.59918642049  1.577952E-16
3650.34712672238  1.553773E-16
3654.09506702428  1.863377E-16
3657.84300732617  2.186899E-16
3661.59094762807  2.012874E-16
3665.33888792996  1.985269E-16
3669.08682823186  1.856441E-16
3672.83476853375  1.987795E-16
3676.58270883565  2.139379E-16
3680.33064913754  1.641402E-16
3684.07858943944  1.130014E-16
3687.82652974133  1.046759E-16
3691.57447004323  1.311056E-16
3695.32241034512  1.917564E-16
3699.07035064702  1.856304E-16
3702.81829094892  1.974884E-16
3706.56623125081  1.657742E-16
3710.31417155271  1.513936E-16
3714.0621118546  1.629894E-16
3717.8100521565  1.880609E-16
3721.55799245839  1.848276E-16
3725.30593276029  1.576390E-16
3729.05387306218  2.233907E-16
3732.80181336408  2.399557E-16
3736.54975366597  2.984848E-16
3740.29769396787  3.332047E-16
3744.04563426976  3.875942E-16
3747.79357457166  4.574543E-16
3751.54151487355  4.774579E-16
3755.28945517545  4.035999E-16
3759.03739547734  3.382961E-16
3762.78533577924  2.954962E-16
3766.53327608113  2.936411E-16
3770.28121638303  3.424107E-16
3774.02915668492  2.901961E-16
3777.77709698682  2.482116E-16
3781.52503728871  2.362072E-16
3785.27297759061  2.453705E-16
3789.0209178925  2.508228E-16
3792.7688581944  2.235995E-16
3796.51679849629  2.319132E-16
3800.26473879819  2.202464E-16
3804.01267910008  2.343648E-16
3807.76061940198  2.614762E-16
3811.50855970387  2.928725E-16
3815.25650000577  2.652659E-16
3819.00444030766  2.444635E-16
3822.75238060956  2.519635E-16
3826.50032091145  2.942248E-16
3830.24826121335  2.681634E-16
3833.99620151524  3.071622E-16
3837.74414181714  3.227868E-16
3841.49208211903  2.605174E-16
3845.24002242093  2.572359E-16
3848.98796272282  2.480919E-16
3852.73590302472  2.222688E-16
3856.48384332661  1.572926E-16
3860.23178362851  1.504064E-16
3863.9797239304  1.785594E-16
3867.7276642323  1.757694E-16
3871.47560453419  1.663279E-16
3875.22354483609  1.676330E-16
3878.97148513798  1.710146E-16
3882.71942543988  1.661235E-16
3886.46736574178  1.702989E-16
3890.21530604367  1.505510E-16
3893.96324634557  1.694035E-16
3897.71118664746  1.767555E-16
3901.45912694936  1.785907E-16
3905.20706725125  1.581164E-16
3908.95500755315  1.621423E-16
3912.70294785504  1.840265E-16
3916.45088815694  1.738967E-16
3920.19882845883  1.954920E-16
3923.94676876073  2.091980E-16
3927.69470906262  2.286322E-16
3931.44264936452  2.705042E-16
3935.19058966641  2.714456E-16
3938.93852996831  2.761441E-16
3942.6864702702  3.165034E-16
3946.4344105721  3.587453E-16
3950.18235087399  4.055301E-16
3953.93029117589  4.658140E-16
3957.67823147778  5.102883E-16
3961.42617177968  5.682406E-16
3965.17411208157  6.227012E-16
3968.92205238347  6.761686E-16
3972.66999268536  7.272803E-16
3976.41793298726  7.120091E-16
3980.16587328915  7.497160E-16
3983.91381359105  7.460826E-16
3987.66175389294  6.825219E-16
3991.40969419484  7.109840E-16
3995.15763449673  7.118668E-16
3998.90557479863  6.648645E-16
4002.65351510052  6.750829E-16
4006.40145540242  6.472481E-16
4010.14939570431  6.404548E-16
4013.89733600621  6.319707E-16
4017.6452763081  6.168743E-16
4021.39321661  6.500990E-16
4025.14115691189  7.184967E-16
4028.88909721379  6.981592E-16
4032.63703751568  6.369367E-16
4036.38497781758  5.577695E-16
4040.13291811947  5.067420E-16
4043.88085842137  5.243777E-16
4047.62879872327  5.203695E-16
4051.37673902516  4.800335E-16
4055.12467932705  4.987831E-16
4058.87261962895  5.449679E-16
4062.62055993084  5.474148E-16
4066.36850023274  5.642410E-16
4070.11644053464  6.469237E-16
4073.86438083653  6.942735E-16
4077.61232113842  7.189931E-16
4081.36026144032  7.637139E-16
4085.10820174222  8.119942E-16
4088.85614204411  9.071147E-16
4092.60408234601  9.941365E-16
4096.3520226479  1.027446E-15
4100.0999629498  1.072062E-15
4103.84790325169  1.123605E-15
4107.59584355359  1.194603E-15
4111.34378385548  1.218133E-15
4115.09172415738  1.216067E-15
4118.83966445927  1.247738E-15
4122.58760476117  1.251211E-15
4126.33554506306  1.225996E-15
4130.08348536496  1.205807E-15
4133.83142566685  1.110338E-15
4137.57936596875  1.046922E-15
4141.32730627064  1.038343E-15
4145.07524657254  1.042266E-15
4148.82318687443  9.527516E-16
4152.57112717633  9.072328E-16
4156.31906747822  9.260813E-16
4160.06700778012  8.854411E-16
4163.81494808201  8.829000E-16
4167.56288838391  8.850236E-16
4171.3108286858  8.952322E-16
4175.0587689877  8.874086E-16
4178.80670928959  8.526035E-16
4182.55464959149  7.817098E-16
4186.30258989338  7.692666E-16
4190.05053019528  7.447643E-16
4193.79847049717  6.779771E-16
4197.54641079907  6.580952E-16
4201.29435110096  6.774437E-16
4205.04229140286  6.539113E-16
4208.79023170475  6.174368E-16
4212.53817200665  5.997049E-16
4216.28611230854  5.945688E-16
4220.03405261044  5.984952E-16
4223.78199291233  6.087978E-16
4227.52993321423  6.036661E-16
4231.27787351613  5.933827E-16
4235.02581381802  6.069306E-16
4238.77375411991  5.889820E-16
4242.52169442181  5.912018E-16
4246.2696347237  5.851928E-16
4250.0175750256  5.717671E-16
4253.7655153275  5.647410E-16
4257.51345562939  5.592928E-16
4261.26139593129  5.113628E-16
4265.00933623318  4.285756E-16
4268.75727653508  3.621091E-16
4272.50521683697  3.678064E-16
4276.25315713887  4.389989E-16
4280.00109744076  3.832792E-16
4283.74903774266  3.236511E-16
4287.49697804455  3.524912E-16
4291.24491834645  3.712598E-16
4294.99285864834  3.444712E-16
4298.74079895024  3.441185E-16
4302.48873925213  3.915958E-16
4306.23667955403  4.240753E-16
4309.98461985592  4.308908E-16
4313.73256015782  4.719522E-16
4317.48050045971  5.298406E-16
4321.22844076161  5.704514E-16
4324.9763810635  6.173777E-16
4328.7243213654  6.446218E-16
4332.47226166729  6.823889E-16
4336.22020196919  6.687114E-16
4339.96814227108  6.916485E-16
4343.71608257298  7.341834E-16
4347.46402287487  7.362305E-16
4351.21196317677  7.352490E-16
4354.95990347866  7.033082E-16
4358.70784378056  6.636972E-16
4362.45578408245  6.747535E-16
4366.20372438435  6.248821E-16
4369.95166468624  6.498997E-16
4373.69960498814  6.514679E-16
4377.44754529003  7.040770E-16
4381.19548559193  6.675734E-16
4384.94342589382  6.811518E-16
4388.69136619572  7.672549E-16
4392.43930649761  7.291617E-16
4396.18724679951  7.691360E-16
4399.9351871014  7.898586E-16
4403.6831274033  8.069669E-16
4407.43106770519  8.333490E-16
4411.17900800709  8.607410E-16
4414.92694830898  8.245221E-16
4418.67488861088  7.886171E-16
4422.42282891277  7.732085E-16
4426.17076921467  7.781370E-16
4429.91870951657  7.990612E-16
4433.66664981846  7.958253E-16
4437.41459012036  7.859072E-16
4441.16253042225  8.375823E-16
4444.91047072415  8.569635E-16
4448.65841102604  8.690739E-16
4452.40635132794  9.112779E-16
4456.15429162983  9.341955E-16
4459.90223193173  9.524188E-16
4463.65017223362  9.295367E-16
4467.39811253552  9.362288E-16
4471.14605283741  9.222320E-16
4474.89399313931  8.858247E-16
4478.6419334412  8.488633E-16
4482.3898737431  8.054409E-16
4486.13781404499  7.956819E-16
4489.88575434689  7.709574E-16
4493.63369464878  7.850524E-16
4497.38163495068  7.607152E-16
4501.12957525257  6.847131E-16
4504.87751555447  6.660769E-16
4508.62545585636  6.749702E-16
4512.37339615826  6.373775E-16
4516.12133646015  6.248048E-16
4519.86927676205  6.143976E-16
4523.61721706394  5.974449E-16
4527.36515736584  6.282540E-16
4531.11309766773  6.386944E-16
4534.86103796963  6.436243E-16
4538.60897827152  6.845157E-16
4542.35691857342  7.116449E-16
4546.10485887531  6.998846E-16
4549.85279917721  6.901266E-16
4553.6007394791  7.516440E-16
4557.348679781  8.369132E-16
4561.09662008289  8.653002E-16
4564.84456038479  9.169523E-16
4568.59250068668  9.956445E-16
4572.34044098858  1.081453E-15
4576.08838129048  1.153410E-15
4579.83632159237  1.238559E-15
4583.58426189426  1.337476E-15
4587.33220219616  1.416974E-15
4591.08014249806  1.456177E-15
4594.82808279995  1.474785E-15
4598.57602310184  1.453862E-15
4602.32396340374  1.383879E-15
4606.07190370564  1.342478E-15
4609.81984400753  1.351295E-15
4613.56778430943  1.361314E-15
4617.31572461132  1.398693E-15
4621.06366491321  1.374717E-15
4624.81160521511  1.376081E-15
4628.55954551701  1.419131E-15
4632.3074858189  1.491713E-15
4636.0554261208  1.493596E-15
4639.80336642269  1.467601E-15
4643.55130672459  1.466084E-15
4647.29924702648  1.468225E-15
4651.04718732838  1.456713E-15
4654.79512763027  1.460910E-15
4658.54306793217  1.488471E-15
4662.29100823406  1.514602E-15
4666.03894853596  1.528370E-15
4669.78688883785  1.550093E-15
4673.53482913975  1.587975E-15
4677.28276944164  1.563167E-15
4681.03070974354  1.535244E-15
4684.77865004543  1.529624E-15
4688.52659034733  1.538098E-15
4692.27453064922  1.545296E-15
4696.02247095112  1.530811E-15
4699.77041125301  1.535644E-15
4703.51835155491  1.510690E-15
4707.2662918568  1.483852E-15
4711.0142321587  1.458240E-15
4714.76217246059  1.430540E-15
4718.51011276249  1.407628E-15
4722.25805306438  1.359321E-15
4726.00599336628  1.376848E-15
4729.75393366817  1.330928E-15
4733.50187397007  1.219754E-15
4737.24981427196  1.174830E-15
4740.99775457386  1.094243E-15
4744.74569487575  1.017412E-15
4748.49363517765  9.371533E-16
4752.24157547954  8.818052E-16
4755.98951578144  8.625353E-16
4759.73745608334  7.843756E-16
4763.48539638523  7.101634E-16
4767.23333668713  7.027773E-16
4770.98127698902  6.619994E-16
4774.72921729092  6.020871E-16
4778.47715759281  5.333131E-16
4782.2250978947  5.108743E-16
4785.9730381966  5.049497E-16
4789.7209784985  4.839434E-16
4793.46891880039  4.624525E-16
4797.21685910229  4.664787E-16
4800.96479940418  4.621878E-16
4804.71273970607  4.200589E-16
4808.46068000797  4.152163E-16
4812.20862030987  4.370381E-16
4815.95656061176  4.777265E-16
4819.70450091366  5.080289E-16
4823.45244121555  5.354463E-16
4827.20038151745  5.827019E-16
4830.94832181934  6.327442E-16
4834.69626212124  7.048560E-16
4838.44420242313  8.658564E-16
4842.19214272503  9.958825E-16
4845.94008302692  1.132352E-15
4849.68802332882  1.241443E-15
4853.43596363071  1.365942E-15
4857.18390393261  1.511971E-15
4860.9318442345  1.593898E-15
4864.6797845364  1.670489E-15
4868.42772483829  1.698513E-15
4872.17566514019  1.737091E-15
4875.92360544208  1.796940E-15
4879.67154574398  1.726162E-15
4883.41948604587  1.628504E-15
4887.16742634777  1.618235E-15
4890.91536664966  1.600235E-15
4894.66330695156  1.521991E-15
4898.41124725345  1.462118E-15
4902.15918755535  1.435980E-15
4905.90712785724  1.466981E-15
4909.65506815914  1.479556E-15
4913.40300846103  1.568453E-15
4917.15094876293  1.648870E-15
4920.89888906482  1.690049E-15
4924.64682936672  1.819322E-15
4928.39476966861  1.899134E-15
4932.14270997051  1.922951E-15
4935.89065027241  1.967274E-15
4939.6385905743  1.984495E-15
4943.3865308762  1.984410E-15
4947.13447117809  1.975214E-15
4950.88241147999  1.968566E-15
4954.63035178188  1.931986E-15
4958.37829208378  1.874654E-15
4962.12623238567  1.780159E-15
4965.87417268757  1.694148E-15
4969.62211298946  1.633760E-15
4973.37005329136  1.556846E-15
4977.11799359325  1.440714E-15
4980.86593389515  1.336322E-15
4984.61387419704  1.268109E-15
4988.36181449894  1.240819E-15
4992.10975480083  1.197076E-15
4995.85769510273  1.156645E-15
4999.60563540462  1.147862E-15
5003.35357570652  1.211596E-15
5007.10151600841  1.318917E-15
5010.84945631031  1.425326E-15
5014.5973966122  1.541755E-15
5018.3453369141  1.637734E-15
5022.09327721599  1.734188E-15
5025.84121751789  1.801946E-15
5029.58915781978  1.853913E-15
5033.33709812168  1.876339E-15
5037.08503842357  1.930263E-15
5040.83297872547  2.008948E-15
5044.58091902736  1.908421E-15
5048.32885932926  1.867732E-15
5052.07679963115  1.858993E-15
5055.82473993305  1.790496E-15
5059.57268023494  1.778475E-15
5063.32062053684  1.789177E-15
5067.06856083873  1.784589E-15
5070.81650114063  1.745270E-15
5074.56444144252  1.712939E-15
5078.31238174442  1.663470E-15
5082.06032204631  1.639009E-15
5085.80826234821  1.605842E-15
5089.5562026501  1.590362E-15
5093.304142952  1.536075E-15
5097.0520832539  1.433836E-15
5100.80002355579  1.339106E-15
5104.54796385768  1.291778E-15
5108.29590415958  1.272114E-15
5112.04384446148  1.176882E-15
5115.79178476337  1.093524E-15
5119.53972506526  1.077393E-15
5123.28766536716  9.959365E-16
5127.03560566906  9.311806E-16
5130.78354597095  8.874962E-16
5134.53148627285  8.410468E-16
5138.27942657474  8.417849E-16
5142.02736687664  8.015681E-16
5145.77530717853  8.062200E-16
5149.52324748043  8.472981E-16
5153.27118778232  8.667939E-16
5157.01912808422  9.182716E-16
5160.76706838611  9.696006E-16
5164.51500868801  1.013564E-15
5168.2629489899  1.059606E-15
5172.0108892918  1.105712E-15
5175.75882959369  1.180105E-15
5179.50676989559  1.215396E-15
5183.25471019748  1.265025E-15
5187.00265049938  1.328322E-15
5190.75059080127  1.407508E-15
5194.49853110317  1.427064E-15
5198.24647140506  1.394506E-15
5201.99441170696  1.400792E-15
5205.74235200885  1.393003E-15
5209.49029231075  1.426077E-15
5213.23823261264  1.435446E-15
5216.98617291454  1.404124E-15
5220.73411321643  1.417934E-15
5224.48205351833  1.448959E-15
5228.22999382022  1.462625E-15
5231.97793412212  1.480833E-15
5235.72587442401  1.467718E-15
5239.47381472591  1.468404E-15
5243.2217550278  1.472599E-15
5246.9696953297  1.455626E-15
5250.71763563159  1.436284E-15
5254.46557593349  1.416000E-15
5258.21351623539  1.439548E-15
5261.96145653728  1.428073E-15
5265.70939683918  1.421619E-15
5269.45733714107  1.486336E-15
5273.20527744297  1.470907E-15
5276.95321774486  1.457335E-15
5280.70115804676  1.411731E-15
5284.44909834865  1.423796E-15
5288.19703865054  1.393911E-15
5291.94497895244  1.341275E-15
5295.69291925434  1.315000E-15
5299.44085955623  1.298639E-15
5303.18879985813  1.355364E-15
5306.93674016002  1.389882E-15
5310.68468046192  1.412882E-15
5314.43262076381  1.445031E-15
5318.18056106571  1.490884E-15
5321.9285013676  1.514380E-15
5325.6764416695  1.524156E-15
5329.42438197139  1.538573E-15
5333.17232227329  1.567751E-15
5336.92026257518  1.590239E-15
5340.66820287708  1.591683E-15
5344.41614317897  1.600145E-15
5348.16408348087  1.601645E-15
5351.91202378276  1.599637E-15
5355.65996408466  1.628517E-15
5359.40790438655  1.649115E-15
5363.15584468845  1.646088E-15
5366.90378499034  1.664213E-15
5370.65172529224  1.686767E-15
5374.39966559413  1.675484E-15
5378.14760589603  1.644065E-15
5381.89554619792  1.649285E-15
5385.64348649982  1.665001E-15
5389.39142680171  1.656031E-15
5393.13936710361  1.609537E-15
5396.8873074055  1.592874E-15
5400.6352477074  1.620283E-15
5404.38318800929  1.610830E-15
5408.13112831119  1.604678E-15
5411.87906861308  1.645981E-15
5415.62700891498  1.656310E-15
5419.37494921687  1.662729E-15
5423.12288951877  1.687434E-15
5426.87082982066  1.694529E-15
5430.61877012256  1.739013E-15
5434.36671042445  1.735535E-15
5438.11465072635  1.693348E-15
5441.86259102825  1.728080E-15
5445.61053133014  1.742381E-15
5449.35847163204  1.722042E-15
5453.10641193393  1.688247E-15
5456.85435223583  1.684351E-15
5460.60229253772  1.661622E-15
5464.35023283962  1.644885E-15
5468.09817314151  1.620050E-15
5471.84611344341  1.595858E-15
5475.5940537453  1.597009E-15
5479.34199404719  1.568963E-15
5483.08993434909  1.556621E-15
5486.83787465099  1.532165E-15
5490.58581495288  1.513090E-15
5494.33375525478  1.516517E-15
5498.08169555667  1.464832E-15
5501.82963585857  1.433817E-15
5505.57757616046  1.428885E-15
5509.32551646236  1.434092E-15
5513.07345676425  1.443953E-15
5516.82139706615  1.458898E-15
5520.56933736804  1.486741E-15
5524.31727766994  1.533228E-15
5528.06521797183  1.593628E-15
5531.81315827373  1.621137E-15
5535.56109857562  1.639834E-15
5539.30903887752  1.645601E-15
5543.05697917941  1.653195E-15
5546.80491948131  1.707881E-15
5550.5528597832  1.720832E-15
5554.3008000851  1.691367E-15
5558.04874038699  1.707817E-15
5561.79668068889  1.712026E-15
5565.54462099078  1.699646E-15
5569.29256129268  1.665181E-15
5573.04050159457  1.620526E-15
5576.78844189647  1.649867E-15
5580.53638219836  1.646800E-15
5584.28432250026  1.598798E-15
5588.03226280215  1.575917E-15
5591.78020310405  1.533096E-15
5595.52814340594  1.531310E-15
5599.27608370784  1.507823E-15
5603.02402400973  1.440004E-15
5606.77196431163  1.444794E-15
5610.51990461352  1.431498E-15
5614.26784491542  1.365239E-15
5618.01578521732  1.335119E-15
5621.76372551921  1.342619E-15
5625.5116658211  1.326947E-15
5629.259606123  1.318486E-15
5633.00754642489  1.298723E-15
5636.75548672679  1.273704E-15
5640.50342702869  1.278498E-15
5644.25136733058  1.270347E-15
5647.99930763247  1.254723E-15
5651.74724793437  1.302792E-15
5655.49518823627  1.350368E-15
5659.24312853816  1.367055E-15
5662.99106884006  1.413468E-15
5666.73900914195  1.439241E-15
5670.48694944385  1.447307E-15
5674.23488974574  1.495599E-15
5677.98283004764  1.532046E-15
5681.73077034953  1.553806E-15
5685.47871065143  1.572881E-15
5689.22665095332  1.546313E-15
5692.97459125522  1.566103E-15
5696.72253155711  1.601687E-15
5700.47047185901  1.581687E-15
5704.2184121609  1.587261E-15
5707.9663524628  1.577934E-15
5711.71429276469  1.551135E-15
5715.46223306659  1.554794E-15
5719.21017336848  1.551003E-15
5722.95811367038  1.514631E-15
5726.70605397227  1.490136E-15
5730.45399427417  1.484181E-15
5734.20193457606  1.435314E-15
5737.94987487796  1.409312E-15
5741.69781517985  1.387935E-15
5745.44575548175  1.371134E-15
5749.19369578364  1.339303E-15
5752.94163608554  1.322064E-15
5756.68957638743  1.318861E-15
5760.43751668933  1.310703E-15
5764.18545699122  1.319362E-15
5767.93339729312  1.319733E-15
5771.68133759501  1.290819E-15
5775.42927789691  1.276375E-15
5779.1772181988  1.270119E-15
5782.9251585007  1.258959E-15
5786.67309880259  1.232230E-15
5790.42103910449  1.206940E-15
5794.16897940638  1.170309E-15
5797.91691970828  1.121773E-15
5801.66486001018  1.077421E-15
5805.41280031207  1.048693E-15
5809.16074061397  1.029566E-15
5812.90868091586  1.010798E-15
5816.65662121776  9.936792E-16
5820.40456151965  9.522858E-16
5824.15250182155  9.035001E-16
5827.90044212344  8.960625E-16
5831.64838242534  8.739414E-16
5835.39632272723  8.671685E-16
5839.14426302913  8.721662E-16
5842.89220333102  8.497576E-16
5846.64014363292  8.412162E-16
5850.38808393481  8.500174E-16
5854.13602423671  8.853060E-16
5857.8839645386  8.873973E-16
5861.6319048405  9.166597E-16
5865.37984514239  9.370454E-16
5869.12778544429  9.443973E-16
5872.87572574618  1.013602E-15
5876.62366604808  1.102715E-15
5880.37160634997  1.178061E-15
5884.11954665187  1.237830E-15
5887.86748695376  1.308344E-15
5891.61542725566  1.395624E-15
5895.36336755755  1.484097E-15
5899.11130785945  1.536225E-15
5902.85924816134  1.591114E-15
5906.60718846324  1.645011E-15
5910.35512876513  1.697743E-15
5914.10306906703  1.719062E-15
5917.85100936892  1.718753E-15
5921.59894967082  1.725640E-15
5925.34688997271  1.762753E-15
5929.09483027461  1.770124E-15
5932.8427705765  1.768786E-15
5936.5907108784  1.720308E-15
5940.33865118029  1.705082E-15
5944.08659148219  1.729428E-15
5947.83453178408  1.737460E-15
5951.58247208598  1.729474E-15
5955.33041238787  1.731436E-15
5959.07835268977  1.686168E-15
5962.82629299166  1.659806E-15
5966.57423329356  1.641284E-15
5970.32217359545  1.630609E-15
5974.07011389735  1.614687E-15
5977.81805419925  1.583963E-15
5981.56599450114  1.566590E-15
5985.31393480303  1.567121E-15
5989.06187510493  1.572827E-15
5992.80981540682  1.542636E-15
5996.55775570872  1.527152E-15
6000.30569601062  1.539341E-15
6004.05363631251  1.534361E-15
6007.80157661441  1.519613E-15
6011.5495169163  1.516864E-15
6015.2974572182  1.506410E-15
6019.04539752009  1.494199E-15
6022.79333782199  1.470064E-15
6026.54127812388  1.461268E-15
6030.28921842578  1.463839E-15
6034.03715872767  1.453925E-15
6037.78509902957  1.470913E-15
6041.53303933146  1.469731E-15
6045.28097963336  1.427971E-15
6049.02891993525  1.408244E-15
6052.77686023715  1.414030E-15
6056.52480053904  1.418642E-15
6060.27274084094  1.416550E-15
6064.02068114283  1.400809E-15
6067.76862144473  1.412078E-15
6071.51656174662  1.402492E-15
6075.26450204852  1.354542E-15
6079.01244235041  1.361708E-15
6082.76038265231  1.392285E-15
6086.5083229542  1.390863E-15
6090.2562632561  1.366910E-15
6094.00420355799  1.362172E-15
6097.75214385989  1.332283E-15
6101.50008416178  1.300444E-15
6105.24802446368  1.267432E-15
6108.99596476557  1.268567E-15
6112.74390506747  1.280186E-15
6116.49184536936  1.286101E-15
6120.23978567126  1.281777E-15
6123.98772597315  1.253930E-15
6127.73566627505  1.246536E-15
6131.48360657694  1.277229E-15
6135.23154687884  1.297586E-15
6138.97948718073  1.309980E-15
6142.72742748263  1.356022E-15
6146.47536778452  1.374455E-15
6150.22330808642  1.367754E-15
6153.97124838831  1.352567E-15
6157.71918869021  1.384687E-15
6161.46712899211  1.413647E-15
6165.215069294  1.408987E-15
6168.9630095959  1.396787E-15
6172.71094989779  1.403542E-15
6176.45889019969  1.412220E-15
6180.20683050158  1.383640E-15
6183.95477080348  1.381401E-15
6187.70271110537  1.374498E-15
6191.45065140727  1.362086E-15
6195.19859170916  1.351174E-15
6198.94653201106  1.326293E-15
6202.69447231295  1.301576E-15
6206.44241261485  1.294090E-15
6210.19035291674  1.298649E-15
6213.93829321864  1.278163E-15
6217.68623352053  1.253031E-15
6221.43417382243  1.245922E-15
6225.18211412432  1.259683E-15
6228.93005442622  1.256364E-15
6232.67799472811  1.247717E-15
6236.42593503001  1.266937E-15
6240.1738753319  1.298814E-15
6243.9218156338  1.306926E-15
6247.66975593569  1.327647E-15
6251.41769623759  1.349482E-15
6255.16563653948  1.359268E-15
6258.91357684138  1.388770E-15
6262.66151714327  1.364800E-15
6266.40945744517  1.368877E-15
6270.15739774706  1.377031E-15
6273.90533804896  1.353856E-15
6277.65327835085  1.337710E-15
6281.40121865275  1.328619E-15
6285.14915895464  1.357421E-15
6288.89709925654  1.366714E-15
6292.64503955843  1.354444E-15
6296.39297986033  1.356829E-15
6300.14092016222  1.374629E-15
6303.88886046412  1.391683E-15
6307.63680076601  1.383043E-15
6311.38474106791  1.376750E-15
6315.1326813698  1.373407E-15
6318.8806216717  1.375529E-15
6322.62856197359  1.382411E-15
6326.37650227549  1.340579E-15
6330.12444257738  1.293866E-15
6333.87238287928  1.308682E-15
6337.62032318117  1.313724E-15
6341.36826348307  1.281459E-15
6345.11620378496  1.281373E-15
6348.86414408686  1.282809E-15
6352.61208438875  1.274072E-15
6356.36002469065  1.244014E-15
6360.10796499255  1.248185E-15
6363.85590529444  1.252899E-15
6367.60384559634  1.237670E-15
6371.35178589823  1.198774E-15
6375.09972620013  1.180989E-15
6378.84766650202  1.166499E-15
6382.59560680392  1.141135E-15
6386.34354710581  1.083457E-15
6390.09148740771  1.053258E-15
6393.8394277096  9.976132E-16
6397.5873680115  9.144412E-16
6401.33530831339  8.521311E-16
6405.08324861529  8.010201E-16
6408.83118891718  7.447985E-16
6412.57912921908  6.902298E-16
6416.32706952097  6.490169E-16
6420.07500982287  6.039380E-16
6423.82295012476  5.613599E-16
6427.57089042666  5.093433E-16
6431.31883072855  4.828503E-16
6435.06677103045  4.686460E-16
6438.81471133234  4.416976E-16
6442.56265163424  4.288654E-16
6446.31059193613  4.510988E-16
6450.05853223803  4.554491E-16
6453.80647253992  4.395834E-16
6457.55441284182  4.401815E-16
6461.30235314371  4.730626E-16
6465.05029344561  4.960441E-16
6468.7982337475  5.125100E-16
6472.5461740494  5.477534E-16
6476.29411435129  5.756407E-16
6480.04205465319  6.115225E-16
6483.78999495508  6.493254E-16
6487.53793525698  6.804818E-16
6491.28587555887  7.034033E-16
6495.03381586077  7.927892E-16
6498.78175616266  8.670894E-16
6502.52969646456  9.144016E-16
6506.27763676645  9.714969E-16
6510.02557706835  1.049376E-15
6513.77351737024  1.129292E-15
6517.52145767214  1.226058E-15
6521.26939797404  1.365160E-15
6525.01733827593  1.480632E-15
6528.76527857783  1.594555E-15
6532.51321887972  1.753763E-15
6536.26115918162  1.937901E-15
6540.00909948351  2.125440E-15
6543.75703978541  2.317299E-15
6547.5049800873  2.480946E-15
6551.2529203892  2.647688E-15
6555.00086069109  2.756980E-15
6558.74880099299  2.894423E-15
6562.49674129488  2.988145E-15
6566.24468159678  3.086463E-15
6569.99262189867  3.126020E-15
6573.74056220057  3.116771E-15
6577.48850250246  3.148022E-15
6581.23644280436  3.199628E-15
6584.98438310625  3.267247E-15
6588.73232340815  3.276631E-15
6592.48026371004  3.257525E-15
6596.22820401194  3.285623E-15
6599.97614431383  3.419031E-15
6603.72408461573  3.541430E-15
6607.47202491762  3.406755E-15
6611.21996521952  3.188556E-15
6614.96790552141  3.125519E-15
6618.71584582331  3.079584E-15
6622.4637861252  3.031525E-15
6626.2117264271  2.929601E-15
6629.95966672899  2.830583E-15
6633.70760703089  2.760624E-15
6637.45554733278  2.710639E-15
6641.20348763468  2.642845E-15
6644.95142793657  2.584119E-15
6648.69936823847  2.549884E-15
6652.44730854036  2.488002E-15
6656.19524884226  2.437706E-15
6659.94318914415  2.376777E-15
6663.69112944605  2.316221E-15
6667.43906974794  2.287339E-15
6671.18701004984  2.250775E-15
6674.93495035173  2.177616E-15
6678.68289065363  2.115491E-15
6682.43083095552  2.088014E-15
6686.17877125742  2.034606E-15
6689.92671155931  1.974747E-15
6693.67465186121  1.933545E-15
6697.42259216311  1.881340E-15
6701.170532465  1.882333E-15
6704.91847276689  1.853650E-15
6708.66641306879  1.818245E-15
6712.41435337068  1.796220E-15
6716.16229367258  1.760016E-15
6719.91023397448  1.736101E-15
6723.65817427637  1.705792E-15
6727.40611457827  1.677144E-15
6731.15405488016  1.671911E-15
6734.90199518206  1.646214E-15
6738.64993548395  1.617792E-15
6742.39787578585  1.599106E-15
6746.14581608774  1.604093E-15
6749.89375638964  1.575844E-15
6753.64169669153  1.590785E-15
6757.38963699343  1.592588E-15
6761.13757729532  1.542112E-15
6764.88551759722  1.464453E-15
6768.63345789911  1.471226E-15
6772.38139820101  1.485689E-15
6776.1293385029  1.454692E-15
6779.8772788048  1.397946E-15
6783.62521910669  1.377292E-15
6787.37315940859  1.346352E-15
6791.12109971048  1.352370E-15
6794.86904001238  1.344937E-15
6798.61698031427  1.315844E-15
6802.36492061617  1.299606E-15
6806.11286091806  1.277245E-15
6809.86080121996  1.273129E-15
6813.60874152185  1.253297E-15
6817.35668182375  1.267010E-15
6821.10462212564  1.269676E-15
6824.85256242754  1.238426E-15
6828.60050272943  1.241199E-15
6832.34844303133  1.233494E-15
6836.09638333322  1.230052E-15
6839.84432363512  1.253281E-15
6843.59226393701  1.249066E-15
6847.34020423891  1.235094E-15
6851.0881445408  1.221315E-15
6854.8360848427  1.218876E-15
6858.58402514459  1.219776E-15
6862.33196544649  1.270044E-15
6866.07990574838  1.259425E-15
6869.82784605028  1.173868E-15
6873.57578635217  1.140037E-15
6877.32372665407  1.184612E-15
6881.07166695596  1.181860E-15
6884.81960725786  1.167064E-15
6888.56754755975  1.158188E-15
6892.31548786165  1.154542E-15
6896.06342816355  1.153811E-15
6899.81136846544  1.151642E-15
6903.55930876734  1.134777E-15
6907.30724906923  1.142898E-15
6911.05518937113  1.133944E-15
6914.80312967302  1.109831E-15
6918.55106997492  1.119597E-15
6922.29901027681  1.139516E-15
6926.04695057871  1.131107E-15
6929.7948908806  1.123319E-15
6933.5428311825  1.106156E-15
6937.29077148439  1.108277E-15
6941.03871178629  1.098826E-15
6944.78665208818  1.108422E-15
6948.53459239008  1.101779E-15
6952.28253269197  1.094429E-15
6956.03047299387  1.091075E-15
6959.77841329576  1.065377E-15
6963.52635359766  1.075006E-15
6967.27429389955  1.093924E-15
6971.02223420145  1.094025E-15
6974.77017450334  1.075650E-15
6978.51811480524  1.081789E-15
6982.26605510713  1.085843E-15
6986.01399540903  1.061143E-15
6989.76193571092  1.051171E-15
6993.50987601282  1.062240E-15
6997.25781631471  1.081702E-15
7001.00575661661  1.080548E-15
7004.7536969185  1.103267E-15
7008.5016372204  1.107653E-15
7012.24957752229  1.107715E-15
7015.99751782419  1.117031E-15
7019.74545812608  1.118794E-15
7023.49339842798  1.122564E-15
7027.24133872987  1.106141E-15
7030.98927903177  1.100464E-15
7034.73721933366  1.112900E-15
7038.48515963556  1.126728E-15
7042.23309993745  1.130730E-15
7045.98104023935  1.135443E-15
7049.72898054124  1.133881E-15
7053.47692084314  1.128760E-15
7057.22486114504  1.117283E-15
7060.97280144693  1.123338E-15
7064.72074174882  1.133758E-15
7068.46868205072  1.123378E-15
7072.21662235262  1.119147E-15
7075.96456265451  1.125302E-15
7079.71250295641  1.124127E-15
7083.4604432583  1.128418E-15
7087.2083835602  1.111800E-15
7090.95632386209  1.104799E-15
7094.70426416399  1.103816E-15
7098.45220446588  1.093533E-15
7102.20014476778  1.102472E-15
7105.94808506967  1.101517E-15
7109.69602537157  1.093220E-15
7113.44396567346  1.071766E-15
7117.19190597536  1.075411E-15
7120.93984627725  1.076736E-15
7124.68778657915  1.068494E-15
7128.43572688104  1.069756E-15
7132.18366718294  1.071928E-15
7135.93160748483  1.070106E-15
7139.67954778673  1.068040E-15
7143.42748808862  1.065566E-15
7147.17542839052  1.068976E-15
7150.92336869241  1.065235E-15
7154.67130899431  1.056827E-15
7158.4192492962  1.047503E-15
7162.1671895981  1.059681E-15
7165.91512989999  1.071916E-15
7169.66307020189  1.067433E-15
7173.41101050378  1.076032E-15
7177.15895080568  1.059045E-15
7180.90689110757  1.082127E-15
7184.65483140947  1.077266E-15
7188.40277171136  1.042854E-15
7192.15071201326  1.029939E-15
7195.89865231515  1.035558E-15
7199.64659261705  1.034447E-15
7203.39453291894  1.041514E-15
7207.14247322084  1.065303E-15
7210.89041352273  1.084444E-15
7214.63835382463  1.076023E-15
7218.38629412652  1.063380E-15
7222.13423442842  1.084035E-15
7225.88217473031  1.109023E-15
7229.63011503221  1.123599E-15
7233.3780553341  1.139869E-15
7237.125995636  1.131110E-15
7240.87393593789  1.130764E-15
7244.62187623979  1.115659E-15
7248.36981654168  1.139005E-15
7252.11775684358  1.142798E-15
7255.86569714548  1.116643E-15
7259.61363744737  1.128652E-15
7263.36157774927  1.128116E-15
7267.10951805116  1.099959E-15
7270.85745835306  1.128157E-15
7274.60539865495  1.130066E-15
7278.35333895685  1.113712E-15
7282.10127925874  1.130311E-15
7285.84921956064  1.126168E-15
7289.59715986253  1.128225E-15
7293.34510016443  1.137480E-15
7297.09304046632  1.148481E-15
7300.84098076822  1.133758E-15
7304.58892107011  1.128160E-15
7308.33686137201  1.154398E-15
7312.0848016739  1.146734E-15
7315.8327419758  1.141893E-15
7319.58068227769  1.163263E-15
7323.32862257959  1.170668E-15
7327.07656288148  1.165856E-15
7330.82450318338  1.161747E-15
7334.57244348527  1.169233E-15
7338.32038378717  1.172389E-15
7342.06832408906  1.176188E-15
7345.81626439096  1.186546E-15
7349.56420469285  1.188858E-15
7353.31214499475  1.176922E-15
7357.06008529664  1.175774E-15
7360.80802559854  1.172889E-15
7364.55596590043  1.176422E-15
7368.30390620233  1.200477E-15
7372.05184650422  1.180277E-15
7375.79978680612  1.175617E-15
7379.54772710801  1.174972E-15
7383.29566740991  1.163854E-15
7387.0436077118  1.142722E-15
7390.7915480137  1.144678E-15
7394.53948831559  1.143157E-15
7398.28742861749  1.138511E-15
7402.03536891938  1.135849E-15
7405.78330922128  1.118790E-15
7409.53124952317  1.121105E-15
7413.27918982507  1.116244E-15
7417.02713012697  1.119934E-15
7420.77507042886  1.112949E-15
7424.52301073076  1.101364E-15
7428.27095103265  1.098890E-15
7432.01889133455  1.079353E-15
7435.76683163644  1.077620E-15
7439.51477193833  1.077463E-15
7443.26271224023  1.082282E-15
7447.01065254212  1.082472E-15
7450.75859284402  1.082729E-15
7454.50653314592  1.091100E-15
7458.25447344781  1.084772E-15
7462.00241374971  1.096338E-15
7465.7503540516  1.098982E-15
7469.4982943535  1.100053E-15
7473.24623465539  1.086944E-15
7476.99417495729  1.075458E-15
7480.74211525918  1.076789E-15
7484.49005556108  1.102364E-15
7488.23799586297  1.109463E-15
7491.98593616487  1.118534E-15
7495.73387646676  1.116456E-15
7499.48181676866  1.097889E-15
7503.22975707055  1.094674E-15
7506.97769737245  1.055919E-15
7510.72563767434  1.069036E-15
7514.47357797624  1.094051E-15
7518.22151827814  1.086357E-15
7521.96945858003  1.116324E-15
7525.71739888192  1.107884E-15
7529.46533918382  1.097983E-15
7533.21327948571  1.074168E-15
7536.96121978761  1.044931E-15
7540.7091600895  1.037227E-15
7544.4571003914  1.041091E-15
7548.20504069329  1.047779E-15
7551.95298099519  1.043924E-15
7555.70092129708  1.048417E-15
7559.44886159898  1.058532E-15
7563.19680190087  1.048477E-15
7566.94474220277  1.045415E-15
7570.69268250466  1.030447E-15
7574.44062280656  1.020376E-15
7578.18856310845  1.052203E-15
7581.93650341035  1.035472E-15
7585.68444371224  1.061187E-15
7589.43238401414  1.087067E-15
7593.18032431603  1.108585E-15
7596.92826461793  1.110207E-15
7600.67620491982  1.072844E-15
7604.42414522172  9.483300E-16
7608.17208552361  8.649557E-16
7611.92002582551  8.793583E-16
7615.66796612741  9.424931E-16
7619.4159064293  1.029118E-15
7623.1638467312  1.028341E-15
7626.91178703309  9.617004E-16
7630.65972733499  9.477741E-16
7634.40766763688  9.736065E-16
7638.15560793878  9.742664E-16
7641.90354824067  9.318815E-16
7645.65148854257  9.321121E-16
7649.39942884446  9.624476E-16
7653.14736914636  9.808882E-16
7656.89530944825  9.727804E-16
7660.64324975015  9.641552E-16
7664.39119005204  1.017437E-15
7668.13913035394  1.022201E-15
7671.88707065583  9.843619E-16
7675.63501095773  9.790839E-16
7679.38295125962  9.890257E-16
7683.13089156152  9.878966E-16
7686.87883186341  9.677709E-16
7690.62677216531  9.861915E-16
7694.3747124672  1.015141E-15
7698.1226527691  9.963854E-16
7701.87059307099  9.836073E-16
7705.61853337289  9.715841E-16
7709.36647367478  9.830179E-16
7713.11441397668  9.958200E-16
7716.86235427857  9.695392E-16
7720.61029458047  9.592664E-16
7724.35823488236  9.326360E-16
7728.10617518426  9.422540E-16
7731.85411548615  9.540124E-16
7735.60205578805  9.181026E-16
7739.34999608994  9.014893E-16
7743.09793639184  8.775281E-16
7746.84587669373  8.630574E-16
7750.59381699563  8.859154E-16
7754.34175729752  8.773007E-16
7758.08969759942  8.707307E-16
7761.83763790132  9.081631E-16
7765.58557820321  9.212883E-16
7769.3335185051  9.500396E-16
7773.081458807  9.798134E-16
7776.82939910889  9.973106E-16
7780.57733941079  1.011486E-15
7784.32527971268  1.032971E-15
7788.07322001458  1.050580E-15
7791.82116031647  1.060308E-15
7795.56910061837  1.062449E-15
7799.31704092027  1.073030E-15
7803.06498122216  1.095707E-15
7806.81292152405  1.098614E-15
7810.56086182595  1.118382E-15
7814.30880212785  1.105948E-15
7818.05674242974  1.145029E-15
7821.80468273164  1.176939E-15
7825.55262303353  1.138142E-15
7829.30056333543  1.128736E-15
7833.04850363732  1.123011E-15
7836.79644393922  1.103822E-15
7840.54438424111  1.077720E-15
7844.29232454301  1.086965E-15
7848.0402648449  1.101870E-15
7851.7882051468  1.081767E-15
7855.53614544869  1.080010E-15
7859.28408575059  1.071214E-15
7863.03202605248  1.042786E-15
7866.77996635438  1.056021E-15
7870.52790665627  1.044305E-15
7874.27584695817  1.013673E-15
7878.02378726006  1.017505E-15
7881.77172756196  1.013137E-15
7885.51966786385  1.005218E-15
7889.26760816575  1.001834E-15
7893.01554846764  9.583408E-16
7896.76348876954  9.822403E-16
7900.51142907143  9.511311E-16
7904.25936937333  9.554736E-16
7908.00730967522  9.436350E-16
7911.75524997712  9.515326E-16
7915.50319027901  9.735047E-16
7919.25113058091  9.430947E-16
7922.9990708828  9.335194E-16
7926.7470111847  9.382030E-16
7930.49495148659  9.417629E-16
7934.24289178849  9.417110E-16
7937.99083209038  9.563398E-16
7941.73877239228  9.651882E-16
7945.48671269417  9.402921E-16
7949.23465299607  9.321717E-16
7952.98259329796  9.392455E-16
7956.73053359986  9.255642E-16
7960.47847390175  9.248265E-16
7964.22641420365  9.264832E-16
7967.97435450555  9.082734E-16
7971.72229480744  9.251283E-16
7975.47023510934  8.919894E-16
7979.21817541123  9.091395E-16
7982.96611571313  9.241431E-16
7986.71405601502  9.211726E-16
7990.46199631692  9.056762E-16
7994.20993661881  9.106743E-16
7997.95787692071  9.459588E-16
8001.7058172226  9.344464E-16
8005.4537575245  8.885197E-16
8009.20169782639  8.894673E-16
8012.94963812829  9.011892E-16
8016.69757843018  8.960579E-16
8020.44551873208  8.951919E-16
8024.19345903397  9.207042E-16
8027.94139933587  9.014885E-16
8031.68933963776  8.882310E-16
8035.43727993966  8.805622E-16
8039.18522024155  8.601536E-16
8042.93316054345  8.775020E-16
8046.68110084534  8.900406E-16
8050.42904114724  8.882954E-16
8054.17698144913  9.009459E-16
8057.92492175103  8.819053E-16
8061.67286205292  8.638335E-16
8065.42080235482  8.697083E-16
8069.16874265671  8.674938E-16
8072.91668295861  8.551435E-16
8076.6646232605  8.830698E-16
8080.4125635624  9.003243E-16
8084.16050386429  8.903219E-16
8087.90844416619  8.742335E-16
8091.65638446808  8.558890E-16
8095.40432476998  8.135873E-16
8099.15226507187  8.356870E-16
8102.90020537377  8.414244E-16
8106.64814567566  8.176728E-16
8110.39608597756  8.344813E-16
8114.14402627945  8.245770E-16
8117.89196658135  8.386542E-16
8121.63990688324  8.417097E-16
8125.38784718514  8.270868E-16
8129.13578748703  8.236691E-16
8132.88372778893  8.073186E-16
8136.63166809083  7.806557E-16
8140.37960839272  7.745361E-16
8144.12754869461  7.932509E-16
8147.87548899651  8.006659E-16
8151.6234292984  7.606760E-16
8155.3713696003  7.519265E-16
8159.1193099022  7.760708E-16
8162.86725020409  7.380451E-16
8166.61519050598  7.338503E-16
8170.36313080788  7.709993E-16
8174.11107110978  7.553013E-16
8177.85901141167  7.353753E-16
8181.60695171357  7.510390E-16
8185.35489201546  7.613719E-16
8189.10283231736  7.565813E-16
8192.85077261925  7.809489E-16
8196.59871292115  7.913422E-16
8200.34665322304  7.617335E-16
8204.09459352494  7.730865E-16
8207.84253382683  8.074197E-16
8211.59047412873  8.169966E-16
8215.33841443062  7.926293E-16
8219.08635473252  7.733291E-16
8222.83429503441  7.701694E-16
8226.58223533631  7.384022E-16
8230.3301756382  6.953711E-16
8234.0781159401  6.879441E-16
8237.82605624199  7.503596E-16
8241.57399654389  7.984637E-16
8245.32193684578  8.204971E-16
8249.06987714768  8.282389E-16
8252.81781744957  8.158609E-16
8256.56575775147  7.990464E-16
8260.31369805336  7.918091E-16
8264.06163835526  8.099907E-16
8267.80957865715  8.129020E-16
8271.55751895905  7.883601E-16
8275.30545926095  7.838152E-16
8279.05339956284  8.064479E-16
8282.80133986473  8.093391E-16
8286.54928016663  7.981681E-16
8290.29722046853  8.167477E-16
8294.04516077042  8.344638E-16
8297.79310107231  8.006955E-16
8301.54104137421  7.861606E-16
8305.2889816761  7.954735E-16
8309.036921978  7.797822E-16
8312.78486227989  7.868645E-16
8316.53280258179  7.793535E-16
8320.28074288369  7.550949E-16
8324.02868318558  7.559085E-16
8327.77662348748  7.592814E-16
8331.52456378937  7.677380E-16
8335.27250409126  7.677862E-16
8339.02044439316  7.618941E-16
8342.76838469505  7.699155E-16
8346.51632499695  7.752161E-16
8350.26426529884  7.553334E-16
8354.01220560074  7.274421E-16
8357.76014590264  7.119215E-16
8361.50808620453  6.826323E-16
8365.25602650643  6.460455E-16
8369.00396680832  6.103938E-16
8372.75190711022  6.083290E-16
8376.49984741211  6.018015E-16
8380.24778771401  5.578785E-16
8383.9957280159  5.305720E-16
8387.7436683178  5.074348E-16
8391.49160861969  4.772060E-16
8395.23954892159  4.409110E-16
8398.98748922348  3.936537E-16
8402.73542952538  3.415480E-16
8406.48336982727  3.253891E-16
8410.23131012917  3.233622E-16
8413.97925043106  2.955105E-16
8417.72719073296  2.717961E-16
8421.47513103485  2.643265E-16
8425.22307133675  2.731728E-16
8428.97101163864  2.627521E-16
8432.71895194054  2.313430E-16
8436.46689224243  2.297353E-16
8440.21483254433  2.491486E-16
8443.96277284622  2.413817E-16
8447.71071314812  2.291391E-16
8451.45865345002  2.498178E-16
8455.20659375191  2.666621E-16
8458.9545340538  2.762367E-16
8462.7024743557  3.045650E-16
8466.4504146576  3.209716E-16
8470.19835495949  3.450752E-16
8473.94629526139  3.644749E-16
8477.69423556328  3.772065E-16
8481.44217586517  4.013668E-16
8485.19011616707  4.230804E-16
8488.93805646896  4.638278E-16
8492.68599677086  5.223633E-16
8496.43393707276  5.518740E-16
8500.18187737465  5.609407E-16
8503.92981767654  5.786519E-16
8507.67775797844  6.349346E-16
8511.42569828033  6.957388E-16
8515.17363858223  7.097295E-16
8518.92157888413  7.434801E-16
8522.66951918602  7.568716E-16
8526.41745948792  7.685682E-16
8530.16539978981  7.914863E-16
8533.91334009171  8.026391E-16
8537.6612803936  8.328858E-16
8541.4092206955  7.954465E-16
8545.15716099739  7.582100E-16
8548.90510129929  7.466800E-16
8552.65304160118  7.233129E-16
8556.40098190308  7.193669E-16
8560.14892220497  6.950726E-16
8563.89686250687  6.819544E-16
8567.64480280876  6.873921E-16
8571.39274311066  6.676556E-16
8575.14068341255  6.448312E-16
8578.88862371445  6.360433E-16
8582.63656401634  6.301096E-16
8586.38450431824  6.177648E-16
8590.13244462013  6.044297E-16
8593.88038492203  6.094980E-16
8597.62832522392  6.264264E-16
8601.37626552582  6.631084E-16
8605.12420582771  6.632333E-16
8608.87214612961  6.694981E-16
8612.6200864315  6.955414E-16
8616.3680267334  7.217315E-16
8620.11596703529  7.898001E-16
8623.86390733719  8.191373E-16
8627.61184763908  8.594794E-16
8631.35978794098  9.122486E-16
8635.10772824288  9.261802E-16
8638.85566854477  9.558144E-16
8642.60360884667  9.935494E-16
8646.35154914856  1.053174E-15
8650.09948945045  1.100378E-15
8653.84742975235  1.158414E-15
8657.59537005424  1.184050E-15
8661.34331035614  1.200348E-15
8665.09125065804  1.241453E-15
8668.83919095993  1.287413E-15
8672.58713126182  1.343952E-15
8676.33507156372  1.348164E-15
8680.08301186561  1.351723E-15
8683.83095216751  1.388130E-15
8687.5788924694  1.449262E-15
8691.3268327713  1.465476E-15
8695.0747730732  1.451571E-15
8698.82271337509  1.482771E-15
8702.57065367698  1.511339E-15
8706.31859397888  1.478940E-15
8710.06653428077  1.465292E-15
8713.81447458267  1.469145E-15
8717.56241488457  1.481057E-15
8721.31035518646  1.467511E-15
8725.05829548836  1.486658E-15
8728.80623579025  1.499924E-15
8732.55417609215  1.486524E-15
8736.30211639404  1.429557E-15
8740.05005669594  1.425492E-15
8743.79799699783  1.400563E-15
8747.54593729973  1.410893E-15
8751.29387760162  1.396263E-15
8755.04181790352  1.353129E-15
8758.78975820541  1.318543E-15
8762.53769850731  1.344600E-15
8766.2856388092  1.393760E-15
8770.0335791111  1.305800E-15
8773.78151941299  1.288583E-15
8777.52945971489  1.246612E-15
8781.27740001678  1.210079E-15
8785.02534031868  1.194294E-15
8788.77328062057  1.183717E-15
8792.52122092247  1.169017E-15
8796.26916122436  1.181871E-15
8800.01710152626  1.171882E-15
8803.76504182815  1.116347E-15
8807.51298213005  1.079888E-15
8811.26092243195  1.073941E-15
8815.00886273384  1.027322E-15
8818.75680303573  9.976762E-16
8822.50474333763  1.007831E-15
8826.25268363953  1.019802E-15
8830.00062394142  9.909615E-16
8833.74856424332  9.358750E-16
8837.49650454521  9.528314E-16
8841.2444448471  9.642836E-16
8844.992385149  9.365246E-16
8848.7403254509  9.250838E-16
8852.48826575279  9.044956E-16
8856.23620605469  8.972494E-16
8859.98414635658  8.927961E-16
8863.73208665848  9.079840E-16
8867.48002696037  9.038996E-16
8871.22796726226  8.778890E-16
8874.97590756416  8.380316E-16
8878.72384786606  8.202249E-16
8882.47178816795  7.854031E-16
8886.21972846985  7.749885E-16
8889.96766877174  8.148142E-16
8893.71560907363  8.065759E-16
8897.46354937553  7.391006E-16
8901.21148967743  7.168773E-16
8904.95942997932  7.050134E-16
8908.70737028122  6.934753E-16
8912.45531058311  7.071578E-16
8916.20325088501  7.322439E-16
8919.9511911869  7.337438E-16
8923.6991314888  7.279872E-16
8927.44707179069  7.285721E-16
8931.19501209259  7.657804E-16
8934.94295239448  7.531710E-16
8938.69089269638  7.239168E-16
8942.43883299827  7.381549E-16
8946.18677330017  7.413769E-16
8949.93471360206  7.188009E-16
8953.68265390396  6.929238E-16
8957.43059420585  7.231063E-16
8961.17853450775  7.482341E-16
8964.92647480964  6.871895E-16
8968.67441511154  6.993012E-16
8972.42235541343  7.255657E-16
8976.17029571533  7.149450E-16
8979.91823601722  7.077195E-16
8983.66617631912  7.122135E-16
8987.41411662101  7.080577E-16
8991.16205692291  6.378359E-16
8994.9099972248  6.310696E-16
8998.6579375267  6.777716E-16
9002.40587782859  7.113863E-16
9006.15381813049  7.593269E-16
9009.90175843238  7.239024E-16
9013.64969873428  6.572961E-16
9017.39763903617  6.597452E-16
9021.14557933807  7.017623E-16
9024.89351963997  7.166778E-16
9028.64145994186  6.996664E-16
9032.38940024376  6.855204E-16
9036.13734054565  6.688551E-16
9039.88528084754  6.706007E-16
9043.63322114944  7.115091E-16
9047.38116145133  7.394263E-16
9051.12910175323  7.022953E-16
9054.87704205513  6.745309E-16
9058.62498235702  6.519052E-16
9062.37292265891  6.430037E-16
9066.12086296081  6.477308E-16
9069.8688032627  6.289264E-16
9073.6167435646  6.248175E-16
9077.3646838665  6.164808E-16
9081.11262416839  6.173212E-16
9084.86056447029  6.094941E-16
9088.60850477218  6.136352E-16
9092.35644507408  6.145515E-16
9096.10438537597  6.434061E-16
9099.85232567787  6.791095E-16
9103.60026597976  6.686007E-16
9107.34820628166  6.302629E-16
9111.09614658355  6.452166E-16
9114.84408688545  6.546636E-16
9118.59202718734  6.799108E-16
9122.33996748924  7.250576E-16
9126.08790779113  7.352135E-16
9129.83584809303  7.008624E-16
9133.58378839492  6.348499E-16
9137.33172869682  6.071427E-16
9141.07966899871  6.924231E-16
9144.82760930061  6.950725E-16
9148.5755496025  7.137965E-16
9152.3234899044  6.731558E-16
9156.07143020629  6.474193E-16
9159.81937050819  6.797305E-16
9163.56731081008  6.892520E-16
9167.31525111198  6.431775E-16
9171.06319141388  6.021245E-16
9174.81113171577  5.993332E-16
9178.55907201766  5.985980E-16
9182.30701231956  6.256993E-16
9186.05495262146  6.119503E-16
9189.80289292335  5.829579E-16
9193.55083322525  5.972440E-16
9197.29877352714  6.363024E-16
9201.04671382904  6.379262E-16
9204.79465413093  6.357047E-16
9208.54259443282  6.439361E-16
9212.29053473472  6.000866E-16
9216.03847503662  5.659983E-16
9219.78641533851  6.064214E-16
9223.53435564041  6.799038E-16
9227.2822959423  6.841017E-16
9231.03023624419  6.510978E-16
9234.77817654609  6.293779E-16
9238.52611684798  6.418634E-16
9242.27405714988  6.661530E-16
9246.02199745177  6.511312E-16
9249.76993775367  6.462771E-16
9253.51787805557  6.955466E-16
9257.26581835746  7.210798E-16
9261.01375865936  7.137295E-16
9264.76169896125  7.204635E-16
9268.50963926315  7.448373E-16
9272.25757956504  7.173266E-16
9276.00551986694  6.777528E-16
9279.75346016883  7.577836E-16
9283.50140047073  7.728675E-16
9287.24934077262  7.145505E-16
9290.99728107452  7.450805E-16
9294.74522137641  7.131013E-16
9298.49316167831  7.013434E-16
9302.2411019802  7.453116E-16
9305.9890422821  7.119877E-16
9309.73698258399  7.511604E-16
9313.48492288589  8.070202E-16
9317.23286318778  7.674193E-16
9320.98080348968  7.844338E-16
9324.72874379157  7.742812E-16
9328.47668409347  7.825599E-16
9332.22462439536  7.932960E-16
9335.97256469726  8.216874E-16
9339.72050499915  7.231760E-16
9343.46844530105  6.679911E-16
9347.21638560294  7.260364E-16
9350.96432590484  7.789507E-16
9354.71226620673  7.519557E-16
9358.46020650863  6.350291E-16
9362.20814681052  6.395678E-16
9365.95608711242  6.961221E-16
9369.70402741432  6.597997E-16
9373.45196771621  5.353123E-16
9377.1999080181  5.140884E-16
9380.94784832  5.889612E-16
9384.6957886219  6.755614E-16
9388.44372892379  6.274344E-16
9392.19166922569  5.780930E-16
9395.93960952758  6.248398E-16
9399.68754982948  6.738582E-16
9403.43549013137  7.250928E-16
9407.18343043327  6.896061E-16
9410.93137073516  6.918978E-16
9414.67931103706  6.513777E-16
9418.42725133895  6.510959E-16
9422.17519164085  7.164951E-16
9425.92313194274  6.811944E-16
9429.67107224463  6.283910E-16
9433.41901254653  5.884471E-16
9437.16695284843  6.010286E-16
9440.91489315032  6.630621E-16
9444.66283345222  6.147142E-16
9448.41077375411  6.752362E-16
9452.15871405601  7.426420E-16
9455.9066543579  7.798963E-16
9459.6545946598  6.599881E-16
9463.40253496169  5.801238E-16
9467.15047526359  6.305042E-16
9470.89841556548  6.667620E-16
9474.64635586738  7.060042E-16
9478.39429616927  6.508213E-16
9482.14223647117  6.529791E-16
9485.89017677306  7.162290E-16
9489.63811707496  6.012601E-16
9493.38605737685  5.383746E-16
9497.13399767875  6.586696E-16
9500.88193798064  6.950668E-16
9504.62987828254  5.620361E-16
9508.37781858443  5.835371E-16
9512.12575888633  6.980352E-16
9515.87369918822  6.231099E-16
9519.62163949012  5.690309E-16
9523.36957979201  5.856805E-16
9527.11752009391  5.920946E-16
9530.86546039581  5.758552E-16
9534.6134006977  5.667908E-16
9538.3613409996  5.789340E-16
9542.10928130149  6.303543E-16
9545.85722160338  6.380031E-16
9549.60516190528  6.435855E-16
9553.35310220717  6.450675E-16
9557.10104250907  6.451358E-16
9560.84898281096  6.634993E-16
9564.59692311286  6.918707E-16
9568.34486341475  6.405069E-16
9572.09280371665  6.244199E-16
9575.84074401855  6.211532E-16
9579.58868432044  6.339690E-16
9583.33662462234  6.059383E-16
9587.08456492423  6.476673E-16
9590.83250522613  6.142125E-16
9594.58044552802  6.303889E-16
9598.32838582992  5.553618E-16
9602.07632613181  5.800706E-16
9605.8242664337  6.333017E-16
9609.5722067356  6.294625E-16
9613.3201470375  5.603384E-16
9617.06808733939  5.875844E-16
9620.81602764129  6.486010E-16
9624.56396794318  6.026599E-16
9628.31190824508  6.172924E-16
9632.05984854697  5.756282E-16
9635.80778884887  5.574362E-16
9639.55572915076  5.878896E-16
9643.30366945266  6.253334E-16
9647.05160975455  6.016721E-16
9650.79955005645  5.888430E-16
9654.54749035834  6.115141E-16
9658.29543066024  6.050265E-16
9662.04337096213  6.286234E-16
9665.79131126403  5.805415E-16
9669.53925156592  5.185285E-16
9673.28719186782  5.364146E-16
9677.03513216971  5.608666E-16
9680.78307247161  5.875080E-16
9684.5310127735  5.856319E-16
9688.2789530754  5.870545E-16
9692.02689337729  5.868728E-16
9695.77483367919  5.855004E-16
9699.52277398108  5.895812E-16
9703.27071428298  6.311575E-16
9707.01865458488  6.567648E-16
9710.76659488677  6.027840E-16
9714.51453518866  5.711432E-16
9718.26247549056  5.672447E-16
9722.01041579245  5.316849E-16
9725.75835609435  5.926033E-16
9729.50629639625  6.155542E-16
9733.25423669814  6.237095E-16
9737.00217700003  6.011289E-16
9740.75011730193  5.832852E-16
9744.49805760383  5.676448E-16
9748.24599790572  6.376036E-16
9751.99393820762  6.439607E-16
9755.74187850951  5.929047E-16
9759.48981881141  5.839066E-16
9763.2377591133  5.814255E-16
9766.9856994152  5.712343E-16
9770.73363971709  5.568325E-16
9774.48158001899  5.793796E-16
9778.22952032088  6.406092E-16
9781.97746062278  6.603424E-16
9785.72540092467  5.986029E-16
9789.47334122656  6.111461E-16
9793.22128152846  5.532157E-16
9796.96922183036  5.975212E-16
9800.71716213225  6.619380E-16
9804.46510243415  6.133308E-16
9808.21304273604  5.587720E-16
9811.96098303794  5.404124E-16
9815.70892333983  5.560039E-16
9819.45686364173  6.091692E-16
9823.20480394362  6.358641E-16
9826.95274424552  6.202939E-16
9830.70068454741  6.136386E-16
9834.44862484931  5.853151E-16
9838.1965651512  5.157716E-16
9841.9445054531  5.069862E-16
9845.69244575499  6.074074E-16
9849.44038605689  6.188999E-16
9853.18832635878  5.876223E-16
9856.93626666068  6.695315E-16
9860.68420696257  6.790901E-16
9864.43214726447  6.338812E-16
9868.18008756636  5.925697E-16
9871.92802786826  6.103850E-16
9875.67596817015  4.735006E-16
9879.42390847205  5.365541E-16
9883.17184877394  5.856172E-16
9886.91978907584  6.263134E-16
9890.66772937773  5.845939E-16
9894.41566967963  6.216994E-16
9898.16360998152  6.578049E-16
9901.91155028342  6.307279E-16
9905.65949058531  6.260981E-16
9909.40743088721  6.093013E-16
9913.1553711891  5.679998E-16
9916.903311491  6.125165E-16
9920.65125179289  5.363647E-16
9924.39919209479  5.239156E-16
9928.14713239669  5.686461E-16
9931.89507269858  5.784754E-16
9935.64301300048  5.424850E-16
9939.39095330237  5.421160E-16
9943.13889360427  4.722607E-16
9946.88683390616  5.070859E-16
9950.63477420806  6.025802E-16
9954.38271450995  5.076832E-16
9958.13065481185  4.357351E-16
9961.87859511374  4.979729E-16
9965.62653541564  4.941234E-16
9969.37447571753  4.710489E-16
9973.12241601943  4.818829E-16
9976.87035632132  4.609302E-16
9980.61829662322  5.201279E-16
9984.36623692511  5.330904E-16
9988.11417722701  4.914267E-16
9991.8621175289  5.021594E-16
9995.6100578308  5.669197E-16
9999.35799813269  5.102487E-16
10003.1059384346  5.172722E-16
10006.8538787365  5.704209E-16
10010.6018190384  6.061614E-16
10014.3497593403  6.214789E-16
10018.0976996422  5.501884E-16
10021.8456399441  5.006630E-16
10025.593580246  4.604248E-16
10029.3415205479  5.858656E-16
10033.0894608498  6.329276E-16
10036.8374011516  5.176232E-16
10040.5853414535  5.403427E-16
10044.3332817554  6.796693E-16
10048.0812220573  7.034943E-16
10051.8291623592  7.074930E-16
10055.5771026611  6.848113E-16
10059.325042963  5.804163E-16
10063.0729832649  4.837669E-16
10066.8209235668  5.381559E-16
10070.5688638687  5.799590E-16
10074.3168041706  6.292742E-16
10078.0647444725  6.290926E-16
10081.8126847744  6.298596E-16
10085.5606250763  6.697994E-16
10089.3085653782  6.506607E-16
10093.0565056801  6.744580E-16
10096.804445982  6.057249E-16
10100.5523862839  5.562358E-16
10104.3003265858  5.839392E-16
10108.0482668877  5.380148E-16
10111.7962071895  6.200000E-16
10115.5441474914  6.869246E-16
10119.2920877933  5.422039E-16
10123.0400280952  6.493115E-16
10126.7879683971  7.055687E-16
10130.535908699  5.634620E-16
10134.2838490009  5.048362E-16
10138.0317893028  5.193819E-16
10141.7797296047  5.633668E-16
10145.5276699066  6.484449E-16
10149.2756102085  6.248421E-16
10153.0235505104  6.354459E-16
10156.7714908123  6.586460E-16
10160.5194311142  5.088332E-16
10164.2673714161  5.595661E-16
10168.015311718  4.317361E-16
10171.7632520199  1.305622E-17
10175.5111923218  7.011674E-17
10179.2591326237  4.843661E-16
10183.0070729256  6.009012E-16
10186.7550132274  5.722506E-16
10190.5029535293  4.682998E-16
10194.2508938312  5.740943E-16
10197.9988341331  7.620631E-16
10201.746774435  6.596490E-16
10205.4947147369  5.125114E-16
10209.2426550388  4.855343E-16
10212.9905953407  5.735636E-16
10216.7385356426  5.992895E-16
10220.4864759445  6.397701E-16
10224.2344162464  3.556758E-16
10227.9823565483  4.523379E-16
10231.7302968502  7.389134E-16
10235.4782371521  5.193020E-16
10239.226177454  4.334983E-16
10242.9741177559  4.219736E-16
10246.7220580578  4.411673E-16
10250.4699983597  5.407378E-16
10254.2179386616  5.786062E-16
10257.9658789635  6.047966E-16
10261.7138192653  5.140488E-16
10265.4617595672  5.380651E-16
10269.2096998691  4.513575E-16
10272.957640171  3.386490E-16
10276.7055804729  3.906391E-16
10280.4535207748  3.676048E-16
10284.2014610767  2.849623E-16
10287.9494013786  3.665681E-16
10291.6973416805  4.766173E-16
10295.4452819824  4.597750E-16
10299.1932222843  3.972378E-16
10302.9411625862  3.839878E-16
10306.6891028881  3.893920E-16
10310.43704319  4.253194E-16
10314.1849834919  5.637912E-16
10317.9329237938  5.296920E-16
10321.6808640957  2.628177E-16
10325.4288043976  2.622825E-16
10329.1767446995  3.843106E-16
10332.9246850014  3.491792E-16
10336.6726253033  3.119174E-16
10340.4205656051  3.514232E-16
10344.168505907  7.243196E-16
10347.9164462089  7.621921E-16
10351.6643865108  5.374627E-16
10355.4123268127  4.118858E-16
10359.1602671146  3.196436E-16
10362.9082074165  5.804138E-16
10366.6561477184  7.209674E-16
10370.4040880203  6.125075E-16
10374.1520283222  5.113590E-16
10377.8999686241  3.266098E-16
10381.647908926  4.288051E-16
10385.3958492279  5.143267E-16
10389.1437895298  4.500229E-16
10392.8917298317  5.804740E-16
10396.6396701336  5.508331E-16
10400.3876104355  5.537480E-16
10404.1355507374  5.661551E-16
10407.8834910393  5.759912E-16
10411.6314313412  5.090103E-16
10415.379371643  3.829597E-16
10419.1273119449  7.382175E-16
10422.8752522468  7.197077E-16
10426.6231925487  4.793990E-16
10430.3711328506  3.355694E-16
10434.1190731525  5.330681E-16
10437.8670134544  4.081683E-16
10441.6149537563  4.644723E-16
10445.3628940582  6.403161E-16
10449.1108343601  6.311712E-16
10452.858774662  4.789638E-16
10456.6067149639  4.895967E-16
10460.3546552658  7.143458E-16
10464.1025955677  5.718490E-16
10467.8505358696  3.721381E-16
10471.5984761715  3.635998E-16
10475.3464164734  4.284128E-16
10479.0943567753  5.364736E-16
10482.8422970772  6.228819E-16
10486.5902373791  5.244912E-16
10490.338177681  7.753986E-16
10494.0861179828  7.956254E-16
10497.8340582847  6.893388E-16
10501.5819985866  6.765525E-16
10505.3299388885  4.889514E-16
10509.0778791904  5.187674E-16
10512.8258194923  4.160749E-16
10516.5737597942  4.697622E-16
10520.3217000961  6.259117E-16
10524.069640398  5.483761E-16
10527.8175806999  6.063367E-16
10531.5655210018  5.573048E-16
10535.3134613037  6.005291E-16
10539.0614016056  6.103162E-16
10542.8093419075  6.681187E-16
10546.5572822094  8.374446E-16
10550.3052225113  6.862591E-16
10554.0531628132  5.908123E-16
10557.8011031151  9.323464E-16
10561.549043417  9.303350E-16
10565.2969837189  8.965252E-16
10569.0449240207  7.469359E-16
10572.7928643226  5.370616E-16
10576.5408046245  6.152963E-16
10580.2887449264  6.833525E-16
10584.0366852283  5.541060E-16
10587.7846255302  5.584748E-16
10591.5325658321  6.916030E-16
10595.280506134  5.855145E-16
10599.0284464359  5.620871E-16
10602.7763867378  6.922024E-16
10606.5243270397  6.940323E-16
10610.2722673416  9.226700E-16
10614.0202076435  7.541031E-16
10617.7681479454  5.927967E-16
10621.5160882473  7.949699E-16
10625.2640285492  6.898266E-16
10629.0119688511  7.181801E-16
10632.759909153  4.788768E-16
10636.5078494549  4.567363E-16
10640.2557897568  8.080727E-16
10644.0037300587  9.331848E-16
10647.7516703605  6.061998E-16
10651.4996106624  8.422599E-16
10655.2475509643  8.260679E-16
10658.9954912662  5.045946E-16
10662.7434315681  6.529142E-16
10666.49137187  4.274495E-16
10670.2393121719  4.063771E-16
10673.9872524738  6.437553E-16
10677.7351927757  7.059154E-16
10681.4831330776  9.661248E-16
10685.2310733795  7.877404E-16
10688.9790136814  6.584704E-16
10692.7269539833  7.695143E-16
10696.4748942852  3.933605E-16
10700.2228345871  7.526984E-16
10703.970774889  7.660728E-16
10707.7187151909  5.333057E-16
10711.4666554928  7.318934E-16
10715.2145957947  9.431465E-16
