5162.  9.105960E-16
5166.04643354024  9.373834E-16
5170.09286708048  9.844424E-16
5174.13930062072  1.007020E-15
5178.18573416096  1.089070E-15
5182.2321677012  1.093165E-15
5186.27860124144  1.065662E-15
5190.32503478168  1.060640E-15
5194.37146832192  1.077504E-15
5198.41790186216  1.100498E-15
5202.4643354024  1.048094E-15
5206.51076894264  1.064076E-15
5210.55720248288  1.108024E-15
5214.60363602312  1.065316E-15
5218.65006956336  1.079879E-15
5222.6965031036  1.063035E-15
5226.74293664384  1.067960E-15
5230.78937018408  1.062627E-15
5234.83580372432  1.036539E-15
5238.88223726455  1.039576E-15
5242.9286708048  1.058426E-15
5246.97510434504  1.033171E-15
5251.02153788528  1.042810E-15
5255.06797142551  1.020359E-15
5259.11440496575  9.727718E-16
5263.16083850599  9.884129E-16
5267.20727204623  1.019776E-15
5271.25370558647  9.826565E-16
5275.30013912671  9.601434E-16
5279.34657266695  9.752880E-16
5283.39300620719  9.702773E-16
5287.43943974743  9.525155E-16
5291.48587328767  9.997024E-16
5295.53230682791  1.025131E-15
5299.57874036815  9.972222E-16
5303.62517390839  9.538746E-16
5307.67160744863  9.334100E-16
5311.71804098887  9.711432E-16
5315.76447452911  9.554736E-16
5319.81090806935  9.614997E-16
5323.85734160959  1.017157E-15
5327.90377514983  1.016484E-15
5331.95020869007  9.889424E-16
5335.99664223031  9.855506E-16
5340.04307577055  9.854584E-16
5344.08950931079  9.745988E-16
5348.13594285103  9.611135E-16
5352.18237639127  9.512937E-16
5356.22880993151  9.840827E-16
5360.27524347175  9.662740E-16
5364.32167701199  9.361345E-16
5368.36811055223  9.396486E-16
5372.41454409246  9.613365E-16
5376.46097763271  9.449736E-16
5380.50741117294  9.410692E-16
5384.55384471319  9.287723E-16
5388.60027825342  9.273141E-16
5392.64671179366  9.562499E-16
5396.6931453339  9.344047E-16
5400.73957887414  9.265598E-16
5404.78601241438  9.152100E-16
5408.83244595462  9.136475E-16
5412.87887949486  9.619488E-16
5416.9253130351  9.444229E-16
5420.97174657534  9.250089E-16
5425.01818011558  9.208221E-16
5429.06461365582  8.917960E-16
5433.11104719606  9.170875E-16
5437.1574807363  9.442075E-16
5441.20391427654  9.317027E-16
5445.25034781678  9.420597E-16
5449.29678135702  9.299636E-16
5453.34321489726  9.013926E-16
5457.3896484375  9.453320E-16
5461.43608197774  8.930551E-16
5465.48251551798  9.136410E-16
5469.52894905822  9.100344E-16
5473.57538259846  8.989141E-16
5477.6218161387  8.938070E-16
5481.66824967894  8.926089E-16
5485.71468321918  9.247784E-16
5489.76111675942  9.075674E-16
5493.80755029966  8.830279E-16
5497.8539838399  8.838080E-16
5501.90041738014  9.246730E-16
5505.94685092038  8.851412E-16
5509.99328446062  8.937220E-16
5514.03971800086  9.189656E-16
5518.0861515411  9.062599E-16
5522.13258508133  8.934253E-16
5526.17901862157  8.929635E-16
5530.22545216181  8.930214E-16
5534.27188570205  8.857220E-16
5538.31831924229  8.790729E-16
5542.36475278253  8.707776E-16
5546.41118632277  8.673600E-16
5550.45761986301  8.649713E-16
5554.50405340325  8.602668E-16
5558.55048694349  8.501462E-16
5562.59692048373  8.904867E-16
5566.64335402397  8.638049E-16
5570.68978756421  8.496242E-16
5574.73622110445  8.858333E-16
5578.78265464469  8.701883E-16
5582.82908818493  8.838217E-16
5586.87552172517  8.900349E-16
5590.92195526541  8.673300E-16
5594.96838880565  8.527111E-16
5599.01482234589  8.489927E-16
5603.06125588613  8.683217E-16
5607.10768942637  8.708837E-16
5611.15412296661  8.617732E-16
5615.20055650685  8.402857E-16
5619.24699004709  8.489691E-16
5623.29342358733  8.714989E-16
5627.33985712757  8.734207E-16
5631.38629066781  8.608223E-16
5635.43272420805  8.623332E-16
5639.47915774829  8.726407E-16
5643.52559128852  8.633755E-16
5647.57202482877  8.415307E-16
5651.61845836901  8.788706E-16
5655.66489190925  8.585633E-16
5659.71132544948  8.439054E-16
5663.75775898972  8.627181E-16
5667.80419252996  8.496995E-16
5671.8506260702  8.451850E-16
5675.89705961044  8.405176E-16
5679.94349315068  8.458601E-16
5683.98992669092  8.400643E-16
5688.03636023116  8.334928E-16
5692.0827937714  8.457701E-16
5696.12922731164  8.540068E-16
5700.17566085188  8.720157E-16
5704.22209439212  8.210035E-16
5708.26852793236  8.277411E-16
5712.3149614726  8.088417E-16
5716.36139501284  8.311592E-16
5720.40782855308  8.461825E-16
5724.45426209332  8.261455E-16
5728.50069563356  8.259672E-16
5732.5471291738  8.180159E-16
5736.59356271404  8.128861E-16
5740.63999625428  8.348592E-16
5744.68642979452  7.985342E-16
5748.73286333476  8.287513E-16
5752.779296875  8.167391E-16
5756.82573041524  8.035538E-16
5760.87216395548  8.192792E-16
5764.91859749572  8.172278E-16
5768.96503103596  8.312017E-16
5773.0114645762  8.232052E-16
5777.05789811643  8.083728E-16
5781.10433165668  8.128914E-16
5785.15076519692  8.046003E-16
5789.19719873716  8.043560E-16
5793.24363227739  8.087395E-16
5797.29006581763  8.030725E-16
5801.33649935787  8.107495E-16
5805.38293289811  8.327806E-16
5809.42936643835  8.206279E-16
5813.47579997859  7.900710E-16
5817.52223351883  7.979169E-16
5821.56866705907  8.159929E-16
5825.61510059931  8.254962E-16
5829.66153413955  8.125421E-16
5833.70796767979  7.868363E-16
5837.75440122003  7.927488E-16
5841.80083476027  7.803902E-16
5845.84726830051  7.678924E-16
5849.89370184075  7.726781E-16
5853.94013538099  7.956291E-16
5857.98656892123  8.140657E-16
5862.03300246147  7.935279E-16
5866.07943600171  7.978683E-16
5870.12586954195  7.996710E-16
5874.17230308219  7.884023E-16
5878.21873662243  7.884993E-16
5882.26517016267  7.650624E-16
5886.31160370291  7.725510E-16
5890.35803724315  7.728105E-16
5894.40447078339  7.799145E-16
5898.45090432363  7.765989E-16
5902.49733786387  7.620464E-16
5906.54377140411  7.579160E-16
5910.59020494435  7.654389E-16
5914.63663848459  7.772269E-16
5918.68307202483  7.704640E-16
5922.72950556506  7.624968E-16
5926.77593910531  7.852911E-16
5930.82237264555  7.902956E-16
5934.86880618578  7.622147E-16
5938.91523972602  7.612983E-16
5942.96167326626  7.925279E-16
5947.0081068065  7.715983E-16
5951.05454034674  7.573755E-16
5955.10097388698  7.295871E-16
5959.14740742722  7.310644E-16
5963.19384096746  7.606311E-16
5967.2402745077  7.437859E-16
5971.28670804794  7.263511E-16
5975.33314158818  7.495392E-16
5979.37957512842  7.225545E-16
5983.42600866866  7.491652E-16
5987.4724422089  7.340447E-16
5991.51887574914  7.328473E-16
5995.56530928938  7.292679E-16
5999.61174282962  7.314961E-16
6003.65817636986  7.298909E-16
6007.7046099101  7.344599E-16
6011.75104345034  7.365158E-16
6015.79747699058  7.178026E-16
6019.84391053082  7.348918E-16
6023.89034407106  7.210353E-16
6027.9367776113  7.339242E-16
6031.98321115154  7.329852E-16
6036.02964469178  7.386613E-16
6040.07607823202  7.056893E-16
6044.12251177226  6.688538E-16
6048.1689453125  6.401862E-16
6052.21537885274  6.709189E-16
6056.26181239298  7.236845E-16
6060.30824593322  7.863553E-16
6064.35467947346  8.313160E-16
6068.40111301369  8.314946E-16
6072.44754655393  8.098488E-16
6076.49398009417  7.714362E-16
6080.54041363442  7.676186E-16
6084.58684717465  7.686466E-16
6088.63328071489  7.592706E-16
6092.67971425513  7.490865E-16
6096.72614779537  7.751258E-16
6100.77258133561  7.716005E-16
6104.81901487585  7.489834E-16
6108.86544841609  7.382167E-16
6112.91188195633  7.375605E-16
6116.95831549657  7.339228E-16
6121.00474903681  7.256848E-16
6125.05118257705  7.188671E-16
6129.09761611729  7.070303E-16
6133.14404965753  7.279137E-16
6137.19048319777  7.348714E-16
6141.23691673801  7.298312E-16
6145.28335027825  7.322123E-16
6149.32978381849  7.222678E-16
6153.37621735873  7.117756E-16
6157.42265089897  7.084454E-16
6161.46908443921  7.087856E-16
6165.51551797945  7.277645E-16
6169.56195151969  6.958224E-16
6173.60838505993  6.950785E-16
6177.65481860017  7.028939E-16
6181.70125214041  7.022834E-16
6185.74768568065  6.828723E-16
6189.79411922089  6.838979E-16
6193.84055276113  6.949725E-16
6197.88698630137  6.778081E-16
6201.9334198416  6.639128E-16
6205.97985338184  6.785265E-16
6210.02628692209  6.721988E-16
6214.07272046233  6.682782E-16
6218.11915400256  6.688978E-16
6222.1655875428  6.742581E-16
6226.21202108304  6.510172E-16
6230.25845462328  6.520949E-16
6234.30488816352  6.759323E-16
6238.35132170376  6.610262E-16
6242.397755244  6.422689E-16
6246.44418878424  6.475809E-16
6250.49062232448  6.579513E-16
6254.53705586472  6.383445E-16
6258.58348940496  6.281009E-16
6262.6299229452  6.604557E-16
6266.67635648544  6.604852E-16
6270.72279002568  6.653082E-16
6274.76922356592  6.413859E-16
6278.81565710616  6.231447E-16
6282.8620906464  6.271637E-16
6286.90852418664  6.485456E-16
6290.95495772688  6.479484E-16
6295.00139126712  6.317550E-16
6299.04782480736  6.346522E-16
6303.0942583476  6.477482E-16
6307.14069188784  6.375701E-16
6311.18712542808  6.568267E-16
6315.23355896832  6.404220E-16
6319.27999250856  6.352109E-16
6323.3264260488  6.307763E-16
6327.37285958904  6.317671E-16
6331.41929312928  6.387450E-16
6335.46572666952  6.496405E-16
6339.51216020976  6.473909E-16
6343.55859375  6.480947E-16
6347.60502729023  6.214440E-16
6351.65146083047  6.387383E-16
6355.69789437071  6.406938E-16
6359.74432791095  6.409489E-16
6363.79076145119  6.278519E-16
6367.83719499143  6.224337E-16
6371.88362853167  6.243586E-16
6375.93006207191  6.372326E-16
6379.97649561215  6.419061E-16
6384.02292915239  6.381414E-16
6388.06936269263  6.315183E-16
6392.11579623287  6.149515E-16
6396.16222977311  6.208480E-16
6400.20866331335  6.271027E-16
6404.25509685359  6.125757E-16
6408.30153039383  6.298508E-16
6412.34796393407  6.344522E-16
6416.39439747431  6.264750E-16
6420.44083101455  6.211596E-16
6424.48726455479  6.156793E-16
6428.53369809503  6.276727E-16
6432.58013163527  6.251312E-16
6436.62656517551  6.149377E-16
6440.67299871575  6.258532E-16
6444.71943225599  6.262895E-16
6448.76586579623  6.004316E-16
6452.81229933647  5.688793E-16
6456.85873287671  5.843451E-16
6460.90516641695  6.190997E-16
6464.95159995719  6.195244E-16
6468.99803349743  6.274919E-16
6473.04446703767  6.093292E-16
6477.0909005779  6.127002E-16
6481.13733411815  6.169058E-16
6485.18376765839  6.036936E-16
6489.23020119862  6.179229E-16
6493.27663473886  6.172417E-16
6497.3230682791  6.355722E-16
6501.36950181934  6.384998E-16
6505.41593535958  6.153413E-16
6509.46236889982  6.060792E-16
6513.50880244006  6.181302E-16
6517.5552359803  6.221967E-16
6521.60166952054  6.036387E-16
6525.64810306078  6.036275E-16
6529.69453660102  6.196332E-16
6533.74097014126  6.176285E-16
6537.7874036815  6.183867E-16
6541.83383722174  6.198835E-16
6545.88027076198  6.280135E-16
6549.92670430222  6.339092E-16
6553.97313784246  6.190082E-16
6558.0195713827  6.315177E-16
6562.06600492294  6.265578E-16
6566.11243846318  6.126335E-16
6570.15887200342  6.265839E-16
6574.20530554366  6.140349E-16
6578.2517390839  6.085528E-16
6582.29817262414  6.156015E-16
6586.34460616438  6.288073E-16
6590.39103970462  6.078185E-16
6594.43747324486  5.940657E-16
6598.4839067851  5.813916E-16
6602.53034032534  5.870569E-16
6606.57677386558  6.056891E-16
6610.62320740582  5.974505E-16
6614.66964094605  6.138418E-16
6618.7160744863  5.983358E-16
6622.76250802653  6.075453E-16
6626.80894156677  5.943220E-16
6630.85537510702  5.923857E-16
6634.90180864725  5.929496E-16
6638.94824218749  5.837303E-16
6642.99467572773  5.880361E-16
6647.04110926797  5.996895E-16
6651.08754280821  5.914697E-16
6655.13397634845  5.834870E-16
6659.18040988869  5.858856E-16
6663.22684342893  5.911406E-16
6667.27327696917  5.885119E-16
6671.31971050941  5.775988E-16
6675.36614404965  5.558007E-16
6679.41257758989  5.841353E-16
6683.45901113013  5.821930E-16
6687.50544467037  5.530526E-16
6691.55187821061  5.649470E-16
6695.59831175085  5.809248E-16
6699.64474529109  5.747880E-16
6703.69117883133  5.754746E-16
6707.73761237157  5.756598E-16
6711.78404591181  5.777957E-16
6715.83047945205  5.695717E-16
6719.87691299229  5.671335E-16
6723.92334653253  5.661395E-16
6727.96978007277  5.652300E-16
6732.01621361301  5.748005E-16
6736.06264715325  5.608694E-16
6740.10908069348  5.802221E-16
6744.15551423373  5.728796E-16
6748.20194777397  5.719157E-16
6752.24838131421  5.612387E-16
6756.29481485445  5.657057E-16
6760.34124839468  5.796822E-16
6764.38768193493  5.577994E-16
6768.43411547516  5.562079E-16
6772.4805490154  5.815817E-16
6776.52698255564  5.728555E-16
6780.57341609588  5.624264E-16
6784.61984963612  5.632599E-16
6788.66628317636  5.641502E-16
6792.7127167166  5.596319E-16
6796.75915025684  5.670481E-16
6800.80558379708  5.723138E-16
6804.85201733732  5.820808E-16
6808.89845087756  5.716441E-16
6812.9448844178  5.608285E-16
6816.99131795804  5.629241E-16
6821.03775149828  5.619332E-16
6825.08418503852  5.503261E-16
6829.13061857876  5.623399E-16
6833.177052119  5.686398E-16
6837.22348565924  5.257653E-16
6841.26991919948  5.387284E-16
6845.31635273972  5.297565E-16
6849.36278627996  5.332724E-16
6853.4092198202  5.270297E-16
6857.45565336044  5.031969E-16
6861.50208690068  4.881087E-16
6865.54852044092  4.625444E-16
6869.59495398116  4.580774E-16
6873.6413875214  4.653415E-16
6877.68782106164  4.615399E-16
6881.73425460188  4.848569E-16
6885.78068814212  4.984569E-16
6889.82712168236  5.158891E-16
6893.8735552226  5.529165E-16
6897.91998876283  5.636408E-16
6901.96642230307  5.525822E-16
6906.01285584331  5.324750E-16
6910.05928938355  5.324321E-16
6914.10572292379  5.358533E-16
6918.15215646403  5.502811E-16
6922.19859000427  5.451138E-16
6926.24502354451  5.276131E-16
6930.29145708475  5.193216E-16
6934.33789062499  5.171731E-16
6938.38432416523  5.288803E-16
6942.43075770547  5.269297E-16
6946.47719124571  5.135067E-16
6950.52362478595  5.061359E-16
6954.57005832619  5.134455E-16
6958.61649186643  4.968258E-16
6962.66292540667  5.101377E-16
6966.70935894691  5.219541E-16
6970.75579248715  5.053089E-16
6974.80222602739  5.118215E-16
6978.84865956763  4.950821E-16
6982.89509310787  4.949787E-16
6986.94152664811  5.035620E-16
6990.98796018835  4.919294E-16
6995.03439372859  4.876339E-16
6999.08082726883  4.991757E-16
7003.12726080907  5.119455E-16
7007.17369434931  5.039361E-16
7011.22012788955  4.982833E-16
7015.26656142979  4.961920E-16
7019.31299497003  5.019608E-16
7023.35942851027  5.113383E-16
7027.4058620505  5.061064E-16
7031.45229559074  4.959568E-16
7035.49872913098  4.979215E-16
7039.54516267122  4.870509E-16
7043.59159621146  4.949678E-16
7047.6380297517  5.049931E-16
7051.68446329194  4.933249E-16
7055.73089683218  4.872303E-16
7059.77733037242  4.846511E-16
7063.82376391266  4.896176E-16
7067.8701974529  4.836494E-16
7071.91663099314  4.824364E-16
7075.96306453338  4.854510E-16
7080.00949807362  4.759365E-16
7084.05593161386  4.859297E-16
7088.1023651541  4.877896E-16
7092.14879869434  4.764656E-16
7096.19523223458  4.843795E-16
7100.24166577482  4.801394E-16
7104.28809931506  4.542916E-16
7108.3345328553  4.562036E-16
7112.38096639554  4.752418E-16
7116.42739993578  4.838461E-16
7120.47383347602  4.705739E-16
7124.52026701626  4.644814E-16
7128.5667005565  4.719328E-16
7132.61313409674  4.685059E-16
7136.65956763698  4.583413E-16
7140.70600117722  4.678217E-16
7144.75243471746  4.654860E-16
7148.7988682577  4.627923E-16
7152.84530179794  4.763604E-16
7156.89173533818  4.581537E-16
7160.93816887842  4.329018E-16
7164.98460241865  4.329182E-16
7169.0310359589  4.569677E-16
7173.07746949913  4.591455E-16
7177.12390303937  4.490902E-16
7181.17033657962  4.497172E-16
7185.21677011985  4.321854E-16
7189.26320366009  4.367461E-16
7193.30963720033  4.597835E-16
7197.35607074057  4.615282E-16
7201.40250428081  4.682539E-16
7205.44893782105  4.738008E-16
7209.49537136129  4.522509E-16
7213.54180490153  4.446151E-16
7217.58823844177  4.387144E-16
7221.63467198201  4.463761E-16
7225.68110552225  4.551579E-16
7229.72753906249  4.599538E-16
7233.77397260273  4.453438E-16
7237.82040614297  4.285061E-16
7241.86683968321  4.225969E-16
7245.91327322345  4.214981E-16
7249.95970676369  4.580957E-16
7254.00614030393  4.650399E-16
7258.05257384417  4.668156E-16
7262.09900738441  4.597070E-16
7266.14544092465  4.446170E-16
7270.19187446489  4.121834E-16
7274.23830800513  4.062655E-16
7278.28474154537  4.383781E-16
7282.33117508561  4.557003E-16
7286.37760862585  4.902922E-16
7290.42404216609  4.917008E-16
7294.47047570633  4.824432E-16
7298.51690924657  4.578477E-16
7302.5633427868  4.412584E-16
7306.60977632705  4.486988E-16
7310.65620986728  4.679282E-16
7314.70264340752  4.693388E-16
7318.74907694776  4.648257E-16
7322.795510488  4.485721E-16
7326.84194402824  4.246809E-16
7330.88837756848  4.272033E-16
7334.93481110872  4.328684E-16
7338.98124464896  4.247349E-16
7343.0276781892  4.503745E-16
7347.07411172944  4.516123E-16
7351.12054526968  4.568308E-16
7355.16697880992  4.389103E-16
7359.21341235016  4.442007E-16
7363.2598458904  4.475742E-16
7367.30627943064  4.258733E-16
7371.35271297088  4.346893E-16
7375.39914651112  4.382276E-16
7379.44558005136  4.432848E-16
7383.4920135916  4.522535E-16
7387.53844713184  4.431366E-16
7391.58488067208  4.452859E-16
7395.63131421232  4.310666E-16
7399.67774775256  4.274476E-16
7403.7241812928  4.378956E-16
7407.77061483304  4.460525E-16
7411.81704837328  4.611427E-16
7415.86348191352  4.619189E-16
7419.90991545376  4.431839E-16
7423.956348994  4.343879E-16
7428.00278253423  4.434620E-16
7432.04921607448  4.472667E-16
7436.09564961472  4.534796E-16
7440.14208315496  4.586698E-16
7444.1885166952  4.626538E-16
7448.23495023543  4.782995E-16
7452.28138377567  4.708704E-16
7456.32781731591  4.567732E-16
7460.37425085615  4.560953E-16
7464.42068439639  4.600597E-16
7468.46711793663  4.748033E-16
7472.51355147687  4.694216E-16
7476.55998501711  4.625521E-16
7480.60641855735  4.664749E-16
7484.65285209759  4.592014E-16
7488.69928563783  4.375161E-16
7492.74571917807  4.331630E-16
7496.79215271831  4.442305E-16
7500.83858625855  4.467824E-16
7504.88501979879  4.462790E-16
7508.93145333903  4.422186E-16
7512.97788687927  4.572222E-16
7517.02432041951  4.478185E-16
7521.07075395975  4.160759E-16
7525.11718749999  4.258209E-16
7529.16362104023  4.230363E-16
7533.21005458047  4.144622E-16
7537.25648812071  4.158512E-16
7541.30292166095  4.083119E-16
7545.34935520119  4.212234E-16
7549.39578874143  4.356785E-16
7553.44222228167  4.300295E-16
7557.4886558219  4.159282E-16
7561.53508936215  4.071847E-16
7565.58152290239  3.954499E-16
7569.62795644263  3.942055E-16
7573.67438998287  4.105225E-16
7577.7208235231  4.375163E-16
7581.76725706335  4.374021E-16
7585.81369060359  4.036392E-16
7589.86012414382  3.579915E-16
7593.90655768407  2.863793E-16
7597.9529912243  2.418667E-16
7601.99942476454  2.424036E-16
7606.04585830478  3.306872E-16
7610.09229184502  4.490944E-16
7614.13872538526  4.921369E-16
7618.1851589255  4.349095E-16
7622.23159246574  3.533399E-16
7626.27802600598  3.294227E-16
7630.32445954622  3.327044E-16
7634.37089308646  3.322349E-16
7638.4173266267  3.468994E-16
7642.46376016694  3.689428E-16
7646.51019370718  3.906204E-16
7650.55662724742  4.141416E-16
7654.60306078766  4.338151E-16
7658.6494943279  3.911443E-16
7662.69592786814  3.609565E-16
7666.74236140838  3.635057E-16
7670.78879494862  3.505467E-16
7674.83522848886  3.682847E-16
7678.8816620291  4.039127E-16
7682.92809556934  4.342588E-16
7686.97452910958  4.249661E-16
7691.02096264982  3.931060E-16
7695.06739619006  3.554537E-16
7699.1138297303  3.388609E-16
7703.16026327054  3.448775E-16
7707.20669681077  3.732901E-16
7711.25313035102  3.914872E-16
7715.29956389126  4.094459E-16
7719.3459974315  3.991234E-16
7723.39243097173  3.789195E-16
7727.43886451197  3.482670E-16
7731.48529805222  3.375406E-16
7735.53173159245  3.352320E-16
7739.57816513269  3.703889E-16
7743.62459867293  3.907683E-16
7747.67103221317  3.996081E-16
7751.71746575341  3.988669E-16
7755.76389929365  3.791573E-16
7759.81033283389  3.638947E-16
7763.85676637413  3.632814E-16
7767.90319991437  3.645470E-16
7771.94963345461  3.458461E-16
7775.99606699485  3.883425E-16
7780.04250053509  4.163308E-16
7784.08893407533  4.089810E-16
7788.13536761557  3.861443E-16
7792.18180115581  3.584568E-16
7796.22823469605  3.505933E-16
7800.27466823629  3.472466E-16
7804.32110177653  3.544341E-16
7808.36753531677  3.778005E-16
7812.41396885701  4.036488E-16
7816.46040239725  3.928399E-16
7820.50683593749  3.692496E-16
7824.55326947773  3.655216E-16
7828.59970301797  3.612369E-16
7832.64613655821  3.448831E-16
7836.69257009845  3.393439E-16
7840.73900363869  3.623351E-16
7844.78543717893  3.953945E-16
7848.83187071917  3.976959E-16
7852.8783042594  3.619304E-16
7856.92473779965  3.478023E-16
7860.97117133989  3.461199E-16
7865.01760488012  3.284551E-16
7869.06403842036  3.406826E-16
7873.1104719606  3.517342E-16
7877.15690550084  3.711241E-16
7881.20333904108  3.884604E-16
7885.24977258132  3.885336E-16
7889.29620612156  3.511523E-16
7893.3426396618  3.235905E-16
7897.38907320204  3.275375E-16
7901.43550674228  3.301906E-16
7905.48194028252  3.376766E-16
7909.52837382276  3.384287E-16
7913.574807363  3.670507E-16
7917.62124090324  3.718113E-16
7921.66767444348  3.697302E-16
7925.71410798372  3.391750E-16
7929.76054152396  2.344231E-16
7933.8069750642  2.930497E-16
7937.85340860444  3.295437E-16
7941.89984214468  3.187493E-16
7945.94627568492  3.373611E-16
7949.99270922516  3.537891E-16
7954.0391427654  3.563331E-16
7958.08557630564  3.583243E-16
7962.13200984588  3.445494E-16
7966.17844338612  3.478884E-16
7970.22487692636  3.227101E-16
7974.2713104666  3.033604E-16
7978.31774400684  3.131734E-16
7982.36417754707  3.223079E-16
7986.41061108732  3.399048E-16
7990.45704462756  3.664187E-16
7994.5034781678  3.705054E-16
7998.54991170804  3.475674E-16
8002.59634524827  3.305104E-16
8006.64277878851  3.287730E-16
8010.68921232875  3.269866E-16
8014.73564586899  3.127479E-16
8018.78207940923  3.047392E-16
8022.82851294947  3.391430E-16
8026.87494648971  3.690776E-16
8030.92138002995  3.585282E-16
8034.96781357019  3.548691E-16
8039.01424711043  3.476970E-16
8043.06068065067  3.325462E-16
8047.10711419091  3.299280E-16
8051.15354773115  3.286018E-16
8055.19998127139  3.317281E-16
8059.24641481163  3.561665E-16
8063.29284835187  3.660817E-16
8067.33928189211  3.748753E-16
8071.38571543235  3.621742E-16
8075.43214897259  3.601568E-16
8079.47858251283  3.542639E-16
8083.52501605307  3.409245E-16
8087.57144959331  3.212997E-16
8091.61788313355  3.328561E-16
8095.66431667379  3.245968E-16
8099.71075021403  3.445824E-16
8103.75718375427  3.664254E-16
8107.80361729451  3.748388E-16
8111.85005083475  3.688128E-16
8115.89648437499  3.466636E-16
8119.94291791523  3.406903E-16
8123.98935145547  3.310784E-16
8128.0357849957  3.127789E-16
8132.08221853595  3.098777E-16
8136.12865207618  3.415459E-16
8140.17508561642  3.637800E-16
8144.22151915666  3.550588E-16
8148.2679526969  3.482822E-16
8152.31438623714  3.415572E-16
8156.36081977738  3.185434E-16
8160.40725331762  2.968997E-16
8164.45368685786  2.961125E-16
8168.5001203981  2.995429E-16
8172.54655393834  3.023566E-16
8176.59298747858  3.162536E-16
8180.63942101882  3.298312E-16
8184.68585455906  3.391067E-16
8188.7322880993  3.461590E-16
8192.77872163954  3.313931E-16
8196.82515517978  3.192326E-16
8200.87158872002  3.081744E-16
8204.91802226026  2.850523E-16
8208.9644558005  3.032425E-16
8213.01088934074  3.002521E-16
8217.05732288098  3.189606E-16
8221.10375642122  3.199531E-16
8225.15018996146  3.109391E-16
8229.1966235017  3.115440E-16
8233.24305704194  3.094956E-16
8237.28949058218  3.132738E-16
8241.33592412242  3.028156E-16
8245.38235766266  2.845281E-16
8249.4287912029  3.019829E-16
8253.47522474314  3.208843E-16
8257.52165828338  3.293188E-16
8261.56809182361  3.307290E-16
8265.61452536386  3.360285E-16
8269.66095890409  3.279337E-16
8273.70739244433  3.109392E-16
8277.75382598457  2.934448E-16
8281.80025952481  2.879271E-16
8285.84669306505  2.792767E-16
8289.89312660529  2.917026E-16
8293.93956014553  3.131124E-16
8297.98599368577  3.063081E-16
8302.03242722601  3.087089E-16
8306.07886076625  3.169642E-16
8310.12529430649  3.195196E-16
8314.17172784673  3.086783E-16
8318.21816138697  3.008210E-16
8322.26459492721  2.899307E-16
8326.31102846745  2.860298E-16
8330.35746200769  2.988029E-16
8334.40389554793  3.175641E-16
8338.45032908817  3.207687E-16
8342.49676262841  3.203424E-16
8346.54319616865  3.399949E-16
8350.58962970889  3.165118E-16
8354.63606324913  2.938781E-16
8358.68249678937  2.926242E-16
8362.72893032961  2.937282E-16
8366.77536386985  2.957321E-16
8370.82179741009  3.068799E-16
8374.86823095033  3.143020E-16
8378.91466449057  3.316311E-16
8382.96109803081  3.303319E-16
8387.00753157105  3.188012E-16
8391.05396511128  3.091831E-16
8395.10039865153  3.075715E-16
8399.14683219177  3.040210E-16
8403.193265732  2.868822E-16
8407.23969927224  2.906170E-16
8411.28613281248  3.183332E-16
8415.33256635272  3.254786E-16
8419.37899989297  3.355224E-16
8423.4254334332  3.428748E-16
8427.47186697344  3.255916E-16
8431.51830051368  3.230350E-16
8435.56473405392  3.142383E-16
8439.61116759416  2.831217E-16
8443.6576011344  2.711321E-16
8447.70403467464  2.834437E-16
8451.75046821488  3.093342E-16
8455.79690175512  3.267663E-16
8459.84333529536  3.234334E-16
8463.8897688356  3.310662E-16
8467.93620237584  3.201794E-16
8471.98263591608  3.021711E-16
8476.02906945632  2.873561E-16
8480.07550299656  2.789665E-16
8484.1219365368  2.765082E-16
8488.16837007704  2.743987E-16
8492.21480361728  2.985090E-16
8496.26123715752  3.120621E-16
8500.30767069776  3.262489E-16
8504.354104238  3.201127E-16
8508.40053777824  3.084667E-16
8512.44697131848  3.085781E-16
8516.49340485872  2.728874E-16
8520.53983839896  2.831100E-16
8524.5862719392  3.020858E-16
8528.63270547944  2.909396E-16
8532.67913901968  2.918656E-16
8536.72557255992  3.050022E-16
8540.77200610015  3.186804E-16
8544.81843964039  3.111956E-16
8548.86487318064  2.999526E-16
8552.91130672087  2.951077E-16
8556.95774026112  2.848595E-16
8561.00417380135  2.741828E-16
8565.05060734159  2.674409E-16
8569.09704088183  2.837017E-16
8573.14347442207  3.061886E-16
8577.18990796231  3.210537E-16
8581.23634150255  2.980366E-16
8585.28277504279  2.914749E-16
8589.32920858303  2.874554E-16
8593.37564212327  2.704274E-16
8597.42207566351  2.698660E-16
8601.46850920375  2.587770E-16
8605.51494274399  2.605639E-16
8609.56137628423  2.817300E-16
8613.60780982447  3.061775E-16
8617.65424336471  3.056294E-16
8621.70067690495  2.989152E-16
8625.74711044519  3.002611E-16
8629.79354398543  2.743694E-16
8633.83997752567  2.732814E-16
8637.88641106591  2.629391E-16
8641.93284460615  2.608271E-16
8645.97927814639  3.018080E-16
8650.02571168663  3.136715E-16
8654.07214522687  3.096826E-16
8658.11857876711  3.026407E-16
8662.16501230734  2.875868E-16
8666.21144584759  2.875586E-16
8670.25787938782  2.764200E-16
8674.30431292807  2.451271E-16
8678.3507464683  2.461198E-16
8682.39718000855  2.671402E-16
8686.44361354879  2.729873E-16
8690.49004708903  2.862863E-16
8694.53648062926  2.835669E-16
8698.5829141695  2.697013E-16
8702.62934770974  2.773323E-16
8706.67578124998  2.707839E-16
8710.72221479022  2.601824E-16
8714.76864833046  2.533164E-16
8718.8150818707  2.802169E-16
8722.86151541094  2.631825E-16
8726.90794895118  2.879894E-16
8730.95438249142  2.738140E-16
8735.00081603166  2.831179E-16
8739.0472495719  2.670602E-16
8743.09368311214  2.578699E-16
8747.14011665238  2.616473E-16
8751.18655019262  2.615615E-16
8755.23298373286  2.698783E-16
8759.2794172731  2.756762E-16
8763.32585081334  2.803766E-16
8767.37228435358  2.805665E-16
8771.41871789382  2.712008E-16
8775.46515143406  2.369782E-16
8779.5115849743  2.362678E-16
8783.55801851454  2.661009E-16
8787.60445205478  2.707084E-16
8791.65088559502  2.595328E-16
8795.69731913525  2.692579E-16
8799.7437526755  2.741739E-16
8803.79018621574  2.559384E-16
8807.83661975597  2.586162E-16
8811.88305329622  2.724121E-16
8815.92948683645  2.704650E-16
8819.9759203767  2.447078E-16
8824.02235391693  2.540932E-16
8828.06878745717  2.569122E-16
8832.11522099741  2.417054E-16
8836.16165453765  2.457789E-16
8840.20808807789  2.407787E-16
8844.25452161813  2.538348E-16
8848.30095515837  2.677430E-16
8852.34738869861  2.640972E-16
8856.39382223885  2.584523E-16
8860.44025577909  2.485941E-16
8864.48668931933  2.472949E-16
8868.53312285957  2.548457E-16
8872.57955639981  2.706367E-16
8876.62598994005  2.568110E-16
8880.67242348029  2.615987E-16
8884.71885702053  2.476842E-16
8888.76529056077  2.282140E-16
8892.81172410101  2.358111E-16
8896.85815764125  2.519236E-16
8900.90459118149  2.484452E-16
8904.95102472173  2.343485E-16
8908.99745826197  2.515453E-16
8913.04389180221  2.629157E-16
8917.09032534245  2.532583E-16
8921.13675888269  2.671387E-16
8925.18319242293  2.698937E-16
8929.22962596317  2.447867E-16
8933.2760595034  2.150966E-16
8937.32249304365  2.157754E-16
8941.36892658389  2.381253E-16
8945.41536012413  2.399942E-16
8949.46179366437  2.467882E-16
8953.50822720461  2.456019E-16
8957.55466074484  2.196341E-16
8961.60109428508  2.355703E-16
8965.64752782532  2.275478E-16
8969.69396136556  2.182242E-16
8973.7403949058  2.118156E-16
8977.78682844604  2.283865E-16
8981.83326198628  2.266701E-16
8985.87969552652  2.329918E-16
8989.92612906676  2.395782E-16
8993.972562607  2.293938E-16
8998.01899614724  2.321166E-16
9002.06542968748  2.109010E-16
9006.11186322772  2.040879E-16
9010.15829676796  2.079140E-16
9014.2047303082  2.110231E-16
9018.25116384844  2.190282E-16
9022.29759738868  2.073828E-16
9026.34403092892  2.015632E-16
9030.39046446916  2.173661E-16
9034.4368980094  2.215686E-16
9038.48333154964  2.171542E-16
9042.52976508988  2.154908E-16
9046.57619863012  2.069661E-16
9050.62263217036  2.134259E-16
9054.6690657106  2.285719E-16
9058.71549925084  2.313463E-16
9062.76193279108  2.321400E-16
9066.80836633132  2.197999E-16
9070.85479987156  1.957057E-16
9074.9012334118  2.197672E-16
9078.94766695204  2.222830E-16
9082.99410049228  2.522736E-16
9087.04053403252  2.536834E-16
9091.08696757276  2.252138E-16
9095.13340111299  2.033909E-16
9099.17983465324  2.145535E-16
9103.22626819347  2.149973E-16
9107.27270173371  2.211071E-16
9111.31913527395  2.176693E-16
9115.36556881419  2.075234E-16
9119.41200235443  2.016186E-16
9123.45843589467  2.165448E-16
9127.50486943491  2.071402E-16
9131.55130297515  1.886055E-16
9135.59773651539  2.069527E-16
9139.64417005563  2.080703E-16
9143.69060359587  2.063727E-16
9147.73703713611  2.266658E-16
9151.78347067635  2.070550E-16
9155.82990421659  1.831147E-16
9159.87633775683  2.025091E-16
9163.92277129707  2.099312E-16
9167.96920483731  1.863290E-16
9172.01563837755  2.003044E-16
9176.06207191779  2.236351E-16
9180.10850545803  2.108156E-16
9184.15493899827  2.048921E-16
9188.20137253851  1.907354E-16
9192.24780607875  2.119475E-16
9196.29423961899  2.423693E-16
9200.34067315923  2.318726E-16
9204.38710669947  2.341356E-16
9208.43354023971  2.305001E-16
9212.47997377995  2.171939E-16
9216.52640732019  2.340227E-16
9220.57284086043  2.408108E-16
9224.61927440067  2.355674E-16
9228.66570794091  2.284126E-16
9232.71214148114  2.360789E-16
9236.75857502138  2.172880E-16
9240.80500856162  2.076216E-16
9244.85144210186  2.131864E-16
9248.8978756421  2.187734E-16
9252.94430918234  2.293570E-16
9256.99074272258  2.281675E-16
9261.03717626282  2.303119E-16
9265.08360980306  2.169669E-16
9269.1300433433  2.123298E-16
9273.17647688354  1.995911E-16
9277.22291042378  1.835443E-16
9281.26934396402  1.583883E-16
9285.31577750426  2.359704E-16
9289.3622110445  2.471505E-16
9293.40864458474  2.347474E-16
9297.45507812498  2.451750E-16
