3750 1.28736997055462e-14
3751.5 1.74078992594504e-14
3753 2.19421005074206e-14
3754.5 1.54871792067178e-14
3756 9.03225960008098e-15
3757.5 1.33234801297688e-14
3759 1.76147006594567e-14
3760.5 1.87280492356572e-14
3762 1.98413995059236e-14
3763.5 1.3335345367294e-14
3765 6.82928995811489e-15
3766.5 5.74492981398472e-15
3768 4.66057009337103e-15
3769.5 5.46431499833942e-15
3771 6.26805990330782e-15
3772.5 9.74052991585019e-15
3774 1.32129999283925e-14
3775.5 7.1434498195703e-15
3777 1.07390002838541e-15
3778.5 -3.26113995088363e-15
3780 -7.5961796125153e-15
3781.5 -4.05833517358738e-15
3783 -5.20489993505624e-16
3784.5 -1.89752506132366e-16
3786 1.40984994475783e-16
3787.5 -9.43182515833333e-16
3789 -2.02735006584712e-15
3790.5 -2.55050008029681e-17
3792 1.97634004769757e-15
3793.5 3.71990019489661e-15
3795 5.46345991857917e-15
3796.5 4.25991503899027e-15
3798 3.05636994764314e-15
3799.5 4.40659996963104e-15
3801 5.75683020337717e-15
3802.5 5.69621017292455e-15
3804 5.63559014247193e-15
3805.5 6.33121002117389e-15
3807 7.02682989987585e-15
3808.5 6.5175000948459e-15
3810 6.00816986629947e-15
3811.5 4.10976489656229e-15
3813 2.21135992682512e-15
3814.5 2.66163501828898e-15
3816 3.1119098979946e-15
3817.5 3.63461498853641e-15
3819 4.15731986731999e-15
3820.5 3.20816989849413e-15
3822 2.25901992966827e-15
3823.5 2.47231997820409e-15
3825 2.6856200267399e-15
3826.5 2.62549000484727e-15
3828 2.56535998295463e-15
3829.5 2.83917502985761e-15
3831 3.11299007676059e-15
3832.5 2.8505199773949e-15
3834 2.58805008978744e-15
3835.5 1.36274546317917e-15
3837 1.37440995389581e-16
3838.5 1.79747548835767e-15
3840 3.4575099283862e-15
3841.5 4.35073009994662e-15
3843 5.2439500597488e-15
3844.5 2.19385789679424e-15
3846 -8.56234001462528e-16
3847.5 -1.51133695910509e-15
3849 -2.16644007556633e-15
3850.5 -1.97530010299658e-15
3852 -1.78415991866859e-15
3853.5 1.18944998664879e-16
3855 2.02204996893791e-15
3856.5 1.19293695659484e-15
3858 3.63823997191331e-16
3859.5 9.31536977478889e-16
3861 1.49925001070601e-15
3862.5 2.05348992611586e-15
3864 2.60773005328395e-15
3865.5 2.94105996440162e-15
3867 3.27439008727753e-15
3868.5 9.15735048452268e-16
3870 -1.44291999037299e-15
3871.5 -9.49866982215709e-16
3873 -4.56813974058427e-16
3874.5 -3.58415506534655e-16
3876 -2.60017012541103e-16
3877.5 -1.64899844775875e-15
3879 -3.0379800153253e-15
3880.5 -2.10020506370636e-15
3882 -1.16243000620829e-15
3883.5 2.76949995250104e-17
3885 1.21782003172809e-15
3886.5 1.36991496180297e-15
3888 1.52200999775697e-15
3889.5 2.17949497086588e-15
3891 2.8369799439748e-15
3892.5 3.15834509119603e-15
3894 3.47971002665902e-15
3895.5 4.21246510031803e-15
3897 4.94522017397705e-15
3898.5 3.31237993847835e-15
3900 1.67954002061702e-15
3901.5 2.60134490716931e-15
3903 3.52314989960072e-15
3904.5 2.96927505539113e-15
3906 2.41539999942331e-15
3907.5 2.39143997844433e-15
3909 2.36747995746535e-15
3910.5 2.65593999226811e-15
3912 2.94440002707088e-15
3913.5 2.76548506927062e-15
3915 2.58656989971212e-15
3916.5 3.27862504025556e-15
3918 3.97067996904077e-15
3919.5 4.94352017885191e-15
3921 5.91635996514657e-15
3922.5 4.78041509101215e-15
3924 3.64446979336124e-15
3925.5 4.03458013458163e-15
3927 4.42469005228555e-15
3928.5 5.99938486408702e-15
3930 7.57407967588849e-15
3931.5 7.71190040673624e-15
3933 7.84972029055104e-15
3934.5 8.00108507822538e-15
3936 8.15244986589973e-15
3937.5 8.73717957927895e-15
3939 9.32191013969111e-15
3940.5 9.93370509683395e-15
3942 1.05455000539768e-14
3943.5 9.96540530488494e-15
3945 9.38530970876015e-15
3946.5 9.47172485707198e-15
3948 9.55814000538381e-15
3949.5 1.01237199978915e-14
3951 1.06892999903992e-14
3952.5 9.51586035582161e-15
3954 8.34241987421108e-15
3955.5 9.41580967112488e-15
3957 1.04892003150716e-14
3958.5 1.11373999012545e-14
3960 1.17856003344703e-14
3961.5 1.11089497586221e-14
3963 1.04323000298069e-14
3964.5 1.05991502738229e-14
3966 1.0765999670806e-14
3967.5 1.05749996704308e-14
3969 1.03839996700556e-14
3970.5 1.02220503586724e-14
3972 1.00601002002562e-14
3973.5 1.01577503935804e-14
3975 1.02553997398717e-14
3976.5 1.03540502791066e-14
3978 1.04526999713086e-14
3979.5 1.03585996930663e-14
3981 1.0264500261857e-14
3982.5 9.87953479875819e-15
3984 9.49457018269238e-15
3985.5 9.06092488908196e-15
3987 8.62727959547154e-15
3988.5 8.52737460044174e-15
3990 8.42746960541194e-15
3991.5 9.02464477388516e-15
3993 9.62181994235839e-15
3994.5 9.43912001783332e-15
3996 9.25642009330825e-15
3997.5 9.68341024905209e-15
3999 1.01104004047959e-14
4000.5 1.02057000816915e-14
4002 1.03009997585871e-14
4003.5 9.66900475971814e-15
4005 9.03700976084918e-15
4006.5 9.38327513562084e-15
4008 9.72953966335956e-15
4009.5 9.87627033377948e-15
4011 1.00230001571664e-14
4012.5 9.49005973224825e-15
4014 8.957120154363e-15
4015.5 8.95970021672033e-15
4017 8.96228027907767e-15
4018.5 9.38402984197685e-15
4020 9.80578025190897e-15
4021.5 9.65323470030616e-15
4023 9.50068999573629e-15
4024.5 9.31889978459657e-15
4026 9.1371104204898e-15
4027.5 9.05608494282135e-15
4029 8.97506031218584e-15
4030.5 8.25584463667222e-15
4032 7.53662980819154e-15
4033.5 7.00445510105766e-15
4035 6.47227997040731e-15
4036.5 6.6460348034929e-15
4038 6.81979006009496e-15
4039.5 6.71789496115558e-15
4041 6.61599986221621e-15
4042.5 6.79347994620382e-15
4044 6.97096003019143e-15
4045.5 6.78470510838674e-15
4047 6.59845018658204e-15
4048.5 6.06422015400165e-15
4050 5.52999012142126e-15
4051.5 6.45807014568417e-15
4053 7.38615016994707e-15
4054.5 7.51848975059314e-15
4056 7.65083017827215e-15
4057.5 7.57847492985179e-15
4059 7.50611968143144e-15
4060.5 7.93628028149685e-15
4062 8.36644003452932e-15
4063.5 8.2990704220365e-15
4065 8.23169996251073e-15
4066.5 8.30580009880243e-15
4068 8.37990023509413e-15
4069.5 8.34966539404189e-15
4071 8.3194297059567e-15
4072.5 8.68606537607688e-15
4074 9.05270019916412e-15
4075.5 9.26948981168439e-15
4077 9.4862802712376e-15
4078.5 9.41461958983399e-15
4080 9.34295975546333e-15
4081.5 9.43843476817899e-15
4083 9.53390978089465e-15
4084.5 9.12670970293046e-15
4086 8.71950962496627e-15
4087.5 8.94122473407482e-15
4089 9.16293984318337e-15
4090.5 9.97437030159868e-15
4092 1.0785799912981e-14
4093.5 1.08246999010837e-14
4095 1.08635998891863e-14
4096.5 1.03044548059789e-14
4098 9.74530972277154e-15
4099.5 9.21771492278347e-15
4101 8.69012012279539e-15
4102.5 8.84495012225695e-15
4104 8.99978012171851e-15
4105.5 9.07599021708182e-15
4107 9.15220031244513e-15
4108.5 9.27588999263384e-15
4110 9.39957967282254e-15
4111.5 8.84543462510278e-15
4113 8.29128957738302e-15
4114.5 7.90115467220716e-15
4116 7.5110197670313e-15
4117.5 7.63581990741386e-15
4119 7.76062004779641e-15
4120.5 7.86724963739447e-15
4122 7.97388007402547e-15
4123.5 7.92222038160538e-15
4125 7.87055984215234e-15
4126.5 7.9458746236904e-15
4128 8.02119025226141e-15
4129.5 8.09750961487492e-15
4131 8.17382982452137e-15
4132.5 7.87929529293737e-15
4134 7.58475991432042e-15
4135.5 7.51116460966528e-15
4137 7.43757015204309e-15
4138.5 8.1169202218942e-15
4140 8.7962702917453e-15
4141.5 8.79524538187912e-15
4143 8.79421962498e-15
4144.5 8.36323994405459e-15
4146 7.93226026312918e-15
4147.5 7.84266535313336e-15
4149 7.75306959610459e-15
4150.5 7.64420468655873e-15
4152 7.53533977701287e-15
4153.5 7.67300041863359e-15
4155 7.81066021322135e-15
4156.5 7.99064539715047e-15
4158 8.17062973404665e-15
4159.5 8.04283533219555e-15
4161 7.9150400833115e-15
4162.5 7.88687539078235e-15
4164 7.85870985122025e-15
4165.5 7.67223470084927e-15
4167 7.48576039751123e-15
4168.5 6.90154017444979e-15
4170 6.31731995138834e-15
4171.5 6.3707948354144e-15
4173 6.42427014295693e-15
4174.5 6.77824012941682e-15
4176 7.13220969236024e-15
4177.5 6.89355519485602e-15
4179 6.65489985031886e-15
4180.5 6.36089513784337e-15
4182 6.0668900018514e-15
4183.5 6.06484484080025e-15
4185 6.06280010326558e-15
4186.5 6.3388748223136e-15
4188 6.61494996487808e-15
4189.5 6.7833600200665e-15
4191 6.95177007525491e-15
4192.5 7.16244538044543e-15
4194 7.37312026211946e-15
4195.5 7.70806504155107e-15
4197 8.04300982098268e-15
4198.5 8.13679500296857e-15
4200 8.23058018495446e-15
4201.5 8.61053036597254e-15
4203 8.99047969995766e-15
4204.5 8.64076012482709e-15
4206 8.29103970266358e-15
4207.5 7.61602474743652e-15
4209 6.94100979220947e-15
4210.5 6.6399950350625e-15
4212 6.33897985439905e-15
4213.5 6.63569507230576e-15
4215 6.932409866696e-15
4216.5 7.0118848505545e-15
4218 7.091359834413e-15
4219.5 6.82302996111821e-15
4221 6.55470008782341e-15
4222.5 6.35345988263237e-15
4224 6.1522201009578e-15
4225.5 6.13913513598861e-15
4227 6.12605017101943e-15
4228.5 6.02700491443109e-15
4230 5.92796008135922e-15
4231.5 5.49820986875675e-15
4233 5.06846007967076e-15
4234.5 4.77076992684176e-15
4236 4.47308019752924e-15
4237.5 4.52267990582161e-15
4239 4.57228003763045e-15
4240.5 4.73129014468671e-15
4242 4.8902998282265e-15
4243.5 4.8520300326366e-15
4245 4.81375981353023e-15
4246.5 4.47855499498381e-15
4248 4.1433501764374e-15
4249.5 4.35761012506069e-15
4251 4.57187007368398e-15
4252.5 4.61843994512402e-15
4254 4.66500981656406e-15
4255.5 4.64489490164914e-15
4257 4.62477998673422e-15
4258.5 4.61425517884811e-15
4260 4.60372994744553e-15
4261.5 4.67404511701242e-15
4263 4.74435986306285e-15
4264.5 5.08566501289539e-15
4266 5.42697016272793e-15
4267.5 5.45190003643152e-15
4269 5.47682991013511e-15
4270.5 4.99137499927293e-15
4272 4.50592008841076e-15
4273.5 4.19394514844279e-15
4275 3.88197020847482e-15
4276.5 4.66765001826065e-15
4278 5.45332982804648e-15
4279.5 5.77293018212211e-15
4281 6.09253011268126e-15
4282.5 5.94371997637583e-15
4284 5.79490984007041e-15
4285.5 5.78160507005141e-15
4287 5.76829987651594e-15
4288.5 6.06612978978124e-15
4290 6.363960126563e-15
4291.5 6.14225009965214e-15
4293 5.92054007274127e-15
4294.5 6.5174149680347e-15
4296 7.11428986332812e-15
4297.5 7.3455899972678e-15
4299 7.57689013120748e-15
4300.5 7.60045035263536e-15
4302 7.62400972703029e-15
4303.5 7.85967970394486e-15
4305 8.09534968085942e-15
4306.5 8.14598531044628e-15
4308 8.1966200930002e-15
4309.5 8.11241485364775e-15
4311 8.02820961429531e-15
4312.5 7.8848848633563e-15
4314 7.7415601124173e-15
4315.5 7.43573463164639e-15
4317 7.12990999790844e-15
4318.5 6.92753519208455e-15
4320 6.72515996274418e-15
4321.5 6.72247995049907e-15
4323 6.71979993825396e-15
4324.5 6.71675993700626e-15
4326 6.71371993575857e-15
4327.5 6.72090997493133e-15
4329 6.7281000141041e-15
4330.5 6.83813509966659e-15
4332 6.94817018522908e-15
4333.5 7.11239505062512e-15
4335 7.27662033953762e-15
4336.5 7.55757523891124e-15
4338 7.83853013828486e-15
4339.5 7.53317476079969e-15
4341 7.22782023034746e-15
4342.5 6.7391050896713e-15
4344 6.25038994899515e-15
4345.5 6.46410991411456e-15
4347 6.67782987923398e-15
4348.5 6.64572987163188e-15
4350 6.61362986402979e-15
4351.5 6.65177980445765e-15
4353 6.68993016840198e-15
4354.5 6.72468985945846e-15
4356 6.7594499740314e-15
4357.5 6.67123996290434e-15
4359 6.58302995177728e-15
4360.5 6.76982993928353e-15
4362 6.95662992678979e-15
4363.5 7.26587996176644e-15
4365 7.57512999674309e-15
4366.5 7.93159957743032e-15
4368 8.28807000515051e-15
4369.5 8.18025033426156e-15
4371 8.07242981633967e-15
4372.5 7.84755019214017e-15
4374 7.62266972090773e-15
4375.5 8.1472600950319e-15
4377 8.67184962212312e-15
4378.5 8.9524453795271e-15
4380 9.23304028989814e-15
4381.5 8.80740030467222e-15
4383 8.3817603194463e-15
4384.5 8.29665976626861e-15
4386 8.21156006012387e-15
4387.5 8.05584999343011e-15
4389 7.90013992673635e-15
4390.5 7.53737519718512e-15
4392 7.17460962060094e-15
4393.5 7.11784486060775e-15
4395 7.06108010061456e-15
4396.5 7.17326029711597e-15
4398 7.28543964658443e-15
4399.5 7.35546978956458e-15
4401 7.42549993254472e-15
4402.5 7.45974462756926e-15
4404 7.49399016962676e-15
4405.5 7.48593996849605e-15
4407 7.47788976736535e-15
4408.5 7.19377458806552e-15
4410 6.90965983228217e-15
4411.5 6.95231005875879e-15
4413 6.99495986171894e-15
4414.5 7.50090026441046e-15
4416 8.00683982006903e-15
4417.5 8.13181021407398e-15
4419 8.25677976104599e-15
4420.5 7.94452530020542e-15
4422 7.63226999233192e-15
4423.5 7.50869974378877e-15
4425 7.38513034227858e-15
4426.5 7.33336477074008e-15
4428 7.28160004623453e-15
4429.5 7.02463989619073e-15
4431 6.7676801696634e-15
4432.5 6.6290750863065e-15
4434 6.49047000294959e-15
4435.5 6.63325985258241e-15
4437 6.77605012573169e-15
4438.5 6.669495075033e-15
4440 6.5629400243343e-15
4441.5 6.75991499511945e-15
4443 6.95688996590459e-15
4444.5 6.66062494600935e-15
4446 6.36435992611411e-15
4447.5 6.35065493302753e-15
4449 6.33694993994096e-15
4450.5 6.36945482929184e-15
4452 6.4019601421592e-15
4453.5 6.22777501633641e-15
4455 6.05358989051361e-15
4456.5 5.95197981816098e-15
4458 5.85037016932483e-15
4459.5 5.81220498230392e-15
4461 5.77403979528301e-15
4462.5 5.93152990171542e-15
4464 6.08902000814784e-15
4465.5 6.20562002256802e-15
4467 6.32222003698821e-15
4468.5 5.99602002570405e-15
4470 5.66982001441989e-15
4471.5 5.44616011766445e-15
4473 5.22249979739253e-15
4474.5 5.35575502065458e-15
4476 5.48900982040015e-15
4477.5 5.38580520852432e-15
4479 5.28260017313201e-15
4480.5 5.03327983675597e-15
4482 4.7839599238964e-15
4483.5 4.43727484429938e-15
4485 4.09059018821882e-15
4486.5 4.37614998221019e-15
4488 4.66171019971803e-15
4489.5 4.73175516577475e-15
4491 4.80180013183147e-15
4492.5 5.03590479185951e-15
4494 5.27000987540402e-15
4495.5 5.33318498074204e-15
4497 5.39636008608005e-15
4498.5 5.46299997968881e-15
4500 5.52963987329757e-15
4501.5 5.80414504029432e-15
4503 6.07865020729108e-15
4504.5 6.2805748151035e-15
4506 6.4824998464324e-15
4507.5 6.6002751190669e-15
4509 6.71804996818493e-15
4510.5 6.71855988201918e-15
4512 6.71906979585342e-15
4513.5 6.71391517685291e-15
4515 6.70876013433592e-15
4516.5 6.83705513265884e-15
4518 6.96535013098177e-15
4519.5 7.23438473568868e-15
4521 7.50342018742854e-15
4522.5 7.73379959655455e-15
4524 7.96417985271351e-15
4525.5 7.99422495838557e-15
4527 8.02427006405763e-15
4528.5 8.208635255357e-15
4530 8.39299959962342e-15
4531.5 8.79526486363691e-15
4533 9.1975301276504e-15
4534.5 9.23450480986394e-15
4536 9.27148033911043e-15
4537.5 9.44795033630845e-15
4539 9.62442033350646e-15
4540.5 9.76468983660472e-15
4542 9.90496018673593e-15
4543.5 9.94542040952742e-15
4545 9.98587978528597e-15
4546.5 1.02124399228528e-14
4548 1.04390000604197e-14
4549.5 1.04714998675729e-14
4551 1.05039996747261e-14
4552.5 1.05375498027339e-14
4554 1.05710999307417e-14
4555.5 1.05788003072651e-14
4557 1.05864998367557e-14
4558.5 1.05987996021828e-14
4560 1.06111002146428e-14
4561.5 1.05073996649763e-14
4563 1.04036999623428e-14
4564.5 1.0494750074942e-14
4566 1.05858001875412e-14
4567.5 1.08121002859933e-14
4569 1.10384003844453e-14
4570.5 1.0999800246006e-14
4572 1.09612001075667e-14
4573.5 1.08890998160634e-14
4575 1.08170003715932e-14
4576.5 1.08232997556219e-14
4578 1.08295999866836e-14
4579.5 1.08852000763743e-14
4581 1.0940800166065e-14
4582.5 1.10294997622356e-14
4584 1.11182002054391e-14
4585.5 1.15551497745768e-14
4587 1.19921001907474e-14
4588.5 1.17947499843666e-14
4590 1.15973997779858e-14
4591.5 1.15247497620998e-14
4593 1.14520997462138e-14
4594.5 1.14078998729602e-14
4596 1.13636999997065e-14
4597.5 1.14062998277228e-14
4599 1.14488996557391e-14
4600.5 1.14972499904342e-14
4602 1.15456003251294e-14
4603.5 1.15216496215128e-14
4605 1.14976997649292e-14
4606.5 1.1636049891369e-14
4608 1.17744000178088e-14
4609.5 1.20069003974347e-14
4611 1.22393999300277e-14
4612.5 1.21731500950912e-14
4614 1.21069002601546e-14
4615.5 1.1986099809349e-14
4617 1.18653002055763e-14
4618.5 1.19087496076387e-14
4620 1.1952199856734e-14
4621.5 1.19289996243087e-14
4623 1.19058002389164e-14
4624.5 1.18109503365158e-14
4626 1.17160995870822e-14
4627.5 1.16352502922668e-14
4629 1.15544001504184e-14
4630.5 1.18112501861791e-14
4632 1.20681002219397e-14
4633.5 1.18019497644182e-14
4635 1.15358001539297e-14
4636.5 1.14409002765852e-14
4638 1.13460003992407e-14
4639.5 1.1485449974446e-14
4641 1.16249003966843e-14
4642.5 1.14570997817014e-14
4644 1.12893000137515e-14
4645.5 1.15586996896587e-14
4647 1.18281002125988e-14
4648.5 1.19752501643276e-14
4650 1.21224001160564e-14
4651.5 1.18843499765601e-14
4653 1.16462998370637e-14
4654.5 1.1400949967628e-14
4656 1.11556000981922e-14
4657.5 1.07863496373638e-14
4659 1.04171000235684e-14
4660.5 1.03395998970264e-14
4662 1.02620997704844e-14
4663.5 1.03771497146112e-14
4665 1.04921996587379e-14
4666.5 1.02279897536985e-14
4668 9.96377984865916e-15
4669.5 9.88848031371415e-15
4671 9.81317993173619e-15
4672.5 1.01078398241964e-14
4674 1.04024997166566e-14
4675.5 1.02499999048329e-14
4677 1.00975000930092e-14
4678.5 9.81627499012545e-15
4680 9.53504988724166e-15
4681.5 9.4069048137504e-15
4683 9.27875974025914e-15
4684.5 9.30061996656188e-15
4686 9.32248019286461e-15
4687.5 9.53628994347644e-15
4689 9.75009969408826e-15
4690.5 9.52185480798933e-15
4692 9.2936099218904e-15
4693.5 9.25350037073907e-15
4695 9.21338997255479e-15
4696.5 9.42723021635271e-15
4698 9.64106961311769e-15
4699.5 9.46760997101422e-15
4701 9.29415032891075e-15
4702.5 9.35995462451704e-15
4704 9.42575976715628e-15
4705.5 9.41929521170283e-15
4707 9.41282980921644e-15
4708.5 9.22611494852139e-15
4710 9.03940008782633e-15
4711.5 9.09159002287141e-15
4713 9.14377995791648e-15
4714.5 9.19302475940395e-15
4716 9.24227040792437e-15
4717.5 9.07568528522081e-15
4719 8.90910016251726e-15
4720.5 8.68329473130642e-15
4722 8.45749014712852e-15
4723.5 8.25748025729336e-15
4725 8.05747036745821e-15
4726.5 8.09861499287108e-15
4728 8.13975961828396e-15
4729.5 8.05348507744138e-15
4731 7.96720968956584e-15
4732.5 7.86116539973434e-15
4734 7.75512026286989e-15
4735.5 7.57112522496847e-15
4737 7.38713018706705e-15
4738.5 7.34054506903396e-15
4740 7.29395995100086e-15
4741.5 6.94569515495721e-15
4743 6.59742993539708e-15
4744.5 6.58670480421894e-15
4746 6.57598009655728e-15
4747.5 6.56740515851575e-15
4749 6.55882979695775e-15
4750.5 6.51343010153434e-15
4752 6.46802998259446e-15
4753.5 6.35497480105853e-15
4755 6.24192004303908e-15
4756.5 6.03176481607818e-15
4758 5.82161001263376e-15
4759.5 5.63672516662125e-15
4761 5.45183989709226e-15
4762.5 5.43843009498781e-15
4764 5.42501986936688e-15
4765.5 5.44968504527445e-15
4767 5.47434979766555e-15
4768.5 5.38291513210829e-15
4770 5.29148004303455e-15
4771.5 5.19568485186483e-15
4773 5.09989008421158e-15
4774.5 5.02961514870968e-15
4776 4.9593397896913e-15
4777.5 5.03430982881983e-15
4779 5.10927986794836e-15
4780.5 5.10462499838673e-15
4782 5.09997012882509e-15
4783.5 5.19546504681502e-15
4785 5.29095996480494e-15
4786.5 5.46743504420064e-15
4788 5.64391012359633e-15
4789.5 5.87115508730103e-15
4791 6.09840005100573e-15
4792.5 6.19846513526257e-15
4794 6.29852979600293e-15
4795.5 6.62214000405085e-15
4797 6.9457497885823e-15
4798.5 7.54717960354959e-15
4800 8.14861026554982e-15
4801.5 8.4476400009849e-15
4803 8.74666973641998e-15
4804.5 8.90508522634727e-15
4806 9.06349986924161e-15
4807.5 9.3230248350497e-15
4809 9.58254980085779e-15
4810.5 9.9367747442348e-15
4812 1.02909996876118e-14
4813.5 1.05909001729167e-14
4815 1.08907998111886e-14
4816.5 1.09134503192311e-14
4818 1.09360999802407e-14
4819.5 1.09348997345544e-14
4821 1.09337003359011e-14
4822.5 1.11462996764313e-14
4824 1.13588998639945e-14
4825.5 1.14831502799942e-14
4827 1.16073998489611e-14
4828.5 1.15886999025845e-14
4830 1.1569999956208e-14
4831.5 1.1545349603377e-14
4833 1.1520700097579e-14
4834.5 1.14320496293193e-14
4836 1.13434000080927e-14
4837.5 1.12744998070641e-14
4839 1.12055996060356e-14
4840.5 1.1070249670295e-14
4842 1.09348997345544e-14
4843.5 1.09011497067711e-14
4845 1.08673996789877e-14
4846.5 1.07058501671556e-14
4848 1.05442998082905e-14
4849.5 1.05418501890071e-14
4851 1.05393997226907e-14
4852.5 1.06205497142024e-14
4854 1.07016997057141e-14
4855.5 1.06978999159127e-14
4857 1.06941001261113e-14
4858.5 1.06147001046686e-14
4860 1.05353000832259e-14
4861.5 1.06441497461788e-14
4863 1.07530002561645e-14
4864.5 1.10810501874055e-14
4866 1.14091001186464e-14
4867.5 1.16234003013347e-14
4869 1.18376996369901e-14
4870.5 1.20013997654753e-14
4872 1.21650998939605e-14
4873.5 1.22505502717454e-14
4875 1.23359998024973e-14
4876.5 1.23030502208491e-14
4878 1.2270099792168e-14
4879.5 1.24269499652088e-14
4881 1.25838001382495e-14
4882.5 1.27750999882881e-14
4884 1.29663998383266e-14
4885.5 1.31104996244124e-14
4887 1.32546002575311e-14
4888.5 1.30116000574909e-14
4890 1.27685998574508e-14
4891.5 1.26598001694419e-14
4893 1.25509996344001e-14
4894.5 1.26668999996058e-14
4896 1.27828003648116e-14
4897.5 1.30360496635134e-14
4899 1.32892998092483e-14
4900.5 1.3228649709126e-14
4902 1.31679996090038e-14
4903.5 1.29650496678087e-14
4905 1.27620997266136e-14
4906.5 1.27176499786406e-14
4908 1.26732002306675e-14
4909.5 1.25582002614847e-14
4911 1.24432002923018e-14
4912.5 1.2215949822883e-14
4914 1.19887002004971e-14
4915.5 1.1816150271779e-14
4917 1.16436003430608e-14
4918.5 1.1513199620831e-14
4920 1.13827997456342e-14
4921.5 1.12821002336999e-14
4923 1.11813998747326e-14
4924.5 1.08588497284181e-14
4926 1.05362995821037e-14
4927.5 1.03883000563288e-14
4929 1.0240299683521e-14
4930.5 1.01067996677372e-14
4932 9.97329965195335e-15
4933.5 9.8861797722294e-15
4935 9.79905989250546e-15
4936.5 9.6342653974524e-15
4938 9.46947005536639e-15
4939.5 9.29174475534054e-15
4941 9.11402030234765e-15
4942.5 8.97093526173271e-15
4944 8.82785022111778e-15
4945.5 8.73465033889844e-15
4947 8.64144960964616e-15
4948.5 8.66725531541721e-15
4950 8.69306017415531e-15
4951.5 8.88665971864565e-15
4953 9.08026011016893e-15
4954.5 9.42008041124494e-15
4956 9.759899865288e-15
4957.5 1.00382501383488e-14
4959 1.03166004114096e-14
4960.5 1.03070001399854e-14
4962 1.02973998685613e-14
4963.5 1.02467998143582e-14
4965 1.01961997601551e-14
4966.5 1.03020500794417e-14
4968 1.04079003987283e-14
4969.5 1.04766498278922e-14
4971 1.0545400104089e-14
4972.5 1.07935002895045e-14
4974 1.10415996278871e-14
4975.5 1.09265496837604e-14
4977 1.08114997396337e-14
4978.5 1.06861998498122e-14
4980 1.05608999599908e-14
4981.5 1.09374001758147e-14
4983 1.13139003916386e-14
4984.5 1.15834499923775e-14
4986 1.18529995931163e-14
4987.5 1.17434502809491e-14
4989 1.16339001217489e-14
4990.5 1.1669050294994e-14
4992 1.17041996212063e-14
4993.5 1.16881000659778e-14
4995 1.16719996637164e-14
4996.5 1.17109496267629e-14
4998 1.17498995898095e-14
4999.5 1.19430002318939e-14
5001 1.21361000269453e-14
5002.5 1.22612499919351e-14
5004 1.23863999569249e-14
5005.5 1.23156998108834e-14
5007 1.2244999664842e-14
5008.5 1.2109849628877e-14
5010 1.19746995929119e-14
5011.5 1.19246501101246e-14
5013 1.18745997803042e-14
5014.5 1.18794498909602e-14
5016 1.18843000016162e-14
5017.5 1.18176003921847e-14
5019 1.17508999357202e-14
5020.5 1.16682998238028e-14
5022 1.15856997118854e-14
5023.5 1.16741502803695e-14
5025 1.17626000018206e-14
5026.5 1.18598503955937e-14
5028 1.19570999423339e-14
5029.5 1.1906399938243e-14
5031 1.18556999341522e-14
5032.5 1.16968998912668e-14
5034 1.15380998483815e-14
5035.5 1.16504502985053e-14
5037 1.17627999015961e-14
5038.5 1.15013996048428e-14
5040 1.12400001551225e-14
5041.5 1.09966001555313e-14
5043 1.07532001559401e-14
5044.5 1.06925500558178e-14
5046 1.06318999556956e-14
5047.5 1.06281501408381e-14
5049 1.06244003259806e-14
5050.5 1.05536502049953e-14
5052 1.048290008401e-14
5053.5 1.04219501342244e-14
5055 1.03610001844388e-14
5056.5 1.02775496514424e-14
5058 1.01940999654789e-14
5059.5 9.88745963901271e-15
5061 9.58082015957949e-15
5062.5 9.24762958538165e-15
5064 8.91443985821675e-15
5065.5 8.80906980661126e-15
5067 8.70369975500577e-15
5068.5 8.5497997977203e-15
5070 8.39589984043482e-15
5071.5 8.18931528086307e-15
5073 7.98272987425838e-15
5074.5 7.88333479306283e-15
5076 7.78393971186727e-15
5077.5 7.62910971240571e-15
5079 7.47427971294415e-15
5080.5 7.34351476654703e-15
5082 7.21274982014991e-15
5083.5 7.15006006469067e-15
5085 7.08736988571496e-15
5086.5 6.89793012002859e-15
5088 6.70848993082574e-15
5089.5 6.49679013928553e-15
5091 6.28508992422884e-15
5092.5 6.39338986279888e-15
5094 6.50168980136892e-15
5095.5 6.57788507365566e-15
5097 6.65407992242592e-15
5098.5 6.71404985509152e-15
5100 6.7740202112736e-15
5101.5 6.91124505444295e-15
5103 7.04846989761231e-15
5104.5 7.03187991030738e-15
5106 7.01528992300246e-15
5107.5 6.8918098834682e-15
5109 6.76832984393395e-15
5110.5 6.82910488141591e-15
5112 6.88987991889788e-15
5113.5 7.11195967569023e-15
5115 7.33403985599904e-15
5116.5 7.49501507949293e-15
5118 7.65599030298682e-15
5119.5 7.79028483567515e-15
5121 7.92458021539643e-15
5122.5 8.08038514978028e-15
5124 8.23619008416413e-15
5125.5 8.35409537635603e-15
5127 8.47199982151499e-15
5128.5 8.70044037222474e-15
5130 8.92888007590154e-15
5131.5 8.91195974574719e-15
5133 8.89504026262578e-15
5134.5 8.85626987056406e-15
5136 8.81750032553528e-15
5137.5 8.84678987781839e-15
5139 8.87608027713444e-15
5140.5 9.19445031585418e-15
5142 9.51282035457392e-15
5143.5 9.61929493714262e-15
5145 9.72577036674428e-15
5146.5 9.65456030686861e-15
5148 9.58335024699294e-15
5149.5 9.63909009711996e-15
5151 9.69482994724697e-15
5152.5 9.6635549497355e-15
5154 9.63227995222403e-15
5155.5 9.51743499007056e-15
5157 9.40259002791708e-15
5158.5 9.48593468179512e-15
5160 9.5692801827061e-15
5161.5 9.7785151083698e-15
5163 9.98775003403351e-15
5164.5 1.01451253675016e-14
5166 1.03024998539367e-14
5167.5 1.03024498789928e-14
5169 1.03023999040489e-14
5170.5 1.0339350022307e-14
5172 1.03763001405651e-14
5173.5 1.04227497333266e-14
5175 1.04692001731211e-14
5176.5 1.02797502430393e-14
5178 1.00903003129576e-14
5179.5 1.01921500956343e-14
5181 1.0293999878311e-14
5182.5 1.04751997074865e-14
5184 1.06564003836949e-14
5185.5 1.0609700069181e-14
5187 1.05629997546671e-14
5188.5 1.04324999295824e-14
5190 1.03020001044978e-14
5191.5 1.01295797718206e-14
5193 9.95716028617637e-15
5194.5 9.95778539649144e-15
5196 9.95840965977357e-15
5197.5 1.00471050207794e-14
5199 1.01358003817852e-14
5200.5 1.01087004096708e-14
5202 1.00815995905234e-14
5203.5 1.00042849641969e-14
5205 9.92697033787033e-15
5206.5 9.93457499967078e-15
5208 9.94217966147123e-15
5209.5 1.00607896850752e-14
5211 1.01793997086793e-14
5212.5 1.02488996090344e-14
5214 1.03184003564225e-14
5215.5 1.02193500176365e-14
5217 1.01202996788505e-14
5218.5 1.01258502857538e-14
5220 1.01314000456243e-14
5221.5 1.01842997942791e-14
5223 1.0237200389967e-14
5224.5 1.01045846765801e-14
5226 9.97196981022616e-15
5227.5 9.68121473965281e-15
5229 9.39045966907946e-15
5230.5 9.40406979447594e-15
5232 9.41767991987242e-15
5233.5 9.4034650129516e-15
5235 9.38925010603078e-15
5236.5 9.38452027405331e-15
5238 9.37978959504289e-15
5239.5 9.40554532587005e-15
5241 9.43130020966427e-15
5242.5 9.29246981554339e-15
5244 9.15364026845547e-15
5245.5 9.08130026662816e-15
5247 9.00896026480085e-15
5248.5 9.16816518943498e-15
5250 9.32737011406911e-15
5251.5 9.44066500592911e-15
5253 9.55395989778911e-15
5254.5 9.51555034176292e-15
5256 9.47713993870378e-15
5257.5 9.51983039924539e-15
5259 9.56252001275406e-15
5260.5 9.71828005439171e-15
5262 9.87404009602936e-15
5263.5 9.97632017144326e-15
5265 1.00786002468572e-14
5266.5 1.01586499425704e-14
5268 1.02386996382836e-14
5269.5 1.02655997106225e-14
5271 1.02924997829614e-14
5272.5 1.04052000576924e-14
5274 1.05179003324235e-14
5275.5 1.05479496732602e-14
5277 1.057799986113e-14
5278.5 1.05240497916205e-14
5280 1.0470099722111e-14
5281.5 1.03886998558799e-14
5283 1.03072999896488e-14
5284.5 1.04183002692547e-14
5286 1.05292997018276e-14
5287.5 1.04555502371761e-14
5289 1.03817999254916e-14
5290.5 1.03413498670954e-14
5292 1.03008998086993e-14
5293.5 1.03897501767345e-14
5295 1.04785996977367e-14
5296.5 1.06318000058078e-14
5298 1.07850003138788e-14
5299.5 1.07832003688659e-14
5301 1.07813995768201e-14
5302.5 1.07766002881409e-14
5304 1.07718001524288e-14
5305.5 1.08992498118704e-14
5307 1.10267003183449e-14
5308.5 1.09374501507586e-14
5310 1.08481999831723e-14
5311.5 1.0797250104362e-14
5313 1.07463002255517e-14
5314.5 1.08969501174186e-14
5316 1.10476000092855e-14
5317.5 1.104250002391e-14
5319 1.10374000385346e-14
5320.5 1.10572002807096e-14
5322 1.10769996758517e-14
5323.5 1.09851999390942e-14
5325 1.08934002023366e-14
5326.5 1.0877850371491e-14
5328 1.08622996936123e-14
5329.5 1.09615499321739e-14
5331 1.10608001707355e-14
5332.5 1.08904000116375e-14
5334 1.07199998525395e-14
5335.5 1.06219998346081e-14
5337 1.05239998166766e-14
5338.5 1.04327997792458e-14
5340 1.03415997418149e-14
5341.5 1.04002000222048e-14
5343 1.04588003025947e-14
5344.5 1.05377996774533e-14
5346 1.06167998993449e-14
5347.5 1.06017997928819e-14
5349 1.0586799686419e-14
5350.5 1.05280003532865e-14
5352 1.04692001731211e-14
5353.5 1.03867999609792e-14
5355 1.03043997488374e-14
5356.5 1.03573503194691e-14
5358 1.04103000430678e-14
5359.5 1.04921996587379e-14
5361 1.05741001214408e-14
5362.5 1.05036998250627e-14
5364 1.04333003757176e-14
5365.5 1.05787503323213e-14
5367 1.07242002889249e-14
5368.5 1.07845996672948e-14
5370 1.08449998926976e-14
5371.5 1.08555996629995e-14
5373 1.08662002803344e-14
5374.5 1.07894497779508e-14
5376 1.07127001226e-14
5377.5 1.06734503098902e-14
5379 1.06341996501474e-14
5380.5 1.06796497440311e-14
5382 1.07250998379149e-14
5383.5 1.05668003915014e-14
5385 1.04085000980549e-14
5386.5 1.03745001955521e-14
5388 1.03405002930494e-14
5389.5 1.05438500337955e-14
5391 1.07471997745417e-14
5392.5 1.08011998189951e-14
5394 1.08551998634484e-14
5395.5 1.07086496110463e-14
5397 1.05621002056771e-14
5398.5 1.04729999629224e-14
5400 1.03838997201678e-14
5401.5 1.03198996047392e-14
5403 1.02559003363435e-14
5404.5 1.02372503649108e-14
5406 1.02186003934782e-14
5407.5 1.03623003800128e-14
5409 1.05060003665475e-14
5410.5 1.05069998654252e-14
5412 1.05080002113359e-14
5413.5 1.03570995977167e-14
5415 1.02061998311304e-14
5416.5 1.00929549142143e-14
5418 9.97970999729817e-15
5419.5 9.80297487878767e-15
5421 9.62623976027716e-15
5422.5 9.80879484216825e-15
5424 9.99134992405934e-15
5425.5 9.98399005478065e-15
5427 9.97663018550195e-15
5428.5 9.97231963483338e-15
5430 9.96800993119775e-15
5431.5 9.92913958924825e-15
5433 9.89027009433169e-15
5434.5 9.83511469693828e-15
5436 9.77996014657782e-15
5437.5 9.81871020984881e-15
5439 9.8574602731198e-15
5440.5 9.90059966112346e-15
5442 9.94373989616007e-15
5443.5 9.87912991700941e-15
5445 9.81451993785874e-15
5446.5 9.7626747452232e-15
5448 9.71083039962061e-15
5449.5 9.68193979985566e-15
5451 9.65305004712366e-15
5452.5 9.63571975302283e-15
5454 9.61839030595496e-15
5455.5 9.67922505925971e-15
5457 9.74005981256446e-15
5458.5 9.68393032728171e-15
5460 9.627799994966e-15
5461.5 9.52014973066651e-15
5463 9.41250031339996e-15
5464.5 9.45771493212439e-15
5466 9.50293039788178e-15
5467.5 9.54894461570842e-15
5469 9.59495968056801e-15
5470.5 9.61383496276462e-15
5472 9.63271024496124e-15
5473.5 9.7019949989478e-15
5475 9.77127975293436e-15
5476.5 9.83707473117823e-15
5478 9.9028697094221e-15
5479.5 9.99838537971923e-15
5481 1.00939002029834e-14
5482.5 1.0018205103652e-14
5484 9.94251000432066e-15
5485.5 9.90744538140317e-15
5487 9.87237991145274e-15
5488.5 9.98428990444397e-15
5490 1.00961998974352e-14
5491.5 1.00964497721547e-14
5493 1.00966996468741e-14
5494.5 1.00541997687456e-14
5496 1.00116998906171e-14
5497.5 1.01065997679616e-14
5499 1.02014996453061e-14
5500.5 1.0253949619466e-14
5502 1.03063995936258e-14
5503.5 1.02640996152729e-14
5505 1.022179963692e-14
5506.5 1.02129498366871e-14
5508 1.02041000364541e-14
5509.5 1.01186496586692e-14
5511 1.00332001279173e-14
5512.5 9.95393478471322e-15
5514 9.87467028854211e-15
5515.5 9.96378493085684e-15
5517 1.00529004202045e-14
5518.5 1.0058400205131e-14
5520 1.00638999900576e-14
5521.5 1.02331498784132e-14
5523 1.04023997667688e-14
5524.5 1.03399996965775e-14
5526 1.02775996263862e-14
5527.5 1.02310500837369e-14
5529 1.01844996940547e-14
5530.5 1.01067496927933e-14
5532 1.00289996915318e-14
5533.5 1.00966496719302e-14
5535 1.01642996523286e-14
5536.5 1.01219996739756e-14
5538 1.00796996956227e-14
5539.5 9.91329499093691e-15
5541 9.74689028625112e-15
5542.5 9.73153527298329e-15
5544 9.71618025971547e-15
5545.5 9.79170002322676e-15
5547 9.86721978673806e-15
5548.5 9.78384040450919e-15
5550 9.70046017524737e-15
5551.5 9.54246989585961e-15
5553 9.38447961647184e-15
5554.5 9.37468029230505e-15
5556 9.36488012110532e-15
5557.5 9.43480014980232e-15
5559 9.50472017849932e-15
5560.5 9.60282522851621e-15
5562 9.7009302785331e-15
5563.5 9.70159519939669e-15
5565 9.70226012026029e-15
5566.5 9.59223477557669e-15
5568 9.48221027792604e-15
5569.5 9.2933947755218e-15
5571 9.1045801201505e-15
5572.5 9.41577494277404e-15
5574 9.72696976539759e-15
5575.5 9.72713493682231e-15
5577 9.72730010824702e-15
5578.5 9.56749971945097e-15
5580 9.40770017768787e-15
5581.5 9.38187499015903e-15
5583 9.3560498026302e-15
5584.5 9.3811753409446e-15
5586 9.40630003222606e-15
5587.5 9.338340037769e-15
5589 9.27038004331195e-15
5590.5 9.17538529827738e-15
5592 9.08038970620986e-15
5593.5 9.2188753579212e-15
5595 9.3573601625996e-15
5596.5 9.52972035593753e-15
5598 9.70207970224252e-15
5599.5 9.57902529676426e-15
5601 9.45597004425305e-15
5602.5 9.33097508629263e-15
5604 9.2059801283322e-15
5605.5 9.20860000123806e-15
5607 9.21121987414392e-15
5608.5 9.14855976483784e-15
5610 9.08589965553175e-15
5611.5 9.12289974873371e-15
5613 9.15989984193568e-15
5614.5 9.20916497221388e-15
5616 9.25843010249209e-15
5617.5 9.36454469605821e-15
5619 9.47066013665728e-15
5620.5 9.41831011238518e-15
5622 9.36596008811307e-15
5623.5 9.45662988291896e-15
5625 9.54729967772485e-15
5626.5 9.47030522985238e-15
5628 9.39330993494697e-15
5629.5 9.22356961451489e-15
5631 9.05383014111576e-15
5632.5 9.0702896853468e-15
5634 9.0867500766108e-15
5635.5 9.1245700977057e-15
5637 9.1623901188006e-15
5638.5 9.08821036141186e-15
5640 9.01402975699017e-15
5641.5 8.97036012636153e-15
5643 8.92668964869994e-15
5644.5 9.00399495766405e-15
5646 9.08130026662816e-15
5647.5 9.06672028850707e-15
5649 9.05214031038598e-15
5650.5 8.90761023156304e-15
5652 8.76308015274009e-15
5653.5 8.77530029707013e-15
5655 8.78751959436722e-15
5656.5 8.77779989129747e-15
5658 8.76808018822773e-15
5659.5 8.68696492506687e-15
5661 8.60584966190601e-15
5662.5 8.67602464752013e-15
5664 8.74619963313426e-15
5665.5 8.85213465571556e-15
5667 8.95806967829687e-15
5668.5 8.94833981083176e-15
5670 8.93860994336665e-15
5671.5 8.86063971353894e-15
5673 8.78267033074418e-15
5674.5 8.67049521644046e-15
5676 8.55832010213673e-15
5677.5 8.54155986120941e-15
5679 8.52479962028209e-15
5680.5 8.55710460985742e-15
5682 8.58940959943275e-15
5683.5 8.5471147032775e-15
5685 8.50481980712225e-15
5686.5 8.51490034622752e-15
5688 8.52498003829985e-15
5689.5 8.507489654972e-15
5691 8.49000011867709e-15
5692.5 8.4748949801287e-15
5694 8.45978984158032e-15
5695.5 8.62480033003493e-15
5697 8.78980997145659e-15
5698.5 8.89575515843326e-15
5700 9.00170034540994e-15
5701.5 8.92143973849286e-15
5703 8.84117997860872e-15
5704.5 8.83229460299203e-15
5706 8.82341007440827e-15
5707.5 8.84973501137599e-15
5709 8.87605994834371e-15
5710.5 8.95292480017525e-15
5712 9.02978965200679e-15
5713.5 8.98210508520816e-15
5715 8.93441967137658e-15
5716.5 8.79062481715185e-15
5718 8.64682996292712e-15
5719.5 8.58573008830988e-15
5721 8.52463021369263e-15
5722.5 8.52515960928467e-15
5724 8.52568985190965e-15
5725.5 8.64661481655852e-15
5727 8.76753978120738e-15
5728.5 8.78851485808024e-15
5730 8.8094899349531e-15
5731.5 8.74286486442092e-15
5733 8.67623979388873e-15
5734.5 8.66217481179958e-15
5736 8.64810982971042e-15
5737.5 8.6459100851464e-15
5739 8.64371034058238e-15
5740.5 8.61981469410739e-15
5742 8.59591989466535e-15
5743.5 8.55479475101025e-15
5745 8.51366960735516e-15
5746.5 8.48263516720071e-15
5748 8.45159988001332e-15
5749.5 8.52635985497093e-15
5751 8.60111982992854e-15
5752.5 8.58854986099129e-15
5754 8.57597989205403e-15
5755.5 8.37427508929142e-15
5757 8.1725702865288e-15
5758.5 8.18665983257343e-15
5760 8.20075022565101e-15
5761.5 8.35987976435283e-15
5763 8.5190101500876e-15
5764.5 8.53655982572176e-15
5766 8.55411034838887e-15
5767.5 8.35467982908964e-15
5769 8.15525015682335e-15
5770.5 8.19092464346286e-15
5772 8.22659997713531e-15
5773.5 8.28165965980569e-15
5775 8.336720189509e-15
5776.5 8.35260968056655e-15
5778 8.36850001865704e-15
5779.5 8.25640960764804e-15
5781 8.14432004367198e-15
5782.5 8.01932508571156e-15
5784 7.89433012775113e-15
5785.5 7.76763009246789e-15
5787 7.64093005718464e-15
5788.5 7.60150999085238e-15
5790 7.56208992452011e-15
5791.5 7.70566963237624e-15
5793 7.84925018726531e-15
5794.5 7.88028462741976e-15
5796 7.91131991460716e-15
5797.5 7.72018523599333e-15
5799 7.52904971034656e-15
5800.5 7.42313501655599e-15
5802 7.31722032276541e-15
5803.5 7.2898450649431e-15
5805 7.26246980712079e-15
5806.5 7.29340006222273e-15
5808 7.32433031732467e-15
5809.5 7.35696480271648e-15
5811 7.38960013514124e-15
5812.5 7.51002535035123e-15
5814 7.63044971852827e-15
5815.5 7.6290199269133e-15
5817 7.62759013529834e-15
5818.5 7.53638501566978e-15
5820 7.44517989604123e-15
5821.5 7.59684961557658e-15
5823 7.74852018214488e-15
5824.5 7.78006030096885e-15
5826 7.81160041979281e-15
5827.5 7.74096973045306e-15
5829 7.67033988814626e-15
5830.5 7.72412478623101e-15
5832 7.77790968431577e-15
5833.5 7.966420254859e-15
5835 8.15492997836929e-15
5836.5 8.27567960719807e-15
5838 8.3964300830598e-15
5839.5 8.32252476434597e-15
5841 8.24862029266508e-15
5842.5 8.19004542326361e-15
5844 8.13146970682918e-15
5845.5 8.22395977543872e-15
5847 8.31644984404826e-15
5848.5 8.36365499019874e-15
5850 8.41086013634923e-15
5851.5 8.39532470506364e-15
5853 8.37979012081099e-15
5854.5 8.37715500131208e-15
5856 8.37451988181317e-15
5857.5 8.48675005325848e-15
5859 8.59898022470378e-15
5860.5 8.6185153455663e-15
5862 8.63804961939588e-15
5863.5 8.74015012382497e-15
5865 8.84224978122111e-15
5866.5 8.71464511475019e-15
5868 8.58703960124633e-15
5869.5 8.50750998376273e-15
5871 8.42798036627913e-15
5872.5 8.51562032423269e-15
5874 8.60326028218625e-15
5875.5 8.75887039899223e-15
5877 8.91447966876527e-15
5878.5 8.97429459440153e-15
5880 9.03411036707073e-15
5881.5 8.96451475199253e-15
5883 8.89491998394727e-15
5884.5 8.84843989799964e-15
5886 8.80195981205201e-15
5887.5 8.70731489162465e-15
5889 8.6126699711973e-15
5890.5 8.49340519112505e-15
5892 8.37414041105281e-15
5893.5 8.41641497841732e-15
5895 8.45869039281478e-15
5896.5 8.53123029441764e-15
5898 8.6037701960205e-15
5899.5 8.45304491822133e-15
5901 8.30231964042217e-15
5902.5 7.90586502242684e-15
5904 7.50941040443152e-15
5905.5 7.6144450309899e-15
5907 7.71947965754827e-15
5908.5 7.85817960859527e-15
5910 7.99688040667521e-15
5911.5 8.25280463542452e-15
5913 8.50872971120678e-15
5914.5 8.58398520043853e-15
5916 8.65923984263734e-15
5917.5 8.69338035260937e-15
5919 8.72752001554846e-15
5920.5 8.74638005115202e-15
5922 8.76524008675559e-15
5923.5 8.78091019627979e-15
5925 8.79658030580399e-15
5926.5 8.76693499968304e-15
5928 8.73728969356209e-15
5929.5 8.7466646542223e-15
5931 8.75603961488251e-15
5932.5 8.74104459061727e-15
5934 8.72605041338497e-15
5935.5 8.66297525793473e-15
5937 8.59990010248449e-15
5938.5 8.58236990860812e-15
5940 8.56483971473174e-15
5941.5 8.53884003841577e-15
5943 8.5128403620998e-15
5944.5 8.49784533783456e-15
5946 8.48285031356932e-15
5947.5 8.53589998705585e-15
5949 8.58894966054239e-15
5950.5 8.48899977276638e-15
5952 8.38904988499038e-15
5953.5 8.32742993214352e-15
5955 8.26580997929666e-15
5956.5 8.48907515869869e-15
5958 8.71234033810071e-15
5959.5 8.64542981746531e-15
5961 8.57852014386285e-15
5962.5 8.5908749664315e-15
5964 8.60322978900015e-15
5965.5 8.54856990588088e-15
5967 8.49391002276162e-15
5968.5 8.45223515472376e-15
5970 8.4105602866859e-15
5971.5 8.36133496695621e-15
5973 8.31210964722653e-15
5974.5 8.33354974518743e-15
5976 8.35498984314833e-15
5977.5 8.43833534405931e-15
5979 8.52167999793735e-15
5980.5 8.53520033784142e-15
5982 8.54871983071255e-15
5983.5 8.50415996845634e-15
5985 8.45960010620013e-15
5986.5 8.45374541446871e-15
5988 8.44788987570434e-15
5989.5 8.36981461379118e-15
5991 8.29174019891096e-15
5992.5 8.15707974798942e-15
5994 8.02242014410082e-15
5995.5 8.08621527755623e-15
5997 8.15001041101163e-15
5998.5 8.23524987759268e-15
6000 8.32049019120666e-15
6001.5 8.22634502021819e-15
6003 8.13219984922972e-15
6004.5 8.15105988483328e-15
6006 8.16991992043685e-15
6007.5 8.24340511080884e-15
6009 8.31689030118083e-15
6010.5 8.27538483973243e-15
6012 8.23388022531697e-15
6013.5 8.20773994153175e-15
6015 8.18159965774654e-15
6016.5 8.219169804122e-15
6018 8.25673995049746e-15
6019.5 8.21852521204914e-15
6021 8.18030962656787e-15
6022.5 8.28236523825075e-15
6024 8.38442000290068e-15
6025.5 8.26377032395968e-15
6027 8.14311979798572e-15
6028.5 8.05102021156487e-15
6030 7.95891977811106e-15
6031.5 7.95802531131876e-15
6033 7.95712999749352e-15
6034.5 7.87379974317558e-15
6036 7.7904703358906e-15
6037.5 7.74858540368182e-15
6039 7.7066996244401e-15
6040.5 7.79880514009158e-15
6042 7.89090980871012e-15
6043.5 8.04979540192314e-15
6045 8.2086801481032e-15
6046.5 8.19016993710685e-15
6048 8.17165972611051e-15
6049.5 8.04299542142258e-15
6051 7.9143302697017e-15
6052.5 7.88225990825276e-15
6054 7.85019039383677e-15
6055.5 7.95620503751511e-15
6057 8.06221968119346e-15
6058.5 8.10726997552613e-15
6060 8.1523202698588e-15
6061.5 7.99696002777225e-15
6063 7.84159978568571e-15
6064.5 7.8438096946451e-15
6066 7.84601960360449e-15
6067.5 7.92851976563411e-15
6069 8.01101992766373e-15
6070.5 7.97807458118027e-15
6072 7.94513008172976e-15
6073.5 7.9267647133674e-15
6075 7.90840019203798e-15
6076.5 7.82552479441272e-15
6078 7.74265024382041e-15
6079.5 7.7942201507481e-15
6081 7.84579005767578e-15
6082.5 7.9355696208541e-15
6084 8.02535003106538e-15
6085.5 8.00974006088043e-15
6087 7.99413009069548e-15
6088.5 8.0442846055683e-15
6090 8.09443996747407e-15
6091.5 8.16273030478055e-15
6093 8.23101979505409e-15
6094.5 8.24469005978982e-15
6096 8.25836032452556e-15
6097.5 8.12885491612101e-15
6099 7.99935035474941e-15
6100.5 7.95759501858156e-15
6102 7.91583968241371e-15
6103.5 7.9449801568981e-15
6105 7.97411978434954e-15
6106.5 8.01518478866538e-15
6108 8.05624979298121e-15
6109.5 8.2226096049208e-15
6111 8.38897026389333e-15
6112.5 8.38888979576334e-15
6114 8.3888101746663e-15
6115.5 8.19963468325947e-15
6117 8.01046003888559e-15
6118.5 8.00330515158014e-15
6120 7.99615026427468e-15
6121.5 8.11735983199382e-15
6123 8.23857024674591e-15
6124.5 8.28235507385538e-15
6126 8.32613990096485e-15
6127.5 8.19143540433005e-15
6129 8.05673006066231e-15
6130.5 7.94101011347432e-15
6132 7.82529016628633e-15
6133.5 7.78321465166442e-15
6135 7.74113998407546e-15
6136.5 7.6558446133199e-15
6138 7.57055008959728e-15
6139.5 7.49911980115533e-15
6141 7.42769035974632e-15
6142.5 7.45520537800493e-15
6144 7.48272039626354e-15
6145.5 7.60571974460023e-15
6147 7.72871993996987e-15
6148.5 7.64500513269388e-15
6150 7.5612903254179e-15
6151.5 7.42714487052829e-15
6153 7.29300026267162e-15
6154.5 7.41628506111154e-15
6156 7.53956985955146e-15
6157.5 7.52742510115373e-15
6159 7.51528034275599e-15
6160.5 7.49506505443682e-15
6162 7.47484976611765e-15
6163.5 7.51832034400369e-15
6165 7.56179007485678e-15
6166.5 7.44699000544951e-15
6168 7.33218993604224e-15
6169.5 7.36009967165427e-15
6171 7.38801025429925e-15
6172.5 7.46449987053515e-15
6174 7.540990333804e-15
6175.5 7.57879002610817e-15
6177 7.61658971841234e-15
6178.5 7.6615197340665e-15
6180 7.70644974972066e-15
6181.5 7.7012701432482e-15
6183 7.69608968974279e-15
6184.5 7.75406994201529e-15
6186 7.8120501942878e-15
6187.5 7.90229477855417e-15
6189 7.99254020985348e-15
6190.5 7.90346537808727e-15
6192 7.81438969928811e-15
6193.5 7.74051487376038e-15
6195 7.66664004823265e-15
6196.5 7.64202527078544e-15
6198 7.61740964630529e-15
6199.5 7.77021015482523e-15
6201 7.92300981631222e-15
6202.5 7.91549494000418e-15
6204 7.90798006369614e-15
6205.5 7.95613473378049e-15
6207 8.00429025089779e-15
6208.5 8.0477997922994e-15
6210 8.09131018073396e-15
6211.5 7.94628966983455e-15
6213 7.80127000596809e-15
6214.5 7.72559523542745e-15
6216 7.64991961785385e-15
6217.5 7.65768521591428e-15
6219 7.66544996694176e-15
6220.5 7.65672468055209e-15
6222 7.64800024119537e-15
6223.5 7.69001985164277e-15
6225 7.7320403091231e-15
6226.5 7.77627999292525e-15
6228 7.82051967672739e-15
6229.5 7.7663451434869e-15
6231 7.71216976321347e-15
6232.5 7.69117520458282e-15
6234 7.67017979891923e-15
6235.5 7.72353016910204e-15
6237 7.77687969225191e-15
6238.5 7.79866537965529e-15
6240 7.82045022002572e-15
6241.5 7.80666984100684e-15
6243 7.79289030902091e-15
6244.5 7.68986484461342e-15
6246 7.58684022723888e-15
6247.5 7.63931476535423e-15
6249 7.69179015050253e-15
6250.5 7.5904900922086e-15
6252 7.48919003391467e-15
6253.5 7.37453480714138e-15
6255 7.25987958036809e-15
6256.5 7.32239992923787e-15
6258 7.38492027810766e-15
6259.5 7.39863458855666e-15
6261 7.4123497460386e-15
6262.5 7.43265990204786e-15
6264 7.45297005805712e-15
6265.5 7.51149495251471e-15
6267 7.5700198469723e-15
6268.5 7.48134989695488e-15
6270 7.39267994693746e-15
6271.5 7.28828991245194e-15
6273 7.18389987796643e-15
6274.5 7.22834962593949e-15
6276 7.2728002209455e-15
6277.5 7.2146802082367e-15
6279 7.1565601955279e-15
6280.5 7.05984004437978e-15
6282 6.96311989323165e-15
6283.5 6.97320000882045e-15
6285 6.98328012440925e-15
6286.5 6.87465492518746e-15
6288 6.76603014948215e-15
6289.5 6.73490507680234e-15
6291 6.70378000412254e-15
6292.5 6.85778499349347e-15
6294 7.01178998286441e-15
6295.5 6.87984003737408e-15
6297 6.74789009188375e-15
6298.5 6.64923489396762e-15
6300 6.55058011956797e-15
6301.5 6.65870006363672e-15
6303 6.76682000770546e-15
6304.5 6.58488495393177e-15
6306 6.40294990015807e-15
6307.5 6.29098485002526e-15
6309 6.17901979989245e-15
6310.5 6.23674001305015e-15
6312 6.29445980269137e-15
6313.5 6.23832015301325e-15
6315 6.18218007981865e-15
6316.5 6.15820481224662e-15
6318 6.13422996819106e-15
6319.5 6.10196013048304e-15
6321 6.06968986925855e-15
6322.5 5.96380016293992e-15
6324 5.85791003310482e-15
6325.5 5.78530490996502e-15
6327 5.7127002103417e-15
6328.5 5.60570004382922e-15
6330 5.49869987731674e-15
6331.5 5.39088020642779e-15
6333 5.28306011202237e-15
6334.5 5.27307020544245e-15
6336 5.26307987534606e-15
6337.5 5.20028000560368e-15
6339 5.1374801358613e-15
6340.5 5.11567496670013e-15
6342 5.09386979753897e-15
6343.5 5.18053016188903e-15
6345 5.26719010272261e-15
6346.5 5.26482984541509e-15
6348 5.26247001162404e-15
6349.5 5.22306010968714e-15
6351 5.18365020775024e-15
6352.5 5.17911985203185e-15
6354 5.17458991982993e-15
6355.5 5.12747498268833e-15
6357 5.08036004554673e-15
6358.5 4.9350299441051e-15
6360 4.78969984266347e-15
6361.5 4.65431983725324e-15
6363 4.51893983184301e-15
6364.5 4.46179517757297e-15
6366 4.40465009978646e-15
6367.5 4.31090515186556e-15
6369 4.21716020394466e-15
6370.5 4.16122511272331e-15
6372 4.10529002150195e-15
6373.5 4.13246495603223e-15
6375 4.15963989056252e-15
6376.5 4.20510014884166e-15
6378 4.25055998360432e-15
6379.5 4.17705997015575e-15
6381 4.10355995670718e-15
6382.5 3.9055401707816e-15
6384 3.70751996133954e-15
6385.5 3.66835019324318e-15
6387 3.62918000163036e-15
6388.5 3.75987506780933e-15
6390 3.8905701339883e-15
6391.5 3.82374008148288e-15
6393 3.75691002897746e-15
6394.5 3.5722250827405e-15
6396 3.38753992474531e-15
6397.5 3.42786991622116e-15
6399 3.46819990769702e-15
6400.5 3.49001989993476e-15
6402 3.51184010393074e-15
6403.5 3.43406490343914e-15
6405 3.35628991470578e-15
6406.5 3.37124004622482e-15
6408 3.38618996598562e-15
6409.5 3.38310507199172e-15
6411 3.38001996623958e-15
6412.5 3.36099010053009e-15
6414 3.34196002306237e-15
6415.5 3.40406998446921e-15
6417 3.46617994587605e-15
6418.5 3.45271000443234e-15
6420 3.43924006298863e-15
6421.5 3.46504492172673e-15
6423 3.49084999222307e-15
6424.5 3.53368995407988e-15
6426 3.57653012769492e-15
6427.5 3.56506003103968e-15
6429 3.55358993438444e-15
6430.5 3.56470512423478e-15
6432 3.57581989056865e-15
6433.5 3.66212492459734e-15
6435 3.74842995862603e-15
6436.5 3.83626515767393e-15
6438 3.92409993320536e-15
6439.5 3.92056018251878e-15
6441 3.91702000831573e-15
6442.5 3.83567985790738e-15
6444 3.75434013101549e-15
6445.5 3.86116496170789e-15
6447 3.96798979240029e-15
6448.5 4.23655005865674e-15
6450 4.50510990139671e-15
6451.5 4.6592601569181e-15
6453 4.81340998892302e-15
6454.5 4.88832497090998e-15
6456 4.96323995289693e-15
6457.5 5.09987483761853e-15
6459 5.23651014585659e-15
6460.5 5.46917019119309e-15
6462 5.70182981301311e-15
6463.5 5.96194981946664e-15
6465 6.22206982592017e-15
6466.5 6.46751498656253e-15
6468 6.71296014720488e-15
6469.5 6.90033018788463e-15
6471 7.08769980504792e-15
6472.5 7.31218979409167e-15
6474 7.53667978313543e-15
6475.5 7.80627512365342e-15
6477 8.07586961713846e-15
6478.5 8.31409001025721e-15
6480 8.55231040337596e-15
6481.5 8.78998022507899e-15
6483 9.02765004678202e-15
6484.5 9.26108470374878e-15
6486 9.49452020774849e-15
6487.5 9.76170997469628e-15
6489 1.00288997416441e-14
6490.5 1.03595500640331e-14
6492 1.06902003864221e-14
6493.5 1.08861496003082e-14
6495 1.10820996612271e-14
6496.5 1.1100649682772e-14
6498 1.11191997043169e-14
6499.5 1.12564503819911e-14
6501 1.13937002126324e-14
6502.5 1.15932001886333e-14
6504 1.17927001646342e-14
6505.5 1.18893000371038e-14
6507 1.19858999095735e-14
6508.5 1.21260499810262e-14
6510 1.22662000524788e-14
6511.5 1.23327497370787e-14
6513 1.23993002687115e-14
6514.5 1.25129500673764e-14
6516 1.26265998660413e-14
6517.5 1.27378000454228e-14
6519 1.28490002248042e-14
6520.5 1.28239000974782e-14
6522 1.27987999701522e-14
6523.5 1.27613501024553e-14
6525 1.27239002347583e-14
6526.5 1.28303002784277e-14
6528 1.2936700322097e-14
6529.5 1.30772501931008e-14
6531 1.32178000641046e-14
6532.5 1.32620499123022e-14
6534 1.33062997604997e-14
6535.5 1.3361200200976e-14
6537 1.34160997944193e-14
6538.5 1.35063003329724e-14
6540 1.35965000244926e-14
6541.5 1.36286500070385e-14
6543 1.36607999895845e-14
6544.5 1.3613949750239e-14
6546 1.35671003579263e-14
6547.5 1.34854497699428e-14
6549 1.34038000289922e-14
6550.5 1.34584497477161e-14
6552 1.3513100313473e-14
6553.5 1.34408001221942e-14
6555 1.33684999309154e-14
6556.5 1.33782501271712e-14
6558 1.33880003234271e-14
6559.5 1.32692996672977e-14
6561 1.31505998582013e-14
6562.5 1.30266501388978e-14
6564 1.29027004195943e-14
6565.5 1.29451503227788e-14
6567 1.29876002259634e-14
6568.5 1.30424998194068e-14
6570 1.30974002598831e-14
6571.5 1.29211996191623e-14
6573 1.27449998254744e-14
6574.5 1.25736501424426e-14
6576 1.24022996123778e-14
6577.5 1.24998998307581e-14
6579 1.25975000491384e-14
6580.5 1.26752500503998e-14
6582 1.27530000516613e-14
6583.5 1.26632001596922e-14
6585 1.25734002677231e-14
6586.5 1.25064999114831e-14
6588 1.2439600402276e-14
6589.5 1.23581996890119e-14
6591 1.22767998227808e-14
6592.5 1.21779002558594e-14
6594 1.2078999841905e-14
6595.5 1.18897498115988e-14
6597 1.17004997812926e-14
6598.5 1.1898499661944e-14
6600 1.20965003896282e-14
6601.5 1.21062497388511e-14
6603 1.2115999935107e-14
6604.5 1.18947998220304e-14
6606 1.16735997089537e-14
6607.5 1.15935500132405e-14
6609 1.15135003175273e-14
6610.5 1.15005500307967e-14
6612 1.14875997440662e-14
6613.5 1.13685001354186e-14
6615 1.12493996797382e-14
6616.5 1.1238000310334e-14
6618 1.12266000938969e-14
6619.5 1.12082499721276e-14
6621 1.11898998503583e-14
6622.5 1.09757495925017e-14
6624 1.0761600181678e-14
6625.5 1.06469000621585e-14
6627 1.0532199942639e-14
6628.5 1.05268500825441e-14
6630 1.05215002224493e-14
6631.5 1.03760502658456e-14
6633 1.02306003092419e-14
6634.5 1.01305995994891e-14
6636 1.00305997367692e-14
6637.5 9.90745978096327e-15
6639 9.78431982515734e-15
6640.5 9.80521528093315e-15
6642 9.82610988967602e-15
6643.5 9.81682979670591e-15
6645 9.80754970373579e-15
6646.5 9.84938974319836e-15
6648 9.89122978266093e-15
6649.5 9.71268963693983e-15
6651 9.53415033825167e-15
6652.5 9.2718149171246e-15
6654 9.00948034303047e-15
6655.5 9.01058487399369e-15
6657 9.01169025198986e-15
6658.5 9.1223796705041e-15
6660 9.23306993605129e-15
6661.5 9.15270006188401e-15
6663 9.07233018771674e-15
6664.5 8.88722977181915e-15
6666 8.70213020295451e-15
6667.5 8.63924478288446e-15
6669 8.57636020984735e-15
6670.5 8.57434511846583e-15
6672 8.57233002708431e-15
6673.5 8.46153472945166e-15
6675 8.35074027885196e-15
6676.5 8.26671037531959e-15
6678 8.18267962475428e-15
6679.5 8.1801453021761e-15
6681 8.17761013256497e-15
6682.5 8.06576536111067e-15
6684 7.95391974262342e-15
6685.5 7.98226485317034e-15
6687 8.01060996371726e-15
6688.5 8.07949491815271e-15
6690 8.14837987258817e-15
6691.5 8.00940040066858e-15
6693 7.87042008171604e-15
6694.5 7.79428029008735e-15
6696 7.71813965142571e-15
6697.5 7.7076101848584e-15
6699 7.69707987125813e-15
6700.5 7.66631986977859e-15
6702 7.63555986829905e-15
6703.5 7.68055510549015e-15
6705 7.72555034268124e-15
6706.5 7.74547001650182e-15
6708 7.7653896903224e-15
6709.5 7.71463462908998e-15
6711 7.6638804148905e-15
6712.5 7.70804979495802e-15
6714 7.75222002205849e-15
6715.5 7.70504536909411e-15
6717 7.65786986909678e-15
6718.5 7.52836530772518e-15
6720 7.39885989932063e-15
6721.5 7.33799973502746e-15
6723 7.27714041776724e-15
6724.5 7.18849503170528e-15
6726 7.09985006915981e-15
6727.5 6.99085005785886e-15
6729 6.88185004655791e-15
6730.5 6.88189493930412e-15
6732 6.88193983205032e-15
6733.5 7.02752997260676e-15
6735 7.17311968964672e-15
6736.5 7.20862476969678e-15
6738 7.24412984974684e-15
6739.5 7.14038525436713e-15
6741 7.03663981195448e-15
6742.5 6.93278510229163e-15
6744 6.82892996911231e-15
6745.5 6.8279601163877e-15
6747 6.82698984014662e-15
6748.5 6.86822509808485e-15
6750 6.90945993250662e-15
6751.5 6.85073005607579e-15
6753 6.79200017964497e-15
6754.5 6.74903485691197e-15
6756 6.70606995769544e-15
6757.5 6.70391510587762e-15
6759 6.70175983054334e-15
6760.5 6.77877503072301e-15
6762 6.85578980738621e-15
6763.5 6.851915055169e-15
6765 6.84803987943531e-15
6766.5 6.74118497907329e-15
6768 6.63433007871126e-15
6769.5 6.54362004984038e-15
6771 6.45291002096949e-15
6772.5 6.41523484250857e-15
6774 6.37756008756412e-15
6775.5 6.4009051626234e-15
6777 6.4242498141662e-15
6778.5 6.48282510708415e-15
6780 6.54139997648562e-15
6781.5 6.5691949391333e-15
6783 6.59698990178098e-15
6784.5 6.49228519455556e-15
6786 6.38758006381366e-15
6787.5 6.34387485780124e-15
6789 6.30017007530528e-15
6790.5 6.37935495037935e-15
6792 6.45853982545342e-15
6793.5 6.27135020279143e-15
6795 6.08416015661297e-15
6796.5 6.21869482314184e-15
6798 6.35322991318719e-15
6799.5 6.17188481786125e-15
6801 5.99054014605179e-15
6802.5 6.01561486238936e-15
6804 6.0406900022434e-15
6805.5 6.16583488503549e-15
6807 6.29098019134405e-15
6808.5 6.34851998648398e-15
6810 6.40606020514039e-15
6811.5 6.36040512928338e-15
6813 6.31475005342637e-15
6814.5 6.23793517653872e-15
6816 6.1611198761346e-15
6817.5 6.11075487357438e-15
6819 6.06038987101417e-15
6820.5 6.0487948369992e-15
6822 6.03719980298424e-15
6823.5 6.09135485446694e-15
6825 6.14550990594965e-15
6826.5 6.14352488423776e-15
6828 6.14153986252587e-15
6829.5 6.01594520523879e-15
6831 5.89035012443524e-15
6832.5 5.89422995885013e-15
6834 5.89810979326503e-15
6835.5 5.98546514814832e-15
6837 6.07282007951512e-15
6838.5 6.02205485388733e-15
6840 5.97129005177601e-15
6841.5 5.90274518106888e-15
6843 5.83419988684527e-15
6844.5 6.00430019627994e-15
6846 6.17440008219812e-15
6847.5 6.14444984421616e-15
6849 6.11450002975067e-15
6850.5 6.08050520944556e-15
6852 6.04650996562399e-15
6853.5 6.06779505655554e-15
6855 6.08908014748709e-15
6856.5 6.0295451662399e-15
6858 5.97001018499271e-15
6859.5 5.93729480795444e-15
6861 5.90457985443263e-15
6862.5 5.97271518470977e-15
6864 6.04085009147043e-15
6865.5 6.03673520541267e-15
6867 6.03261989583844e-15
6868.5 6.0181949247467e-15
6870 6.00376995365495e-15
6871.5 6.11340989834755e-15
6873 6.22304984304015e-15
6874.5 6.22550496803776e-15
6876 6.22796009303538e-15
6877.5 6.11840993383519e-15
6879 6.00886019815148e-15
6880.5 6.07027008682742e-15
6882 6.13167997550335e-15
6883.5 6.11469018864733e-15
6885 6.09769997827483e-15
6886.5 5.93486001174755e-15
6888 5.77202004522028e-15
6889.5 5.74026520354419e-15
6891 5.70850993835163e-15
6892.5 5.84208999874895e-15
6894 5.97567005914627e-15
6895.5 5.91366512982488e-15
6897 5.8516602005035e-15
6898.5 5.6935949586999e-15
6900 5.53553014041278e-15
6901.5 5.56790501020626e-15
6903 5.60027987999974e-15
6904.5 5.65323510931266e-15
6906 5.7061899151091e-15
6907.5 5.68106014162996e-15
6909 5.65592994463435e-15
6910.5 5.59236520414059e-15
6912 5.52880004013037e-15
6913.5 5.6120451676371e-15
6915 5.69528987162736e-15
6916.5 5.73386502259474e-15
6918 5.77244017356212e-15
6919.5 5.72398014810028e-15
6921 5.67552012263844e-15
6922.5 5.7670399150069e-15
6924 5.85856013089183e-15
6925.5 5.85771987420816e-15
6927 5.85688004104096e-15
6928.5 5.85555994019266e-15
6930 5.85423983934436e-15
6931.5 5.9217199896368e-15
6933 5.98920013992923e-15
6934.5 5.99768021028067e-15
6936 6.00615985711563e-15
6937.5 5.92886513606336e-15
6939 5.85156999149462e-15
6940.5 5.83303987522401e-15
6942 5.81451018246987e-15
6943.5 5.88259511428665e-15
6945 5.95068004610342e-15
6946.5 5.75154514130278e-15
6948 5.55240981298566e-15
6949.5 5.56135998662282e-15
6951 5.57031016025999e-15
6952.5 5.60478482472971e-15
6954 5.63925991271591e-15
6955.5 5.67315520664971e-15
6957 5.70705007706704e-15
6958.5 5.82968985991762e-15
6960 5.95233006628467e-15
6961.5 5.97609484616931e-15
6963 5.99986004957043e-15
6964.5 5.87446486854243e-15
6966 5.7490701110309e-15
6967.5 5.70264508222484e-15
6969 5.65622005341878e-15
6970.5 5.6941650118734e-15
6972 5.73210997032803e-15
6973.5 5.66512999299095e-15
6975 5.59815001565387e-15
6976.5 5.55550995357261e-15
6978 5.51286989149136e-15
6979.5 5.64979996719507e-15
6981 5.78673004289878e-15
6982.5 5.84449514880268e-15
6984 5.9022598311901e-15
6985.5 5.9637201183264e-15
6987 6.02517998194623e-15
6988.5 5.90615999439574e-15
6990 5.78714000684525e-15
6991.5 5.75262002611284e-15
6993 5.71810004538044e-15
6994.5 5.71298015473076e-15
6996 5.70785984056461e-15
6997.5 5.7070699823413e-15
6999 5.70628012411798e-15
7000.5 5.66759020018625e-15
7002 5.62889985273804e-15
7003.5 5.63141003487723e-15
7005 5.63391979349994e-15
7006.5 5.66772996062254e-15
7008 5.70154012774515e-15
7009.5 5.67406492003506e-15
7011 5.64659013584145e-15
7012.5 5.68559981471077e-15
7014 5.72460991709657e-15
7015.5 5.81270007306159e-15
7017 5.90078980551014e-15
7018.5 5.8425999125832e-15
7020 5.78441001965625e-15
7021.5 5.74332511006615e-15
7023 5.70224020047605e-15
7024.5 5.74618511681255e-15
7026 5.79013003314905e-15
7027.5 5.64195983023528e-15
7029 5.49379005083798e-15
7030.5 5.43485011023624e-15
7032 5.37591016963449e-15
7033.5 5.45702500927888e-15
7035 5.53813984892327e-15
7036.5 5.50883505004711e-15
7038 5.47952982765448e-15
7039.5 5.46539496534717e-15
7041 5.45126010303987e-15
7042.5 5.4891550865506e-15
7044 5.52705007006134e-15
7045.5 5.45453515593043e-15
7047 5.38201981828304e-15
7048.5 5.33163491044856e-15
7050 5.28125000261409e-15
7051.5 5.35868490761913e-15
7053 5.43611981262417e-15
7054.5 5.43941519430546e-15
7056 5.44271015247028e-15
7057.5 5.39750019242706e-15
7059 5.35228980886736e-15
7060.5 5.35550006373745e-15
7062 5.35870989509107e-15
7063.5 5.29079013469901e-15
7065 5.22286995079048e-15
7066.5 5.211235106227e-15
7068 5.19959983814704e-15
7069.5 5.41934517213675e-15
7071 5.63909008260998e-15
7072.5 5.72915509589153e-15
7074 5.81922010917308e-15
7075.5 5.61738486333659e-15
7077 5.41555004101657e-15
7078.5 5.38268008046542e-15
7080 5.34981011991427e-15
7081.5 5.49784987975417e-15
7083 5.64589006311054e-15
7084.5 5.50209520888581e-15
7086 5.3582999311446e-15
7087.5 5.33994515069408e-15
7089 5.32158994672708e-15
7090.5 5.38026010733512e-15
7092 5.43892984442669e-15
7093.5 5.35839014015349e-15
7095 5.27785001236381e-15
7096.5 5.29710984751848e-15
7098 5.31637010618962e-15
7099.5 5.33819009842736e-15
7101 5.36001009066511e-15
7102.5 5.33029490432601e-15
7104 5.30058014150338e-15
7105.5 5.28822997761594e-15
7107 5.2758798137285e-15
7108.5 5.28901517715804e-15
7110 5.30215011707112e-15
7111.5 5.37236999543144e-15
7113 5.44258987379177e-15
7114.5 5.54240508332917e-15
7116 5.64221986935009e-15
7117.5 5.58040509892536e-15
7119 5.51858990498416e-15
7120.5 5.31901496656742e-15
7122 5.11944002815068e-15
7123.5 5.06700487706738e-15
7125 5.01457014950055e-15
7126.5 5.10612509373632e-15
7128 5.19768003797209e-15
7129.5 5.33268480778669e-15
7131 5.46769000111776e-15
7132.5 5.39572481136961e-15
7134 5.32376004513794e-15
7135.5 5.28394992013346e-15
7137 5.24413979512898e-15
7138.5 5.27051978923827e-15
7140 5.29690020686403e-15
7141.5 5.34301988029261e-15
7143 5.38913997723766e-15
7144.5 5.44874992090068e-15
7146 5.5083598645637e-15
7147.5 5.56551510674558e-15
7149 5.62266992541098e-15
7150.5 5.6172899956465e-15
7152 5.61191006588201e-15
7153.5 5.46852009340607e-15
7155 5.32513012093012e-15
7156.5 5.21494002833829e-15
7158 5.10474993574645e-15
7159.5 5.10607511879243e-15
7161 5.10739987832193e-15
7162.5 5.14438514844732e-15
7164 5.18136999505623e-15
7165.5 5.2606399969415e-15
7167 5.33990999882676e-15
7168.5 5.37720020081316e-15
7170 5.41448997928308e-15
7171.5 5.32415518600783e-15
7173 5.23381996921611e-15
7174.5 5.178394791829e-15
7176 5.12297003795836e-15
7177.5 5.16919516698887e-15
7179 5.21541987250291e-15
7180.5 5.2296352029402e-15
7182 5.24385010986102e-15
7183.5 5.26987011496773e-15
7185 5.29589012007443e-15
7186.5 5.39881521107767e-15
7188 5.50173987856444e-15
7189.5 5.39155486817028e-15
7191 5.28136985777613e-15
7192.5 5.19687493315572e-15
7194 5.11238000853531e-15
7195.5 5.25013001213197e-15
7197 5.38788001572862e-15
7198.5 5.44659506908286e-15
7200 5.50531012243711e-15
7201.5 5.48728017912186e-15
7203 5.46924981229013e-15
7204.5 5.38507506612378e-15
7206 5.30089989644097e-15
7207.5 5.13167499555729e-15
7209 4.96245009467362e-15
7210.5 4.9523750612825e-15
7212 4.94230002789139e-15
7213.5 5.1164800715165e-15
7215 5.29066011514161e-15
7216.5 5.29815000397771e-15
7218 5.3056398928138e-15
7219.5 5.21695003752212e-15
7221 5.12826018223044e-15
7222.5 5.29381997155134e-15
7224 5.45938018438872e-15
7225.5 5.49724509822983e-15
7227 5.53511001207094e-15
7228.5 5.28772006378169e-15
7230 5.04033011549244e-15
7231.5 5.04906980144221e-15
7233 5.05780991090846e-15
7234.5 5.25163984836045e-15
7236 5.44547020932891e-15
7237.5 5.44340006080582e-15
7239 5.44132991228273e-15
7240.5 5.42158515076576e-15
7242 5.40183996573232e-15
7243.5 5.40137494464427e-15
7245 5.40090992355623e-15
7246.5 5.41664017241969e-15
7248 5.43236999776668e-15
7249.5 5.54537986303992e-15
7251 5.65839015182965e-15
7252.5 5.67885997354947e-15
7254 5.69932979526929e-15
7255.5 5.61416994978529e-15
7257 5.52901010430129e-15
7258.5 5.39467999622917e-15
7260 5.26034988815706e-15
7261.5 5.21641979489714e-15
7263 5.17249012515369e-15
7264.5 5.30266003090536e-15
7266 5.43282993665704e-15
7267.5 5.41914019016351e-15
7269 5.40545002015351e-15
7270.5 5.3280998184432e-15
7272 5.25075004024936e-15
7273.5 5.38699994849642e-15
7275 5.52324985674348e-15
7276.5 5.45624489193446e-15
7278 5.38923992712543e-15
7279.5 5.27589506032155e-15
7281 5.16255019351766e-15
7282.5 5.41004517389237e-15
7284 5.65754015426708e-15
7285.5 5.55302010022416e-15
7287 5.44850004618124e-15
7288.5 5.36287983829041e-15
7290 5.27726005391605e-15
7291.5 5.30754486991218e-15
7293 5.33783010942478e-15
7294.5 5.39650492871403e-15
7296 5.45518017151976e-15
7297.5 5.41916517763546e-15
7299 5.38315018375115e-15
7300.5 5.37233992576182e-15
7302 5.36153009128896e-15
7303.5 5.31860500262095e-15
7305 5.27567991395294e-15
7306.5 5.21075992074359e-15
7308 5.14583992753423e-15
7309.5 5.18620994131684e-15
7311 5.22657995509945e-15
7312.5 5.26230018151812e-15
7314 5.2980199844203e-15
7315.5 5.34911512938105e-15
7317 5.40020985082532e-15
7318.5 5.57183481956504e-15
7320 5.74345978830476e-15
7321.5 5.78177998235502e-15
7323 5.82010017640528e-15
7324.5 5.82429510707656e-15
7326 5.82849003774783e-15
7327.5 5.77895004527824e-15
7329 5.72941005280866e-15
7330.5 5.59744486072528e-15
7332 5.46548009215837e-15
7333.5 5.45718509850591e-15
7335 5.44889010485345e-15
7336.5 5.29296489179109e-15
7338 5.1370401022452e-15
7339.5 5.02637482416995e-15
7341 4.91570996961118e-15
7342.5 5.1132651579652e-15
7344 5.31081992280274e-15
7345.5 5.47663509255724e-15
7347 5.64244983879527e-15
7348.5 5.55049001281071e-15
7350 5.45853018682615e-15
7351.5 5.37178511918136e-15
7353 5.28504005153658e-15
7354.5 5.31634003651999e-15
7356 5.34764002150341e-15
7357.5 5.28170485930676e-15
7359 5.2157701206266e-15
7360.5 5.0923548791128e-15
7362 4.96894006111548e-15
7363.5 5.04295507059598e-15
7365 5.11697008007649e-15
7366.5 5.22200513015133e-15
7368 5.32704018022618e-15
7369.5 5.19039513110922e-15
7371 5.05375008199227e-15
7372.5 4.9841201620797e-15
7374 4.91448981865066e-15
7375.5 5.01609989100329e-15
7377 5.11770996335591e-15
7378.5 5.10798517808849e-15
7380 5.09825996930459e-15
7381.5 5.10831001522376e-15
7383 5.11836006114293e-15
7384.5 5.03896512189794e-15
7386 4.95957018265296e-15
7387.5 5.11550005439653e-15
7389 5.2714299261401e-15
7390.5 5.28689505369107e-15
7392 5.30236018124203e-15
7393.5 5.27655489898746e-15
7395 5.25075004024936e-15
7396.5 5.34895504015402e-15
7398 5.44716004005868e-15
7399.5 5.47241517441402e-15
7401 5.49766988525288e-15
7402.5 5.41175999209408e-15
7404 5.32585009893529e-15
7405.5 5.25652002868605e-15
7407 5.18718995843681e-15
7408.5 5.11615015218354e-15
7410 5.0451099224138e-15
7411.5 5.08456514061338e-15
7413 5.12401993529648e-15
7414.5 5.29032511361097e-15
7416 5.45662986840899e-15
7417.5 5.38041003216678e-15
7419 5.30419019592458e-15
7420.5 5.14235989267043e-15
7422 4.98053001293276e-15
7423.5 4.96032997120664e-15
7425 4.94012992948052e-15
7426.5 5.01897514434274e-15
7428 5.09781993568849e-15
7429.5 5.12583004470477e-15
7431 5.15384015372104e-15
7432.5 5.1004999479336e-15
7434 5.04716016566263e-15
7435.5 4.94884505147482e-15
7437 4.85052993728701e-15
7438.5 4.87195478865486e-15
7440 4.89338006353919e-15
7441.5 5.06231993783611e-15
7443 5.23125981213303e-15
7444.5 5.25611006473958e-15
7446 5.28095989382965e-15
7447.5 5.25443505708639e-15
