3035.24 1.06008005142212
3038.92 1.06008005142212
3042.6 1.06008005142212
3046.28 1.06008005142212
3049.96 1.06008005142212
3053.64 1.05908584594727
3057.32 1.05808365345001
3061 1.05608284473419
3064.68 1.05406832695007
3068.36 1.05304551124573
3072.04 1.05204176902771
3075.72 1.05201995372772
3079.4 1.05201995372772
3083.08 1.05104148387909
3086.76 1.0500328540802
3090.44 1.05194401741028
3094.12 1.05395352840424
3097.8 1.05693209171295
3101.48 1.05994880199432
3105.16 1.06200480461121
3108.84 1.06401705741882
3112.52 1.06315398216248
3116.2 1.06215178966522
3119.88 1.06591153144836
3123.56 1.06993067264557
3127.24 1.07300853729248
3130.92 1.07602941989899
3134.6 1.07621002197266
3138.28 1.07621002197266
3141.96 1.07150506973267
3145.64 1.06647193431854
3149.32 1.06144511699677
3153 1.05641877651215
3156.68 1.06350302696228
3160.36 1.07154619693756
3164.04 1.07403373718262
3167.72 1.07604598999023
3171.4 1.07621002197266
3175.08 1.07621002197266
3178.76 1.07621002197266
3182.44 1.07621002197266
3186.12 1.07621002197266
3189.8 1.07621002197266
3193.48 1.07439160346985
3197.16 1.07238209247589
3200.84 1.07036554813385
3204.52 1.06834828853607
3208.2 1.07174849510193
3211.88 1.07577264308929
3215.56 1.07979226112366
3219.24 1.08381128311157
3222.92 1.08694612979889
3226.6 1.0899670124054
3230.28 1.09120953083038
3233.96 1.09221684932709
3237.64 1.09145474433899
3241.32 1.0904461145401
3245 1.09384107589722
3248.68 1.09786510467529
3252.36 1.09838998317719
3256.04 1.09838998317719
3259.72 1.10360658168793
3263.4 1.10964334011078
3267.08 1.11307871341705
3270.76 1.11609554290771
3274.44 1.13632202148438
3278.12 1.15944421291351
3281.8 1.1637579202652
3285.48 1.16476655006409
3289.16 1.17003548145294
3292.84 1.17606902122498
3296.52 1.17786550521851
3300.2 1.17886912822723
3303.88 1.17649686336517
3307.56 1.17348003387451
3311.24 1.17382025718689
3314.92 1.17482757568359
3318.6 1.17416405677795
3322.28 1.17315542697906
3325.96 1.17381203174591
3329.64 1.17481935024261
3333.32 1.17417335510254
3337 1.17316615581512
3340.68 1.17380225658417
3344.36 1.17481088638306
3348.04 1.1733672618866
3351.72 1.17135775089264
3355.4 1.17503213882446
3359.08 1.18006527423859
3362.76 1.18589651584625
3366.44 1.1919219493866
3370.12 1.19315004348755
3373.8 1.19315004348755
3377.48 1.19394361972809
3381.16 1.19494724273682
3384.84 1.19833111763
3388.52 1.20235514640808
3392.2 1.20401549339294
3395.88 1.20501911640167
3399.56 1.20602560043335
3403.24 1.20703279972076
3406.92 1.20881628990173
3410.6 1.21082580089569
3414.28 1.20819509029388
3417.96 1.20417046546936
3421.64 1.20476996898651
3425.32 1.20677947998047
3429 1.21185076236725
3432.68 1.21788442134857
3436.36 1.22011816501617
3440.04 1.2211217880249
3443.72 1.22515344619751
3447.4 1.23017978668213
3451.08 1.23220372200012
3454.76 1.23321235179901
3458.44 1.23421621322632
3462.12 1.23521852493286
3465.8 1.23547995090485
3469.48 1.23547995090485
3473.16 1.23917281627655
3476.84 1.24420595169067
3480.52 1.24776518344879
3484.2 1.25078201293945
3487.88 1.25379884243011
3491.56 1.25681567192078
3495.24 1.25983536243439
3498.92 1.26285624504089
3502.6 1.26371002197266
3506.28 1.26371002197266
3509.96 1.26442813873291
3513.64 1.2654367685318
3517.32 1.27072012424469
3521 1.27775597572327
3524.68 1.28903841972351
3528.36 1.30210781097412
3532.04 1.30675089359283
3535.72 1.30775451660156
3539.4 1.3073627948761
3543.08 1.30636048316956
3546.76 1.29425168037415
3550.44 1.27715814113617
3554.12 1.26763606071472
3557.8 1.26159930229187
3561.48 1.26036357879639
3565.16 1.26136589050293
3568.84 1.26782214641571
3572.52 1.27688479423523
3576.2 1.28661465644836
3579.88 1.2966673374176
3583.56 1.2966400384903
3587.24 1.29161369800568
3590.92 1.29325723648071
3594.6 1.29829037189484
3598.28 1.30331897735596
3601.96 1.30834531784058
3605.64 1.3133761882782
3609.32 1.31840932369232
3613 1.32606244087219
3616.68 1.33511281013489
3620.36 1.33895826339722
3624.04 1.33996045589447
3627.72 1.3467755317688
3631.4 1.35684192180634
3635.08 1.36368978023529
3638.76 1.36871612071991
3642.44 1.37119770050049
3646.12 1.37220501899719
3649.8 1.37258005142212
3653.48 1.37258005142212
3657.16 1.37132573127747
3660.84 1.36931896209717
3664.52 1.36854994297028
3668.2 1.36854994297028
3671.88 1.36854994297028
3675.56 1.36854994297028
3679.24 1.36854994297028
3682.92 1.36854994297028
3686.6 1.36794149875641
3690.28 1.36693286895752
3693.96 1.36652994155884
3697.64 1.36652994155884
3701.32 1.36533415317535
3705 1.36332452297211
3708.68 1.35953211784363
3712.36 1.35449886322021
3716.04 1.34946978092194
3719.72 1.34444344043732
3723.4 1.34351015090942
3727.08 1.34552240371704
3730.76 1.34753310680389
3734.44 1.34954261779785
3738.12 1.36250531673431
3741.8 1.38361799716949
3745.48 1.3933128118515
3749.16 1.39432144165039
3752.84 1.39305484294891
3756.52 1.39003801345825
3760.2 1.38307499885559
3763.88 1.37300872802734
3767.56 1.36630833148956
3771.24 1.36228430271149
3774.92 1.35992705821991
3778.6 1.35892486572266
3782.28 1.34802186489105
3785.96 1.328892827034
3789.64 1.31742835044861
3793.32 1.31240200996399
3797 1.31819319725037
3800.68 1.33327221870422
3804.36 1.34353792667389
3808.04 1.3495796918869
3811.72 1.35668194293976
3815.4 1.36472511291504
3819.08 1.37224507331848
3822.76 1.37929046154022
3826.44 1.38266003131866
3830.12 1.38266003131866
3833.8 1.38318002223969
3837.48 1.38418734073639
3841.16 1.38416469097137
3844.84 1.38315606117249
3848.52 1.38725900650024
3852.2 1.39630937576294
3855.88 1.40586364269257
3859.56 1.4159163236618
3863.24 1.42447352409363
3866.92 1.43151903152466
3870.6 1.43508005142212
3874.28 1.43508005142212
3877.96 1.43606424331665
3881.64 1.43807649612427
3885.32 1.43715500831604
3889 1.43313598632812
3892.68 1.41654229164124
3896.36 1.38637924194336
3900.04 1.37774288654327
3903.72 1.39284729957581
3907.4 1.40651333332062
3911.08 1.41857552528381
3914.76 1.42452919483185
3918.44 1.42352199554443
3922.12 1.41832983493805
3925.8 1.40826344490051
3929.48 1.41067004203796
3933.16 1.42776358127594
3936.84 1.44395220279694
3940.52 1.4590517282486
3944.2 1.47459626197815
3947.88 1.49068260192871
3951.56 1.50183701515198
3955.24 1.50685656070709
3958.92 1.51276242733002
3962.6 1.51980781555176
3966.28 1.52466368675232
3969.96 1.52667319774628
3973.64 1.52911698818207
3977.32 1.53213787078857
3981 1.53386998176575
3984.68 1.53386998176575
3988.36 1.53302359580994
3992.04 1.53101408481598
3995.72 1.52774739265442
3999.4 1.5227142572403
4003.08 1.51809787750244
4006.76 1.51407384872437
4010.44 1.51169002056122
4014.12 1.51169002056122
4017.8 1.5112863779068
4021.48 1.51028275489807
4025.16 1.51249051094055
4028.84 1.51952636241913
4032.52 1.5237900018692
4036.2 1.5237900018692
4039.88 1.52457630634308
4043.56 1.52658593654633
4047.24 1.52781999111176
4050.92 1.52781999111176
4054.6 1.52628898620605
4058.28 1.52226436138153
4061.96 1.51748096942902
4065.64 1.51144742965698
4069.32 1.51027929782867
4073 1.51731526851654
4076.68 1.52214002609253
4080.36 1.52314865589142
4084.04 1.52415680885315
4087.72 1.52516400814056
4091.4 1.52617001533508
4095.08 1.52717363834381
4098.76 1.52817857265472
4102.44 1.52918577194214
4106.12 1.52948689460754
4109.8 1.52847969532013
4113.48 1.52747368812561
4117.16 1.52646994590759
4120.84 1.52477705478668
4124.52 1.52176022529602
4128.2 1.5194206237793
4131.88 1.51841330528259
4135.56 1.51774001121521
4139.24 1.51774001121521
4142.92 1.51807117462158
4146.6 1.51907849311829
4150.28 1.52041065692902
4153.96 1.52242302894592
4157.64 1.5237900018692
4161.32 1.5237900018692
4165 1.52410745620728
4168.68 1.52511477470398
4172.36 1.52581000328064
4176.04 1.52581000328064
4179.72 1.52488362789154
4183.4 1.52186679840088
4187.08 1.51884877681732
4190.76 1.51582789421082
4194.44 1.51340889930725
4198.12 1.51240170001984
4201.8 1.51169002056122
4205.48 1.51169002056122
4209.16 1.51140093803406
4212.84 1.51039731502533
4216.52 1.50996601581573
4220.2 1.51096820831299
4223.88 1.51169002056122
4227.56 1.51169002056122
4231.24 1.51113772392273
4234.92 1.50912547111511
4238.6 1.50738799571991
4242.28 1.50638711452484
4245.96 1.50511825084686
4249.64 1.50310099124908
4253.32 1.50003731250763
4257 1.49400866031647
4260.68 1.4874655008316
4264.36 1.47942233085632
4268.04 1.47187960147858
4271.72 1.46583771705627
4275.4 1.4680027961731
4279.08 1.49514901638031
4282.76 1.51670205593109
4286.44 1.52072107791901
4290.12 1.5237900018692
4293.8 1.5237900018692
4297.48 1.5237900018692
4301.16 1.5237900018692
4304.84 1.52333068847656
4308.52 1.52131843566895
4312.2 1.52180016040802
4315.88 1.53084552288055
4319.56 1.53834342956543
4323.24 1.54035794734955
4326.92 1.54193997383118
4330.6 1.54193997383118
4334.28 1.54130053520203
4337.96 1.53828382492065
4341.64 1.53422665596008
4345.32 1.52617263793945
4349 1.51976001262665
4352.68 1.51976001262665
4356.36 1.51976001262665
4360.04 1.51976001262665
4363.72 1.51995360851288
4367.4 1.52095723152161
4371.08 1.52215313911438
4374.76 1.52416777610779
4378.44 1.52655267715454
4382.12 1.53057169914246
4385.8 1.53368997573853
4389.48 1.5326863527298
4393.16 1.53203701972961
4396.84 1.53303933143616
4400.52 1.53300833702087
4404.2 1.52797520160675
4407.88 1.52395975589752
4411.56 1.52496695518494
4415.24 1.52613759040833
4418.92 1.52814722061157
4422.6 1.53015720844269
4426.28 1.53216946125031
4429.96 1.53480458259583
4433.64 1.54083812236786
4437.32 1.5462703704834
4441 1.54827988147736
4444.68 1.54999995231628
4448.36 1.54999995231628
4452.04 1.54985761642456
4455.72 1.54885041713715
4459.4 1.54743313789368
4463.08 1.54340863227844
4466.76 1.53951835632324
4470.44 1.53650152683258
4474.12 1.53451192378998
4477.8 1.5395382642746
4481.48 1.54394996166229
4485.16 1.54394996166229
4488.84 1.54394996166229
4492.52 1.54394996166229
4496.2 1.54360520839691
4499.88 1.54058432579041
4503.56 1.53745222091675
4507.24 1.53343319892883
4510.92 1.52994680404663
4514.6 1.53095400333405
4518.28 1.53185999393463
4521.96 1.53185999393463
4525.64 1.53214645385742
4529.32 1.53515827655792
4533 1.5378999710083
4536.68 1.5378999710083
4540.36 1.53798496723175
4544.04 1.53899359703064
4547.72 1.53983783721924
4551.4 1.53883063793182
4555.08 1.53782367706299
4558.76 1.53682005405426
4562.44 1.53611135482788
4566.12 1.53912818431854
4569.8 1.54207646846771
4573.48 1.54408609867096
4577.16 1.54590690135956
4580.84 1.54489827156067
4584.52 1.54389011859894
4588.2 1.5428878068924
4591.88 1.54193997383118
4595.56 1.54193997383118
4599.24 1.54184138774872
4602.92 1.53982412815094
4606.6 1.53780722618103
4610.28 1.53579759597778
4613.96 1.53374683856964
4617.64 1.53072595596313
4621.32 1.52766704559326
4625 1.52364802360535
4628.68 1.51966166496277
4632.36 1.51664483547211
4636.04 1.51362788677216
4639.72 1.51060700416565
4643.4 1.50753712654114
4647.08 1.50251078605652
4650.76 1.4975608587265
4654.44 1.4965535402298
4658.12 1.49554634094238
4661.8 1.49454271793365
4665.48 1.49353909492493
4669.16 1.49253177642822
4672.84 1.49150812625885
4676.52 1.48748362064362
4680.2 1.48345637321472
4683.88 1.4784300327301
4687.56 1.47340369224548
4691.24 1.47238552570343
4694.92 1.47137820720673
4698.6 1.470374584198
4702.28 1.46937096118927
4705.96 1.46239566802979
4709.64 1.45535480976105
4713.32 1.45425403118134
4717 1.45325183868408
4720.68 1.45224332809448
4724.36 1.45123469829559
4728.04 1.44924962520599
4731.72 1.44724011421204
4735.4 1.44424939155579
4739.08 1.44122850894928
4742.76 1.43821156024933
4746.44 1.43519473075867
4750.12 1.43604898452759
4753.8 1.437056183815
4757.48 1.4351704120636
4761.16 1.43315315246582
4764.84 1.43018734455109
4768.52 1.42717552185059
4772.2 1.43083679676056
4775.88 1.43486130237579
4779.56 1.43603253364563
4783.24 1.43703973293304
4786.92 1.43615293502808
4790.6 1.43514573574066
4794.28 1.43037509918213
4797.96 1.42534196376801
4801.64 1.41937625408173
4805.32 1.41334271430969
4809 1.4017379283905
4812.68 1.38969194889069
4816.36 1.38315320014954
4820.04 1.37710320949554
4823.72 1.3729236125946
4827.4 1.36890995502472
4831.08 1.3648818731308
4834.76 1.36085224151611
4838.44 1.35683226585388
4842.12 1.35281312465668
4845.8 1.35241997241974
4849.48 1.35241997241974
4853.16 1.35332453250885
4856.84 1.35433316230774
4860.52 1.35353946685791
4864.2 1.3525322675705
4867.88 1.35241997241974
4871.56 1.35241997241974
4875.24 1.35064291954041
4878.92 1.3486305475235
4882.6 1.34750318527222
4886.28 1.34649586677551
4889.96 1.34813070297241
4893.64 1.35014295578003
4897.32 1.34952569007874
4901 1.34852349758148
4904.68 1.34751689434052
4908.36 1.34650957584381
4912.04 1.34463655948639
4915.72 1.34262430667877
4919.4 1.33888459205627
4923.08 1.33486044406891
4926.76 1.33341360092163
4930.44 1.3324099779129
4934.12 1.33226001262665
4937.8 1.33226001262665
4941.48 1.32971048355103
4945.16 1.32669365406036
4948.84 1.3219838142395
4952.52 1.31695067882538
4956.2 1.31276202201843
4959.88 1.30873799324036
4963.56 1.31474804878235
4967.24 1.32279121875763
4970.92 1.32502317428589
4974.6 1.32603180408478
4978.28 1.32703936100006
4981.96 1.32804656028748
4985.64 1.32575905323029
4989.32 1.32273817062378
4993 1.31480193138123
4996.68 1.30575156211853
5000.36 1.28774905204773
5004.04 1.26764369010925
5007.72 1.2604728937149
5011.4 1.25644838809967
5015.08 1.25565004348755
5018.76 1.25565004348755
5022.44 1.25565004348755
5026.12 1.25565004348755
5029.8 1.25166606903076
5033.48 1.24662792682648
5037.16 1.24159908294678
5040.84 1.23657274246216
5044.52 1.23469460010529
5048.2 1.23369085788727
5051.88 1.23268449306488
5055.56 1.23167717456818
5059.24 1.23144996166229
5062.92 1.23144996166229
5066.6 1.23144996166229
5070.28 1.23144996166229
5073.96 1.23144996166229
5077.64 1.23144996166229
5081.32 1.23144996166229
5085 1.23144996166229
5088.68 1.22916281223297
5092.36 1.22614598274231
5096.04 1.22313296794891
5099.72 1.22012114524841
5103.4 1.21785259246826
5107.08 1.21583533287048
5110.76 1.21083128452301
5114.44 1.20480263233185
5118.12 1.20545315742493
5121.8 1.20846080780029
5125.48 1.21000730991364
5129.16 1.21101593971252
5132.84 1.2112900018692
5136.52 1.2112900018692
5140.2 1.2112900018692
5143.88 1.2112900018692
5147.56 1.2112900018692
5151.24 1.2112900018692
5154.92 1.2105700969696
5158.6 1.20956289768219
5162.28 1.20998537540436
5165.96 1.21099400520325
5169.64 1.21200168132782
5173.32 1.21300888061523
5177 1.21542501449585
5180.68 1.21844184398651
5184.36 1.22005820274353
5188.04 1.22106182575226
5191.72 1.22485291957855
5195.4 1.22987926006317
5199.08 1.23144996166229
5202.76 1.23144996166229
5206.44 1.23213970661163
5210.12 1.23314702510834
5213.8 1.23278570175171
5217.48 1.23177850246429
5221.16 1.23144996166229
5224.84 1.23144996166229
5228.52 1.23482370376587
5232.2 1.23985004425049
5235.88 1.24152994155884
5239.56 1.24152994155884
5243.24 1.2435302734375
5246.92 1.24654710292816
5250.6 1.25220680236816
5254.28 1.25924277305603
5257.96 1.26234781742096
5261.64 1.26335644721985
5265.32 1.26371002197266
5269 1.26371002197266
5272.68 1.26629841327667
5276.36 1.27031743526459
5280.04 1.27369904518127
5283.72 1.27672004699707
5287.4 1.27781999111176
5291.08 1.27781999111176
5294.76 1.27591550350189
5298.44 1.27289462089539
5302.12 1.26987946033478
5305.8 1.26686763763428
5309.48 1.26760423183441
5313.16 1.27061605453491
5316.84 1.27301430702209
5320.52 1.27503156661987
5324.2 1.27642548084259
5327.88 1.27742779254913
5331.56 1.27720987796783
5335.24 1.27620768547058
5338.92 1.27398765087128
5342.6 1.27096676826477
5346.28 1.26976001262665
5349.96 1.26976001262665
5353.64 1.27095746994019
5357.32 1.27296984195709
5361 1.27617383003235
5364.68 1.28019785881042
5368.36 1.28244829177856
5372.04 1.28345060348511
5375.72 1.28386998176575
5379.4 1.28386998176575
5383.08 1.28386998176575
5386.76 1.28386998176575
5390.44 1.28444755077362
5394.12 1.28545475006104
5397.8 1.28646004199982
5401.48 1.28746366500854
5405.16 1.28733420372009
5408.84 1.28633332252502
5412.52 1.28701090812683
5416.2 1.28902328014374
5419.88 1.2927063703537
5423.56 1.29773271083832
5427.24 1.30055284500122
5430.92 1.30156016349792
5434.6 1.30365908145905
5438.28 1.30667495727539
5441.96 1.30806005001068
5445.64 1.30806005001068
5449.32 1.30644774436951
5453 1.30343592166901
5456.68 1.30521881580353
5460.36 1.31125569343567
5464.04 1.31623136997223
5467.72 1.32025539875031
5471.4 1.32060384750366
5475.08 1.31758296489716
5478.76 1.31717300415039
5482.44 1.31918251514435
5486.12 1.32067728042603
5489.8 1.32168459892273
5493.48 1.32422506809235
5497.16 1.32824957370758
5500.84 1.33074915409088
5504.52 1.3317563533783
5508.2 1.33276176452637
5511.88 1.33376550674438
5515.56 1.33577024936676
5519.24 1.33878695964813
5522.92 1.34378302097321
5526.6 1.35082387924194
5530.28 1.3657021522522
5533.96 1.38885569572449
5537.64 1.40810370445251
5541.32 1.42318272590637
5545 1.43152940273285
5548.68 1.4325315952301
5552.36 1.43258547782898
5556.04 1.43158185482025
5559.72 1.41639888286591
5563.4 1.38523364067078
5567.08 1.35779118537903
5570.76 1.33463764190674
5574.44 1.3217146396637
5578.12 1.32070744037628
5581.8 1.31878280639648
5585.48 1.31576597690582
5589.16 1.31274735927582
5592.84 1.30972647666931
5596.52 1.30535697937012
5600.2 1.29932832717896
5603.88 1.29374361038208
5607.56 1.28871726989746
5611.24 1.28324675559998
5614.92 1.27720487117767
5618.6 1.27335202693939
5622.28 1.27234482765198
5625.96 1.27177000045776
5629.64 1.27177000045776
5633.32 1.27091264724731
5637 1.26890313625336
5640.68 1.26731789112091
5644.36 1.26631557941437
5648.04 1.26531064510345
5651.72 1.26430201530457
5655.4 1.26204991340637
5659.08 1.25803089141846
5662.76 1.25359642505646
5666.44 1.24855828285217
5670.12 1.24515414237976
5673.8 1.24415194988251
5677.48 1.24314761161804
5681.16 1.24214041233063
5684.84 1.24033975601196
5688.52 1.23731875419617
5692.2 1.23626720905304
5695.88 1.2382789850235
5699.56 1.24105989933014
5703.24 1.24507904052734
5706.92 1.24910199642181
5710.6 1.25313150882721
5714.28 1.2560259103775
5717.96 1.25702810287476
5721.64 1.25691628456116
5725.32 1.25490403175354
5729 1.25252330303192
5732.68 1.24950647354126
5736.36 1.24721598625183
5740.04 1.24620866775513
5743.72 1.24484372138977
5747.4 1.24283146858215
5751.08 1.24188578128815
5754.76 1.24289309978485
5758.44 1.2442489862442
5762.12 1.24625849723816
5765.8 1.24861431121826
5769.48 1.25163519382477
5773.16 1.25465476512909
5776.84 1.25767147541046
5780.52 1.2606897354126
5784.2 1.2637106180191
5787.88 1.2663961648941
5791.56 1.26840579509735
5795.24 1.27139902114868
5798.92 1.2764253616333
5802.6 1.28016340732574
5806.28 1.28117203712463
5809.96 1.28857088088989
5813.64 1.30967855453491
5817.32 1.3267068862915
5821 1.33476090431213
5824.68 1.34343409538269
5828.36 1.35348677635193
5832.04 1.36047995090485
5835.72 1.36047995090485
5839.4 1.36018002033234
5843.08 1.35917639732361
5846.76 1.35817170143127
5850.44 1.35716438293457
5854.12 1.35644996166229
5857.8 1.35644996166229
5861.48 1.3527158498764
5865.16 1.33962869644165
5868.84 1.32796692848206
5872.52 1.31992375850677
5876.2 1.31215715408325
5879.88 1.30511176586151
5883.56 1.29668939113617
5887.24 1.28462719917297
5890.92 1.27635061740875
5894.6 1.27836012840271
5898.28 1.27983999252319
5901.96 1.27983999252319
5905.64 1.28062701225281
5909.32 1.28364384174347
5913 1.28614604473114
5916.68 1.28714823722839
5920.36 1.2876490354538
5924.04 1.28664541244507
5927.72 1.28439795970917
5931.4 1.27836441993713
5935.08 1.27403390407562
5938.76 1.27504253387451
5942.44 1.27581000328064
5946.12 1.27581000328064
5949.8 1.27510499954224
5953.48 1.27208817005157
5957.16 1.26884019374847
5960.84 1.26481068134308
5964.52 1.26078355312347
5968.2 1.25676441192627
5971.88 1.25340855121613
5975.56 1.2524026632309
5979.24 1.252037525177
5982.92 1.25405478477478
5986.6 1.25585973262787
5990.28 1.25686204433441
5993.96 1.25766003131866
5997.64 1.25766003131866
6001.32 1.25725591182709
6005 1.25524640083313
6008.68 1.25303971767426
6012.36 1.25002300739288
6016.04 1.24777185916901
6019.72 1.2487804889679
6023.4 1.24941110610962
6027.08 1.2484039068222
6030.76 1.24666368961334
6034.44 1.24163043498993
6038.12 1.23749995231628
6041.8 1.23749995231628
6045.48 1.23907399177551
6049.16 1.24812436103821
6052.84 1.25598907470703
6056.52 1.25800132751465
6060.2 1.2596800327301
6063.88 1.2596800327301
6067.56 1.25903487205505
6071.24 1.25501072406769
6074.92 1.2514545917511
6078.6 1.25045084953308
6082.28 1.24960005283356
6085.96 1.24960005283356
6089.64 1.24930393695831
6093.32 1.24728667736053
6097 1.24498116970062
6100.68 1.24096202850342
6104.36 1.23819661140442
6108.04 1.24322295188904
6111.72 1.24784791469574
6115.4 1.24986016750336
6119.08 1.25187277793884
6122.76 1.25388729572296
6126.44 1.25539815425873
6130.12 1.25338363647461
6133.8 1.25100815296173
6137.48 1.24597501754761
6141.16 1.24082553386688
6144.84 1.23479700088501
6148.52 1.22876691818237
6152.2 1.22272503376007
6155.88 1.21701204776764
6159.56 1.21399533748627
6163.24 1.21170556545258
6166.92 1.21572959423065
6170.6 1.21945822238922
6174.28 1.22046184539795
6177.96 1.22184801101685
6181.64 1.22687435150146
6185.32 1.23163020610809
6189 1.23363971710205
6192.68 1.2355649471283
6196.36 1.23657357692719
6200.04 1.23733615875244
6203.72 1.23532664775848
6207.4 1.23324012756348
6211.08 1.23021924495697
6214.76 1.22756743431091
6218.44 1.22957694530487
6222.12 1.23151838779449
6225.8 1.2325257062912
6229.48 1.23346996307373
6233.16 1.23346996307373
6236.84 1.23328959941864
6240.52 1.23027288913727
6244.2 1.2268180847168
6247.88 1.21574318408966
6251.56 1.2050324678421
6255.24 1.20101344585419
6258.92 1.1969940662384
6262.6 1.19297003746033
6266.28 1.18882286548615
6269.96 1.18177735805511
6273.64 1.17492365837097
6277.32 1.17291688919067
6281 1.17084968090057
6284.68 1.1668256521225
6288.36 1.16265380382538
6292.04 1.15258753299713
6295.72 1.14271819591522
6299.4 1.14171588420868
6303.08 1.14073002338409
6306.76 1.14073002338409
6310.44 1.14064800739288
6314.12 1.13461446762085
6317.8 1.12858080863953
6321.48 1.1225471496582
6325.16 1.1165326833725
6328.84 1.11754131317139
6332.52 1.11854994297028
6336.2 1.11754274368286
6339.88 1.11653542518616
6343.56 1.11553311347961
6347.24 1.11453092098236
6350.92 1.10356545448303
6354.6 1.09249043464661
6358.28 1.09134638309479
6361.96 1.09033918380737
6365.64 1.09031999111176
6369.32 1.09031999111176
6373 1.08736872673035
6376.68 1.08435201644897
6380.36 1.08231508731842
6384.04 1.08030557632446
6387.72 1.08121573925018
6391.4 1.08222436904907
6395.08 1.08517026901245
6398.76 1.08818697929382
6402.44 1.08831000328064
6406.12 1.08831000328064
6409.8 1.08542430400848
6413.48 1.08240759372711
6417.16 1.07652151584625
6420.84 1.07048785686493
6424.52 1.07301676273346
6428.2 1.07603764533997
6431.88 1.07621002197266
6435.56 1.07621002197266
6439.24 1.07621002197266
6442.92 1.07621002197266
6446.6 1.07621002197266
6450.28 1.07621002197266
6453.96 1.07247018814087
6457.64 1.06844615936279
6461.32 1.07093107700348
6465 1.07395195960999
6468.68 1.07604575157166
6472.36 1.07806026935577
6476.04 1.07914781570435
6479.72 1.08015012741089
6483.4 1.08115816116333
6487.08 1.08216679096222
6490.76 1.08226001262665
6494.44 1.08226001262665
6498.12 1.08044707775116
6501.8 1.07843744754791
6505.48 1.07371211051941
6509.16 1.06867396831512
6512.84 1.06544733047485
6516.52 1.06243550777435
6520.2 1.06210005283356
6523.88 1.06210005283356
6527.56 1.06210005283356
6531.24 1.06210005283356
6534.92 1.06033074855804
6538.6 1.05832123756409
6542.28 1.05630493164062
6545.96 1.05428767204285
6549.64 1.0592930316925
6553.32 1.06532657146454
6557 1.0704870223999
6560.68 1.07551336288452
6564.36 1.07534229755402
6568.04 1.0743350982666
6571.72 1.07160770893097
6575.4 1.06859087944031
6579.08 1.06728637218475
6582.76 1.06628274917603
6586.44 1.06442630290985
6590.12 1.0624166727066
6593.8 1.06463718414307
6597.48 1.06764888763428
6601.16 1.06898415088654
6604.84 1.06999278068542
6608.52 1.07016003131866
6612.2 1.07016003131866
6615.88 1.07016003131866
6619.56 1.07016003131866
6623.24 1.07016003131866
6626.92 1.07016003131866
6630.6 1.07016003131866
6634.28 1.07016003131866
6637.96 1.07016003131866
6641.64 1.07016003131866
6645.32 1.07097840309143
6649 1.07198572158813
