3130.  1.433667E-15
3133.69966220856  1.377913E-15
3137.39932441711  1.438784E-15
3141.09898662567  1.659990E-15
3144.79864883423  1.758632E-15
3148.49831104278  1.667732E-15
3152.19797325134  1.755861E-15
3155.8976354599  1.820157E-15
3159.59729766846  1.620354E-15
3163.29695987701  1.772948E-15
3166.99662208557  1.729977E-15
3170.69628429413  1.432496E-15
3174.39594650269  1.866158E-15
3178.09560871124  1.723595E-15
3181.7952709198  1.813372E-15
3185.49493312836  1.839674E-15
3189.19459533691  1.819621E-15
3192.89425754547  1.811076E-15
3196.59391975403  1.662287E-15
3200.29358196258  1.629787E-15
3203.99324417114  1.683851E-15
3207.6929063797  1.699616E-15
3211.39256858826  1.790488E-15
3215.09223079681  1.904775E-15
3218.79189300537  1.965586E-15
3222.49155521393  2.047462E-15
3226.19121742248  2.079878E-15
3229.89087963104  1.996282E-15
3233.5905418396  2.050841E-15
3237.29020404816  2.136030E-15
3240.98986625671  2.102583E-15
3244.68952846527  1.997606E-15
3248.38919067383  1.889018E-15
3252.08885288239  1.931589E-15
3255.78851509094  2.119239E-15
3259.4881772995  2.015309E-15
3263.18783950806  1.962123E-15
3266.88750171661  2.022806E-15
3270.58716392517  1.900052E-15
3274.28682613373  1.991664E-15
3277.98648834229  2.066889E-15
3281.68615055084  2.048437E-15
3285.3858127594  2.011679E-15
3289.08547496796  2.033537E-15
3292.78513717651  2.048238E-15
3296.48479938507  2.031420E-15
3300.18446159363  2.016125E-15
3303.88412380218  2.041221E-15
3307.58378601074  2.075526E-15
3311.2834482193  2.049566E-15
3314.98311042786  2.045309E-15
3318.68277263641  2.017212E-15
3322.38243484497  2.042631E-15
3326.08209705353  2.117303E-15
3329.78175926208  2.082323E-15
3333.48142147064  2.004551E-15
3337.1810836792  2.066154E-15
3340.88074588776  2.229183E-15
3344.58040809631  2.244394E-15
3348.28007030487  2.146295E-15
3351.97973251343  2.187146E-15
3355.67939472198  2.174280E-15
3359.37905693054  2.187138E-15
3363.0787191391  2.100019E-15
3366.77838134766  2.103224E-15
3370.47804355621  2.164738E-15
3374.17770576477  2.182616E-15
3377.87736797333  2.247202E-15
3381.57703018188  2.270508E-15
3385.27669239044  2.232798E-15
3388.976354599  2.188003E-15
3392.67601680756  2.171485E-15
3396.37567901611  2.276383E-15
3400.07534122467  2.322548E-15
3403.77500343323  2.284425E-15
3407.47466564178  2.297542E-15
3411.17432785034  2.377854E-15
3414.8739900589  2.319419E-15
3418.57365226746  2.278689E-15
3422.27331447601  2.320844E-15
3425.97297668457  2.294764E-15
3429.67263889313  2.299660E-15
3433.37230110168  2.264466E-15
3437.07196331024  2.287910E-15
3440.7716255188  2.313638E-15
3444.47128772736  2.389571E-15
3448.17094993591  2.433845E-15
3451.87061214447  2.418830E-15
3455.57027435303  2.362758E-15
3459.26993656158  2.402354E-15
3462.96959877014  2.470489E-15
3466.6692609787  2.501534E-15
3470.36892318726  2.450689E-15
3474.06858539581  2.396006E-15
3477.76824760437  2.436701E-15
3481.46790981293  2.475236E-15
3485.16757202148  2.401673E-15
3488.86723423004  2.315396E-15
3492.5668964386  2.294510E-15
3496.26655864716  2.291899E-15
3499.96622085571  2.293658E-15
3503.66588306427  2.290822E-15
3507.36554527283  2.384150E-15
3511.06520748138  2.428674E-15
3514.76486968994  2.367996E-15
3518.4645318985  2.278958E-15
3522.16419410706  2.281958E-15
3525.86385631561  2.307462E-15
3529.56351852417  2.329288E-15
3533.26318073273  2.287903E-15
3536.96284294128  2.275271E-15
3540.66250514984  2.365310E-15
3544.3621673584  2.321043E-15
3548.06182956696  2.311362E-15
3551.76149177551  2.341408E-15
3555.46115398407  2.347328E-15
3559.16081619263  2.331088E-15
3562.86047840118  2.369876E-15
3566.56014060974  2.332685E-15
3570.2598028183  2.317094E-15
3573.95946502686  2.326417E-15
3577.65912723541  2.289478E-15
3581.35878944397  2.239275E-15
3585.05845165253  2.230598E-15
3588.75811386108  2.297033E-15
3592.45777606964  2.334272E-15
3596.1574382782  2.273396E-15
3599.85710048676  2.219715E-15
3603.55676269531  2.194288E-15
3607.25642490387  2.181524E-15
3610.95608711243  2.189685E-15
3614.65574932098  2.188305E-15
3618.35541152954  2.207723E-15
3622.0550737381  2.252809E-15
3625.75473594666  2.205982E-15
3629.45439815521  2.182602E-15
3633.15406036377  2.247645E-15
3636.85372257233  2.256002E-15
3640.55338478088  2.216025E-15
3644.25304698944  2.149471E-15
3647.952709198  2.247890E-15
3651.65237140655  2.224200E-15
3655.35203361511  2.201567E-15
3659.05169582367  2.186709E-15
3662.75135803223  2.178956E-15
3666.45102024078  2.212754E-15
3670.15068244934  2.248292E-15
3673.8503446579  2.237261E-15
3677.55000686646  2.234532E-15
3681.24966907501  2.230862E-15
3684.94933128357  2.212083E-15
3688.64899349213  2.201833E-15
3692.34865570068  2.225525E-15
3696.04831790924  2.245988E-15
3699.7479801178  2.196505E-15
3703.44764232636  2.192642E-15
3707.14730453491  2.252643E-15
3710.84696674347  2.286621E-15
3714.54662895203  2.258647E-15
3718.24629116058  2.234197E-15
3721.94595336914  2.259926E-15
3725.6456155777  2.284421E-15
3729.34527778625  2.278717E-15
3733.04493999481  2.309574E-15
3736.74460220337  2.365739E-15
3740.44426441193  2.418378E-15
3744.14392662048  2.581567E-15
3747.84358882904  2.673052E-15
3751.5432510376  2.539986E-15
3755.24291324615  2.332231E-15
3758.94257545471  2.198455E-15
3762.64223766327  2.156442E-15
3766.34189987183  2.166225E-15
3770.04156208038  2.126395E-15
3773.74122428894  2.058204E-15
3777.4408864975  2.003980E-15
3781.14054870605  2.070845E-15
3784.84021091461  2.032688E-15
3788.53987312317  1.987434E-15
3792.23953533173  1.990744E-15
3795.93919754028  2.047729E-15
3799.63885974884  2.017997E-15
3803.3385219574  1.985264E-15
3807.03818416596  1.980910E-15
3810.73784637451  1.984161E-15
3814.43750858307  1.972575E-15
3818.13717079163  1.989802E-15
3821.83683300018  1.967536E-15
3825.53649520874  1.940314E-15
3829.2361574173  1.972964E-15
3832.93581962585  2.002610E-15
3836.63548183441  2.072455E-15
3840.33514404297  2.023040E-15
3844.03480625153  1.966005E-15
3847.73446846008  2.009112E-15
3851.43413066864  2.013049E-15
3855.1337928772  2.032322E-15
3858.83345508575  2.079373E-15
3862.53311729431  2.068528E-15
3866.23277950287  2.052775E-15
3869.93244171143  2.091964E-15
3873.63210391998  2.118560E-15
3877.33176612854  2.112633E-15
3881.0314283371  2.163399E-15
3884.73109054566  2.258723E-15
3888.43075275421  2.299863E-15
3892.13041496277  2.320156E-15
3895.83007717133  2.372262E-15
3899.52973937988  2.412456E-15
3903.22940158844  2.416010E-15
3906.929063797  2.450821E-15
3910.62872600555  2.555100E-15
3914.32838821411  2.578523E-15
3918.02805042267  2.539657E-15
3921.72771263123  2.537945E-15
3925.42737483978  2.539487E-15
3929.12703704834  2.561764E-15
3932.8266992569  2.577046E-15
3936.52636146545  2.569213E-15
3940.22602367401  2.574085E-15
3943.92568588257  2.537395E-15
3947.62534809113  2.524461E-15
3951.32501029968  2.531080E-15
3955.02467250824  2.507009E-15
3958.7243347168  2.505684E-15
3962.42399692535  2.538173E-15
3966.12365913391  2.512146E-15
3969.82332134247  2.533763E-15
3973.52298355103  2.517678E-15
3977.22264575958  2.512442E-15
3980.92230796814  2.429482E-15
3984.6219701767  2.372152E-15
3988.32163238525  2.396140E-15
3992.02129459381  2.363311E-15
3995.72095680237  2.366984E-15
3999.42061901093  2.370794E-15
4003.12028121948  2.368130E-15
4006.81994342804  2.354001E-15
4010.5196056366  2.400809E-15
4014.21926784516  2.405365E-15
4017.91893005371  2.398643E-15
4021.61859226227  2.444282E-15
4025.31825447083  2.468115E-15
4029.01791667938  2.524180E-15
4032.71757888794  2.525532E-15
4036.4172410965  2.475953E-15
4040.11690330506  2.486108E-15
4043.81656551361  2.550397E-15
4047.51622772217  2.516281E-15
4051.21588993073  2.535753E-15
4054.91555213928  2.580979E-15
4058.61521434784  2.577468E-15
4062.3148765564  2.583399E-15
4066.01453876495  2.608818E-15
4069.71420097351  2.570817E-15
4073.41386318207  2.548292E-15
4077.11352539063  2.577461E-15
4080.81318759918  2.585663E-15
4084.51284980774  2.580455E-15
4088.2125120163  2.581236E-15
4091.91217422486  2.574227E-15
4095.61183643341  2.575587E-15
4099.31149864197  2.553609E-15
4103.01116085053  2.531698E-15
4106.71082305908  2.527637E-15
4110.41048526764  2.501272E-15
4114.1101474762  2.497911E-15
4117.80980968475  2.501839E-15
4121.50947189331  2.509354E-15
4125.20913410187  2.529818E-15
4128.90879631043  2.522727E-15
4132.60845851898  2.492930E-15
4136.30812072754  2.484487E-15
4140.0077829361  2.478549E-15
4143.70744514465  2.448228E-15
4147.40710735321  2.418533E-15
4151.10676956177  2.365298E-15
4154.80643177033  2.348277E-15
4158.50609397888  2.371647E-15
4162.20575618744  2.326926E-15
4165.905418396  2.280192E-15
4169.60508060455  2.262486E-15
4173.30474281311  2.239480E-15
4177.00440502167  2.232322E-15
4180.70406723023  2.228214E-15
4184.40372943878  2.184644E-15
4188.10339164734  2.145486E-15
4191.8030538559  2.129143E-15
4195.50271606445  2.140987E-15
4199.20237827301  2.133115E-15
4202.90204048157  2.096649E-15
4206.60170269013  2.125246E-15
4210.30136489868  2.075521E-15
4214.00102710724  2.029965E-15
4217.7006893158  2.008749E-15
4221.40035152435  1.992376E-15
4225.10001373291  1.984196E-15
4228.79967594147  1.980577E-15
4232.49933815003  2.031928E-15
4236.19900035858  2.051644E-15
4239.89866256714  2.046192E-15
4243.5983247757  2.049941E-15
4247.29798698425  2.092871E-15
4250.99764919281  2.164995E-15
4254.69731140137  2.245562E-15
4258.39697360992  2.288374E-15
4262.09663581848  2.282628E-15
4265.79629802704  2.370528E-15
4269.4959602356  2.410178E-15
4273.19562244415  2.451619E-15
4276.89528465271  2.427255E-15
4280.59494686127  2.484073E-15
4284.29460906983  2.531538E-15
4287.99427127838  2.557739E-15
4291.69393348694  2.598110E-15
4295.3935956955  2.637367E-15
4299.09325790405  2.607155E-15
4302.79292011261  2.628924E-15
4306.49258232117  2.618966E-15
4310.19224452973  2.617359E-15
4313.89190673828  2.630095E-15
4317.59156894684  2.679824E-15
4321.2912311554  2.685662E-15
4324.99089336395  2.656769E-15
4328.69055557251  2.643068E-15
4332.39021778107  2.636515E-15
4336.08987998962  2.618947E-15
4339.78954219818  2.608230E-15
4343.48920440674  2.605363E-15
4347.1888666153  2.559197E-15
4350.88852882385  2.567407E-15
4354.58819103241  2.561023E-15
4358.28785324097  2.541667E-15
4361.98751544952  2.634236E-15
4365.68717765808  2.574678E-15
4369.38683986664  2.492084E-15
4373.0865020752  2.433944E-15
4376.78616428375  2.399850E-15
4380.48582649231  2.371057E-15
4384.18548870087  2.320204E-15
4387.88515090942  2.357018E-15
4391.58481311798  2.278140E-15
4395.28447532654  2.272804E-15
4398.9841375351  2.289774E-15
4402.68379974365  2.277100E-15
4406.38346195221  2.272864E-15
4410.08312416077  2.263639E-15
4413.78278636933  2.267700E-15
4417.48244857788  2.211870E-15
4421.18211078644  2.231042E-15
4424.881772995  2.250133E-15
4428.58143520355  2.241170E-15
4432.28109741211  2.247382E-15
4435.98075962067  2.270964E-15
4439.68042182923  2.250064E-15
4443.38008403778  2.212595E-15
4447.07974624634  2.193523E-15
4450.7794084549  2.225110E-15
4454.47907066346  2.217423E-15
4458.17873287201  2.280536E-15
4461.87839508057  2.269215E-15
4465.57805728913  2.266593E-15
4469.27771949768  2.282039E-15
4472.97738170624  2.333866E-15
4476.6770439148  2.345718E-15
4480.37670612335  2.361564E-15
4484.07636833191  2.340297E-15
4487.77603054047  2.337752E-15
4491.47569274903  2.349283E-15
4495.17535495758  2.388185E-15
4498.87501716614  2.438184E-15
4502.5746793747  2.434413E-15
4506.27434158325  2.426271E-15
4509.97400379181  2.395025E-15
4513.67366600037  2.421525E-15
4517.37332820893  2.429885E-15
4521.07299041748  2.415005E-15
4524.77265262604  2.397420E-15
4528.4723148346  2.417813E-15
4532.17197704315  2.440612E-15
4535.87163925171  2.436013E-15
4539.57130146027  2.434981E-15
4543.27096366882  2.459522E-15
4546.97062587738  2.449283E-15
4550.67028808594  2.400356E-15
4554.3699502945  2.440592E-15
4558.06961250305  2.454076E-15
4561.76927471161  2.401122E-15
4565.46893692017  2.373847E-15
4569.16859912872  2.422677E-15
4572.86826133728  2.407330E-15
4576.56792354584  2.378440E-15
4580.2675857544  2.377118E-15
4583.96724796295  2.361609E-15
4587.66691017151  2.371210E-15
4591.36657238007  2.377854E-15
4595.06623458862  2.345585E-15
4598.76589679718  2.320331E-15
4602.46555900574  2.313019E-15
4606.1652212143  2.326549E-15
4609.86488342285  2.352182E-15
4613.56454563141  2.305359E-15
4617.26420783997  2.287626E-15
4620.96387004853  2.303047E-15
4624.66353225708  2.276791E-15
4628.36319446564  2.265685E-15
4632.0628566742  2.273098E-15
4635.76251888275  2.229914E-15
4639.46218109131  2.227363E-15
4643.16184329987  2.201960E-15
4646.86150550842  2.156698E-15
4650.56116771698  2.121625E-15
4654.26082992554  2.066782E-15
4657.9604921341  2.016908E-15
4661.66015434265  2.013963E-15
4665.35981655121  1.998295E-15
4669.05947875977  1.997039E-15
4672.75914096832  1.957537E-15
4676.45880317688  1.923822E-15
4680.15846538544  1.904526E-15
4683.858127594  1.859186E-15
4687.55778980255  1.823371E-15
4691.25745201111  1.814075E-15
4694.95711421967  1.781507E-15
4698.65677642822  1.759623E-15
4702.35643863678  1.756450E-15
4706.05610084534  1.720701E-15
4709.7557630539  1.683846E-15
4713.45542526245  1.706442E-15
4717.15508747101  1.664188E-15
4720.85474967957  1.622244E-15
4724.55441188812  1.656102E-15
4728.25407409668  1.678720E-15
4731.95373630524  1.645274E-15
4735.6533985138  1.677927E-15
4739.35306072235  1.725218E-15
4743.05272293091  1.742878E-15
4746.75238513947  1.786313E-15
4750.45204734802  1.856650E-15
4754.15170955658  1.895301E-15
4757.85137176514  1.934347E-15
4761.5510339737  2.021254E-15
4765.25069618225  2.075621E-15
4768.95035839081  2.109030E-15
4772.65002059937  2.213641E-15
4776.34968280792  2.242912E-15
4780.04934501648  2.307546E-15
4783.74900722504  2.345487E-15
4787.4486694336  2.368860E-15
4791.14833164215  2.389412E-15
4794.84799385071  2.470849E-15
4798.54765605927  2.504670E-15
4802.24731826782  2.538763E-15
4805.94698047638  2.616440E-15
4809.64664268494  2.617373E-15
4813.3463048935  2.645704E-15
4817.04596710205  2.681038E-15
4820.74562931061  2.707455E-15
4824.44529151917  2.666327E-15
4828.14495372772  2.662476E-15
4831.84461593628  2.631969E-15
4835.54427814484  2.637011E-15
4839.2439403534  2.633059E-15
4842.94360256195  2.601279E-15
4846.64326477051  2.615133E-15
4850.34292697907  2.632927E-15
4854.04258918762  2.614593E-15
4857.74225139618  2.622614E-15
4861.44191360474  2.599902E-15
4865.1415758133  2.610921E-15
4868.84123802185  2.613636E-15
4872.54090023041  2.566598E-15
4876.24056243897  2.595002E-15
4879.94022464752  2.630487E-15
4883.63988685608  2.752979E-15
4887.33954906464  2.839888E-15
4891.03921127319  2.795602E-15
4894.73887348175  2.608223E-15
4898.43853569031  2.470686E-15
4902.13819789887  2.461153E-15
4905.83786010742  2.470674E-15
4909.53752231598  2.484111E-15
4913.23718452454  2.464345E-15
4916.9368467331  2.452304E-15
4920.63650894165  2.464101E-15
4924.33617115021  2.451880E-15
4928.03583335877  2.467540E-15
4931.73549556732  2.449680E-15
4935.43515777588  2.426300E-15
4939.13481998444  2.441760E-15
4942.83448219299  2.470718E-15
4946.53414440155  2.473145E-15
4950.23380661011  2.448711E-15
4953.93346881867  2.467545E-15
4957.63313102722  2.423707E-15
4961.33279323578  2.386607E-15
4965.03245544434  2.356761E-15
4968.7321176529  2.349268E-15
4972.43177986145  2.351251E-15
4976.13144207001  2.375527E-15
4979.83110427857  2.353149E-15
4983.53076648712  2.352359E-15
4987.23042869568  2.367645E-15
4990.93009090424  2.312739E-15
4994.62975311279  2.220937E-15
4998.32941532135  2.186171E-15
5002.02907752991  2.210336E-15
5005.72873973847  2.193169E-15
5009.42840194702  2.163760E-15
5013.12806415558  2.164757E-15
5016.82772636414  2.153828E-15
5020.52738857269  2.152099E-15
5024.22705078125  2.145997E-15
5027.92671298981  2.197389E-15
5031.62637519837  2.323280E-15
5035.32603740692  2.368186E-15
5039.02569961548  2.265549E-15
5042.72536182404  2.140026E-15
5046.4250240326  2.073311E-15
5050.12468624115  2.034494E-15
5053.82434844971  2.034206E-15
5057.52401065827  2.045792E-15
5061.22367286682  2.041306E-15
5064.92333507538  2.045039E-15
5068.62299728394  2.056358E-15
5072.32265949249  2.075112E-15
5076.02232170105  2.093284E-15
5079.72198390961  2.101059E-15
5083.42164611817  2.094350E-15
5087.12130832672  2.077938E-15
5090.82097053528  2.065746E-15
5094.52063274384  2.082324E-15
5098.2202949524  2.103140E-15
5101.91995716095  2.101106E-15
5105.61961936951  2.098400E-15
5109.31928157807  2.100679E-15
5113.01894378662  2.099911E-15
5116.71860599518  2.101896E-15
5120.41826820374  2.084322E-15
5124.1179304123  2.106107E-15
5127.81759262085  2.093997E-15
5131.51725482941  2.086873E-15
5135.21691703797  2.104395E-15
5138.91657924652  2.097736E-15
5142.61624145508  2.102516E-15
5146.31590366364  2.090870E-15
5150.0155658722  2.076064E-15
5153.71522808075  2.061896E-15
5157.41489028931  2.053165E-15
5161.11455249787  2.070118E-15
5164.81421470642  2.085955E-15
5168.51387691498  2.074453E-15
5172.21353912354  2.062283E-15
5175.9132013321  2.073280E-15
5179.61286354065  2.073468E-15
5183.31252574921  2.102084E-15
5187.01218795777  2.046800E-15
5190.71185016632  2.050179E-15
5194.41151237488  2.073888E-15
5198.11117458344  2.087533E-15
5201.81083679199  2.074343E-15
5205.51049900055  2.087791E-15
5209.21016120911  2.082346E-15
5212.90982341767  2.100562E-15
5216.60948562622  2.110165E-15
5220.30914783478  2.128215E-15
5224.00881004334  2.101317E-15
5227.7084722519  2.119811E-15
5231.40813446045  2.122837E-15
5235.10779666901  2.087887E-15
5238.80745887757  2.063450E-15
5242.50712108612  2.095361E-15
5246.20678329468  2.085064E-15
5249.90644550324  2.095250E-15
5253.60610771179  2.111267E-15
5257.30576992035  2.098073E-15
5261.00543212891  2.045026E-15
5264.70509433747  2.043603E-15
5268.40475654602  2.085630E-15
5272.10441875458  2.100458E-15
5275.80408096314  2.046522E-15
5279.5037431717  2.063801E-15
5283.20340538025  2.061030E-15
5286.90306758881  2.056402E-15
5290.60272979737  2.047570E-15
5294.30239200592  2.050430E-15
5298.00205421448  2.048845E-15
5301.70171642304  2.031756E-15
5305.4013786316  2.035554E-15
5309.10104084015  2.051294E-15
5312.80070304871  2.044840E-15
5316.50036525727  1.973220E-15
5320.20002746582  1.995867E-15
5323.89968967438  1.983612E-15
5327.59935188294  1.976081E-15
5331.29901409149  1.998703E-15
5334.99867630005  2.010673E-15
5338.69833850861  1.981984E-15
5342.39800071717  1.972943E-15
5346.09766292572  1.976496E-15
5349.79732513428  1.971267E-15
5353.49698734284  1.962179E-15
5357.1966495514  1.940893E-15
5360.89631175995  1.933873E-15
5364.59597396851  1.965749E-15
5368.29563617707  1.973203E-15
5371.99529838562  1.969643E-15
5375.69496059418  1.951646E-15
5379.39462280274  1.925197E-15
5383.09428501129  1.922167E-15
5386.79394721985  1.927035E-15
5390.49360942841  1.888885E-15
5394.19327163697  1.874741E-15
5397.89293384552  1.888436E-15
5401.59259605408  1.897591E-15
5405.29225826264  1.862337E-15
5408.99192047119  1.846409E-15
5412.69158267975  1.868880E-15
5416.39124488831  1.858467E-15
5420.09090709687  1.840525E-15
5423.79056930542  1.841379E-15
5427.49023151398  1.864503E-15
5431.18989372254  1.844978E-15
5434.8895559311  1.820219E-15
5438.58921813965  1.820265E-15
5442.28888034821  1.819887E-15
5445.98854255677  1.839024E-15
5449.68820476532  1.853395E-15
5453.38786697388  1.845894E-15
5457.08752918244  1.829922E-15
5460.78719139099  1.807112E-15
5464.48685359955  1.790937E-15
5468.18651580811  1.803751E-15
5471.88617801667  1.823626E-15
5475.58584022522  1.823558E-15
5479.28550243378  1.810135E-15
5482.98516464234  1.810245E-15
5486.6848268509  1.804074E-15
5490.38448905945  1.782519E-15
5494.08415126801  1.778998E-15
5497.78381347657  1.811150E-15
5501.48347568512  1.864068E-15
5505.18313789368  1.854631E-15
5508.88280010224  1.815397E-15
5512.5824623108  1.802920E-15
5516.28212451935  1.777463E-15
5519.98178672791  1.759308E-15
5523.68144893647  1.769089E-15
5527.38111114502  1.788670E-15
5531.08077335358  1.758898E-15
5534.78043556214  1.756289E-15
5538.4800977707  1.770836E-15
5542.17975997925  1.779400E-15
5545.87942218781  1.787328E-15
5549.57908439637  1.765574E-15
5553.27874660492  1.729690E-15
5556.97840881348  1.733668E-15
5560.67807102204  1.758181E-15
5564.3777332306  1.735856E-15
5568.07739543915  1.703196E-15
5571.77705764771  1.683384E-15
5575.47671985627  1.697600E-15
5579.17638206482  1.716202E-15
5582.87604427338  1.752156E-15
5586.57570648194  1.722167E-15
5590.27536869049  1.716087E-15
5593.97503089905  1.705590E-15
5597.67469310761  1.720280E-15
5601.37435531617  1.712658E-15
5605.07401752472  1.736186E-15
5608.77367973328  1.725049E-15
5612.47334194184  1.688573E-15
5616.17300415039  1.653488E-15
5619.87266635895  1.644816E-15
5623.57232856751  1.641024E-15
5627.27199077607  1.664042E-15
5630.97165298462  1.628708E-15
5634.67131519318  1.608934E-15
5638.37097740174  1.581072E-15
5642.07063961029  1.573085E-15
5645.77030181885  1.629492E-15
5649.46996402741  1.639950E-15
5653.16962623597  1.630225E-15
5656.86928844452  1.624927E-15
5660.56895065308  1.580620E-15
5664.26861286164  1.586957E-15
5667.96827507019  1.610185E-15
5671.66793727875  1.642215E-15
5675.36759948731  1.596969E-15
5679.06726169587  1.608267E-15
5682.76692390442  1.623498E-15
5686.46658611298  1.669029E-15
5690.16624832154  1.640685E-15
5693.86591053009  1.628749E-15
5697.56557273865  1.635000E-15
5701.26523494721  1.618147E-15
5704.96489715577  1.614336E-15
5708.66455936432  1.617421E-15
5712.36422157288  1.629471E-15
5716.06388378144  1.650070E-15
5719.76354598999  1.639175E-15
5723.46320819855  1.621266E-15
5727.16287040711  1.629291E-15
5730.86253261567  1.649484E-15
5734.56219482422  1.630935E-15
5738.26185703278  1.624087E-15
5741.96151924134  1.607014E-15
5745.66118144989  1.611492E-15
5749.36084365845  1.632913E-15
5753.06050586701  1.625392E-15
5756.76016807557  1.620329E-15
5760.45983028412  1.638677E-15
5764.15949249268  1.648468E-15
5767.85915470124  1.633365E-15
5771.55881690979  1.623595E-15
5775.25847911835  1.622046E-15
5778.95814132691  1.628414E-15
5782.65780353547  1.642321E-15
5786.35746574402  1.666755E-15
5790.05712795258  1.673221E-15
5793.75679016114  1.674189E-15
5797.45645236969  1.667827E-15
5801.15611457825  1.661656E-15
5804.85577678681  1.671379E-15
5808.55543899537  1.675820E-15
5812.25510120392  1.676496E-15
5815.95476341248  1.670320E-15
5819.65442562104  1.675416E-15
5823.35408782959  1.702705E-15
5827.05375003815  1.708872E-15
5830.75341224671  1.702214E-15
5834.45307445527  1.708275E-15
5838.15273666382  1.710150E-15
5841.85239887238  1.707509E-15
5845.55206108094  1.683529E-15
5849.25172328949  1.678664E-15
5852.95138549805  1.697646E-15
5856.65104770661  1.727076E-15
5860.35070991517  1.735150E-15
5864.05037212372  1.700323E-15
5867.75003433228  1.671647E-15
5871.44969654084  1.678179E-15
5875.14935874939  1.695149E-15
5878.84902095795  1.681277E-15
5882.54868316651  1.638743E-15
5886.24834537506  1.626695E-15
5889.94800758362  1.615951E-15
5893.64766979218  1.625279E-15
5897.34733200074  1.645945E-15
5901.04699420929  1.664140E-15
5904.74665641785  1.692423E-15
5908.44631862641  1.712723E-15
5912.14598083496  1.693837E-15
5915.84564304352  1.646246E-15
5919.54530525208  1.615904E-15
5923.24496746064  1.632034E-15
5926.94462966919  1.567967E-15
5930.64429187775  1.575461E-15
5934.34395408631  1.612557E-15
5938.04361629486  1.631306E-15
5941.74327850342  1.640423E-15
5945.44294071198  1.648062E-15
5949.14260292054  1.625369E-15
5952.84226512909  1.651238E-15
5956.54192733765  1.665101E-15
5960.24158954621  1.612719E-15
5963.94125175477  1.645737E-15
5967.64091396332  1.632022E-15
5971.34057617188  1.647704E-15
5975.04023838044  1.635807E-15
5978.73990058899  1.668367E-15
5982.43956279755  1.655777E-15
5986.13922500611  1.656838E-15
5989.83888721467  1.625625E-15
5993.53854942322  1.644042E-15
5997.23821163178  1.629796E-15
6000.93787384034  1.648441E-15
6004.63753604889  1.637435E-15
6008.33719825745  1.620269E-15
6012.03686046601  1.619324E-15
6015.73652267456  1.631725E-15
6019.43618488312  1.599144E-15
6023.13584709168  1.622764E-15
6026.83550930024  1.587191E-15
6030.53517150879  1.582589E-15
6034.23483371735  1.617653E-15
6037.93449592591  1.606863E-15
6041.63415813446  1.597945E-15
6045.33382034302  1.596109E-15
6049.03348255158  1.608039E-15
6052.73314476014  1.607287E-15
6056.43280696869  1.607347E-15
6060.13246917725  1.591481E-15
6063.83213138581  1.567080E-15
6067.53179359436  1.575367E-15
6071.23145580292  1.585844E-15
6074.93111801148  1.581801E-15
6078.63078022004  1.593079E-15
6082.33044242859  1.596905E-15
6086.03010463715  1.604349E-15
6089.72976684571  1.596530E-15
6093.42942905426  1.590340E-15
6097.12909126282  1.594989E-15
6100.82875347138  1.597072E-15
6104.52841567994  1.596305E-15
6108.22807788849  1.562229E-15
6111.92774009705  1.563959E-15
6115.62740230561  1.580123E-15
6119.32706451416  1.578849E-15
6123.02672672272  1.569732E-15
6126.72638893128  1.576484E-15
6130.42605113984  1.570710E-15
6134.12571334839  1.554328E-15
6137.82537555695  1.554414E-15
6141.52503776551  1.567529E-15
6145.22469997406  1.558077E-15
6148.92436218262  1.540719E-15
6152.62402439118  1.536022E-15
6156.32368659974  1.539669E-15
6160.02334880829  1.544376E-15
6163.72301101685  1.520669E-15
6167.42267322541  1.509428E-15
6171.12233543396  1.527716E-15
6174.82199764252  1.509192E-15
6178.52165985108  1.482622E-15
6182.22132205963  1.463691E-15
6185.92098426819  1.434677E-15
6189.62064647675  1.440362E-15
6193.32030868531  1.462949E-15
6197.01997089387  1.465546E-15
6200.71963310242  1.438247E-15
6204.41929531098  1.422043E-15
6208.11895751954  1.431730E-15
6211.81861972809  1.424926E-15
6215.51828193665  1.423263E-15
6219.21794414521  1.411058E-15
6222.91760635376  1.407410E-15
6226.61726856232  1.438540E-15
6230.31693077088  1.431309E-15
6234.01659297944  1.430210E-15
6237.71625518799  1.449263E-15
6241.41591739655  1.422156E-15
6245.11557960511  1.415528E-15
6248.81524181366  1.416737E-15
6252.51490402222  1.423622E-15
6256.21456623078  1.418509E-15
6259.91422843934  1.418846E-15
6263.61389064789  1.391588E-15
6267.31355285645  1.372694E-15
6271.01321506501  1.373521E-15
6274.71287727356  1.346770E-15
6278.41253948212  1.344307E-15
6282.11220169068  1.350031E-15
6285.81186389924  1.322200E-15
6289.51152610779  1.318844E-15
6293.21118831635  1.304649E-15
6296.91085052491  1.293818E-15
6300.61051273346  1.263645E-15
6304.31017494202  1.264561E-15
6308.00983715058  1.298450E-15
6311.70949935914  1.235660E-15
6315.40916156769  1.222775E-15
6319.10882377625  1.226740E-15
6322.80848598481  1.203609E-15
6326.50814819336  1.196593E-15
6330.20781040192  1.197811E-15
6333.90747261048  1.193300E-15
6337.60713481904  1.164869E-15
6341.30679702759  1.184792E-15
6345.00645923615  1.173155E-15
6348.70612144471  1.180846E-15
6352.40578365326  1.146940E-15
6356.10544586182  1.145391E-15
6359.80510807038  1.170197E-15
6363.50477027894  1.184339E-15
6367.20443248749  1.208273E-15
6370.90409469605  1.207793E-15
6374.60375690461  1.226195E-15
6378.30341911317  1.283417E-15
6382.00308132172  1.314330E-15
6385.70274353028  1.377605E-15
6389.40240573884  1.442410E-15
6393.10206794739  1.475608E-15
6396.80173015595  1.518262E-15
6400.50139236451  1.577026E-15
6404.20105457306  1.643675E-15
6407.90071678162  1.690162E-15
6411.60037899018  1.760787E-15
6415.30004119874  1.840839E-15
6418.99970340729  1.885786E-15
6422.69936561585  1.964985E-15
6426.39902782441  2.024475E-15
6430.09869003296  2.091573E-15
6433.79835224152  2.169539E-15
6437.49801445008  2.228812E-15
6441.19767665864  2.273135E-15
6444.89733886719  2.302793E-15
6448.59700107575  2.383707E-15
6452.29666328431  2.438085E-15
6455.99632549286  2.463022E-15
6459.69598770142  2.547169E-15
6463.39564990998  2.587170E-15
6467.09531211854  2.565991E-15
6470.79497432709  2.599761E-15
6474.49463653565  2.651069E-15
6478.19429874421  2.724516E-15
6481.89396095276  2.767357E-15
6485.59362316132  2.743876E-15
6489.29328536988  2.732378E-15
6492.99294757843  2.747358E-15
6496.69260978699  2.829274E-15
6500.39227199555  2.862792E-15
6504.09193420411  2.835078E-15
6507.79159641266  2.811961E-15
6511.49125862122  2.817105E-15
6515.19092082978  2.842583E-15
6518.89058303834  2.878554E-15
6522.59024524689  2.880626E-15
6526.28990745545  2.843720E-15
6529.98956966401  2.810692E-15
6533.68923187256  2.805588E-15
6537.38889408112  2.798460E-15
6541.08855628968  2.788706E-15
6544.78821849824  2.801176E-15
6548.48788070679  2.782855E-15
6552.18754291535  2.750726E-15
6555.88720512391  2.762006E-15
6559.58686733247  2.749508E-15
6563.28652954102  2.740898E-15
6566.98619174958  2.753025E-15
6570.68585395814  2.733343E-15
6574.38551616669  2.698865E-15
6578.08517837525  2.720430E-15
6581.78484058381  2.798191E-15
6585.48450279236  2.868852E-15
6589.18416500092  2.994254E-15
6592.88382720948  3.349253E-15
6596.58348941804  3.868482E-15
6600.28315162659  3.967031E-15
6603.98281383515  3.387758E-15
6607.68247604371  2.810368E-15
6611.38213825226  2.649583E-15
6615.08180046082  2.764332E-15
6618.78146266938  2.886987E-15
6622.48112487794  2.768665E-15
6626.18078708649  2.568412E-15
6629.88044929505  2.453059E-15
6633.58011150361  2.416940E-15
6637.27977371216  2.393734E-15
6640.97943592072  2.373098E-15
6644.67909812928  2.338189E-15
6648.37876033783  2.334802E-15
6652.07842254639  2.309214E-15
6655.77808475495  2.298616E-15
6659.47774696351  2.284663E-15
6663.17740917206  2.242125E-15
6666.87707138062  2.232701E-15
6670.57673358918  2.235705E-15
6674.27639579774  2.230843E-15
6677.97605800629  2.213867E-15
6681.67572021485  2.201435E-15
6685.37538242341  2.161520E-15
6689.07504463196  2.134792E-15
6692.77470684052  2.088459E-15
6696.47436904908  2.084570E-15
6700.17403125763  2.089707E-15
6703.87369346619  2.053983E-15
6707.57335567475  2.031061E-15
6711.27301788331  1.990778E-15
6714.97268009186  1.991108E-15
6718.67234230042  1.978092E-15
6722.37200450898  1.949885E-15
6726.07166671753  1.959676E-15
6729.77132892609  1.945163E-15
6733.47099113465  1.940137E-15
6737.17065334321  1.941848E-15
6740.87031555176  1.897927E-15
6744.56997776032  1.872318E-15
6748.26963996888  1.968690E-15
6751.96930217743  2.072535E-15
6755.66896438599  2.048326E-15
6759.36862659455  1.925525E-15
6763.06828880311  1.906842E-15
6766.76795101166  1.987374E-15
6770.46761322022  1.903191E-15
6774.16727542878  1.810189E-15
6777.86693763733  1.733808E-15
6781.56659984589  1.715034E-15
6785.26626205445  1.695158E-15
6788.96592426301  1.661767E-15
6792.66558647156  1.663743E-15
6796.36524868012  1.664762E-15
6800.06491088868  1.653005E-15
6803.76457309724  1.634933E-15
6807.46423530579  1.648193E-15
6811.16389751435  1.646510E-15
6814.86355972291  1.647752E-15
6818.56322193146  1.595664E-15
6822.26288414002  1.607994E-15
6825.96254634858  1.583478E-15
6829.66220855714  1.535608E-15
6833.36187076569  1.546772E-15
6837.06153297425  1.582095E-15
6840.76119518281  1.574037E-15
6844.46085739136  1.551432E-15
6848.16051959992  1.548009E-15
6851.86018180848  1.541386E-15
6855.55984401703  1.531287E-15
6859.25950622559  1.461747E-15
6862.95916843415  1.409121E-15
6866.65883064271  1.400971E-15
6870.35849285126  1.411794E-15
6874.05815505982  1.501080E-15
6877.75781726838  1.572880E-15
6881.45747947693  1.520976E-15
6885.15714168549  1.471323E-15
6888.85680389405  1.422327E-15
6892.55646610261  1.436497E-15
6896.25612831116  1.443726E-15
6899.95579051972  1.452217E-15
6903.65545272828  1.477140E-15
6907.35511493683  1.463595E-15
6911.05477714539  1.421223E-15
6914.75443935395  1.424863E-15
6918.45410156251  1.430532E-15
6922.15376377106  1.399939E-15
6925.85342597962  1.420775E-15
6929.55308818818  1.412918E-15
6933.25275039673  1.386586E-15
6936.95241260529  1.371437E-15
6940.65207481385  1.386126E-15
6944.3517370224  1.374956E-15
6948.05139923096  1.372910E-15
6951.75106143952  1.331758E-15
6955.45072364808  1.358605E-15
6959.15038585663  1.385176E-15
6962.85004806519  1.391682E-15
6966.54971027375  1.361672E-15
6970.24937248231  1.347859E-15
6973.94903469086  1.352441E-15
6977.64869689942  1.335517E-15
6981.34835910798  1.364010E-15
6985.04802131654  1.367802E-15
6988.74768352509  1.348781E-15
6992.44734573365  1.327599E-15
6996.14700794221  1.337137E-15
6999.84667015076  1.353597E-15
7003.54633235932  1.351134E-15
7007.24599456788  1.370487E-15
7010.94565677643  1.316926E-15
7014.64531898499  1.314764E-15
7018.34498119355  1.314557E-15
7022.04464340211  1.318334E-15
7025.74430561066  1.311932E-15
7029.44396781922  1.302018E-15
7033.14363002778  1.319439E-15
7036.84329223633  1.340599E-15
7040.54295444489  1.307731E-15
7044.24261665345  1.322543E-15
7047.94227886201  1.313786E-15
7051.64194107056  1.298083E-15
7055.34160327912  1.308731E-15
7059.04126548768  1.322020E-15
7062.74092769623  1.289479E-15
7066.44058990479  1.283775E-15
7070.14025211335  1.313563E-15
7073.83991432191  1.311067E-15
7077.53957653046  1.289186E-15
7081.23923873902  1.264082E-15
7084.93890094758  1.286157E-15
7088.63856315613  1.300042E-15
7092.33822536469  1.285625E-15
7096.03788757325  1.274813E-15
7099.73754978181  1.281501E-15
7103.43721199036  1.277613E-15
7107.13687419892  1.277462E-15
7110.83653640748  1.275103E-15
7114.53619861603  1.286335E-15
7118.23586082459  1.290538E-15
7121.93552303315  1.284297E-15
7125.63518524171  1.255238E-15
7129.33484745026  1.254364E-15
7133.03450965882  1.254014E-15
7136.73417186738  1.236201E-15
7140.43383407593  1.224913E-15
7144.13349628449  1.233529E-15
7147.83315849305  1.238105E-15
7151.5328207016  1.257388E-15
7155.23248291016  1.250844E-15
7158.93214511872  1.253253E-15
7162.63180732728  1.231952E-15
7166.33146953583  1.222284E-15
7170.03113174439  1.224001E-15
7173.73079395295  1.218777E-15
7177.4304561615  1.230901E-15
7181.13011837006  1.180110E-15
7184.82978057862  1.158230E-15
7188.52944278718  1.184653E-15
7192.22910499573  1.227923E-15
7195.92876720429  1.250150E-15
7199.62842941285  1.226623E-15
7203.3280916214  1.213628E-15
7207.02775382996  1.250937E-15
7210.72741603852  1.250601E-15
7214.42707824708  1.245235E-15
7218.12674045563  1.254483E-15
7221.82640266419  1.234550E-15
7225.52606487275  1.234127E-15
7229.22572708131  1.207786E-15
7232.92538928986  1.171598E-15
7236.62505149842  1.151290E-15
7240.32471370698  1.156234E-15
7244.02437591554  1.213646E-15
7247.72403812409  1.210660E-15
7251.42370033265  1.213879E-15
7255.12336254121  1.257125E-15
7258.82302474976  1.247021E-15
7262.52268695832  1.220012E-15
7266.22234916688  1.222197E-15
7269.92201137543  1.177950E-15
7273.62167358399  1.143408E-15
7277.32133579255  1.186654E-15
7281.02099800111  1.228166E-15
7284.72066020966  1.243469E-15
7288.42032241822  1.227048E-15
7292.11998462678  1.236424E-15
7295.81964683533  1.211763E-15
7299.51930904389  1.173555E-15
7303.21897125245  1.162948E-15
7306.91863346101  1.200576E-15
7310.61829566956  1.191795E-15
7314.31795787812  1.188335E-15
7318.01762008668  1.206933E-15
7321.71728229523  1.212486E-15
7325.41694450379  1.157532E-15
7329.11660671235  1.136652E-15
7332.81626892091  1.160471E-15
7336.51593112946  1.168636E-15
7340.21559333802  1.169466E-15
7343.91525554658  1.160022E-15
7347.61491775513  1.192826E-15
7351.31457996369  1.199266E-15
7355.01424217225  1.199854E-15
7358.7139043808  1.192327E-15
7362.41356658936  1.185342E-15
7366.11322879792  1.164763E-15
7369.81289100648  1.162605E-15
7373.51255321503  1.172127E-15
7377.21221542359  1.194013E-15
7380.91187763215  1.190458E-15
7384.61153984071  1.176402E-15
7388.31120204926  1.186801E-15
7392.01086425782  1.191526E-15
7395.71052646638  1.164653E-15
7399.41018867493  1.162827E-15
7403.10985088349  1.190212E-15
7406.80951309205  1.183371E-15
7410.50917530061  1.173063E-15
7414.20883750916  1.181453E-15
7417.90849971772  1.167598E-15
7421.60816192628  1.155012E-15
7425.30782413483  1.144418E-15
7429.00748634339  1.172572E-15
7432.70714855195  1.167842E-15
7436.40681076051  1.152265E-15
7440.10647296906  1.149907E-15
7443.80613517762  1.159815E-15
7447.50579738618  1.152319E-15
7451.20545959473  1.128416E-15
7454.90512180329  1.143180E-15
7458.60478401185  1.179268E-15
7462.3044462204  1.182845E-15
7466.00410842896  1.153854E-15
7469.70377063752  1.144830E-15
7473.40343284608  1.119213E-15
7477.10309505463  1.132857E-15
7480.80275726319  1.122924E-15
7484.50241947175  1.144030E-15
7488.2020816803  1.167276E-15
7491.90174388886  1.147407E-15
7495.60140609742  1.128749E-15
7499.30106830598  1.132897E-15
7503.00073051453  1.143303E-15
7506.70039272309  1.139882E-15
7510.40005493165  1.108579E-15
7514.09971714021  1.107432E-15
7517.79937934876  1.116749E-15
7521.49904155732  1.096335E-15
7525.19870376588  1.100286E-15
7528.89836597443  1.112722E-15
7532.59802818299  1.083368E-15
7536.29769039155  1.076305E-15
7539.99735260011  1.113265E-15
7543.69701480866  1.110843E-15
7547.39667701722  1.091350E-15
7551.09633922578  1.117450E-15
7554.79600143433  1.110348E-15
7558.49566364289  1.060583E-15
7562.19532585145  1.075693E-15
7565.89498806  1.060288E-15
7569.59465026856  1.062893E-15
7573.29431247712  1.056771E-15
7576.99397468568  1.068422E-15
7580.69363689423  1.034081E-15
7584.39329910279  1.066601E-15
7588.09296131135  1.038952E-15
7591.7926235199  9.481992E-16
7595.49228572846  8.134788E-16
7599.19194793702  7.797437E-16
7602.89161014557  8.355823E-16
7606.59127235413  1.004902E-15
7610.29093456269  1.201731E-15
7613.99059677125  1.297147E-15
7617.6902589798  1.215430E-15
7621.38992118836  1.072046E-15
7625.08958339692  9.467805E-16
7628.78924560548  9.679107E-16
7632.48890781403  1.035280E-15
7636.18857002259  1.092683E-15
7639.88823223115  1.085468E-15
7643.58789443971  1.107370E-15
7647.28755664826  1.111101E-15
7650.98721885682  1.135383E-15
7654.68688106538  1.151641E-15
7658.38654327393  1.137161E-15
7662.08620548249  1.096933E-15
7665.78586769105  1.126760E-15
7669.4855298996  1.114147E-15
7673.18519210816  1.083531E-15
7676.88485431672  1.041174E-15
7680.58451652528  1.052609E-15
7684.28417873383  1.074098E-15
7687.98384094239  1.109943E-15
7691.68350315095  1.105703E-15
7695.3831653595  1.111785E-15
7699.08282756806  1.089479E-15
7702.78248977662  1.057214E-15
7706.48215198518  1.042536E-15
7710.18181419373  1.021893E-15
7713.88147640229  1.026356E-15
7717.58113861085  1.051638E-15
7721.2808008194  1.052396E-15
7724.98046302796  1.077607E-15
7728.68012523652  1.117159E-15
7732.37978744508  1.125142E-15
7736.07944965363  1.120227E-15
7739.77911186219  1.108380E-15
7743.47877407075  1.072352E-15
7747.1784362793  1.063635E-15
7750.87809848786  1.048116E-15
7754.57776069642  1.105120E-15
7758.27742290498  1.108905E-15
7761.97708511353  1.104878E-15
7765.67674732209  1.132408E-15
7769.37640953065  1.173613E-15
7773.0760717392  1.098516E-15
7776.77573394776  1.140561E-15
7780.47539615632  1.158364E-15
7784.17505836488  1.152455E-15
7787.87472057343  1.117107E-15
7791.57438278199  1.072500E-15
7795.27404499055  1.086062E-15
7798.97370719911  1.138189E-15
7802.67336940766  1.153411E-15
7806.37303161622  1.130092E-15
7810.07269382477  1.119449E-15
7813.77235603333  1.120228E-15
7817.47201824189  1.098573E-15
7821.17168045045  1.057397E-15
7824.87134265901  1.096115E-15
7828.57100486756  1.119357E-15
7832.27066707612  1.137911E-15
7835.97032928468  1.140014E-15
7839.66999149323  1.116184E-15
7843.36965370179  1.124917E-15
7847.06931591035  1.104156E-15
7850.76897811891  1.050456E-15
7854.46864032746  1.081918E-15
7858.16830253602  1.094385E-15
7861.86796474458  1.076886E-15
7865.56762695313  1.081331E-15
7869.26728916169  1.078820E-15
7872.96695137025  1.091221E-15
7876.6666135788  1.082136E-15
7880.36627578736  1.078079E-15
7884.06593799592  1.078397E-15
7887.76560020448  1.082353E-15
7891.46526241303  1.058527E-15
7895.16492462159  1.067256E-15
7898.86458683015  1.077281E-15
7902.5642490387  1.078169E-15
7906.26391124726  1.057035E-15
7909.96357345582  1.015753E-15
7913.66323566438  9.958493E-16
7917.36289787293  1.009574E-15
7921.06256008149  1.025317E-15
7924.76222229005  1.033531E-15
7928.4618844986  1.053728E-15
7932.16154670716  1.037930E-15
7935.86120891572  1.061169E-15
7939.56087112427  1.087934E-15
7943.26053333283  1.087685E-15
7946.96019554139  1.069395E-15
7950.65985774995  1.074424E-15
7954.3595199585  1.080441E-15
7958.05918216706  1.053692E-15
7961.75884437562  1.042616E-15
7965.45850658418  1.038386E-15
7969.15816879273  1.042996E-15
7972.85783100129  1.031505E-15
7976.55749320985  1.032430E-15
7980.2571554184  1.044072E-15
7983.95681762696  1.030195E-15
7987.65647983552  9.908306E-16
7991.35614204407  9.720532E-16
7995.05580425263  1.002312E-15
7998.75546646119  1.030376E-15
8002.45512866975  1.041669E-15
8006.1547908783  1.062982E-15
8009.85445308686  1.048978E-15
8013.55411529542  1.015325E-15
8017.25377750397  1.021225E-15
8020.95343971253  1.029393E-15
8024.65310192109  1.013456E-15
8028.35276412965  1.003042E-15
8032.0524263382  1.003636E-15
8035.75208854676  1.007630E-15
8039.45175075532  1.028730E-15
8043.15141296387  1.028839E-15
8046.85107517243  1.015777E-15
8050.55073738099  1.012257E-15
8054.25039958955  9.999238E-16
8057.9500617981  9.761185E-16
8061.64972400666  9.859459E-16
8065.34938621522  9.982841E-16
8069.04904842378  1.003996E-15
8072.74871063233  1.011913E-15
8076.44837284089  1.012763E-15
8080.14803504945  1.011020E-15
8083.847697258  1.002276E-15
8087.54735946656  1.013899E-15
8091.24702167512  1.007583E-15
8094.94668388367  9.906186E-16
8098.64634609223  9.772842E-16
8102.34600830079  9.481142E-16
8106.04567050935  9.534864E-16
8109.7453327179  9.598183E-16
8113.44499492646  9.956587E-16
8117.14465713502  1.008717E-15
8120.84431934357  9.973773E-16
8124.54398155213  1.021007E-15
8128.24364376069  9.856821E-16
8131.94330596925  9.579297E-16
8135.6429681778  9.528961E-16
8139.34263038636  9.579950E-16
8143.04229259492  9.393771E-16
8146.74195480347  9.562730E-16
8150.44161701203  9.278265E-16
8154.14127922059  9.424356E-16
8157.84094142915  9.351118E-16
8161.5406036377  9.296802E-16
8165.24026584626  9.338661E-16
8168.93992805482  9.417602E-16
8172.63959026337  9.270932E-16
8176.33925247193  9.424991E-16
8180.03891468049  9.423851E-16
8183.73857688905  9.641291E-16
8187.4382390976  9.828166E-16
8191.13790130616  9.355985E-16
8194.83756351472  9.393792E-16
8198.53722572328  9.497943E-16
8202.23688793183  9.598185E-16
8205.93655014039  9.635941E-16
8209.63621234895  9.863180E-16
8213.3358745575  9.671484E-16
8217.03553676606  9.595786E-16
8220.73519897462  9.467532E-16
8224.43486118317  8.993635E-16
8228.13452339173  8.767432E-16
8231.83418560029  9.074523E-16
8235.53384780884  9.235076E-16
8239.2335100174  9.488017E-16
8242.93317222596  9.352958E-16
8246.63283443452  9.643592E-16
8250.33249664307  1.001241E-15
8254.03215885163  9.987262E-16
8257.73182106019  9.707182E-16
8261.43148326875  9.907635E-16
8265.1311454773  9.907491E-16
8268.83080768586  9.921166E-16
8272.53046989442  9.745188E-16
8276.23013210297  9.164783E-16
8279.92979431153  8.416417E-16
8283.62945652009  8.384629E-16
8287.32911872865  8.434869E-16
8291.0287809372  8.675757E-16
8294.72844314576  9.272805E-16
8298.42810535432  9.327025E-16
8302.12776756287  9.264805E-16
8305.82742977143  9.499189E-16
8309.52709197999  9.504940E-16
8313.22675418855  9.102253E-16
8316.9264163971  9.059239E-16
8320.62607860566  9.377416E-16
8324.32574081422  9.543588E-16
8328.02540302277  9.526273E-16
8331.72506523133  9.498895E-16
8335.42472743989  9.303137E-16
8339.12438964844  9.034459E-16
8342.824051857  8.815043E-16
8346.52371406556  8.710555E-16
8350.22337627412  8.832622E-16
8353.92303848267  9.045635E-16
8357.62270069123  9.162552E-16
8361.32236289979  9.196991E-16
8365.02202510834  9.382721E-16
8368.7216873169  9.663079E-16
8372.42134952546  9.782630E-16
8376.12101173402  9.698268E-16
8379.82067394257  9.627329E-16
8383.52033615113  9.384963E-16
8387.21999835969  9.347188E-16
8390.91966056825  9.550903E-16
8394.6193227768  9.649064E-16
8398.31898498536  9.468106E-16
8402.01864719392  9.263600E-16
8405.71830940247  9.151805E-16
8409.41797161103  9.182964E-16
8413.11763381959  9.299107E-16
8416.81729602815  9.053793E-16
8420.5169582367  9.129528E-16
8424.21662044526  9.631419E-16
8427.91628265382  9.484291E-16
8431.61594486237  8.957848E-16
8435.31560707093  9.073131E-16
8439.01526927949  9.454756E-16
8442.71493148804  9.793656E-16
8446.4145936966  9.792260E-16
8450.11425590516  9.506689E-16
8453.81391811372  9.213517E-16
8457.51358032227  9.442587E-16
8461.21324253083  9.110005E-16
8464.91290473939  8.939917E-16
8468.61256694794  9.395139E-16
8472.3122291565  9.791724E-16
8476.01189136506  9.261743E-16
8479.71155357362  9.909835E-16
8483.41121578217  9.701120E-16
8487.11087799073  1.006071E-15
8490.81054019929  9.759626E-16
8494.51020240784  9.651308E-16
8498.2098646164  9.582853E-16
8501.90952682496  9.507728E-16
8505.60918903352  9.352016E-16
8509.30885124207  9.813220E-16
8513.00851345063  9.941248E-16
8516.70817565919  1.004592E-15
8520.40783786775  1.012704E-15
8524.1075000763  1.012594E-15
8527.80716228486  9.859602E-16
8531.50682449342  9.960186E-16
8535.20648670197  9.520624E-16
8538.90614891053  9.369869E-16
8542.60581111909  9.697103E-16
8546.30547332764  1.019802E-15
8550.0051355362  1.045712E-15
8553.70479774476  1.031137E-15
8557.40445995331  1.022938E-15
8561.10412216187  1.027528E-15
8564.80378437043  1.030034E-15
8568.50344657899  1.035163E-15
8572.20310878754  1.019394E-15
8575.9027709961  9.991794E-16
8579.60243320466  1.019372E-15
8583.30209541322  1.013328E-15
8587.00175762177  9.860882E-16
8590.70141983033  1.004361E-15
8594.40108203889  1.011021E-15
8598.10074424744  1.001543E-15
8601.800406456  1.012868E-15
8605.50006866456  1.031112E-15
8609.19973087312  1.048486E-15
8612.89939308167  1.040050E-15
8616.59905529023  1.021107E-15
8620.29871749879  1.007135E-15
8623.99837970734  1.008323E-15
8627.6980419159  9.999230E-16
8631.39770412446  1.015510E-15
8635.09736633302  1.020263E-15
8638.79702854157  1.080579E-15
8642.49669075013  1.059784E-15
8646.19635295869  1.036147E-15
8649.89601516724  1.040783E-15
8653.5956773758  9.910064E-16
8657.29533958436  9.725396E-16
8660.99500179292  9.449038E-16
8664.69466400147  1.003476E-15
8668.39432621003  9.909240E-16
8672.09398841859  9.876619E-16
8675.79365062714  9.887086E-16
8679.4933128357  9.967450E-16
8683.19297504426  1.022828E-15
8686.89263725281  1.020790E-15
8690.59229946137  1.005003E-15
8694.29196166993  1.033576E-15
8697.99162387849  1.027910E-15
8701.69128608704  1.001568E-15
8705.3909482956  1.019698E-15
8709.09061050416  9.946242E-16
8712.79027271271  9.881415E-16
8716.48993492127  1.016500E-15
8720.18959712983  1.001505E-15
8723.88925933839  1.019588E-15
8727.58892154694  1.007076E-15
8731.2885837555  1.004395E-15
8734.98824596406  1.001104E-15
8738.68790817262  1.009647E-15
8742.38757038117  1.022601E-15
8746.08723258973  1.040113E-15
8749.78689479829  9.956058E-16
8753.48655700684  9.748651E-16
8757.1862192154  9.282842E-16
8760.88588142396  8.703826E-16
8764.58554363252  8.874710E-16
8768.28520584107  8.775112E-16
8771.98486804963  8.654659E-16
8775.68453025819  8.894102E-16
8779.38419246674  9.249902E-16
8783.0838546753  9.717021E-16
8786.78351688386  1.005658E-15
8790.48317909241  1.001934E-15
8794.18284130097  9.754518E-16
8797.88250350953  9.640782E-16
8801.58216571808  9.581785E-16
8805.28182792664  9.656077E-16
8808.9814901352  9.921447E-16
8812.68115234376  9.821173E-16
8816.38081455232  9.599585E-16
8820.08047676087  8.986001E-16
8823.78013896943  8.455008E-16
8827.47980117799  8.190469E-16
8831.17946338654  8.473511E-16
8834.8791255951  8.752374E-16
8838.57878780366  8.581540E-16
8842.27845001222  9.079350E-16
8845.97811222077  9.483844E-16
8849.67777442933  9.335403E-16
8853.37743663789  8.847867E-16
8857.07709884644  9.192205E-16
8860.776761055  9.548337E-16
8864.47642326356  9.470620E-16
8868.17608547212  9.017749E-16
8871.87574768067  9.760143E-16
8875.57540988923  9.473639E-16
8879.27507209779  9.034806E-16
8882.97473430634  8.708155E-16
8886.6743965149  8.454042E-16
8890.37405872346  8.900560E-16
8894.07372093202  9.201151E-16
8897.77338314057  9.415832E-16
8901.47304534913  8.873815E-16
8905.17270755769  8.760479E-16
8908.87236976625  9.090334E-16
8912.5720319748  9.147191E-16
8916.27169418336  8.814938E-16
8919.97135639192  8.227525E-16
8923.67101860047  8.542691E-16
8927.37068080903  9.076706E-16
8931.07034301759  9.187700E-16
8934.77000522615  9.140202E-16
8938.4696674347  8.791000E-16
8942.16932964326  8.747283E-16
8945.86899185182  8.884080E-16
8949.56865406037  8.495537E-16
8953.26831626893  7.885042E-16
8956.96797847749  8.118691E-16
8960.66764068604  8.366121E-16
8964.3673028946  8.171314E-16
8968.06696510316  8.114869E-16
8971.76662731171  8.326314E-16
8975.46628952027  8.744215E-16
8979.16595172883  8.599238E-16
8982.86561393739  7.915519E-16
8986.56527614594  7.283474E-16
8990.2649383545  7.350812E-16
8993.96460056306  7.876956E-16
8997.66426277162  8.033628E-16
9001.36392498017  7.631560E-16
9005.06358718873  7.745266E-16
9008.76324939729  8.009061E-16
9012.46291160584  7.999844E-16
9016.1625738144  8.000671E-16
9019.86223602296  8.119209E-16
9023.56189823152  8.171440E-16
9027.26156044007  8.219137E-16
9030.96122264863  8.264995E-16
9034.66088485719  8.826477E-16
9038.36054706574  8.485499E-16
9042.0602092743  8.118549E-16
9045.75987148286  8.371535E-16
9049.45953369142  8.443006E-16
9053.15919589997  8.457664E-16
9056.85885810853  8.549866E-16
9060.55852031709  8.626588E-16
9064.25818252564  8.463491E-16
9067.9578447342  8.430076E-16
9071.65750694276  8.192525E-16
9075.35716915131  8.016820E-16
9079.05683135987  7.940133E-16
9082.75649356843  7.933429E-16
9086.45615577699  7.822554E-16
9090.15581798554  7.831683E-16
9093.8554801941  7.900245E-16
9097.55514240266  8.293078E-16
9101.25480461121  8.142304E-16
9104.95446681977  8.181635E-16
9108.65412902833  8.576145E-16
9112.35379123689  8.799216E-16
9116.05345344544  9.238863E-16
9119.753115654  9.733000E-16
9123.45277786256  9.861748E-16
9127.15244007112  9.537309E-16
9130.85210227967  8.843918E-16
9134.55176448823  8.230295E-16
9138.25142669679  8.073050E-16
9141.95108890534  8.253348E-16
9145.6507511139  7.959879E-16
9149.35041332246  7.918921E-16
9153.05007553102  7.983409E-16
9156.74973773957  8.248382E-16
9160.44939994813  8.300644E-16
9164.14906215669  8.499971E-16
9167.84872436524  8.515318E-16
9171.5483865738  8.299811E-16
9175.24804878236  7.922435E-16
9178.94771099092  7.908300E-16
9182.64737319947  8.219274E-16
9186.34703540803  7.851960E-16
9190.04669761659  7.827948E-16
9193.74635982514  7.990600E-16
9197.4460220337  8.404469E-16
9201.14568424226  8.433866E-16
9204.84534645081  8.752575E-16
9208.54500865937  8.720845E-16
9212.24467086793  8.548251E-16
9215.94433307649  8.347385E-16
9219.64399528504  8.227263E-16
9223.3436574936  8.558143E-16
9227.04331970216  8.547659E-16
9230.74298191071  8.365293E-16
9234.44264411927  8.018678E-16
9238.14230632783  8.079381E-16
9241.84196853639  8.087506E-16
9245.54163074494  8.003117E-16
9249.2412929535  7.936771E-16
9252.94095516206  8.029228E-16
9256.64061737062  8.250999E-16
9260.34027957917  8.285272E-16
9264.03994178773  8.253922E-16
9267.73960399629  8.372897E-16
9271.43926620484  8.562456E-16
9275.1389284134  8.606016E-16
9278.83859062196  8.539338E-16
9282.53825283051  8.307752E-16
9286.23791503907  7.861337E-16
9289.93757724763  8.312002E-16
9293.63723945619  8.183135E-16
9297.33690166474  8.080649E-16
9301.0365638733  7.974094E-16
9304.73622608186  6.554200E-16
9308.43588829042  4.860852E-16
9312.13555049897  5.296252E-16
9315.83521270753  5.115840E-16
9319.53487491609  5.910503E-16
9323.23453712464  5.962385E-16
9326.9341993332  6.476096E-16
9330.63386154176  6.611834E-16
9334.33352375031  6.656555E-16
9338.03318595887  6.869863E-16
9341.73284816743  6.264718E-16
9345.43251037599  6.809890E-16
9349.13217258454  7.640213E-16
9352.8318347931  6.935291E-16
9356.53149700166  6.986100E-16
9360.23115921022  7.539334E-16
9363.93082141877  7.042693E-16
9367.63048362733  5.716707E-16
9371.33014583589  4.701843E-16
9375.02980804444  4.567310E-16
9378.729470253  4.766447E-16
9382.42913246156  5.388961E-16
9386.12879467012  6.201536E-16
9389.82845687867  6.545602E-16
9393.52811908723  6.578245E-16
9397.22778129579  6.304868E-16
9400.92744350435  6.394668E-16
9404.6271057129  7.302516E-16
9408.32676792146  7.099614E-16
9412.02643013002  6.638957E-16
9415.72609233857  6.491260E-16
9419.42575454713  6.291684E-16
9423.12541675569  6.284398E-16
9426.82507896425  5.900704E-16
9430.5247411728  5.980983E-16
9434.22440338136  5.844850E-16
9437.92406558992  3.711374E-16
9441.62372779847  4.821419E-16
9445.32339000703  6.602397E-16
9449.02305221559  5.441361E-16
9452.72271442414  5.804797E-16
9456.4223766327  6.284969E-16
9460.12203884126  5.887968E-16
9463.82170104982  6.235109E-16
9467.52136325837  6.093728E-16
9471.22102546693  5.305751E-16
9474.92068767549  4.366239E-16
9478.62034988404  4.086253E-16
9482.3200120926  4.966767E-16
9486.01967430116  5.951042E-16
9489.71933650972  6.008339E-16
9493.41899871827  5.656142E-16
9497.11866092683  5.211974E-16
9500.81832313539  5.144026E-16
9504.51798534394  5.501628E-16
9508.2176475525  5.733522E-16
9511.91730976106  5.833023E-16
9515.61697196962  5.911618E-16
9519.31663417817  6.012807E-16
9523.01629638673  5.562251E-16
9526.71595859529  5.313736E-16
9530.41562080385  6.173252E-16
9534.1152830124  6.251161E-16
9537.81494522096  6.076830E-16
9541.51460742952  5.389845E-16
9545.21426963807  5.653240E-16
9548.91393184663  5.864083E-16
9552.61359405519  5.986087E-16
9556.31325626374  5.644600E-16
9560.0129184723  5.773133E-16
9563.71258068086  5.652697E-16
9567.41224288941  5.600475E-16
9571.11190509797  5.520847E-16
9574.81156730653  5.957408E-16
9578.51122951509  6.981627E-16
9582.21089172364  7.619274E-16
9585.9105539322  8.268419E-16
9589.61021614076  7.948181E-16
9593.30987834932  6.826353E-16
9597.00954055787  6.957378E-16
9600.70920276643  7.147580E-16
9604.40886497499  6.572070E-16
9608.10852718354  6.431253E-16
9611.8081893921  6.663146E-16
9615.50785160066  6.778515E-16
9619.20751380922  6.616245E-16
9622.90717601777  6.379775E-16
9626.60683822633  6.202926E-16
9630.30650043489  6.202292E-16
9634.00616264344  6.473779E-16
9637.705824852  6.262999E-16
9641.40548706056  6.391117E-16
9645.10514926912  6.201880E-16
9648.80481147767  7.611895E-16
9652.50447368623  7.503337E-16
9656.20413589479  6.931677E-16
9659.90379810334  6.969731E-16
9663.6034603119  6.319956E-16
9667.30312252046  6.276160E-16
9671.00278472902  6.346597E-16
9674.70244693757  5.807806E-16
9678.40210914613  6.533184E-16
9682.10177135469  6.311578E-16
9685.80143356324  5.540998E-16
9689.5010957718  6.280432E-16
9693.20075798036  6.148127E-16
9696.90042018891  6.078064E-16
9700.60008239747  6.485326E-16
9704.29974460603  6.612717E-16
9707.99940681459  6.340681E-16
9711.69906902314  6.264680E-16
9715.3987312317  5.793465E-16
9719.09839344026  5.962869E-16
9722.79805564881  6.117029E-16
9726.49771785737  5.797586E-16
9730.19738006593  5.739515E-16
9733.89704227449  5.386871E-16
9737.59670448304  5.518482E-16
9741.2963666916  5.802528E-16
9744.99602890016  5.648833E-16
9748.69569110872  6.497206E-16
9752.39535331727  7.075012E-16
9756.09501552583  6.841058E-16
9759.79467773439  6.880667E-16
9763.49433994294  6.863032E-16
9767.1940021515  6.356548E-16
9770.89366436006  6.298289E-16
9774.59332656862  6.607680E-16
9778.29298877717  5.727668E-16
9781.99265098573  5.360611E-16
9785.69231319429  4.418109E-16
9789.39197540284  4.148899E-16
9793.0916376114  3.879916E-16
9796.79129981996  4.739147E-16
9800.49096202851  5.738953E-16
9804.19062423707  6.072063E-16
9807.89028644563  6.157707E-16
9811.58994865418  6.382394E-16
9815.28961086274  6.670716E-16
9818.9892730713  6.445262E-16
9822.68893527986  6.149822E-16
9826.38859748841  6.069773E-16
9830.08825969697  5.967908E-16
9833.78792190553  6.076231E-16
9837.48758411408  5.925976E-16
9841.18724632264  5.750806E-16
9844.8869085312  6.011218E-16
9848.58657073976  5.084171E-16
9852.28623294831  5.262507E-16
9855.98589515687  6.193958E-16
9859.68555736543  6.016731E-16
9863.38521957399  5.729052E-16
9867.08488178254  5.106253E-16
9870.7845439911  3.983999E-16
9874.48420619966  4.478181E-16
9878.18386840821  5.278934E-16
9881.88353061677  5.577206E-16
9885.58319282533  4.967843E-16
9889.28285503389  5.774232E-16
9892.98251724244  5.856834E-16
9896.682179451  5.704757E-16
9900.38184165956  5.583701E-16
9904.08150386811  5.010839E-16
9907.78116607667  5.182199E-16
9911.48082828523  5.241969E-16
9915.18049049379  5.294805E-16
9918.88015270234  5.280462E-16
9922.5798149109  5.472993E-16
9926.27947711946  5.989417E-16
9929.97913932801  5.572352E-16
9933.67880153657  5.475260E-16
9937.37846374513  5.132946E-16
9941.07812595368  3.588050E-16
9944.77778816224  3.800960E-16
9948.4774503708  6.264141E-16
9952.17711257936  4.812778E-16
9955.87677478791  4.187525E-16
9959.57643699647  4.043743E-16
9963.27609920503  4.059085E-16
9966.97576141358  5.332270E-16
9970.67542362214  5.021625E-16
9974.3750858307  5.395718E-16
9978.07474803926  5.335675E-16
9981.77441024781  6.122911E-16
9985.47407245637  5.508256E-16
9989.17373466493  4.265535E-16
9992.87339687349  3.739110E-16
9996.57305908204  3.027139E-16
10000.2727212906  2.928287E-16
10003.9723834992  3.374114E-16
10007.6720457077  3.315821E-16
10011.3717079163  3.421691E-16
10015.0713701248  4.536729E-16
10018.7710323334  5.242850E-16
10022.4706945419  5.012548E-16
10026.1703567505  5.075014E-16
10029.8700189591  4.168025E-16
10033.5696811676  4.306261E-16
10037.2693433762  3.954143E-16
10040.9690055847  4.863491E-16
10044.6686677933  4.760057E-16
10048.3683300018  4.106818E-16
10052.0679922104  4.599520E-16
10055.767654419  6.356162E-16
10059.4673166275  6.924725E-16
10063.1669788361  5.151820E-16
10066.8666410446  4.217306E-16
10070.5663032532  4.222313E-16
10074.2659654617  4.270610E-16
10077.9656276703  4.348410E-16
10081.6652898789  3.712006E-16
10085.3649520874  3.139215E-16
10089.064614296  3.609352E-16
10092.7642765045  4.275255E-16
10096.4639387131  4.633901E-16
10100.1636009216  4.389711E-16
10103.8632631302  3.926125E-16
10107.5629253388  4.390129E-16
10111.2625875473  4.699824E-16
10114.9622497559  4.655932E-16
10118.6619119644  4.147935E-16
10122.361574173  3.179696E-16
10126.0612363815  3.560557E-16
10129.7608985901  2.714271E-16
10133.4605607987  3.709198E-16
10137.1602230072  3.017381E-16
10140.8598852158  2.557846E-16
10144.5595474243  3.062755E-16
10148.2592096329  2.728410E-16
10151.9588718414  3.064678E-16
10155.65853405  4.026278E-16
10159.3581962586  4.004234E-16
10163.0578584671  4.194346E-16
10166.7575206757  4.210916E-16
10170.4571828842  3.575907E-16
10174.1568450928  3.598782E-16
10177.8565073013  3.810790E-16
10181.5561695099  3.189367E-16
10185.2558317185  3.128004E-16
10188.955493927  3.349781E-16
10192.6551561356  2.526255E-16
10196.3548183441  3.069831E-16
10200.0544805527  3.520507E-16
10203.7541427612  3.478294E-16
10207.4538049698  3.606145E-16
10211.1534671784  2.422854E-16
10214.8531293869  1.933188E-16
10218.5527915955  3.461429E-16
10222.252453804  2.590520E-16
10225.9521160126  2.463763E-16
10229.6517782211  3.847424E-16
10233.3514404297  3.484457E-16
10237.0511026383  3.075662E-16
10240.7507648468  2.968019E-16
10244.4504270554  3.342345E-16
10248.1500892639  3.984461E-16
10251.8497514725  3.611608E-16
10255.549413681  3.535966E-16
10259.2490758896  3.659200E-16
10262.9487380982  3.250383E-16
10266.6484003067  3.313420E-16
10270.3480625153  3.596271E-16
10274.0477247238  3.348954E-16
10277.7473869324  2.446526E-16
10281.4470491409  3.898712E-16
10285.1467113495  2.882304E-16
10288.8463735581  2.202850E-16
10292.5460357666  2.927926E-16
10296.2456979752  1.582989E-16
10299.9453601837  3.065460E-16
10303.6450223923  3.826352E-16
10307.3446846008  3.634902E-16
10311.0443468094  3.841658E-16
10314.744009018  3.387863E-16
10318.4436712265  3.950422E-16
10322.1433334351  3.333820E-16
10325.8429956436  2.713044E-16
10329.5426578522  2.693590E-16
10333.2423200607  2.772392E-16
10336.9419822693  3.178242E-16
10340.6416444779  3.592259E-16
10344.3413066864  3.284999E-16
10348.040968895  2.778489E-16
10351.7406311035  2.415363E-16
10355.4402933121  1.483169E-16
10359.1399555206  3.226627E-16
10362.8396177292  4.146926E-16
10366.5392799378  3.806379E-16
10370.2389421463  4.433843E-16
10373.9386043549  4.279457E-16
10377.6382665634  2.599661E-16
10381.337928772  3.121495E-16
10385.0375909805  4.468797E-16
10388.7372531891  3.884851E-16
10392.4369153977  3.036035E-16
10396.1365776062  3.585641E-16
10399.8362398148  3.476807E-16
10403.5359020233  4.031460E-16
10407.2355642319  4.022368E-16
10410.9352264404  3.472004E-16
10414.634888649  3.660242E-16
10418.3345508576  2.958920E-16
10422.0342130661  2.813234E-16
10425.7338752747  4.000002E-16
10429.4335374832  2.923554E-16
10433.1331996918  2.596678E-16
10436.8328619003  2.703032E-16
10440.5325241089  2.809357E-16
10444.2321863175  2.915711E-16
10447.931848526  3.022036E-16
10451.6315107346  3.128390E-16
10455.3311729431  3.234716E-16
10459.0308351517  3.341070E-16
10462.7304973602  3.145530E-16
10466.4301595688  3.451516E-16
