3399.99770956449 9.91357170601286e-17
3402.90078049116 8.6587268053691e-17
3405.80385141782 8.20784124137829e-17
3408.70692234449 8.20784124137829e-17
3411.60999327115 1.36145643785213e-16
3414.51306419782 1.27824643574293e-16
3417.41613512449 9.98995157854254e-17
3420.31920605115 1.30095538905882e-16
3423.22227697782 1.4230502914963e-16
3426.12534790449 1.19883736163564e-16
3429.02841883115 1.04992566078588e-16
3431.93148975782 1.20869947211964e-16
3434.83456068449 1.57333365632501e-16
3437.73763161115 1.57333365632501e-16
3440.64070253782 1.06233628164993e-16
3443.54377346448 4.14942812752487e-17
3446.44684439115 6.28312165788744e-17
3449.34991531782 1.29217509846714e-16
3452.25298624448 1.31145078901979e-16
3455.15605717115 5.0502820776433e-17
3458.05912809782 3.02891636574298e-17
3460.96219902448 1.14878658182907e-16
3463.86526995115 1.47301729445042e-16
3466.76834087781 1.26224638041599e-16
3469.67141180448 6.95744988115251e-17
3472.57448273115 4.53356551003858e-17
3475.47755365781 5.03500669870741e-17
3478.38062458448 7.61127527488259e-17
3481.28369551115 1.17371330562889e-16
3484.18676643781 1.21964154961138e-16
3487.08983736448 8.50768958121733e-17
3489.99290829114 5.95109268349763e-17
3492.89597921781 6.77098484223733e-17
3495.79905014448 9.83023888412631e-17
3498.70212107114 1.07769828293957e-16
3501.60519199781 7.54767501194462e-17
3504.50826292448 6.46646789502104e-17
3507.41133385114 6.91757514341602e-17
3510.31440477781 4.39702115196322e-17
3513.21747570447 4.76707992045128e-17
3516.12054663114 7.77253909838348e-17
3519.02361755781 5.70546173147226e-17
3521.92668848447 2.25240089658107e-17
3524.82975941114 3.68648988026467e-17
3527.73283033781 7.08422490532137e-17
3530.63590126447 8.3768388727343e-17
3533.53897219114 1.04565548976608e-16
3536.4420431178 1.32078443035404e-16
3539.34511404447 1.20521909314871e-16
3542.24818497114 9.40228938416037e-17
3545.1512558978 1.04423452582262e-16
3548.05432682447 1.39132652534146e-16
3550.95739775114 1.25634242842473e-16
3553.8604686778 6.23097155986067e-17
3556.76353960447 2.45510117481495e-17
3559.66661053113 2.59628618156285e-17
3562.5696814578 2.48541337379808e-17
3565.47275238447 2.32363256241434e-17
3568.37582331113 4.64224513112722e-17
3571.2788942378 7.301129529034e-17
3574.18196516447 8.73039108666274e-17
3577.08503609113 1.03333738078174e-16
3579.9881070178 1.12880745688351e-16
3582.89117794446 9.78838089815317e-17
3585.79424887113 8.24622308354524e-17
3588.6973197978 1.0939850059796e-16
3591.60039072446 1.41509360809693e-16
3594.50346165113 1.26221024916683e-16
3597.4065325778 9.8577661314231e-17
3600.30960350446 9.07124773254971e-17
3603.21267443113 8.51488340556858e-17
3606.11574535779 7.4976742600215e-17
3609.01881628446 7.18662721817747e-17
3611.92188721113 7.44732807747458e-17
3614.82495813779 7.51427213532074e-17
3617.72802906446 9.07172154160458e-17
3620.63109999113 1.32480413108435e-16
3623.53417091779 1.62734484455558e-16
3626.43724184446 1.67253669926956e-16
3629.34031277112 1.59043683971686e-16
3632.24338369779 1.53190871594616e-16
3635.14645462446 1.31624248087219e-16
3638.04952555112 1.35082974778434e-16
3640.95259647779 1.25702071652702e-16
3643.85566740446 1.29235363713055e-16
3646.75873833112 1.47463525972858e-16
3649.66180925779 1.32906179513329e-16
3652.56488018445 9.38238675687785e-17
3655.46795111112 8.98788579390559e-17
3658.37102203779 1.18461620784683e-16
3661.27409296445 1.27702763474117e-16
3664.17716389112 1.1127719320519e-16
3667.08023481779 1.00999090282415e-16
3669.98330574445 9.74990905873557e-17
3672.88637667112 9.22180055973477e-17
3675.78944759778 9.40888035928119e-17
3678.69251852445 1.00067162134533e-16
3681.59558945112 1.08734254713745e-16
3684.49866037778 1.22353181311945e-16
3687.40173130445 1.24639362941253e-16
3690.30480223112 1.15864763352189e-16
3693.20787315778 1.09765179837337e-16
3696.11094408445 1.07052411239967e-16
3699.01401501111 1.05472430095542e-16
3701.91708593778 9.8144695129286e-17
3704.82015686445 9.10038037197933e-17
3707.72322779111 8.17557458004382e-17
3710.62629871778 6.96333146618e-17
3713.52936964445 7.57908802288693e-17
3716.43244057111 9.89941963834882e-17
3719.33551149778 1.06523498721411e-16
3722.23858242444 7.82131893172247e-17
3725.14165335111 5.71822215047375e-17
3728.04472427778 7.37494447992027e-17
3730.94779520444 8.25165799104196e-17
3733.85086613111 6.93932337608127e-17
3736.75393705778 6.31106712770193e-17
3739.65700798444 6.57071382802641e-17
3742.56007891111 6.21604392765429e-17
3745.46314983777 4.94961155011764e-17
3748.36622076444 4.84960905365467e-17
3751.26929169111 7.37605025496313e-17
3754.17236261777 9.56055351988789e-17
3757.07543354444 8.02043784877623e-17
3759.97850447111 5.59559229379051e-17
3762.88157539777 6.5193167952293e-17
3765.78464632444 9.08107662346031e-17
3768.6877172511 1.0084690890204e-16
3771.59078817777 9.63690096693756e-17
3774.49385910444 9.51088761067674e-17
3777.3969300311 9.81474479863646e-17
3780.30000095777 9.47736760527813e-17
3783.20307188444 9.78802223263957e-17
3786.1061428111 1.15219324246381e-16
3789.00921373777 1.25459846699567e-16
3791.91228466443 1.18359725368106e-16
3794.8153555911 1.08481527875553e-16
3797.71842651777 1.11386606039174e-16
3800.62149744443 1.24640964362919e-16
3803.5245683711 1.33418912379103e-16
3806.42763929777 1.32056155480979e-16
3809.33071022443 1.25277191985426e-16
3812.2337811511 1.21552841055908e-16
3815.13685207777 1.26737079739798e-16
3818.03992300443 1.3943079489669e-16
3820.9429939311 1.54052979081353e-16
3823.84606485776 1.63561823886789e-16
3826.74913578443 1.65968720945971e-16
3829.6522067111 1.66714930502723e-16
3832.55527763776 1.63424895716909e-16
3835.45834856443 1.52607332068406e-16
3838.3614194911 1.47078933310135e-16
3841.26449041776 1.43520733187177e-16
3844.16756134443 1.4425353580056e-16
3847.07063227109 1.56074820256669e-16
3849.97370319776 1.615481221687e-16
3852.87677412443 1.53091371693093e-16
3855.77984505109 1.44085783572334e-16
3858.68291597776 1.46443301257669e-16
3861.58598690443 1.56087803683564e-16
3864.48905783109 1.59023289006502e-16
3867.39212875776 1.53606447134362e-16
3870.29519968442 1.59558627064057e-16
3873.19827061109 1.8425029922101e-16
3876.10134153776 1.93672786370495e-16
3879.00441246442 1.75073914847371e-16
3881.90748339109 1.67909551360817e-16
3884.81055431776 1.87432813762081e-16
3887.71362524442 2.03046860293089e-16
3890.61669617109 1.97850908731725e-16
3893.51976709775 1.87193328431135e-16
3896.42283802442 1.73236435686981e-16
3899.32590895109 1.58313912148067e-16
3902.22897987775 1.56539523707357e-16
3905.13205080442 1.69529978328473e-16
3908.03512173109 1.84796476653311e-16
3910.93819265775 1.88871062471629e-16
3913.84126358442 1.81565522415569e-16
3916.74433451108 1.82610866951599e-16
3919.64740543775 1.97783675491537e-16
3922.55047636442 1.93418888244556e-16
3925.45354729108 1.67645674127967e-16
3928.35661821775 1.55080906502405e-16
3931.25968914442 1.58445758120263e-16
3934.16276007108 1.76735277329182e-16
3937.06583099775 1.99971085138262e-16
3939.96890192441 1.97171720656925e-16
3942.87197285108 1.78175167165065e-16
3945.77504377775 1.63536876119514e-16
3948.67811470441 1.52350310508474e-16
3951.58118563108 1.54870842331486e-16
3954.48425655775 1.72969104147893e-16
3957.38732748441 1.93576952533447e-16
3960.29039841108 2.04526957724188e-16
3963.19346933774 1.96920363629827e-16
3966.09654026441 1.76176434107341e-16
3968.99961119108 1.64388342754852e-16
3971.90268211774 1.74885397077048e-16
3974.80575304441 2.00341609113126e-16
3977.70882397108 2.18429190373464e-16
3980.61189489774 2.08074358177068e-16
3983.51496582441 1.93320036852633e-16
3986.41803675107 1.91832210245891e-16
3989.32110767774 1.86288353136332e-16
3992.22417860441 1.75761705600542e-16
3995.12724953107 1.73599759881793e-16
3998.03032045774 1.78343356144654e-16
4000.93339138441 1.73867660521142e-16
4003.83646231107 1.65621159504911e-16
4006.73953323774 1.69432860707115e-16
4009.6426041644 1.70733493032514e-16
4012.54567509107 1.54821661480986e-16
4015.44874601774 1.42652511181351e-16
4018.3518169444 1.51818479696717e-16
4021.25488787107 1.55050347141855e-16
4024.15795879774 1.46524444367038e-16
4027.0610297244 1.46223880019661e-16
4029.96410065107 1.44439340418474e-16
4032.86717157773 1.42146978095628e-16
4035.7702425044 1.49787599091666e-16
4038.67331343107 1.53594257800856e-16
4041.57638435773 1.40682881646299e-16
4044.4794552844 1.27899711869243e-16
4047.38252621107 1.31556207518752e-16
4050.28559713773 1.3610195541398e-16
4053.1886680644 1.28175328449346e-16
4056.09173899106 1.21300716405202e-16
4058.99480991773 1.23583284909595e-16
4061.8978808444 1.25955480087719e-16
4064.80095177106 1.1750815285365e-16
4067.70402269773 1.11451827576112e-16
4070.6070936244 1.20812044569085e-16
4073.51016455106 1.28555143316851e-16
4076.41323547773 1.29824064846287e-16
4079.31630640439 1.30524759617013e-16
4082.21937733106 1.3026645427277e-16
4085.12244825773 1.3914571537038e-16
4088.02551918439 1.49744519525364e-16
4090.92859011106 1.43581428391803e-16
4093.83166103773 1.32025688764658e-16
4096.73473196439 1.24234719420482e-16
4099.63780289106 1.16635430985292e-16
4102.54087381772 1.19751678433131e-16
4105.44394474439 1.28371350402186e-16
4108.34701567106 1.30098450581638e-16
4111.25008659772 1.27723621660443e-16
4114.15315752439 1.23892504874902e-16
4117.05622845106 1.32203446569573e-16
4119.95929937772 1.44244139028801e-16
4122.86237030439 1.36126784067247e-16
4125.76544123105 1.26154638709442e-16
4128.66851215772 1.32422259002651e-16
4131.57158308439 1.41539695177116e-16
4134.47465401105 1.37512278506049e-16
4137.37772493772 1.26888764811806e-16
4140.28079586439 1.26376627516072e-16
4143.18386679105 1.25923173721715e-16
4146.08693771772 1.14751192959235e-16
4148.99000864438 1.05754425892529e-16
4151.89307957105 1.01364181335016e-16
4154.79615049772 1.03309511612394e-16
4157.69922142438 1.15547205406307e-16
4160.60229235105 1.27115663762551e-16
4163.50536327772 1.31415997096202e-16
4166.40843420438 1.27531556939653e-16
4169.31150513105 1.18721977536845e-16
4172.21457605772 1.18752920709199e-16
4175.11764698438 1.34476883000004e-16
4178.02071791105 1.52929773688624e-16
4180.92378883771 1.55554000873226e-16
4183.82685976438 1.44956255509426e-16
4186.72993069105 1.39091518496645e-16
4189.63300161771 1.42962776702952e-16
4192.53607254438 1.45854203077744e-16
4195.43914347105 1.41577030801244e-16
4198.34221439771 1.32832871458722e-16
4201.24528532438 1.29279065319178e-16
4204.14835625104 1.32836246355621e-16
4207.05142717771 1.35087090829162e-16
4209.95449810438 1.3235183615402e-16
4212.85756903104 1.26206254779666e-16
4215.76063995771 1.25826903133304e-16
4218.66371088438 1.34967910646505e-16
4221.56678181104 1.40199834638348e-16
4224.46985273771 1.33878242464532e-16
4227.37292366437 1.24980015769837e-16
4230.27599459104 1.27629667177747e-16
4233.17906551771 1.361751178848e-16
4236.08213644437 1.37914658860664e-16
4238.98520737104 1.40773580346104e-16
4241.88827829771 1.46878623252999e-16
4244.79134922437 1.46790730349831e-16
4247.69442015104 1.41294307085319e-16
4250.5974910777 1.33314489098575e-16
4253.50056200437 1.25080997979018e-16
4256.40363293104 1.21500973522778e-16
4259.3067038577 1.22587981491901e-16
4262.20977478437 1.2629635790943e-16
4265.11284571104 1.27306669692157e-16
4268.0159166377 1.25556408455554e-16
4270.91898756437 1.26886184008294e-16
4273.82205849103 1.2601323714681e-16
4276.7251294177 1.16583642861502e-16
4279.62820034437 1.07900800763426e-16
4282.53127127103 1.12342866531955e-16
4285.4343421977 1.21493244347135e-16
4288.33741312437 1.18239459924486e-16
4291.24048405103 1.07726265654178e-16
4294.1435549777 1.01717956556837e-16
4297.04662590436 1.00733975587369e-16
4299.94969683103 1.04829101954658e-16
4302.8527677577 1.09169616413744e-16
4305.75583868436 1.11738773221885e-16
4308.65890961103 1.18055640540042e-16
4311.5619805377 1.21667772838938e-16
4314.46505146436 1.19119844794038e-16
4317.36812239103 1.19883749398453e-16
4320.27119331769 1.20608399319719e-16
4323.17426424436 1.15804743126942e-16
4326.07733517103 1.16912437228824e-16
4328.98040609769 1.21870160773773e-16
4331.88347702436 1.22936125268113e-16
4334.78654795103 1.31360503203267e-16
4337.68961887769 1.41209325857907e-16
4340.59268980436 1.3342909000936e-16
4343.49576073102 1.2240667673652e-16
4346.39883165769 1.209904508836e-16
4349.30190258436 1.16545738137112e-16
4352.20497351102 1.11959504713983e-16
4355.10804443769 1.19784752422743e-16
4358.01111536436 1.31821196482345e-16
4360.91418629102 1.31458917843826e-16
4363.81725721769 1.21444804650463e-16
4366.72032814435 1.22569982041772e-16
4369.62339907102 1.31278738054078e-16
4372.52646999769 1.37484379358348e-16
4375.42954092435 1.42959097403588e-16
4378.33261185102 1.40407635643111e-16
4381.23568277769 1.37884258318791e-16
4384.13875370435 1.4476853183249e-16
4387.04182463102 1.42945399292644e-16
4389.94489555768 1.34422725830939e-16
4392.84796648435 1.37908517871796e-16
4395.75103741102 1.48873068206428e-16
4398.65410833768 1.54052952611573e-16
4401.55717926435 1.5132250220143e-16
4404.46025019102 1.46932873066293e-16
4407.36332111768 1.53319077972116e-16
4410.26639204435 1.66424345262255e-16
4413.16946297101 1.67229039797037e-16
4416.07253389768 1.61549908878823e-16
4418.97560482435 1.61922391617378e-16
4421.87867575101 1.67823749570238e-16
4424.78174667768 1.78651398204769e-16
4427.68481760435 1.88872915356201e-16
4430.58788853101 1.90698443411102e-16
4433.49095945768 1.85908207396583e-16
4436.39403038434 1.8402629871113e-16
4439.29710131101 1.88658867483452e-16
4442.20017223768 1.93329261570824e-16
4445.10324316434 1.99883218704874e-16
4448.00631409101 2.12229637118502e-16
4450.90938501768 2.1991744049668e-16
4453.81245594434 2.13238188660886e-16
4456.71552687101 2.02620643901943e-16
4459.61859779767 2.06543796111159e-16
4462.52166872434 2.18926014901698e-16
4465.42473965101 2.25524189802572e-16
4468.32781057767 2.31394763401755e-16
4471.23088150434 2.39453778969067e-16
4474.13395243101 2.45472742152697e-16
4477.03702335767 2.49293204851949e-16
4479.94009428434 2.49115777919279e-16
4482.843165211 2.46403287254595e-16
4485.74623613767 2.48610443356903e-16
4488.64930706434 2.53687426493847e-16
4491.552377991 2.55999641151394e-16
4494.45544891767 2.56972590840214e-16
4497.35851984434 2.56515960672305e-16
4500.261590771 2.53730757523055e-16
4503.16466169767 2.54573872942928e-16
4506.06773262433 2.60277554581722e-16
4508.970803551 2.64437359855468e-16
4511.87387447767 2.67406660321847e-16
4514.77694540433 2.69976558283817e-16
4517.680016331 2.69121637342241e-16
4520.58308725767 2.66099662014454e-16
4523.48615818433 2.63292091901441e-16
4526.389229111 2.64566188272789e-16
4529.29230003766 2.73637328802732e-16
4532.19537096433 2.82129654662124e-16
4535.098441891 2.82399408186044e-16
4538.00151281766 2.79782791063078e-16
4540.90458374433 2.78159452419665e-16
4543.807654671 2.72315242720966e-16
4546.71072559766 2.68543828523316e-16
4549.61379652433 2.73742890283783e-16
4552.516867451 2.75284675536243e-16
4555.41993837766 2.68554575253834e-16
4558.32300930433 2.65299771744671e-16
4561.22608023099 2.71794105700167e-16
4564.12915115766 2.77581061265588e-16
4567.03222208433 2.70771128127901e-16
4569.93529301099 2.6308814224961e-16
4572.83836393766 2.66730939788175e-16
4575.74143486433 2.69942094630775e-16
4578.64450579099 2.69002285106017e-16
4581.54757671766 2.70620065095714e-16
4584.45064764432 2.70946013961729e-16
4587.35371857099 2.67741026577776e-16
4590.25678949766 2.60828734802368e-16
4593.15986042432 2.48663197627649e-16
4596.06293135099 2.38230848681689e-16
4598.96600227766 2.34750602059658e-16
4601.86907320432 2.32292856553861e-16
4604.77214413099 2.28565091022775e-16
4607.67521505765 2.26338717860476e-16
4610.57828598432 2.2415736979328e-16
4613.48135691099 2.195379829712e-16
4616.38442783765 2.1678069220454e-16
4619.28749876432 2.18931719139202e-16
4622.19056969099 2.210571365621e-16
4625.09364061765 2.1790976065345e-16
4627.99671154432 2.12999444483768e-16
4630.89978247098 2.12421926832418e-16
4633.80285339765 2.15139539399455e-16
4636.70592432432 2.14043293477251e-16
4639.60899525098 2.10679275657451e-16
4642.51206617765 2.15530180406817e-16
4645.41513710432 2.24369048620754e-16
4648.31820803098 2.26649737770796e-16
4651.22127895765 2.24447160940359e-16
4654.12434988431 2.23543138557622e-16
4657.02742081098 2.20322626647933e-16
4659.93049173765 2.0683612835708e-16
4662.83356266431 1.99196460273108e-16
4665.73663359098 2.06465802905563e-16
4668.63970451765 2.08772485379173e-16
4671.54277544431 2.07187607325521e-16
4674.44584637098 2.03153030579072e-16
4677.34891729764 1.981603007506e-16
4680.25198822431 2.01017448760807e-16
4683.15505915098 2.0264140944404e-16
4686.05813007764 1.98790202095781e-16
4688.96120100431 1.96334441823454e-16
4691.86427193098 1.92605577796514e-16
4694.76734285764 1.84133249855611e-16
4697.67041378431 1.83292199078547e-16
4700.57348471097 1.91027092194636e-16
4703.47655563764 1.99669369355472e-16
4706.37962656431 2.03392846782263e-16
4709.28269749097 2.0017724501669e-16
4712.18576841764 1.92382927245394e-16
4715.08883934431 1.8231508039944e-16
4717.99191027097 1.82141266591685e-16
4720.89498119764 1.9491318671241e-16
4723.7980521243 1.98078800299206e-16
4726.70112305097 1.90393352731412e-16
4729.60419397764 1.85606332795115e-16
4732.5072649043 1.89708804526243e-16
4735.41033583097 1.98922723047357e-16
4738.31340675764 2.06451403345459e-16
4741.2164776843 2.09192256378987e-16
4744.11954861097 2.08330334180706e-16
4747.02261953763 2.09276350868781e-16
4749.9256904643 2.0704682780271e-16
4752.82876139097 2.04990403860344e-16
4755.73183231763 2.05232787632157e-16
4758.6349032443 1.93704047180205e-16
4761.53797417097 1.81270172614773e-16
4764.44104509763 1.81437713084762e-16
4767.3441160243 1.8906304778308e-16
4770.24718695096 2.01239914023469e-16
4773.15025787763 2.10971793191829e-16
4776.0533288043 2.13753886141976e-16
4778.95639973096 2.10234927467277e-16
4781.85947065763 2.09260641054588e-16
4784.7625415843 2.09955274245785e-16
4787.66561251096 2.07576249864523e-16
4790.56868343763 2.08223224217548e-16
4793.47175436429 2.09172404044285e-16
4796.37482529096 2.08954451879045e-16
4799.27789621763 2.11044677729962e-16
4802.18096714429 2.08540146888719e-16
4805.08403807096 2.02078304587684e-16
4807.98710899763 2.03570260480043e-16
4810.89017992429 2.15737253492641e-16
4813.79325085096 2.2817130011164e-16
4816.69632177762 2.29902450167371e-16
4819.59939270429 2.24897994226535e-16
4822.50246363096 2.22262424741374e-16
4825.40553455762 2.22217664344067e-16
4828.30860548429 2.25061312766677e-16
4831.21167641096 2.29190307216967e-16
4834.11474733762 2.31038480168316e-16
4837.01781826429 2.32027841120489e-16
4839.92088919095 2.32233881884909e-16
4842.82396011762 2.33109819831488e-16
4845.72703104429 2.37857730668424e-16
4848.63010197095 2.42087151462522e-16
4851.53317289762 2.3699669520776e-16
4854.43624382429 2.27733278198791e-16
4857.33931475095 2.28301902004195e-16
4860.24238567762 2.32926543077526e-16
4863.14545660428 2.33558588474855e-16
4866.04852753095 2.33626218761737e-16
4868.95159845762 2.29800462106565e-16
4871.85466938428 2.24790738679589e-16
4874.75774031095 2.25224181320567e-16
4877.66081123762 2.28929474008771e-16
4880.56388216428 2.31646491005767e-16
4883.46695309095 2.26898103712798e-16
4886.37002401761 2.24844260573944e-16
4889.27309494428 2.31472240446649e-16
4892.17616587095 2.33493949273068e-16
4895.07923679761 2.29109256751826e-16
4897.98230772428 2.24966630365042e-16
4900.88537865095 2.23978301734274e-16
4903.78844957761 2.18700743842398e-16
4906.69152050428 2.16557009332016e-16
4909.59459143095 2.19220372085759e-16
4912.49766235761 2.15342390555433e-16
4915.40073328428 2.14014269363918e-16
4918.30380421094 2.16368888608386e-16
4921.20687513761 2.1831652175659e-16
4924.10994606428 2.1627960604179e-16
4927.01301699094 2.10048236111746e-16
4929.91608791761 2.06733955007818e-16
4932.81915884428 2.05291894650007e-16
4935.72222977094 2.07563107618951e-16
4938.62530069761 2.08345594008647e-16
4941.52837162427 2.01938213279142e-16
4944.43144255094 1.96574946240915e-16
4947.33451347761 1.99030732983022e-16
4950.23758440427 1.99293207317552e-16
4953.14065533094 1.94217653548706e-16
4956.04372625761 1.9119434149705e-16
4958.94679718427 1.91968410496832e-16
4961.84986811094 1.88859098131249e-16
4964.7529390376 1.79601702997139e-16
4967.65600996427 1.78038741920998e-16
4970.55908089094 1.87279672852195e-16
4973.4621518176 1.89906599954317e-16
4976.36522274427 1.80342949470216e-16
4979.26829367094 1.72197457132945e-16
4982.1713645976 1.72199032084831e-16
4985.07443552427 1.7872176811384e-16
4987.97750645093 1.89825456844948e-16
4990.8805773776 1.93294692038665e-16
4993.78364830427 1.84204890314103e-16
4996.68671923093 1.76320826755068e-16
4999.5897901576 1.76144551257811e-16
5002.49286108427 1.78417206829743e-16
5005.39593201093 1.81112558312135e-16
5008.2990029376 1.86005272078382e-16
5011.20207386426 1.89141146867795e-16
5014.10514479093 1.86748861126953e-16
5017.0082157176 1.86194319244297e-16
5019.91128664426 1.92456420588459e-16
5022.81435757093 1.96973210544802e-16
5025.7174284976 1.95158495394869e-16
5028.62049942426 1.93950017607154e-16
5031.52357035093 1.95806343250621e-16
5034.42664127759 1.95584738255795e-16
5037.32971220426 1.92245032928559e-16
5040.23278313093 1.84884753368283e-16
5043.13585405759 1.80623661482892e-16
5046.03892498426 1.87921962054231e-16
5048.94199591093 1.92302670873642e-16
5051.84506683759 1.89892279803552e-16
5054.74813776426 1.90794158134141e-16
5057.65120869092 1.89748072444282e-16
5060.55427961759 1.86625895765813e-16
5063.45735054426 1.88545881229222e-16
5066.36042147092 1.91548004222308e-16
5069.26349239759 1.93630514132471e-16
5072.16656332426 1.99554569921339e-16
5075.06963425092 2.05300656147055e-16
5077.97270517759 2.02865529067928e-16
5080.87577610425 1.97827006520745e-16
5083.77884703092 2.03408424247559e-16
5086.68191795759 2.16015397936696e-16
5089.58498888425 2.21423240083771e-16
5092.48805981092 2.18856902307158e-16
5095.39113073759 2.15345341935858e-16
5098.29420166425 2.12494109921392e-16
5101.19727259092 2.11316840003827e-16
5104.10034351758 2.18021158720904e-16
5107.00341444425 2.28382767180878e-16
5109.90648537092 2.29627879143562e-16
5112.80955629758 2.26015707139996e-16
5115.71262722425 2.26134212343273e-16
5118.61569815092 2.29842310828116e-16
5121.51876907758 2.35241404713033e-16
5124.42184000425 2.40053742993519e-16
5127.32491093091 2.49808677339912e-16
5130.22798185758 2.60369378247161e-16
5133.13105278425 2.58091997819569e-16
5136.03412371091 2.50141693637081e-16
5138.93719463758 2.48658988932692e-16
5141.84026556425 2.48385661988525e-16
5144.74333649091 2.51290005615762e-16
5147.64640741758 2.62380419752399e-16
5150.54947834424 2.70779571987594e-16
5153.45254927091 2.64129357500022e-16
5156.35562019758 2.52994182966079e-16
5159.25869112424 2.54977457672515e-16
5162.16176205091 2.66554015781317e-16
5165.06483297758 2.71387503415706e-16
5167.96790390424 2.68919805272778e-16
5170.87097483091 2.70951043219853e-16
5173.77404575757 2.73201106834896e-16
5176.67711668424 2.71800617265949e-16
5179.58018761091 2.74572823753415e-16
5182.48325853757 2.79494667512113e-16
5185.38632946424 2.81256098995708e-16
5188.28940039091 2.83307268686823e-16
5191.19247131757 2.87670467747028e-16
5194.09554224424 2.85719380292587e-16
5196.9986131709 2.81259937113751e-16
5199.90168409757 2.85018804635869e-16
5202.80475502424 2.91383092564183e-16
5205.7078259509 3.0110515144431e-16
5208.61089687757 3.10266421573797e-16
5211.51396780424 3.04399130227284e-16
5214.4170387309 2.9800098745086e-16
5217.32010965757 3.02285280098072e-16
5220.22318058423 3.08869478955317e-16
5223.1262515109 3.20635031290475e-16
5226.02932243757 3.32597862893005e-16
5228.93239336423 3.37699595273877e-16
5231.8354642909 3.35432961576804e-16
5234.73853521757 3.30110630052731e-16
5237.64160614423 3.2061142024707e-16
5240.5446770709 3.08172714946861e-16
5243.44774799756 3.07563989425361e-16
5246.35081892423 3.20783447344702e-16
5249.2538898509 3.2899556411723e-16
5252.15696077756 3.25515873360571e-16
5255.06003170423 3.18555644814305e-16
5257.9631026309 3.10830307288651e-16
5260.86617355756 3.11431912439439e-16
5263.76924448423 3.20518511320669e-16
5266.67231541089 3.28171348119993e-16
5269.57538633756 3.29269102819634e-16
5272.47845726423 3.2888928795213e-16
5275.38152819089 3.2625557135154e-16
5278.28459911756 3.25174095566354e-16
5281.18767004423 3.29736479718061e-16
5284.09074097089 3.32408286331498e-16
5286.99381189756 3.31387849858073e-16
5289.89688282423 3.35092401392448e-16
5292.79995375089 3.43056337511431e-16
5295.70302467756 3.45581845653009e-16
5298.60609560422 3.44212828652009e-16
5301.50916653089 3.39812174853668e-16
5304.41223745756 3.32855863834783e-16
5307.31530838422 3.34610333766342e-16
5310.21837931089 3.42347503283478e-16
5313.12145023756 3.41444063235892e-16
5316.02452116422 3.36598955368259e-16
5318.92759209089 3.42113828069154e-16
5321.83066301755 3.53248684965742e-16
5324.73373394422 3.56049637633855e-16
5327.63680487089 3.5127708343211e-16
5330.53987579755 3.49230387133748e-16
5333.44294672422 3.5268924617386e-16
5336.34601765089 3.55425586109965e-16
5339.24908857755 3.54787187965532e-16
5342.15215950422 3.5674510462311e-16
5345.05523043088 3.60754879186073e-16
5347.95830135755 3.63344153026711e-16
5350.86137228422 3.68909344778629e-16
5353.76444321088 3.73683195999575e-16
5356.66751413755 3.7602542738719e-16
5359.57058506422 3.85618710789555e-16
5362.47365599088 3.9722965314206e-16
5365.37672691755 4.01090402845866e-16
5368.27979784421 4.02448884874584e-16
5371.18286877088 4.05159337366239e-16
5374.08593969755 4.05412017882316e-16
5376.98901062421 4.03675388582208e-16
5379.89208155088 4.0382081355134e-16
5382.79515247755 4.05572212988466e-16
5385.69822340421 4.06047848458129e-16
5388.60129433088 4.06549609600258e-16
5391.50436525754 4.08667086089276e-16
5394.40743618421 4.07367922836645e-16
5397.31050711088 4.07049491388037e-16
5400.21357803754 4.12146062161886e-16
5403.11664896421 4.21046843190312e-16
5406.01971989088 4.22408792760158e-16
5408.92279081754 4.16633430958203e-16
5411.82586174421 4.16624113595783e-16
5414.72893267087 4.16432684149703e-16
5417.63200359754 4.16421699191169e-16
5420.53507452421 4.2498581109284e-16
5423.43814545087 4.32887569699539e-16
5426.34121637754 4.32561356135728e-16
5429.24428730421 4.26724928552231e-16
5432.14735823087 4.22957299533064e-16
5435.05042915754 4.21291000437358e-16
5437.9535000842 4.24024481637266e-16
5440.85657101087 4.26606820395648e-16
5443.75964193754 4.25055744250548e-16
5446.6627128642 4.23265143069832e-16
5449.56578379087 4.22033424815626e-16
5452.46885471754 4.16771788496181e-16
5455.3719256442 4.11359962647275e-16
5458.27499657087 4.14309040202039e-16
5461.17806749753 4.19728780515045e-16
5464.0811384242 4.16385409123335e-16
5466.98420935087 4.09632862467823e-16
5469.88728027753 4.07066882033235e-16
5472.7903512042 4.02031694678282e-16
5475.69342213087 3.95217923422552e-16
5478.59649305753 3.9246541045111e-16
5481.4995639842 3.94030092062926e-16
5484.40263491086 3.99036903814146e-16
5487.30570583753 4.02253987887377e-16
5490.2087767642 4.00382230362402e-16
5493.11184769086 3.96314354633213e-16
5496.01491861753 3.97613914932538e-16
5498.9179895442 4.05453601906071e-16
5501.82106047086 4.11702799232676e-16
5504.72413139753 4.08909655149546e-16
5507.62720232419 4.02805141638243e-16
5510.53027325086 4.05108965375657e-16
5513.43334417753 4.08657371680162e-16
5516.33641510419 4.07592968902819e-16
5519.23948603086 4.13301838618415e-16
5522.14255695753 4.24787261276048e-16
5525.04562788419 4.30028648214098e-16
5527.94869881086 4.26635169529602e-16
5530.85176973752 4.21670021211475e-16
5533.75484066419 4.18606382450595e-16
5536.65791159086 4.17161106014562e-16
5539.56098251752 4.23890359264024e-16
5542.46405344419 4.35534812357505e-16
5545.36712437086 4.40923238921242e-16
5548.27019529752 4.39461921798772e-16
5551.17326622419 4.2994015974089e-16
5554.07633715085 4.19019813938194e-16
5556.97940807752 4.21503288069764e-16
5559.88247900419 4.29040954858041e-16
5562.78554993085 4.29986455385413e-16
5565.68862085752 4.25126921487897e-16
5568.59169178419 4.16461933256163e-16
5571.49476271085 4.11053124962132e-16
5574.39783363752 4.12937164464842e-16
5577.30090456418 4.14643538806865e-16
5580.20397549085 4.15968933611082e-16
5583.10704641752 4.11278965121694e-16
5586.01011734418 4.06940594714755e-16
5588.91318827085 4.1103398731148e-16
5591.81625919752 4.09314060442301e-16
5594.71933012418 4.02744737601192e-16
5597.62240105085 4.00034735095791e-16
5600.52547197751 3.9969653072182e-16
5603.42854290418 3.96974907983173e-16
5606.33161383085 3.92477824777743e-16
5609.23468475751 3.87800535312785e-16
5612.13775568418 3.85534907467337e-16
5615.04082661085 3.87982170940411e-16
5617.94389753751 3.88156500908868e-16
5620.84696846418 3.83819639279367e-16
5623.75003939084 3.83134177866801e-16
5626.65311031751 3.8384070922393e-16
5629.55618124418 3.77511573162927e-16
5632.45925217084 3.70809769074913e-16
5635.36232309751 3.69996326277973e-16
5638.26539402418 3.69653542632131e-16
5641.16846495084 3.65025328138554e-16
5644.07153587751 3.63454426128532e-16
5646.97460680417 3.63603609806367e-16
5649.87767773084 3.58811017981463e-16
5652.78074865751 3.56558413267579e-16
5655.68381958417 3.57777320148458e-16
5658.58689051084 3.53857304608124e-16
5661.48996143751 3.5018186983131e-16
5664.39303236417 3.50258182205902e-16
5667.29610329084 3.52369094189578e-16
5670.19917421751 3.52923715481572e-16
5673.10224514417 3.49443098282627e-16
5676.00531607084 3.47650803036016e-16
5678.9083869975 3.48542040515205e-16
5681.81145792417 3.47925374059825e-16
5684.71452885084 3.47257012124882e-16
5687.6175997775 3.47127627842189e-16
5690.52067070417 3.49037581259129e-16
5693.42374163084 3.51215541194536e-16
5696.3268125575 3.51510043962384e-16
5699.22988348417 3.50835991024827e-16
5702.13295441083 3.51882738459176e-16
5705.0360253375 3.5232308971263e-16
5707.93909626417 3.49831330540045e-16
5710.84216719083 3.50955263851713e-16
5713.7452381175 3.57785737538371e-16
5716.64830904417 3.59086674266235e-16
5719.55137997083 3.53588821633624e-16
5722.4544508975 3.52373382293873e-16
5725.35752182416 3.57649815220116e-16
5728.26059275083 3.60996786501853e-16
5731.1636636775 3.6257332657493e-16
5734.06673460416 3.6308572856846e-16
5736.96980553083 3.60330542149278e-16
5739.8728764575 3.58494333538309e-16
5742.77594738416 3.62360271318916e-16
5745.67901831083 3.64514302573563e-16
5748.58208923749 3.58371884337871e-16
5751.48516016416 3.53991903437399e-16
5754.38823109083 3.57095908612171e-16
5757.29130201749 3.61942948773716e-16
5760.19437294416 3.61158860962354e-16
5763.09744387083 3.58112956953807e-16
5766.00051479749 3.57341415817977e-16
5768.90358572416 3.57016208105791e-16
5771.80665665082 3.59434169532846e-16
5774.70972757749 3.65370149957425e-16
5777.61279850416 3.6939837395677e-16
5780.51586943082 3.69146328715403e-16
5783.41894035749 3.67768047291543e-16
5786.32201128416 3.62949250384833e-16
5789.22508221082 3.57187361700695e-16
5792.12815313749 3.51267819009249e-16
5795.03122406415 3.49677699939237e-16
5797.93429499082 3.54004688340946e-16
5800.83736591749 3.55155673767367e-16
5803.74043684415 3.55508330641e-16
5806.64350777082 3.56433184740284e-16
5809.54657869749 3.59350922075999e-16
5812.44964962415 3.63916270843022e-16
5815.35272055082 3.65382776042295e-16
5818.25579147748 3.63879795486731e-16
5821.15886240415 3.62361224230982e-16
5824.06193333082 3.64615178903625e-16
5826.96500425748 3.6534722712829e-16
5829.86807518415 3.60668137718318e-16
5832.77114611082 3.5779907830729e-16
5835.67421703748 3.5983799249045e-16
5838.57728796415 3.62668776600174e-16
5841.48035889081 3.61924419927995e-16
5844.38342981748 3.57589437652845e-16
5847.28650074415 3.54397420460897e-16
5850.18957167081 3.54318831685259e-16
5853.09264259748 3.55355891180274e-16
5855.99571352415 3.56869777285034e-16
5858.89878445081 3.5612306480247e-16
5861.80185537748 3.55301284024956e-16
5864.70492630414 3.54891823004297e-16
5867.60799723081 3.48769442391764e-16
5870.51106815748 3.37991953989577e-16
5873.41413908414 3.30912929072459e-16
5876.31721001081 3.26811119085821e-16
5879.22028093748 3.19268820086113e-16
5882.12335186414 3.09578842578863e-16
5885.02642279081 3.01658819824239e-16
5887.92949371747 2.97740551289359e-16
5890.83256464414 3.00011896607201e-16
5893.73563557081 3.0812498993424e-16
5896.63870649747 3.1756906318899e-16
5899.54177742414 3.24097596099732e-16
5902.44484835081 3.26965702598695e-16
5905.34791927747 3.29473687746176e-16
5908.25099020414 3.31297005574479e-16
5911.1540611308 3.29490416646884e-16
5914.05713205747 3.2456560827287e-16
5916.96020298414 3.21668226197668e-16
5919.8632739108 3.22934302225797e-16
5922.76634483747 3.23819636944135e-16
5925.66941576414 3.2354681292578e-16
5928.5724866908 3.21568461598349e-16
5931.47555761747 3.18436583745656e-16
5934.37862854413 3.16425886347552e-16
5937.2816994708 3.12625117164324e-16
5940.18477039747 3.11735282583454e-16
5943.08784132413 3.16806018852412e-16
5945.9909122508 3.23042140107894e-16
5948.89398317747 3.25389109586058e-16
5951.79705410413 3.23413590525045e-16
5954.7001250308 3.19796653961151e-16
5957.60319595746 3.18392246864823e-16
5960.50626688413 3.22251328972514e-16
5963.4093378108 3.23515816813867e-16
5966.31240873746 3.19517238967675e-16
5969.21547966413 3.14946331546936e-16
5972.1185505908 3.09767677986541e-16
5975.02162151746 3.0754678406862e-16
5977.92469244413 3.09525347154288e-16
5980.82776337079 3.10533395770859e-16
5983.73083429746 3.10067157072955e-16
5986.63390522413 3.07360489759783e-16
5989.53697615079 3.0440675352381e-16
5992.44004707746 3.04393492164229e-16
5995.34311800413 3.05610546160536e-16
5998.24618893079 3.07530319865708e-16
6001.14925985746 3.09290930786135e-16
6004.05233078412 3.11683904741247e-16
6006.95540171079 3.1308391785416e-16
6009.85847263746 3.13482182158047e-16
6012.76154356412 3.18115664137765e-16
6015.66461449079 3.25007044787287e-16
6018.56768541746 3.26882190444051e-16
6021.47075634412 3.22462531343956e-16
6024.37382727079 3.18667559042461e-16
6027.27689819746 3.21508057561298e-16
6030.17996912412 3.26091776355365e-16
6033.08304005079 3.28477497590866e-16
6035.98611097745 3.28522655034866e-16
6038.88918190412 3.26214304965141e-16
6041.79225283079 3.21549376887257e-16
6044.69532375745 3.20534472597768e-16
6047.59839468412 3.24919959212398e-16
6050.50146561079 3.31229481166716e-16
6053.40453653745 3.3424232442054e-16
6056.30760746412 3.36148545598556e-16
6059.21067839078 3.37164455739669e-16
6062.11374931745 3.38091745058676e-16
6065.01682024412 3.40656560822962e-16
6067.91989117078 3.42749658644966e-16
6070.82296209745 3.43287418687354e-16
6073.72603302412 3.46302908919139e-16
6076.62910395078 3.50480978340809e-16
6079.53217487745 3.51600014743251e-16
6082.43524580411 3.48784530166137e-16
6085.33831673078 3.45668454771866e-16
6088.24138765745 3.41392738333244e-16
6091.14445858411 3.37534715016738e-16
6094.04752951078 3.36569494503562e-16
6096.95060043745 3.33971379756537e-16
6099.85367136411 3.29621786163047e-16
6102.75674229078 3.28282124147626e-16
6105.65981321744 3.27243952921868e-16
6108.56288414411 3.24037245002241e-16
6111.46595507078 3.22492865711379e-16
6114.36902599744 3.264257455646e-16
6117.27209692411 3.26925230305684e-16
6120.17516785078 3.2150996338543e-16
6123.07823877744 3.16609348389972e-16
6125.98130970411 3.12090957011962e-16
6128.88438063077 3.06900259701849e-16
6131.78745155744 3.03595216551001e-16
6134.69052248411 3.02137737546573e-16
6137.59359341077 3.02505932180832e-16
6140.49666433744 3.01147582501012e-16
6143.39973526411 2.98992307166723e-16
6146.30280619077 2.98536735789999e-16
6149.20587711744 2.95930627169534e-16
6152.1089480441 2.92729954359656e-16
6155.01201897077 2.90342883165395e-16
6157.91508989744 2.90950099909458e-16
6160.8181608241 2.92265700895222e-16
6163.72123175077 2.89824287243439e-16
6166.62430267744 2.85267382336109e-16
6169.5273736041 2.81049211198341e-16
6172.43044453077 2.75778336925815e-16
6175.33351545743 2.72340415481367e-16
6178.2365863841 2.71723801965545e-16
6181.13965731077 2.71907422826642e-16
6184.04272823743 2.72609851367932e-16
6186.9457991641 2.73594580108675e-16
6189.84887009077 2.75855390454235e-16
6192.75194101743 2.78408691864395e-16
6195.6550119441 2.77686569807081e-16
6198.55808287076 2.77382167341661e-16
6201.46115379743 2.79855027091611e-16
6204.3642247241 2.80226662797219e-16
6207.26729565076 2.7732041334585e-16
6210.17036657743 2.72156503452694e-16
6213.0734375041 2.68325876358075e-16
6215.97650843076 2.731157153259e-16
6218.87957935743 2.83075049310378e-16
6221.78265028409 2.85766496500278e-16
6224.68572121076 2.82091511709718e-16
6227.58879213743 2.79245189839367e-16
6230.49186306409 2.78822626277806e-16
6233.39493399076 2.82066365419096e-16
6236.29800491743 2.83609977086348e-16
6239.20107584409 2.80203687028524e-16
6242.10414677076 2.78867783721806e-16
6245.00721769742 2.80173511479779e-16
6247.91028862409 2.82695260912653e-16
6250.81335955076 2.88653158314741e-16
6253.71643047742 2.93901453865268e-16
6256.61950140409 2.95372988322665e-16
6259.52257233076 2.96319574111001e-16
6262.42564325742 2.93902565596011e-16
6265.32871418409 2.91110877350759e-16
6268.23178511075 2.928267014041e-16
6271.13485603742 2.96104533621517e-16
6274.03792696409 2.99243028919111e-16
6276.94099789075 3.01371755064459e-16
6279.84406881742 3.00647541894556e-16
6282.74713974409 2.978654621793e-16
6285.65021067075 2.95049368797255e-16
6288.55328159742 2.95308322651098e-16
6291.45635252408 2.98102234357837e-16
6294.35942345075 3.02665333193594e-16
6297.26249437742 3.06593872002959e-16
6300.16556530408 3.10135528513666e-16
6303.06863623075 3.13078756247138e-16
6305.97170715742 3.15858559561349e-16
6308.87477808408 3.16906127558866e-16
6311.77784901075 3.16170638262853e-16
6314.68091993741 3.19831382311988e-16
6317.58399086408 3.2517835720087e-16
6320.48706179075 3.28373233129015e-16
6323.39013271741 3.29336230180704e-16
6326.29320364408 3.32211986445971e-16
6329.19627457075 3.353800220176e-16
6332.09934549741 3.36904125457287e-16
6335.00241642408 3.38948942401297e-16
6337.90548735074 3.42438612264867e-16
6340.80855827741 3.46028576123347e-16
6343.71162920408 3.48534337809341e-16
6346.61470013074 3.50381187271711e-16
6349.51777105741 3.53698194762938e-16
6352.42084198408 3.5756648835393e-16
6355.32391291074 3.61230461716177e-16
6358.22698383741 3.62200340910563e-16
6361.13005476407 3.59975291237244e-16
6364.03312569074 3.57034048737242e-16
6366.93619661741 3.53389954179477e-16
6369.83926754407 3.51148863819719e-16
6372.74233847074 3.50173187743601e-16
6375.64540939741 3.49960714822738e-16
6378.54848032407 3.5240620482058e-16
6381.45155125074 3.56612702785542e-16
6384.3546221774 3.59533351797014e-16
6387.25769310407 3.57759638335684e-16
6390.16076403074 3.56444275577937e-16
6393.0638349574 3.59984793888121e-16
6395.96690588407 3.62549318484831e-16
6398.86997681074 3.62102640954053e-16
6401.7730477374 3.62642015652997e-16
6404.67611866407 3.621154258576e-16
6407.57918959074 3.59496294105572e-16
6410.4822605174 3.60492801898237e-16
6413.38533144407 3.62810125223247e-16
6416.28840237073 3.62853509192014e-16
6419.1914732974 3.61352963856173e-16
6422.09454422407 3.60834976739148e-16
6424.99761515073 3.63406621706571e-16
6427.9006860774 3.67178512360254e-16
6430.80375700407 3.6963699901988e-16
6433.70682793073 3.69543666577004e-16
6436.6098988574 3.69446178378731e-16
6439.51296978406 3.71392130695929e-16
6442.41604071073 3.7427032218092e-16
6445.3191116374 3.73177596739403e-16
6448.22218256406 3.69222376392199e-16
6451.12525349073 3.66514359120268e-16
6454.0283244174 3.65470708650132e-16
6456.93139534406 3.64886097097849e-16
6459.83446627073 3.67516531445767e-16
6462.73753719739 3.72114093934566e-16
6465.64060812406 3.74086436622027e-16
6468.54367905073 3.75733148080828e-16
6471.44674997739 3.77931436806969e-16
6474.34982090406 3.78851076359671e-16
6477.25289183073 3.77277633250808e-16
6480.15596275739 3.75096920458322e-16
6483.05903368406 3.75801043065506e-16
6485.96210461072 3.76762107823285e-16
6488.86517553739 3.76138612164767e-16
6491.76824646406 3.76497648255284e-16
6494.67131739072 3.78319272017694e-16
6497.57438831739 3.79222685595499e-16
6500.47745924406 3.81619656487331e-16
6503.38053017072 3.82361313241991e-16
6506.28360109739 3.78377876109732e-16
6509.18667202405 3.7406494316099e-16
6512.08974295072 3.72366165645713e-16
6514.99281387739 3.7289402599053e-16
6517.89588480405 3.73689734035136e-16
6520.79895573072 3.72543460229485e-16
6523.70202665739 3.6937915689678e-16
6526.60509758405 3.68578816640743e-16
6529.50816851072 3.69383047954381e-16
6532.41123943738 3.68754840675094e-16
6535.31431036405 3.68615768453067e-16
6538.21738129072 3.69838195814632e-16
6541.12045221738 3.70898681064595e-16
6544.02352314405 3.71394036520061e-16
6546.92659407072 3.70295275968794e-16
6549.82966499738 3.69369760125021e-16
6552.73273592405 3.6980442037586e-16
6555.63580685071 3.72586235393321e-16
6558.53887777738 3.76635344048772e-16
6561.44194870405 3.79897400277547e-16
6564.34501963071 3.8210288878374e-16
6567.24809055738 3.82034676161706e-16
6570.15116148405 3.78814680412719e-16
6573.05423241071 3.72581894349467e-16
6575.95730333738 3.66066225751611e-16
6578.86037426404 3.62717666283098e-16
6581.76344519071 3.60326492272999e-16
6584.66651611738 3.55426062565998e-16
6587.56958704404 3.52611292672933e-16
6590.47265797071 3.51235711166593e-16
6593.37572889738 3.48803932514585e-16
6596.27879982404 3.49511866770032e-16
6599.18187075071 3.50696098239632e-16
6602.08494167737 3.49806343068101e-16
6604.98801260404 3.4664039860906e-16
6607.89108353071 3.45341394175107e-16
6610.79415445737 3.47528327365799e-16
6613.69722538404 3.48881541908377e-16
6616.60029631071 3.49067174472723e-16
6619.50336723737 3.49358659685697e-16
6622.40643816404 3.50371896379071e-16
6625.3095090907 3.53701927001862e-16
6628.21258001737 3.56020520876293e-16
6631.11565094404 3.570368280641e-16
6634.0187218707 3.57268412165836e-16
6636.92179279737 3.55602986572856e-16
6639.82486372404 3.54549012888676e-16
6642.7279346507 3.5254705051784e-16
6645.63100557737 3.51181580467307e-16
6648.53407650403 3.52434236317178e-16
6651.4371474307 3.54168800974477e-16
6654.34021835737 3.52528654021017e-16
6657.24328928403 3.50663778638739e-16
6660.1463602107 3.51742607445965e-16
6663.04943113737 3.5348873939695e-16
6665.95250206403 3.54212529050379e-16
6668.8555729907 3.52515286782318e-16
6671.75864391736 3.49759729786222e-16
6674.66171484403 3.48474198470086e-16
6677.5647857707 3.47734156371982e-16
6680.46785669736 3.46858191955623e-16
6683.37092762403 3.47258838539674e-16
6686.2739985507 3.4583825840801e-16
6689.17706947736 3.41335245971949e-16
6692.08014040403 3.38578444896212e-16
6694.98321133069 3.39646685791598e-16
6697.88628225736 3.40627576414298e-16
6700.78935318403 3.38852301235971e-16
6703.69242411069 3.35611129663303e-16
6706.59549503736 3.34085835083535e-16
6709.49856596403 3.33273715775575e-16
6712.40163689069 3.31044219179283e-16
6715.30470781736 3.29417465934302e-16
6718.20777874402 3.29121374979677e-16
6721.11084967069 3.30987573850936e-16
6724.01392059736 3.31329245766034e-16
6726.91699152402 3.29760620157058e-16
6729.82006245069 3.2653935385865e-16
6732.72313337736 3.23467271238077e-16
6735.62620430402 3.23006379435652e-16
6738.52927523069 3.21253497690869e-16
6741.43234615735 3.17310876958755e-16
6744.33541708402 3.13853844333435e-16
6747.23848801069 3.10972979400705e-16
6750.14155893735 3.10098259063987e-16
6753.04462986402 3.10896693495893e-16
6755.94770079069 3.13877720074636e-16
6758.85077171735 3.17261801987374e-16
6761.75384264402 3.16649688334085e-16
6764.65691357068 3.12651189897232e-16
6767.55998449735 3.06574231426495e-16
6770.46305542402 3.00640606812301e-16
6773.36612635068 3.0072967762066e-16
6776.26919727735 3.04734925851311e-16
6779.17226820402 3.06420627295466e-16
6782.07533913068 3.05868494162754e-16
6784.97841005735 3.02845274755326e-16
6787.88148098402 2.97297076601912e-16
6790.78455191068 2.95294505426146e-16
6793.68762283735 2.97462459784864e-16
6796.59069376401 2.98711992200741e-16
6799.49376469068 2.9962453785251e-16
6802.39683561735 3.00501216952918e-16
6805.29990654401 2.98681075498167e-16
6808.20297747068 2.95038675006296e-16
6811.10604839735 2.94878638718824e-16
6814.00911932401 2.96744361134049e-16
6816.91219025068 2.97867209184753e-16
6819.81526117734 2.98776684342088e-16
6822.71833210401 2.98234450906947e-16
6825.62140303068 2.96991244768394e-16
6828.52447395734 2.96032535821e-16
6831.42754488401 2.96132829815911e-16
6834.33061581068 2.98397928265767e-16
6837.23368673734 3.00643915534751e-16
6840.13675766401 3.00056418776491e-16
6843.03982859067 2.98566249594254e-16
6845.94289951734 2.99885741637619e-16
6848.84597044401 3.02377897856899e-16
6851.74904137067 3.01944640504378e-16
6854.65211229734 3.03287134786217e-16
6857.55518322401 3.0915040272623e-16
6860.45825415067 3.12314309012241e-16
6863.36132507734 3.11427624335143e-16
6866.264396004 3.09104160021266e-16
6869.16746693067 3.06798430459721e-16
6872.07053785734 3.02421837691038e-16
6874.973608784 3.01502462836132e-16
6877.87667971067 3.0574114805309e-16
6880.77975063734 3.09935787556792e-16
6883.682821564 3.12066657754288e-16
6886.58589249067 3.12750425100959e-16
6889.48896341733 3.12883118106102e-16
6892.392034344 3.11371005476575e-16
6895.29510527067 3.09487839476592e-16
6898.19817619733 3.0939159535796e-16
6901.101247124 3.0903610621791e-16
6904.00431805067 3.08655682545474e-16
6906.90738897733 3.08214140151938e-16
6909.810459904 3.07128932127828e-16
6912.71353083066 3.06238038755773e-16
6915.61660175733 3.03891995719895e-16
6918.519672684 3.02354233873935e-16
6921.42274361066 3.046333348372e-16
6924.32581453733 3.05792261197501e-16
6927.228885464 3.04049940894779e-16
6930.13195639066 3.02374192087755e-16
6933.03502731733 3.02150284222104e-16
6935.93809824399 3.02567739116202e-16
6938.84116917066 2.98908980300537e-16
6941.74424009733 2.91969715819716e-16
6944.64731102399 2.89231496529259e-16
6947.55038195066 2.89686485570832e-16
6950.45345287733 2.89212464757725e-16
6953.35652380399 2.88715759343499e-16
6956.25959473066 2.88125536197941e-16
6959.16266565732 2.87260397921439e-16
6962.06573658399 2.87265797756478e-16
6964.96880751066 2.87595028875164e-16
6967.87187843732 2.88093957750876e-16
6970.77494936399 2.89263127915883e-16
6973.67802029066 2.91193833640031e-16
6976.58109121732 2.92154977807148e-16
6979.48416214399 2.90585558104784e-16
6982.38723307065 2.91155452459608e-16
6985.29030399732 2.92795308245492e-16
6988.19337492399 2.89360536704817e-16
6991.09644585065 2.86748181216366e-16
6993.99951677732 2.86457093050087e-16
6996.90258770399 2.83144585421391e-16
6999.80565863065 2.79350301334166e-16
7002.70872955732 2.78857989903354e-16
7005.61180048398 2.7728391151978e-16
7008.51487141065 2.78299027567505e-16
7011.41794233732 2.80475743423271e-16
7014.32101326398 2.78131500332406e-16
7017.22408419065 2.77006031773521e-16
7020.12715511732 2.75985251192961e-16
7023.03022604398 2.74901948992982e-16
7025.93329697065 2.73133529487572e-16
7028.83636789731 2.69650556478242e-16
7031.73943882398 2.68513520625672e-16
7034.64250975065 2.73166669651634e-16
7037.54558067731 2.77121281193907e-16
7040.44865160398 2.76266624950127e-16
7043.35172253065 2.77960955542432e-16
7046.25479345731 2.8244755671514e-16
7049.15786438398 2.82600816739034e-16
7052.06093531064 2.77992719277954e-16
7054.96400623731 2.74478538398473e-16
7057.86707716398 2.74718566359902e-16
7060.77014809064 2.75658058247305e-16
7063.67321901731 2.75730638382973e-16
7066.57628994398 2.75812271183264e-16
7069.47936087064 2.74486188164778e-16
7072.38243179731 2.74751865342641e-16
7075.28550272397 2.77729053803341e-16
7078.18857365064 2.78388495422559e-16
7081.09164457731 2.76932048739534e-16
7083.99471550397 2.75951131647055e-16
7086.89778643064 2.76377215689303e-16
7089.80085735731 2.77719895259599e-16
7092.70392828397 2.78174301966022e-16
7095.60699921064 2.78139123628931e-16
7098.5100701373 2.77668411538274e-16
7101.41314106397 2.74309422976598e-16
7104.31621199064 2.79093120955556e-16
7107.2192829173 2.88475651972732e-16
7110.12235384397 2.93180099431562e-16
7113.02542477064 2.95567223565382e-16
7115.9284956973 2.96698383126881e-16
7118.83156662397 2.95893384189634e-16
7121.73463755063 2.9392125326041e-16
7124.6377084773 2.93356096996134e-16
7127.54077940397 2.92957091538418e-16
7130.44385033063 2.90869764128367e-16
7133.3469212573 2.94528417064914e-16
7136.24999218397 3.01309392263717e-16
7139.15306311063 3.00242024871058e-16
7142.0561340373 2.98950537854512e-16
7144.95920496397 2.96363619824258e-16
7147.86227589063 2.89394047445793e-16
7150.7653468173 2.84383265227632e-16
7153.66841774396 2.82141724881622e-16
7156.57148867063 2.84126720123733e-16
7159.4745595973 2.88123312736454e-16
7162.37763052396 2.89710123084017e-16
7165.28070145063 2.92188885594818e-16
7168.1837723773 2.93775166546788e-16
7171.08684330396 2.88696409934611e-16
7173.98991423063 2.82618630900706e-16
7176.89298515729 2.80409807202283e-16
7179.79605608396 2.79939280400083e-16
7182.69912701063 2.80815191876883e-16
7185.60219793729 2.81069566458855e-16
7188.50526886396 2.80161494199839e-16
7191.40833979063 2.79712169691101e-16
7194.31141071729 2.80548323558939e-16
7197.21448164396 2.82882084617081e-16
7200.11755257062 2.8482605170081e-16
7203.02062349729 2.8540621633012e-16
7205.92369442396 2.85855355550401e-16
7208.82676535062 2.88104254495141e-16
7211.72983627729 2.87693099408588e-16
7214.63290720396 2.87703713790208e-16
7217.53597813062 2.91447122961039e-16
7220.43904905729 2.92657506572886e-16
7223.34211998395 2.89360483765258e-16
7226.24519091062 2.87840800778765e-16
7229.14826183729 2.9098056662578e-16
7232.05133276395 2.9209033860536e-16
7234.95440369062 2.86355660854653e-16
7237.85747461729 2.82796587228968e-16
7240.76054554395 2.8628143959265e-16
7243.66361647062 2.88918332566791e-16
7246.56668739728 2.89068733854488e-16
7249.46975832395 2.92377376895361e-16
7252.37282925062 2.9959393878729e-16
7255.27590017728 3.01326279983103e-16
7258.17897110395 2.97982802712274e-16
7261.08204203062 2.96504174353943e-16
7263.98511295728 2.94996720405627e-16
7266.88818388395 2.94985920735549e-16
7269.79125481061 2.98277728996596e-16
7272.69432573728 2.99293639137709e-16
7275.59739666395 2.96755822548617e-16
7278.50046759061 2.96862231062616e-16
7281.40353851728 3.0171588866906e-16
7284.30660944395 3.06055900202334e-16
7287.20968037061 3.05023631737427e-16
7290.11275129728 3.0375615281098e-16
7293.01582222394 3.04509668026901e-16
7295.91889315061 3.02702946750408e-16
7298.82196407728 3.01462784636509e-16
7301.72503500394 3.02863221265896e-16
7304.62810593061 3.03149280174051e-16
7307.53117685728 3.05784849659213e-16
7310.43424778394 3.07335925804313e-16
7313.33731871061 3.04419803125153e-16
7316.24038963727 3.0378931944482e-16
7319.14346056394 3.07485956515095e-16
7322.04653149061 3.09638029006052e-16
7324.94960241727 3.09423385563262e-16
7327.85267334394 3.09626276423909e-16
7330.75574427061 3.10400755705275e-16
7333.65881519727 3.11384372715274e-16
7336.56188612394 3.12003474390378e-16
7339.4649570506 3.13929494963537e-16
7342.36802797727 3.15868247500683e-16
7345.27109890394 3.13115311012768e-16
7348.1741698306 3.10861065172549e-16
7351.07724075727 3.11327727386927e-16
7353.98031168394 3.08082320649522e-16
7356.8833826106 3.03766264266787e-16
7359.78645353727 3.02262251389819e-16
7362.68952446393 3.04653795976832e-16
7365.5925953906 3.0803721614508e-16
7368.49566631727 3.09364331484971e-16
7371.39873724393 3.09742928742614e-16
7374.3018081706 3.0816879741948e-16
7377.20487909727 3.06831888261138e-16
7380.10795002393 3.05305534890185e-16
7383.0110209506 3.00003902733761e-16
7385.91409187726 2.93154185517332e-16
7388.81716280393 2.87459847710738e-16
7391.7202337306 2.83716094432772e-16
7394.62330465726 2.8375145805832e-16
7397.52637558393 2.84575621115998e-16
7400.4294465106 2.80808415613305e-16
7403.33251743726 2.72448703349717e-16
7406.23558836393 2.66017790986146e-16
7409.13865929059 2.64297572949391e-16
7412.04173021726 2.64252336096052e-16
7414.94480114393 2.64392520048822e-16
7417.84787207059 2.65063661310624e-16
7420.75094299726 2.63274939484259e-16
7423.65401392393 2.58002450555177e-16
7426.55708485059 2.5267773675094e-16
7429.46015577726 2.47930593537613e-16
7432.36322670392 2.4254783150671e-16
7435.26629763059 2.39291095703635e-16
7438.16936855726 2.38313010877573e-16
7441.07243948392 2.33311837189408e-16
7443.97551041059 2.27742172044737e-16
7446.87858133726 2.26977830688959e-16
7449.78165226392 2.28157244658672e-16
7452.68472319059 2.29134032465533e-16
7455.58779411725 2.28159388710819e-16
7458.49086504392 2.22368436208678e-16
7461.39393597059 2.16491311339044e-16
7464.29700689725 2.12814844240826e-16
7467.20007782392 2.09259330800497e-16
7470.10314875059 2.07944047452089e-16
7473.00621967725 2.07844534315676e-16
7475.90929060392 2.03868760184612e-16
7478.81236153058 1.95532248682845e-16
7481.71543245725 1.90401981879563e-16
7484.61850338392 1.91587947119727e-16
7487.52157431058 1.97279465894794e-16
7490.42464523725 2.02507604708154e-16
7493.32771616392 2.05292543159607e-16
7496.23078709058 2.06480453928572e-16
7499.13385801725 2.0607988675386e-16
7502.03692894392 2.03334785320707e-16
7504.93999987058 1.99073706670205e-16
7507.84307079725 1.95094345884004e-16
7510.74614172391 1.867875996494e-16
7513.64921265058 1.79931132639172e-16
7516.55228357725 1.81403553834186e-16
7519.45535450391 1.87051940103392e-16
7522.35842543058 1.90231820901393e-16
7525.26149635725 1.89155652307017e-16
7528.16456728391 1.89375642645286e-16
7531.06763821058 1.94043072117343e-16
7533.97070913724 1.95219534706631e-16
7536.87378006391 1.94025284425451e-16
7539.77685099058 1.95988164166705e-16
7542.67992191724 2.03259028811487e-16
7545.58299284391 2.04663899128957e-16
7548.48606377058 2.0053339590123e-16
7551.38913469724 1.99388286765881e-16
7554.29220562391 2.01030418952812e-16
7557.19527655057 2.02602670921593e-16
7560.09834747724 2.05057226818948e-16
7563.00141840391 2.1024934026227e-16
7565.90448933057 2.14022422056035e-16
7568.80756025724 2.16766530872453e-16
7571.71063118391 2.23976237091465e-16
7574.61370211057 2.31734450083384e-16
7577.51677303724 2.33167391602122e-16
7580.4198439639 2.33156380173807e-16
7583.32291489057 2.33690646205288e-16
7586.22598581724 2.31581534166625e-16
7589.1290567439 2.29967962871885e-16
7592.03212767057 2.28977781356545e-16
7594.93519859724 2.3078770547637e-16
7597.8382695239 2.37391941956773e-16
7600.74134045057 2.42342399547221e-16
7603.64441137723 2.4508975091164e-16
7606.5474823039 2.47192007277387e-16
7609.45055323057 2.48161171787723e-16
7612.35362415723 2.50813973099405e-16
7615.2566950839 2.53279977176438e-16
7618.15976601057 2.53227911119962e-16
7621.06283693723 2.54778537278809e-16
7623.9659078639 2.56258674414576e-16
7626.86897879057 2.55666651324005e-16
7629.77204971723 2.57032703709689e-16
7632.6751206439 2.59148671421269e-16
7635.57819157056 2.57839767289745e-16
7638.48126249723 2.58876562086964e-16
7641.3843334239 2.6415474201866e-16
7644.28740435056 2.67878060626774e-16
7647.19047527723 2.67478975759719e-16
7650.0935462039 2.65517220984099e-16
7652.99661713056 2.67087752417206e-16
7655.89968805723 2.67692428062427e-16
7658.80275898389 2.68867898034979e-16
7661.70582991056 2.73698659282069e-16
7664.60890083723 2.74429013440839e-16
7667.51197176389 2.71323870065543e-16
7670.41504269056 2.71780844340587e-16
7673.31811361723 2.76426528888701e-16
7676.22118454389 2.80315945363815e-16
7679.12425547056 2.86153934664308e-16
7682.02732639722 2.90706710286021e-16
7684.93039732389 2.89640878140579e-16
7687.83346825056 2.89891864590762e-16
7690.73653917722 2.91450934609302e-16
7693.63961010389 2.91769524876588e-16
7696.54268103056 2.91867013074861e-16
7699.44575195722 2.93363349715745e-16
7702.34882288389 2.95744597558493e-16
7705.25189381055 2.98546159031537e-16
7708.15496473722 3.0222564368463e-16
7711.05803566389 3.02151819469321e-16
7713.96110659055 3.01256505644073e-16
7716.86417751722 2.98785631127593e-16
7719.76724844389 2.92387117774255e-16
7722.67031937055 2.887436584912e-16
7725.57339029722 2.92222237517116e-16
7728.47646122388 2.97943786257141e-16
7731.37953215055 3.02382715356786e-16
7734.28260307722 3.0520023810693e-16
7737.18567400388 3.05513507948516e-16
7740.08874493055 3.05494687935219e-16
7742.99181585722 3.12183415952111e-16
7745.89488678388 3.1794122829019e-16
7748.79795771055 3.18782940811744e-16
7751.70102863721 3.18522451710684e-16
7754.60409956388 3.20612743736051e-16
7757.50717049055 3.21937635614454e-16
7760.41024141721 3.18338407333114e-16
7763.31331234388 3.18096897064028e-16
7766.21638327055 3.19810444716323e-16
7769.11945419721 3.20689585506234e-16
7772.02252512388 3.22871992364615e-16
7774.92559605054 3.26328945580596e-16
7777.82866697721 3.28838042458821e-16
7780.73173790388 3.26412775372595e-16
7783.63480883054 3.24732314944801e-16
7786.53787975721 3.30662630836545e-16
7789.44095068388 3.37940576147371e-16
7792.34402161054 3.39775064222666e-16
7795.24709253721 3.36342674962155e-16
7798.15016346387 3.33521340563749e-16
7801.05323439054 3.34817936247758e-16
7803.95630531721 3.3781304474925e-16
7806.85937624387 3.37879325077372e-16
7809.76244717054 3.37857619858099e-16
7812.66551809721 3.38951774667715e-16
7815.56858902387 3.37062573557982e-16
7818.47165995054 3.35198545208651e-16
7821.3747308772 3.3607315966625e-16
7824.27780180387 3.36538313103191e-16
7827.18087273054 3.33780823813184e-16
7830.0839436572 3.33236737493471e-16
7832.98701458387 3.35464487084309e-16
7835.89008551054 3.36796843440561e-16
7838.7931564372 3.40625882348404e-16
7841.69622736387 3.45558234609604e-16
7844.59929829053 3.46290018136473e-16
7847.5023692172 3.43130717592112e-16
7850.40544014387 3.3972694216335e-16
7853.30851107053 3.39792825444779e-16
7856.2115819972 3.40716117827066e-16
7859.11465292387 3.40495465744306e-16
7862.01772385053 3.40032985755105e-16
7864.9207947772 3.42445944393816e-16
7867.82386570386 3.41753944945689e-16
7870.72693663053 3.37014583847564e-16
7873.6300075572 3.34699748681837e-16
7876.53307848386 3.36231104841134e-16
7879.43614941053 3.41389773717929e-16
7882.3392203372 3.42993657073335e-16
7885.24229126386 3.38901799723827e-16
7888.14536219053 3.35173187159793e-16
7891.04843311719 3.35088272106831e-16
7893.95150404386 3.35215591746715e-16
7896.85457497053 3.33086362675554e-16
7899.75764589719 3.33128131987766e-16
7902.66071682386 3.33184406739199e-16
7905.56378775053 3.33623937429485e-16
7908.46685867719 3.35127897366894e-16
7911.36992960386 3.3416124748562e-16
7914.27300053052 3.32968095700294e-16
7917.17607145719 3.33261222039603e-16
7920.07914238386 3.32285387144807e-16
7922.98221331052 3.28003635596436e-16
7925.88528423719 3.25076395609844e-16
7928.78835516386 3.2628617041676e-16
7931.69142609052 3.25014800432711e-16
7934.59449701719 3.20304635501487e-16
7937.49756794385 3.18045492752041e-16
7940.40063887052 3.15355501400019e-16
7943.30370979719 3.09723552863945e-16
7946.20678072385 3.09293974810789e-16
7949.10985165052 3.15135008135937e-16
7952.01292257719 3.19276443382639e-16
7954.91599350385 3.18522345831566e-16
7957.81906443052 3.14711306373852e-16
7960.72213535718 3.12184712971311e-16
7963.62520628385 3.1235756063211e-16
7966.52827721052 3.12320052954415e-16
7969.43134813718 3.09883059755825e-16
7972.33441906385 3.05854385770226e-16
7975.23748999052 3.02352910384955e-16
7978.14056091718 2.9754642192576e-16
7981.04363184385 2.93037427319509e-16
7983.94670277052 2.94308585545322e-16
7986.84977369718 2.94928957769846e-16
7989.75284462385 2.90687969682063e-16
7992.65591555051 2.86568901399124e-16
7995.55898647718 2.84275903801568e-16
7998.46205740385 2.8463464872451e-16
8001.36512833051 2.87077015288358e-16
8004.26819925718 2.88509321532386e-16
8007.17127018385 2.86783968358388e-16
8010.07434111051 2.84260842496975e-16
8012.97741203718 2.78727467420138e-16
8015.88048296384 2.75459376081614e-16
8018.78355389051 2.78124300552354e-16
8021.68662481718 2.78080466597334e-16
8024.58969574384 2.73193271780133e-16
8027.49276667051 2.67676255027091e-16
8030.39583759718 2.62932076429078e-16
8033.29890852384 2.58437640201608e-16
8036.20197945051 2.562345075058e-16
8039.10505037717 2.56151392397851e-16
8042.00812130384 2.55650610637566e-16
8044.91119223051 2.54668661223682e-16
8047.81426315717 2.52131559318639e-16
8050.71733408384 2.45842127927039e-16
8053.62040501051 2.40500579342976e-16
8056.52347593717 2.36521271496334e-16
8059.42654686384 2.32654857259694e-16
8062.3296177905 2.29930746361765e-16
8065.23268871717 2.25664638453139e-16
8068.13575964384 2.21755515227111e-16
8071.0388305705 2.20402896254575e-16
8073.94190149717 2.1741997708659e-16
8076.84497242384 2.14011609151068e-16
8079.7480433505 2.11296405333974e-16
8082.65111427717 2.03941419729618e-16
8085.55418520383 1.98849137060064e-16
8088.4572561305 1.98129198759568e-16
8091.36032705717 1.93430892289605e-16
8094.26339798383 1.88250478488867e-16
8097.1664689105 1.87078859869247e-16
8100.06953983717 1.84896572124875e-16
8102.97261076383 1.83586847430183e-16
8105.8756816905 1.85165915367212e-16
8108.77875261716 1.85086267800391e-16
8111.68182354383 1.83524947850585e-16
8114.5848944705 1.79173342553845e-16
8117.48796539716 1.74003463725389e-16
8120.39103632383 1.71367523663313e-16
8123.2941072505 1.6857522661313e-16
8126.19717817716 1.62068650384567e-16
8129.10024910383 1.54721367486075e-16
8132.00332003049 1.49131823536924e-16
8134.90639095716 1.46232284174685e-16
8137.80946188383 1.44169295726977e-16
8140.71253281049 1.39702282191175e-16
8143.61560373716 1.36561325204078e-16
8146.51867466383 1.36584168623874e-16
8149.42174559049 1.3848247533779e-16
8152.32481651716 1.37166808177577e-16
8155.22788744382 1.31712326278843e-16
8158.13095837049 1.27587236121045e-16
8161.03402929716 1.26036702606427e-16
8163.93710022382 1.23000049785851e-16
8166.84017115049 1.17728527003724e-16
8169.74324207716 1.13120164844848e-16
8172.64631300382 1.11584666165044e-16
8175.54938393049 1.10729334941884e-16
8178.45245485715 1.07669951198075e-16
8181.35552578382 1.05717910831568e-16
8184.25859671049 1.06473894354438e-16
8187.16166763715 1.06712486330322e-16
8190.06473856382 1.041587481688e-16
8192.96780949048 9.93935393308941e-17
8195.87088041715 9.51854664140449e-17
8198.77395134382 9.45977380452137e-17
8201.67702227048 9.82218015972658e-17
8204.58009319715 1.02251004978456e-16
8207.48316412382 1.05509699545221e-16
8210.38623505048 1.0476681194581e-16
8213.28930597715 1.00452231253288e-16
8216.19237690381 1.02541477722361e-16
8219.09544783048 1.07324513956828e-16
8221.99851875715 1.05597314515703e-16
8224.90158968381 1.03439603961691e-16
8227.80466061048 1.02366135284834e-16
8230.70773153715 1.01273409843317e-16
8233.61080246381 1.01870938648045e-16
8236.51387339048 1.07851209631343e-16
8239.41694431714 1.13093536246569e-16
8242.32001524381 1.10377862590888e-16
8245.22308617048 1.07253694061504e-16
8248.12615709714 1.040610349774e-16
8251.02922802381 9.99281296171748e-17
8253.93229895048 1.02659618966168e-16
8256.83536987714 1.0943605459777e-16
8259.73844080381 1.17010878339163e-16
8262.64151173048 1.1900675266069e-16
8265.54458265714 1.15127937332306e-16
8268.44765358381 1.14075578304682e-16
8271.35072451047 1.1432491039364e-16
8274.25379543714 1.11411646450677e-16
8277.15686636381 1.08533600549474e-16
8280.05993729047 1.10212036039128e-16
8282.96300821714 1.12413739366838e-16
8285.86607914381 1.10340129920066e-16
8288.76915007047 1.11440247047537e-16
8291.67222099714 1.17947035034336e-16
8294.5752919238 1.22868283222994e-16
8297.47836285047 1.28116459659512e-16
8300.38143377714 1.34717903578167e-16
8303.2845047038 1.37147710231594e-16
8306.18757563047 1.34572690367272e-16
8309.09064655714 1.31477539333776e-16
8311.9937174838 1.29375653544944e-16
8314.89678841047 1.25990698129479e-16
8317.79985933713 1.26515832086997e-16
8320.7029302638 1.33387042764463e-16
8323.60600119047 1.39324055510446e-16
8326.50907211713 1.40336471640652e-16
8329.4121430438 1.34674426965171e-16
8332.31521397047 1.2906958348341e-16
8335.21828489713 1.28838594951716e-16
8338.1213558238 1.30466976088143e-16
8341.02442675046 1.33970780814019e-16
8343.92749767713 1.35770659652486e-16
8346.8305686038 1.35912934717845e-16
8349.73363953046 1.38268745102396e-16
8352.63671045713 1.42930152699593e-16
8355.5397813838 1.45608656167269e-16
8358.44285231046 1.4373850006396e-16
8361.34592323713 1.44386665557067e-16
8364.24899416379 1.49721834924246e-16
8367.15206509046 1.5154377632401e-16
8370.05513601713 1.54403465433059e-16
8372.95820694379 1.59287616225605e-16
8375.86127787046 1.58937831323058e-16
8378.76434879713 1.56291885684293e-16
8381.66741972379 1.52459895396025e-16
8384.57049065046 1.48532415377843e-16
8387.47356157712 1.47910256443195e-16
8390.37663250379 1.49434240768873e-16
8393.27970343046 1.52103651867255e-16
8396.18277435712 1.57073233873466e-16
8399.08584528379 1.63427092708616e-16
8401.98891621046 1.68880026125244e-16
8404.89198713712 1.74582053402812e-16
8407.79505806379 1.82399571935929e-16
8410.69812899045 1.91668269665928e-16
8413.60119991712 1.948912697349e-16
8416.50427084379 1.94324935565432e-16
8419.40734177045 1.97019731182452e-16
8422.31041269712 2.03269100562625e-16
8425.21348362379 2.08219677267081e-16
8428.11655455045 2.10391707971858e-16
8431.01962547712 2.08430217894033e-16
8433.92269640378 2.07797510752214e-16
8436.82576733045 2.12275879823466e-16
8439.72883825712 2.14733916496839e-16
8442.63190918378 2.19679331594273e-16
8445.53498011045 2.27805037771291e-16
8448.43805103712 2.33708910353213e-16
8451.34112196378 2.35397814640699e-16
8454.24419289045 2.36446309080502e-16
8457.14726381711 2.42880980152777e-16
8460.05033474378 2.48590643961761e-16
8462.95340567045 2.49952752350284e-16
8465.85647659711 2.52232594467379e-16
8468.75954752378 2.54075526402367e-16
8471.66261845045 2.54659899726634e-16
8474.56568937711 2.56328951679419e-16
8477.46876030378 2.59001208279108e-16
8480.37183123044 2.61442251353977e-16
8483.27490215711 2.63051878651556e-16
8486.17797308378 2.64679028943231e-16
8489.08104401044 2.66820195884992e-16
8491.98411493711 2.69310419810361e-16
8494.88718586378 2.72301822542708e-16
8497.79025679044 2.77056668461899e-16
8500.69332771711 2.83071528829691e-16
8503.59639864377 2.8608738963839e-16
8506.49946957044 2.83973036583365e-16
8509.40254049711 2.81162581264376e-16
8512.30561142377 2.84776235575599e-16
8515.20868235044 2.95350118433089e-16
8518.11175327711 2.99472071922004e-16
8521.01482420377 2.95839571127704e-16
8523.91789513044 2.98040427422467e-16
8526.8209660571 3.02704826104759e-16
8529.72403698377 3.00465720978472e-16
8532.62710791044 2.96225050528044e-16
8535.5301788371 2.96120653717294e-16
8538.43324976377 2.99467995575945e-16
8541.33632069044 3.03202378551932e-16
8544.2393916171 3.10763841672072e-16
8547.14246254377 3.18907878171464e-16
8550.04553347043 3.17347987589757e-16
8552.9486043971 3.12836822461578e-16
8555.85167532377 3.12635625666826e-16
8558.75474625043 3.12867553875696e-16
8561.6578171771 3.12505023774271e-16
8564.56088810377 3.09236297161037e-16
8567.46395903043 3.02931672115946e-16
8570.3670299571 3.01499789388392e-16
8573.27010088376 3.07509938135415e-16
8576.17317181043 3.11716171402581e-16
8579.0762427371 3.13368706212895e-16
8581.97931366376 3.16286946474423e-16
8584.88238459043 3.18950520986403e-16
8587.7854555171 3.22512188650489e-16
8590.68852644376 3.27411850733881e-16
8593.59159737043 3.31292214544372e-16
8596.49466829709 3.35535876079895e-16
8599.39773922376 3.38082612984713e-16
8602.30081015043 3.3816458989214e-16
8605.20388107709 3.37239206397264e-16
8608.10695200376 3.32261829040961e-16
8611.01002293043 3.25972821165835e-16
8613.91309385709 3.2608079139683e-16
8616.81616478376 3.28282627073438e-16
8619.71923571042 3.24458670363279e-16
8622.62230663709 3.15875632569192e-16
8625.52537756376 3.0866526460569e-16
8628.42844849042 3.07296724060723e-16
8631.33151941709 3.12219520731487e-16
8634.23459034376 3.19846999481953e-16
8637.13766127042 3.25894258859977e-16
8640.04073219709 3.29828621020855e-16
8642.94380312376 3.29407698585629e-16
8645.84687405042 3.24583819481236e-16
8648.74994497709 3.24755105425039e-16
8651.65301590375 3.28560003893884e-16
8654.55608683042 3.29200731378923e-16
8657.45915775709 3.29022616231983e-16
8660.36222868375 3.28106708918205e-16
8663.26529961042 3.25747139824951e-16
8666.16837053709 3.23944786062092e-16
8669.07144146375 3.23503243668556e-16
8671.97451239042 3.20452839797477e-16
8674.87758331708 3.17544234535724e-16
8677.78065424375 3.15065604373821e-16
8680.68372517042 3.12996355823238e-16
8683.58679609708 3.09330450167081e-16
8686.48986702375 3.04835166906663e-16
8689.39293795042 3.04226520794502e-16
8692.29600887708 3.09895077035764e-16
8695.19907980375 3.17145943762057e-16
8698.10215073041 3.20478250785894e-16
8701.00522165708 3.20040493570841e-16
8703.90829258375 3.16873887367311e-16
8706.81136351041 3.09988435948419e-16
8709.71443443708 3.00268071134186e-16
8712.61750536375 2.91836414009641e-16
8715.52057629041 2.89814069908513e-16
8718.42364721708 2.96629641109255e-16
8721.32671814374 3.07700229380971e-16
8724.22978907041 3.15620305075154e-16
8727.13285999708 3.08855185274332e-16
8730.03593092374 2.95286564492265e-16
8732.93900185041 2.9364345292349e-16
8735.84207277708 2.97939048166592e-16
8738.74514370374 2.98858820068192e-16
8741.64821463041 3.03076461810367e-16
8744.55128555707 3.12090215858133e-16
8747.45435648374 3.14541449798148e-16
8750.35742741041 3.08725668642741e-16
8753.26049833707 3.04014550799451e-16
8756.16356926374 3.02845486513563e-16
8759.06664019041 2.99972694863611e-16
8761.96971111707 2.93895524634637e-16
8764.87278204374 2.86750722315208e-16
8767.7758529704 2.80195137289713e-16
8770.67892389707 2.71676844576532e-16
8773.58199482374 2.63143146451622e-16
8776.4850657504 2.60691409585795e-16
8779.38813667707 2.62396248680601e-16
8782.29120760374 2.62498316150745e-16
8785.1942785304 2.60758881054e-16
8788.09734945707 2.62751843699771e-16
8791.00042038373 2.66800528838748e-16
8793.9034913104 2.67304407563246e-16
8796.80656223707 2.68679194976199e-16
8799.70963316373 2.673938754183e-16
8802.6127040904 2.57711600616913e-16
8805.51577501707 2.47617535454263e-16
8808.41884594373 2.45179827571625e-16
8811.3219168704 2.44143271002422e-16
8814.22498779706 2.39613841726319e-16
8817.12805872373 2.35961515067097e-16
8820.0311296504 2.31104575207982e-16
8822.93420057706 2.28949776329726e-16
8825.83727150373 2.34419200419045e-16
8828.7403424304 2.37927240309658e-16
8831.64341335706 2.32403050246343e-16
8834.54648428373 2.28371623403666e-16
8837.44955521039 2.31940411438464e-16
8840.35262613706 2.3664385304567e-16
8843.25569706373 2.38274841455387e-16
8846.15876799039 2.38158242076242e-16
8849.06183891706 2.37640599066351e-16
8851.96490984373 2.37457984056879e-16
8854.86798077039 2.36482096222524e-16
8857.77105169706 2.33615657319676e-16
8860.67412262372 2.33488390619351e-16
8863.57719355039 2.35803622831773e-16
8866.48026447706 2.35074724510881e-16
8869.38333540372 2.31208469092918e-16
8872.28640633039 2.24199800849981e-16
8875.18947725706 2.17808288753347e-16
8878.09254818372 2.12554116911749e-16
8880.99561911039 2.04404362939962e-16
8883.89869003705 2.01185214223922e-16
8886.80176096372 2.04016858601483e-16
8889.70483189039 2.05462651198218e-16
8892.60790281705 2.0470357732858e-16
8895.51097374372 2.0620815930581e-16
8898.41404467039 2.10689704750614e-16
8901.31711559705 2.16237227924648e-16
8904.22018652372 2.20519270640594e-16
8907.12325745038 2.23116366301104e-16
8910.02632837705 2.2337844358894e-16
8912.92939930372 2.19979393015838e-16
8915.83247023038 2.13604609819912e-16
8918.73554115705 2.07066402204725e-16
8921.63861208372 2.01924687221765e-16
8924.54168301038 1.9879827537856e-16
8927.44475393705 1.96186806627726e-16
8930.34782486371 1.92305304616712e-16
8933.25089579038 1.93797604616207e-16
8936.15396671705 1.97586422693945e-16
8939.05703764371 1.95797118532429e-16
8941.96010857038 1.95126109619526e-16
8944.86317949705 1.96591119276252e-16
8947.76625042371 1.94678227713776e-16
8950.66932135038 1.92666021538235e-16
8953.57239227704 1.96548132354179e-16
8956.47546320371 2.05673416818296e-16
8959.37853413038 2.09137768337676e-16
8962.28160505704 2.00184352152513e-16
8965.18467598371 1.88122470634713e-16
8968.08774691038 1.83354694228186e-16
8970.99081783704 1.84762304167845e-16
8973.89388876371 1.8686004743617e-16
8976.79695969037 1.87052641552552e-16
8979.70003061704 1.83850658488583e-16
8982.60310154371 1.79426261297939e-16
8985.50617247037 1.78405507187159e-16
8988.40924339704 1.80220606148897e-16
8991.31231432371 1.83860796414171e-16
8994.21538525037 1.89278154447013e-16
8997.11845617704 1.96267380636833e-16
9000.02152710371 2.03384932318162e-16
9002.92459803037 2.03190617666106e-16
9005.82766895704 2.02322792706975e-16
9008.7307398837 2.07624795440313e-16
9011.63381081037 2.10619586304449e-16
9014.53688173704 2.07306919857076e-16
9017.4399526637 2.03460794706501e-16
9020.34302359037 2.04969122157544e-16
9023.24609451704 2.07032560591505e-16
9026.1491654437 2.04563181617572e-16
9029.05223637037 2.00159205861891e-16
9031.95530729703 1.99902224006628e-16
9034.8583782237 2.0150103839924e-16
9037.76144915037 2.02453249015742e-16
9040.66452007703 2.07641325817674e-16
9043.5675910037 2.12008005653897e-16
9046.47066193037 2.08731033704317e-16
9049.37373285703 2.07517553128257e-16
9052.2768037837 2.11730205316977e-16
9055.17987471036 2.1000743294649e-16
9058.08294563703 2.07044551401664e-16
9060.9860165637 2.14716327328293e-16
9063.88908749036 2.22594435186918e-16
9066.79215841703 2.21751677109069e-16
9069.6952293437 2.18486576855641e-16
9072.59830027036 2.1474712491686e-16
9075.50137119703 2.17203864571032e-16
9078.40444212369 2.23804395282291e-16
9081.30751305036 2.2513225177601e-16
9084.21058397703 2.23781075406462e-16
9087.11365490369 2.27285224239473e-16
9090.01672583036 2.30599372994504e-16
9092.91979675703 2.28814224588386e-16
9095.82286768369 2.26051097235324e-16
9098.72593861036 2.29971430413013e-16
9101.62900953702 2.35328781455498e-16
9104.53208046369 2.3631819534723e-16
9107.43515139036 2.35921148653204e-16
9110.33822231702 2.31217415878424e-16
9113.24129324369 2.28512680859163e-16
9116.14436417036 2.35251992624874e-16
9119.04743509702 2.37606214822649e-16
9121.95050602369 2.31050470978476e-16
9124.85357695035 2.2614175623046e-16
9127.75664787702 2.23353667875233e-16
9130.65971880369 2.24089263050364e-16
9133.56278973035 2.29165372684582e-16
9136.46586065702 2.30684764503499e-16
9139.36893158369 2.27683012087328e-16
9142.27200251035 2.22419866990445e-16
9145.17507343702 2.16566882559807e-16
9148.07814436368 2.1732299181413e-16
9150.98121529035 2.22459545190068e-16
9153.88428621702 2.2917011077513e-16
9156.78735714368 2.35475821081186e-16
9159.69042807035 2.34942163854636e-16
9162.59349899702 2.30249468977949e-16
9165.49656992368 2.27296897412278e-16
9168.39964085035 2.28332474599635e-16
9171.30271177701 2.27587191485169e-16
9174.20578270368 2.22236272599127e-16
9177.10885363035 2.21805357822101e-16
9180.01192455701 2.24573686486855e-16
9182.91499548368 2.21304126075564e-16
9185.81806641035 2.17772541315995e-16
9188.72113733701 2.22429554929779e-16
9191.62420826368 2.32428355355642e-16
9194.52727919034 2.3902364505054e-16
9197.43035011701 2.39247473506852e-16
9200.33342104368 2.37481939207419e-16
9203.23649197034 2.39047944308214e-16
9206.13956289701 2.41312883939393e-16
9209.04263382368 2.40991567284808e-16
9211.94570475034 2.34717806002732e-16
9214.84877567701 2.28875369779266e-16
9217.75184660367 2.31303760299484e-16
9220.65491753034 2.41941567674712e-16
9223.55798845701 2.58162883889343e-16
9226.46105938367 2.69218463796024e-16
9229.36413031034 2.69624245517318e-16
9232.26720123701 2.57737435121805e-16
9235.17027216367 2.46388834754932e-16
9238.07334309034 2.49668387508023e-16
9240.976414017 2.55319579573867e-16
9243.87948494367 2.54950087920407e-16
9246.78255587034 2.5388264111841e-16
9249.685626797 2.50749492716295e-16
9252.58869772367 2.43716207578329e-16
9255.49176865034 2.39320900675467e-16
9258.394839577 2.37430931942126e-16
9261.29791050367 2.3028991480118e-16
9264.20098143033 2.21131490173001e-16
9267.104052357 2.21248936585094e-16
9270.00712328367 2.26897230210072e-16
9272.91019421033 2.31891839392895e-16
9275.813265137 2.42898503146873e-16
9278.71633606367 2.56242686667697e-16
9281.61940699033 2.59537274255602e-16
9284.522477917 2.59797631007764e-16
9287.42554884366 2.57099169326269e-16
9290.32861977033 2.45083027587621e-16
9293.231690697 2.35937771674794e-16
9296.13476162366 2.36439744575161e-16
9299.03783255033 2.3604838888375e-16
9301.940903477 2.33538656730815e-16
9304.84397440366 2.33877099332802e-16
9307.74704533033 2.31495295624682e-16
9310.65011625699 2.32410329435733e-16
9313.55318718366 2.41561699867648e-16
9316.45625811033 2.40568024341401e-16
9319.35932903699 2.31897662744408e-16
9322.26239996366 2.25449306796079e-16
9325.16547089033 2.14632007845372e-16
9328.06854181699 2.09586338457697e-16
9330.97161274366 2.18471846423292e-16
9333.87468367032 2.26259255582111e-16
9336.77775459699 2.31261223363665e-16
9339.68082552366 2.3801083187364e-16
9342.58389645032 2.39437076538139e-16
9345.48696737699 2.39886639274894e-16
9348.39003830366 2.45733840058688e-16
9351.29310923032 2.50269886779692e-16
9354.19618015699 2.47615735509251e-16
9357.09925108365 2.3976392537666e-16
9360.00232201032 2.30931383440048e-16
9362.90539293699 2.23146091863597e-16
9365.80846386365 2.1321860102398e-16
9368.71153479032 2.01893889633199e-16
9371.61460571699 1.9980505344571e-16
9374.51767664365 2.09931914665287e-16
9377.42074757032 2.13014717546598e-16
9380.32381849699 2.0216160498409e-16
9383.22688942365 2.0759843153983e-16
9386.12996035032 2.21643799522302e-16
9389.03303127698 2.21950901905241e-16
9391.93610220365 2.21910853128704e-16
9394.83917313032 2.16973034858016e-16
9397.74224405698 2.05366962944958e-16
9400.64531498365 2.02273836849601e-16
9403.54838591032 2.02006267082498e-16
9406.45145683698 1.98349837607438e-16
9409.35452776365 1.93897223631738e-16
9412.25759869031 1.96807814126961e-16
9415.16066961698 2.10754185133724e-16
9418.06374054365 2.20852935447363e-16
9420.96681147031 2.20527145400025e-16
9423.86988239698 2.19299304968531e-16
9426.77295332365 2.19363401539837e-16
9429.67602425031 2.15512392714925e-16
9432.57909517698 2.08350570327212e-16
9435.48216610364 2.06628486170995e-16
9438.38523703031 2.13173006828616e-16
9441.28830795698 2.17218078842678e-16
9444.19137888364 2.16831342127808e-16
9447.09444981031 2.10814695049893e-16
